0.000000 0.998700 7.992600 0.998800 0.999400
0.100000 0.988403 7.920524 0.988403 0.991003
0.200000 0.976993 7.836851 0.979094 0.977693
0.300000 0.958479 7.691846 0.960480 0.957279
0.400000 0.939327 7.556468 0.941830 0.938626
0.500000 0.917928 7.414270 0.922938 0.916124
0.600000 0.896610 7.270457 0.901324 0.894906
0.700000 0.870608 7.100080 0.876531 0.869504
0.800000 0.840048 6.897719 0.846378 0.839043
0.900000 0.809471 6.688518 0.817515 0.810175
1.000000 0.790904 6.570337 0.801872 0.792514
1.100000 0.758006 6.353978 0.772004 0.763243
1.200000 0.731983 6.183752 0.748816 0.742566
1.300000 0.698810 5.960864 0.720093 0.712729
1.400000 0.675348 5.824046 0.697254 0.692913
1.500000 0.648681 5.637163 0.671719 0.666970
1.600000 0.615758 5.407302 0.643067 0.635076
1.700000 0.591558 5.242231 0.621014 0.613625
1.800000 0.563671 5.045284 0.594063 0.589302
1.900000 0.540560 4.886839 0.570473 0.569154
2.000000 0.512128 4.700091 0.545215 0.544200
2.100000 0.482983 4.509194 0.519963 0.519862
2.200000 0.453436 4.300122 0.497153 0.496137
2.300000 0.432482 4.153964 0.478885 0.476442
2.400000 0.407762 3.982785 0.457777 0.454008
2.500000 0.387745 3.847777 0.441578 0.436276
2.600000 0.367282 3.714563 0.422288 0.420349
2.700000 0.345388 3.567883 0.403923 0.401675
2.800000 0.329005 3.465085 0.390860 0.386873
2.900000 0.308771 3.332310 0.374066 0.370279
3.000000 0.292153 3.231817 0.362016 0.356894
3.100000 0.276661 3.126641 0.347313 0.346288
3.200000 0.255492 2.973209 0.328577 0.329809
3.300000 0.240444 2.862721 0.315454 0.319564
3.400000 0.228325 2.777743 0.305358 0.309164
3.500000 0.213322 2.665294 0.293318 0.295274
3.600000 0.200227 2.579452 0.282358 0.284831
3.700000 0.187023 2.491232 0.272024 0.277079
3.800000 0.176975 2.413836 0.263191 0.269076
3.900000 0.164341 2.324341 0.252610 0.259328
4.000000 0.152095 2.236834 0.242111 0.249043
4.100000 0.141881 2.167254 0.233637 0.240679
4.200000 0.134460 2.109890 0.227452 0.234398
4.300000 0.125986 2.052200 0.219697 0.227480
4.400000 0.118313 1.998026 0.213254 0.222499
4.500000 0.111042 1.948846 0.206592 0.217717
4.600000 0.103861 1.893329 0.201374 0.211677
4.700000 0.095719 1.836059 0.195917 0.205291
4.800000 0.090397 1.791993 0.191847 0.199562
4.900000 0.085160 1.748800 0.188583 0.195992
5.000000 0.078354 1.703301 0.182929 0.190765
5.100000 0.073408 1.661926 0.178710 0.185925
5.200000 0.068348 1.619217 0.175005 0.182018
5.300000 0.066003 1.591828 0.172027 0.179990
5.400000 0.061242 1.551070 0.168205 0.175021
5.500000 0.057632 1.520260 0.165127 0.171845
5.600000 0.052538 1.479248 0.161395 0.167385
5.700000 0.051331 1.463448 0.159251 0.165878
5.800000 0.048632 1.440105 0.155895 0.162842
5.900000 0.045622 1.413655 0.153408 0.160152
6.000000 0.041451 1.373800 0.149562 0.157156
6.100000 0.037800 1.341041 0.146447 0.153944
6.200000 0.035409 1.318994 0.143748 0.151147
6.300000 0.033436 1.292562 0.141890 0.148450
6.400000 0.032306 1.276878 0.139180 0.146912
6.500000 0.030322 1.259648 0.137193 0.144720
6.600000 0.027698 1.237398 0.134564 0.142311
6.700000 0.026347 1.220759 0.133008 0.140975
6.800000 0.024779 1.201425 0.131979 0.139317
6.900000 0.022676 1.180028 0.129990 0.137443
7.000000 0.021315 1.163381 0.128424 0.134818
7.100000 0.020164 1.145738 0.126427 0.133362
7.200000 0.019011 1.128912 0.124426 0.131475
7.300000 0.017107 1.108201 0.122207 0.128943
7.400000 0.015306 1.086375 0.120411 0.126619
7.500000 0.014142 1.071566 0.119241 0.124813
7.600000 0.012227 1.051373 0.117653 0.122909
7.700000 0.011703 1.040906 0.115740 0.121430
7.800000 0.012038 1.033749 0.114144 0.120593
7.900000 0.011081 1.021194 0.112641 0.119742
8.000000 0.009908 1.005924 0.110824 0.117609
8.099999 0.009271 0.993532 0.109314 0.116429
8.200000 0.007986 0.974423 0.108029 0.114936
8.300000 0.007670 0.965540 0.106298 0.113428
8.400000 0.006921 0.952525 0.105115 0.112144
8.500000 0.006278 0.940030 0.103810 0.110955
8.599999 0.005960 0.929779 0.102948 0.109883
8.700000 0.005207 0.916477 0.101529 0.108255
8.800000 0.004995 0.907265 0.100554 0.107178
8.900000 0.005218 0.900968 0.099033 0.106316
9.000000 0.004680 0.893242 0.098378 0.105017
9.099999 0.004248 0.881917 0.097277 0.103595
9.200000 0.003708 0.869684 0.096292 0.102726
9.300000 0.003275 0.858734 0.095306 0.101747
9.400000 0.003060 0.849617 0.094754 0.100984
9.500000 0.002954 0.842998 0.094201 0.099672
9.599999 0.002738 0.833425 0.093747 0.098456
9.700000 0.002411 0.822975 0.093171 0.097775
9.800000 0.002195 0.815209 0.092176 0.096895
9.900000 0.002087 0.806437 0.091398 0.095463
10.000000 0.001980 0.799846 0.090179 0.095018
10.099999 0.001761 0.791281 0.089828 0.094342
10.200000 0.001763 0.783998 0.088825 0.093674
10.300000 0.001545 0.777030 0.088261 0.093116
10.400000 0.001546 0.769605 0.086923 0.092445
10.500000 0.001437 0.762937 0.085913 0.091663
10.599999 0.001107 0.753376 0.084901 0.090547
10.700000 0.000997 0.745346 0.083998 0.090093
10.800000 0.000887 0.737105 0.083638 0.088852
10.900000 0.000777 0.729595 0.082621 0.087729
11.000000 0.000556 0.721178 0.082268 0.087160
11.099999 0.000668 0.714524 0.081135 0.086700
11.200000 0.000668 0.707219 0.080102 0.086787
11.300000 0.000446 0.699085 0.079300 0.086103
11.400000 0.000447 0.691938 0.078607 0.084971
11.500000 0.000224 0.684552 0.078247 0.084507
11.599999 0.000224 0.679051 0.077328 0.084042
11.700000 0.000224 0.674098 0.076406 0.082680
11.800000 0.000224 0.667788 0.075594 0.081202
11.900000 0.000225 0.661015 0.074669 0.080058
12.000000 0.000225 0.654451 0.073179 0.079699
12.099999 0.000225 0.648211 0.072136 0.078776
12.200000 0.000225 0.641843 0.071429 0.078076
12.300000 0.000226 0.634939 0.070148 0.077366
12.400000 0.000226 0.630165 0.069090 0.076315
12.500000 0.000226 0.625565 0.068151 0.075723
12.599999 0.000226 0.619484 0.067436 0.075470
12.700000 0.000227 0.613389 0.067399 0.074875
12.799999 0.000227 0.606033 0.066115 0.074280
12.900000 0.000227 0.600931 0.065168 0.073683
13.000000 0.000227 0.595931 0.064446 0.073312
13.099999 0.000228 0.591261 0.063837 0.072371
13.200000 0.000228 0.586466 0.063340 0.071770
13.299999 0.000114 0.581480 0.062835 0.071730
13.400000 0.000114 0.576207 0.062450 0.071241
13.500000 0.000114 0.568751 0.062179 0.069494
13.599999 0.000114 0.563566 0.061563 0.068200
13.700000 0.000115 0.557681 0.061061 0.068049
13.799999 0.000115 0.551835 0.060665 0.067202
13.900000 0.000115 0.545695 0.059587 0.066590
14.000000 0.000115 0.540857 0.059189 0.066084
14.099999 0.000115 0.536125 0.058445 0.065693
14.200000 0.000115 0.530062 0.057936 0.065077
14.299999 0.000115 0.524446 0.057426 0.064230
14.400000 0.000115 0.517894 0.056800 0.063842
14.500000 0.000000 0.512714 0.056519 0.062991
14.599999 0.000000 0.508331 0.056237 0.062138
14.700000 0.000000 0.504170 0.055607 0.061747
14.799999 0.000000 0.500580 0.055324 0.060891
14.900000 0.000000 0.496516 0.054575 0.060381
15.000000 0.000000 0.491165 0.054057 0.059637
15.099999 0.000000 0.487896 0.053655 0.058892
15.200000 0.000000 0.482871 0.053484 0.058261
15.299999 0.000000 0.477602 0.053196 0.057979
15.400000 0.000000 0.473020 0.052908 0.057113
15.500000 0.000000 0.467025 0.052268 0.056478
15.599999 0.000000 0.461953 0.051744 0.055959
15.700000 0.000000 0.457103 0.051102 0.055438
15.799999 0.000000 0.453415 0.050575 0.054682
15.900000 0.000000 0.449131 0.049930 0.054159
16.000000 0.000000 0.445542 0.049635 0.053399
16.100000 0.000000 0.441592 0.049105 0.052873
16.199999 0.000000 0.438340 0.048691 0.052346
16.299999 0.000000 0.434962 0.048159 0.051700
16.400000 0.000000 0.429449 0.047979 0.050934
16.500000 0.000000 0.426763 0.047089 0.050521
16.600000 0.000000 0.421938 0.046316 0.049988
16.699999 0.000000 0.417576 0.045659 0.049336
16.799999 0.000000 0.413916 0.045001 0.048563
16.900000 0.000000 0.409772 0.044817 0.048027
17.000000 0.000000 0.404785 0.044513 0.047965
17.100000 0.000000 0.401454 0.044447 0.047664
17.199999 0.000000 0.397041 0.044023 0.047125
17.299999 0.000000 0.394052 0.043478 0.046345
17.400000 0.000000 0.390576 0.042813 0.045802
17.500000 0.000000 0.386614 0.042625 0.045019
17.600000 0.000000 0.383122 0.042076 0.044713
17.699999 0.000000 0.379741 0.042127 0.044167
17.799999 0.000000 0.375511 0.041937 0.043619
17.900000 0.000000 0.370428 0.041386 0.043311
18.000000 0.000000 0.367261 0.041074 0.042640
18.100000 0.000000 0.363603 0.040521 0.041968
18.199999 0.000000 0.359575 0.039725 0.041777
18.299999 0.000000 0.356141 0.039652 0.041828
18.400000 0.000000 0.353304 0.039216 0.041515
18.500000 0.000000 0.349612 0.038778 0.041323
18.600000 0.000000 0.346033 0.038098 0.041009
18.699999 0.000000 0.343659 0.037415 0.040452
18.799999 0.000000 0.340428 0.036974 0.040015
18.900000 0.000000 0.337514 0.036771 0.039450
19.000000 0.000000 0.333658 0.036206 0.039132
19.100000 0.000000 0.331258 0.035884 0.038570
19.199999 0.000000 0.329219 0.035684 0.038128
19.299999 0.000000 0.326685 0.035116 0.037318
19.400000 0.000000 0.324146 0.034914 0.037241
19.500000 0.000000 0.322090 0.034343 0.037042
19.600000 0.000000 0.318679 0.034017 0.035982
19.699999 0.000000 0.315835 0.033932 0.035776
19.799999 0.000000 0.312408 0.033358 0.034835
19.900000 0.000000 0.308972 0.032906 0.034508
20.000000 0.000000 0.305281 0.032083 0.034181
20.100000 0.000000 0.302076 0.031505 0.034223
20.199999 0.000000 0.300965 0.031420 0.034018
20.299999 0.000000 0.298613 0.031459 0.033565
20.400000 0.000000 0.295883 0.030878 0.033358
20.500000 0.000000 0.293110 0.030912 0.033271
20.600000 0.000000 0.290242 0.030702 0.033064
20.699999 0.000000 0.287243 0.029994 0.032856
20.799999 0.000000 0.285109 0.029907 0.032897
20.900000 0.000000 0.283219 0.029445 0.032813
21.000000 0.000000 0.280200 0.029232 0.032230
21.100000 0.000000 0.278299 0.029018 0.031895
21.199999 0.000000 0.276393 0.028679 0.031434
21.299999 0.000000 0.273229 0.028589 0.030721
21.400000 0.000000 0.269052 0.028123 0.030383
21.500000 0.000000 0.267002 0.027907 0.029793
21.600000 0.000000 0.263436 0.027690 0.029578
21.699999 0.000000 0.261122 0.027599 0.029490
21.799999 0.000000 0.259054 0.027508 0.029274
21.900000 0.000000 0.256854 0.026911 0.028932
22.000000 0.000000 0.253510 0.026818 0.028716
22.100000 0.000000 0.251172 0.026599 0.028372
22.199999 0.000000 0.248573 0.026379 0.028028
22.299999 0.000000 0.246349 0.026032 0.028063
22.400000 0.000000 0.244374 0.025556 0.027463
22.500000 0.000000 0.242648 0.025589 0.027371
22.600000 0.000000 0.241397 0.025236 0.026765
22.699999 0.000000 0.237494 0.025140 0.026289
22.799999 0.000000 0.235114 0.025173 0.026323
22.900000 0.000000 0.232856 0.025077 0.026356
23.000000 0.000000 0.230848 0.024596 0.026262
23.100000 0.000000 0.228450 0.024628 0.026296
23.199999 0.000000 0.227331 0.024403 0.026072
23.299999 0.000000 0.225437 0.024048 0.025977
23.400000 0.000000 0.223281 0.024079 0.026011
23.500000 0.000000 0.222151 0.023724 0.025658
23.600000 0.000000 0.219081 0.023496 0.025303
23.699999 0.000000 0.217425 0.023397 0.025207
23.799999 0.000000 0.215377 0.023169 0.024981
23.900000 0.000000 0.212805 0.022810 0.024495
24.000000 0.000000 0.211264 0.022710 0.024397
24.100000 0.000000 0.209719 0.022739 0.024298
24.199999 0.000000 0.208431 0.022639 0.024200
24.299999 0.000000 0.206879 0.022147 0.024101
24.400000 0.000000 0.205322 0.022176 0.023872
24.500000 0.000000 0.203631 0.022205 0.023642
24.600000 0.000000 0.201805 0.022234 0.023411
24.699999 0.000000 0.199974 0.022132 0.023049
24.799999 0.000000 0.198007 0.021768 0.022817
24.900000 0.000000 0.196035 0.021665 0.022453
25.000000 0.000000 0.193400 0.021562 0.022219
25.100000 0.000000 0.191153 0.021064 0.022249
25.199999 0.000000 0.188901 0.020696 0.022014
25.299999 0.000000 0.187962 0.020459 0.021911
25.400000 0.000000 0.186889 0.020486 0.021808
25.500000 0.000000 0.185680 0.020513 0.021175
25.599998 0.000000 0.184336 0.020276 0.020673
25.699999 0.000000 0.182988 0.020037 0.020435
25.799999 0.000000 0.180574 0.020064 0.020197
25.900000 0.000000 0.178952 0.019957 0.020224
26.000000 0.000000 0.177325 0.019451 0.019984
26.099998 0.000000 0.176494 0.019344 0.019877
26.199999 0.000000 0.174726 0.019236 0.019904
26.299999 0.000000 0.173221 0.019128 0.019797
26.400000 0.000000 0.171980 0.019153 0.019555
26.500000 0.000000 0.170467 0.019045 0.019447
26.599998 0.000000 0.168144 0.018533 0.019474
26.699999 0.000000 0.167429 0.018289 0.019231
26.799999 0.000000 0.166442 0.018314 0.019122
26.900000 0.000000 0.165183 0.017799 0.019013
27.000000 0.000000 0.163111 0.017823 0.019039
27.099998 0.000000 0.160763 0.017847 0.018794
27.199999 0.000000 0.159220 0.017872 0.018413
27.299999 0.000000 0.158216 0.017896 0.018303
27.400000 0.000000 0.156937 0.017784 0.018056
27.500000 0.000000 0.156199 0.017809 0.017945
27.599998 0.000000 0.154370 0.017697 0.017424
27.699999 0.000000 0.154171 0.017312 0.017176
27.799999 0.000000 0.152198 0.017199 0.016653
27.900000 0.000000 0.150355 0.016812 0.016539
28.000000 0.000000 0.147824 0.016425 0.016151
28.099998 0.000000 0.146793 0.016173 0.015899
28.199999 0.000000 0.145759 0.015921 0.015784
28.299999 0.000000 0.143073 0.015668 0.015805
28.400000 0.000000 0.141206 0.015414 0.015414
28.500000 0.000000 0.139746 0.015298 0.015298
28.599998 0.000000 0.138421 0.015181 0.015319
28.699999 0.000000 0.137092 0.015064 0.015202
28.799999 0.000000 0.136313 0.014808 0.015084
28.900000 0.000000 0.135116 0.014551 0.014828
29.000000 0.000000 0.134332 0.014432 0.014571
29.099998 0.000000 0.132018 0.014452 0.014591
29.199999 0.000000 0.131088 0.014473 0.014473
29.299999 0.000000 0.128763 0.014353 0.014493
29.400000 0.000000 0.127407 0.014373 0.014234
29.500000 0.000000 0.126467 0.013974 0.014254
29.599998 0.000000 0.125385 0.013574 0.013854
29.699999 0.000000 0.123318 0.013593 0.013733
29.799999 0.000000 0.122228 0.013612 0.013612
29.900000 0.000000 0.120714 0.013350 0.013350
30.000000 0.000000 0.119899 0.013369 0.012947
30.099998 0.000000 0.119504 0.013388 0.012824
30.199999 0.000000 0.117838 0.013266 0.012842
30.299999 0.000000 0.116874 0.013284 0.012860
30.400000 0.000000 0.116049 0.013162 0.012879
30.500000 0.000000 0.114371 0.012897 0.012755
30.599998 0.000000 0.113398 0.012631 0.012489
30.699999 0.000000 0.112280 0.012649 0.012365
30.799999 0.000000 0.111301 0.012383 0.012383
30.900000 0.000000 0.110889 0.012258 0.012258
31.000000 0.000000 0.110191 0.011990 0.012132
31.099998 0.000000 0.108919 0.011721 0.012150
31.199999 0.000000 0.108360 0.011595 0.012024
31.299999 0.000000 0.107081 0.011181 0.012041
31.400000 0.000000 0.106087 0.011054 0.011915
31.500000 0.000000 0.104787 0.010924 0.011930
31.599998 0.000000 0.102922 0.010652 0.011948
31.699999 0.000000 0.102206 0.010667 0.011965
31.799999 0.000000 0.101054 0.010394 0.011982
31.900000 0.000000 0.100622 0.010265 0.011855
32.000000 0.000000 0.099899 0.010279 0.011872
32.099998 0.000000 0.098594 0.010004 0.011744
32.200001 0.000000 0.097430 0.009874 0.011761
32.299999 0.000000 0.096699 0.009743 0.011778
32.399998 0.000000 0.096403 0.009611 0.011796
32.500000 0.000000 0.095669 0.009625 0.011667
32.599998 0.000000 0.095224 0.009493 0.011684
32.700001 0.000000 0.094193 0.009507 0.011555
32.799999 0.000000 0.093892 0.009228 0.011572
32.899998 0.000000 0.093149 0.009095 0.011442
33.000000 0.000000 0.092258 0.008961 0.011312
33.099998 0.000000 0.091658 0.008975 0.011181
33.200001 0.000000 0.090614 0.008988 0.011051
33.299999 0.000000 0.089420 0.008853 0.010772
33.399998 0.000000 0.088813 0.008719 0.010788
33.500000 0.000000 0.088353 0.008732 0.010656
33.599998 0.000000 0.087002 0.008745 0.010523
33.700001 0.000000 0.086240 0.008758 0.010390
33.799999 0.000000 0.085476 0.008473 0.010406
33.899998 0.000000 0.084413 0.008486 0.010124
34.000000 0.000000 0.083346 0.008499 0.010139
34.099998 0.000000 0.082276 0.008511 0.010004
34.200001 0.000000 0.081801 0.008374 0.009720
34.299999 0.000000 0.080575 0.008387 0.009735
34.399998 0.000000 0.079646 0.008400 0.009750
34.500000 0.000000 0.078864 0.008262 0.009614
34.599998 0.000000 0.078682 0.008124 0.009628
34.700001 0.000000 0.078047 0.008136 0.009492
34.799999 0.000000 0.077561 0.007847 0.009507
34.899998 0.000000 0.076772 0.007859 0.009370
35.000000 0.000000 0.075829 0.007719 0.009081
35.099998 0.000000 0.074883 0.007579 0.008943
35.200001 0.000000 0.074085 0.007591 0.008957
35.299999 0.000000 0.073590 0.007602 0.008971
35.399998 0.000000 0.072940 0.007614 0.008984
35.500000 0.000000 0.071984 0.007625 0.008846
35.599998 0.000000 0.071483 0.007484 0.008859
35.700001 0.000000 0.070981 0.007496 0.008873
35.799999 0.000000 0.070783 0.007507 0.008733
35.899998 0.000000 0.069971 0.007365 0.008746
36.000000 0.000000 0.069464 0.007377 0.008760
36.099998 0.000000 0.068955 0.007234 0.008773
36.200001 0.000000 0.068290 0.007245 0.008633
36.299999 0.000000 0.067624 0.007102 0.008646
36.399998 0.000000 0.066801 0.006804 0.008659
36.500000 0.000000 0.065355 0.006505 0.008673
36.599998 0.000000 0.064836 0.006515 0.008686
36.700001 0.000000 0.063694 0.006525 0.008700
36.799999 0.000000 0.063161 0.006534 0.008867
36.899998 0.000000 0.062792 0.006544 0.008881
37.000000 0.000000 0.062266 0.006398 0.008739
37.099998 0.000000 0.061582 0.006408 0.008753
37.200001 0.000000 0.060582 0.006418 0.008453
37.299999 0.000000 0.059580 0.006428 0.008467
37.399998 0.000000 0.058574 0.006438 0.008480
37.500000 0.000000 0.058194 0.006449 0.008179
37.599998 0.000000 0.057971 0.006459 0.008192
37.700001 0.000000 0.057431 0.006153 0.008047
37.799999 0.000000 0.057206 0.006163 0.008059
37.899998 0.000000 0.056347 0.006173 0.008072
38.000000 0.000000 0.056119 0.006183 0.007926
38.099998 0.000000 0.055573 0.006192 0.007939
38.200001 0.000000 0.055184 0.006202 0.007793
38.299999 0.000000 0.054795 0.006212 0.007805
38.399998 0.000000 0.054403 0.006222 0.007658
38.500000 0.000000 0.053531 0.006232 0.007670
38.599998 0.000000 0.053297 0.006242 0.007682
38.700001 0.000000 0.053222 0.006092 0.007534
38.799999 0.000000 0.052987 0.006101 0.007547
38.899998 0.000000 0.052750 0.006111 0.007398
39.000000 0.000000 0.051707 0.006121 0.007410
39.099998 0.000000 0.051146 0.005970 0.007422
39.200001 0.000000 0.050582 0.005656 0.007272
39.299999 0.000000 0.050340 0.005665 0.007122
39.399998 0.000000 0.049773 0.005674 0.007134
39.500000 0.000000 0.049367 0.005684 0.007145
39.599998 0.000000 0.048634 0.005368 0.007157
39.700001 0.000000 0.048061 0.005376 0.007006
39.799999 0.000000 0.047650 0.005385 0.007017
39.899998 0.000000 0.047401 0.005230 0.007028
40.000000 0.000000 0.046988 0.005239 0.007040
40.099998 0.000000 0.046573 0.005084 0.007051
40.200001 0.000000 0.046156 0.005092 0.006899
40.299999 0.000000 0.045574 0.005100 0.006910
40.399998 0.000000 0.045155 0.004944 0.006757
40.500000 0.000000 0.045229 0.004787 0.006768
40.599998 0.000000 0.044643 0.004795 0.006779
40.700001 0.000000 0.044220 0.004803 0.006459
40.799999 0.000000 0.044293 0.004811 0.006304
40.899998 0.000000 0.043702 0.004819 0.006314
41.000000 0.000000 0.043109 0.004660 0.005992
41.099998 0.000000 0.042681 0.004668 0.006002
41.200001 0.000000 0.042585 0.004676 0.005845
41.299999 0.000000 0.042155 0.004684 0.005855
41.399998 0.000000 0.041555 0.004692 0.005865
41.500000 0.000000 0.041457 0.004532 0.005874
41.599998 0.000000 0.040854 0.004539 0.005716
41.700001 0.000000 0.040923 0.004547 0.005726
41.799999 0.000000 0.040655 0.004555 0.005735
41.899998 0.000000 0.040216 0.004562 0.005745
42.000000 0.000000 0.039777 0.004570 0.005755
42.099998 0.000000 0.039844 0.004578 0.005765
42.200001 0.000000 0.039572 0.004586 0.005774
42.299999 0.000000 0.039299 0.004593 0.005784
42.399998 0.000000 0.039025 0.004601 0.005624
42.500000 0.000000 0.039092 0.004438 0.005633
42.599998 0.000000 0.039159 0.004275 0.005472
42.700001 0.000000 0.038712 0.004282 0.005481
42.799999 0.000000 0.038264 0.004290 0.005148
42.899998 0.000000 0.038157 0.004297 0.005156
43.000000 0.000000 0.037707 0.003960 0.005165
43.099998 0.000000 0.037427 0.003794 0.005002
43.200001 0.000000 0.037319 0.003628 0.004838
43.299999 0.000000 0.037037 0.003634 0.004846
43.399998 0.000000 0.036928 0.003641 0.004854
43.500000 0.000000 0.036471 0.003647 0.004863
43.599998 0.000000 0.035839 0.003653 0.004871
43.700001 0.000000 0.035552 0.003660 0.004705
43.799999 0.000000 0.035265 0.003666 0.004714
43.899998 0.000000 0.035152 0.003498 0.004547
44.000000 0.000000 0.035039 0.003504 0.004555
44.099998 0.000000 0.034749 0.003510 0.004388
44.200001 0.000000 0.034459 0.003516 0.004395
44.299999 0.000000 0.034167 0.003522 0.004403
44.399998 0.000000 0.033874 0.003529 0.004411
44.500000 0.000000 0.033404 0.003535 0.004419
44.599998 0.000000 0.033286 0.003541 0.004426
44.700001 0.000000 0.032990 0.003547 0.004257
44.799999 0.000000 0.032516 0.003554 0.004264
44.899998 0.000000 0.031862 0.003560 0.004272
45.000000 0.000000 0.031740 0.003566 0.004280
45.099998 0.000000 0.031440 0.003573 0.004287
45.200001 0.000000 0.031496 0.003579 0.004295
45.299999 0.000000 0.031194 0.003586 0.004123
45.399998 0.000000 0.030711 0.003592 0.004131
45.500000 0.000000 0.030047 0.003239 0.004138
45.599998 0.000000 0.029740 0.003244 0.003965
45.700001 0.000000 0.029614 0.003250 0.003973
45.799999 0.000000 0.029124 0.003256 0.003980
45.899998 0.000000 0.028634 0.003262 0.003806
46.000000 0.000000 0.028504 0.003268 0.003813
46.099998 0.000000 0.028192 0.003274 0.003820
46.200001 0.000000 0.027879 0.003280 0.003827
46.299999 0.000000 0.027747 0.003286 0.003834
46.399998 0.000000 0.027432 0.003292 0.003841
46.500000 0.000000 0.027116 0.003115 0.003848
46.599998 0.000000 0.027166 0.003120 0.003855
46.700001 0.000000 0.026848 0.003126 0.003862
46.799999 0.000000 0.026713 0.003132 0.003685
46.899998 0.000000 0.026209 0.003138 0.003507
47.000000 0.000000 0.025518 0.003143 0.003513
47.099998 0.000000 0.025009 0.003149 0.003520
47.200001 0.000000 0.025056 0.003155 0.003526
47.299999 0.000000 0.024544 0.003161 0.003533
47.399998 0.000000 0.024404 0.003167 0.003539
47.500000 0.000000 0.024263 0.003173 0.003546
47.599998 0.000000 0.023934 0.003179 0.003553
47.700001 0.000000 0.023979 0.003185 0.003372
47.799999 0.000000 0.023836 0.003191 0.003378
47.899998 0.000000 0.023317 0.003009 0.003385
48.000000 0.000000 0.023173 0.002826 0.003391
48.099998 0.000000 0.023216 0.002831 0.003209
48.200001 0.000000 0.023071 0.002837 0.003215
48.299999 0.000000 0.022925 0.002842 0.003221
48.399998 0.000000 0.022589 0.002847 0.003227
48.500000 0.000000 0.022632 0.002853 0.003043
48.599998 0.000000 0.022675 0.002668 0.003049
48.700001 0.000000 0.022528 0.002673 0.003055
48.799999 0.000000 0.022571 0.002678 0.003060
48.899998 0.000000 0.022231 0.002683 0.002875
49.000000 0.000000 0.022273 0.002688 0.002880
49.099998 0.000000 0.021739 0.002693 0.002886
49.200001 0.000000 0.021396 0.002699 0.002891
49.299999 0.000000 0.021051 0.002511 0.002897
49.399998 0.000000 0.021091 0.002515 0.002902
49.500000 0.000000 0.020551 0.002520 0.002908
49.599998 0.000000 0.020396 0.002525 0.002914
49.700001 0.000000 0.020241 0.002530 0.002919
49.799999 0.000000 0.020281 0.002535 0.002925
49.899998 0.000000 0.020125 0.002540 0.002931
50.000000 0.000000 0.019969 0.002545 0.002937
50.099998 0.000000 0.020008 0.002550 0.002942
50.200001 0.000000 0.019851 0.002555 0.002948
50.299999 0.000000 0.019102 0.002560 0.002954
50.399998 0.000000 0.018942 0.002565 0.002960
50.500000 0.000000 0.018782 0.002570 0.002966
50.599998 0.000000 0.018819 0.002575 0.002971
50.700001 0.000000 0.018460 0.002580 0.002977
50.799999 0.000000 0.018099 0.002586 0.002586
50.899998 0.000000 0.017736 0.002591 0.002591
51.000000 0.000000 0.017772 0.002596 0.002596
51.099998 0.000000 0.017807 0.002601 0.002601
51.199997 0.000000 0.017642 0.002606 0.002606
51.299999 0.000000 0.017477 0.002611 0.002611
51.399998 0.000000 0.017512 0.002617 0.002617
51.500000 0.000000 0.017346 0.002622 0.002622
51.599998 0.000000 0.017381 0.002627 0.002627
51.699997 0.000000 0.017213 0.002633 0.002633
51.799999 0.000000 0.017045 0.002638 0.002638
51.899998 0.000000 0.017080 0.002643 0.002643
52.000000 0.000000 0.016911 0.002649 0.002649
52.099998 0.000000 0.016946 0.002654 0.002654
52.199997 0.000000 0.016980 0.002455 0.002455
52.299999 0.000000 0.017015 0.002460 0.002460
52.399998 0.000000 0.017050 0.002465 0.002465
52.500000 0.000000 0.016879 0.002470 0.002470
52.599998 0.000000 0.016708 0.002475 0.002475
52.699997 0.000000 0.016742 0.002480 0.002274
52.799999 0.000000 0.016777 0.002486 0.002071
52.899998 0.000000 0.016812 0.002283 0.002076
53.000000 0.000000 0.016431 0.002288 0.002080
53.099998 0.000000 0.016465 0.002293 0.002084
53.199997 0.000000 0.016291 0.002297 0.002089
53.299999 0.000000 0.015697 0.002302 0.002093
53.399998 0.000000 0.015730 0.002307 0.002097
53.500000 0.000000 0.015763 0.002312 0.002102
53.599998 0.000000 0.015375 0.002317 0.002106
53.699997 0.000000 0.014985 0.002322 0.002111
53.799999 0.000000 0.015017 0.002327 0.002115
53.899998 0.000000 0.014837 0.002331 0.002120
54.000000 0.000000 0.014231 0.002336 0.001912
54.099998 0.000000 0.014261 0.002341 0.001916
54.199997 0.000000 0.014292 0.002346 0.001920
54.299999 0.000000 0.014109 0.002351 0.001924
54.399998 0.000000 0.014139 0.002356 0.001928
54.500000 0.000000 0.013740 0.002362 0.001932
54.599998 0.000000 0.013554 0.002367 0.001721
54.699997 0.000000 0.013583 0.002372 0.001509
54.799999 0.000000 0.013397 0.002377 0.001513
54.899998 0.000000 0.013426 0.002382 0.001516
55.000000 0.000000 0.013238 0.002387 0.001519
55.099998 0.000000 0.013049 0.002175 0.001522
55.199997 0.000000 0.013078 0.002180 0.001526
55.299999 0.000000 0.013106 0.001966 0.001529
55.399998 0.000000 0.012916 0.001970 0.001532
55.500000 0.000000 0.012944 0.001975 0.001536
55.599998 0.000000 0.012973 0.001979 0.001539
55.699997 0.000000 0.013001 0.001983 0.001543
55.799999 0.000000 0.013030 0.001988 0.001546
55.899998 0.000000 0.012616 0.001992 0.001549
56.000000 0.000000 0.012422 0.001996 0.001553
56.099998 0.000000 0.012228 0.002001 0.001556
56.199997 0.000000 0.011809 0.002005 0.001560
56.299999 0.000000 0.011836 0.002010 0.001563
56.399998 0.000000 0.011415 0.002014 0.001567
56.500000 0.000000 0.011440 0.002019 0.001570
56.599998 0.000000 0.011466 0.002023 0.001574
56.699997 0.000000 0.011492 0.002028 0.001577
56.799999 0.000000 0.011292 0.002033 0.001581
56.899998 0.000000 0.011317 0.002037 0.001584
57.000000 0.000000 0.011343 0.002042 0.001588
57.099998 0.000000 0.011369 0.002046 0.001592
57.199997 0.000000 0.011395 0.002051 0.001595
57.299999 0.000000 0.011421 0.002056 0.001599
57.399998 0.000000 0.011447 0.002060 0.001603
57.500000 0.000000 0.011473 0.002065 0.001606
57.599998 0.000000 0.011500 0.002070 0.001610
57.699997 0.000000 0.011296 0.002075 0.001614
57.799999 0.000000 0.011322 0.002079 0.001617
57.899998 0.000000 0.011348 0.002084 0.001621
58.000000 0.000000 0.011374 0.001857 0.001393
58.099998 0.000000 0.011168 0.001861 0.001396
58.199997 0.000000 0.010961 0.001866 0.001399
58.299999 0.000000 0.010753 0.001870 0.001169
58.399998 0.000000 0.010778 0.001874 0.001172
58.500000 0.000000 0.010568 0.001879 0.001174
58.599998 0.000000 0.010593 0.001648 0.000942
58.699997 0.000000 0.010618 0.001652 0.000944
58.799999 0.000000 0.010407 0.001656 0.000946
58.899998 0.000000 0.010194 0.001660 0.000948
59.000000 0.000000 0.010219 0.001663 0.000951
59.099998 0.000000 0.010243 0.001667 0.000953
59.199997 0.000000 0.010029 0.001671 0.000955
59.299999 0.000000 0.010053 0.001675 0.000957
59.399998 0.000000 0.010077 0.001679 0.000960
59.500000 0.000000 0.010101 0.001684 0.000962
59.599998 0.000000 0.010125 0.001688 0.000964
59.699997 0.000000 0.010150 0.001450 0.000967
59.799999 0.000000 0.009932 0.001453 0.000969
59.899998 0.000000 0.009956 0.001457 0.000971
60.000000 0.000000 0.009981 0.001461 0.000974
60.099998 0.000000 0.010005 0.001464 0.000976
60.199997 0.000000 0.010029 0.001468 0.000978
60.299999 0.000000 0.010054 0.001471 0.000981
60.399998 0.000000 0.010079 0.001475 0.000983
60.500000 0.000000 0.010103 0.001479 0.000986
60.599998 0.000000 0.010128 0.001482 0.000988
60.699997 0.000000 0.010154 0.001486 0.000991
60.799999 0.000000 0.010179 0.001490 0.000993
60.899998 0.000000 0.009706 0.001493 0.000996
61.000000 0.000000 0.009481 0.001497 0.000998
61.099998 0.000000 0.009505 0.001501 0.001001
61.199997 0.000000 0.009278 0.001505 0.001003
61.299999 0.000000 0.009050 0.001508 0.001006
61.399998 0.000000 0.008569 0.001512 0.001008
61.500000 0.000000 0.008590 0.001516 0.001011
61.599998 0.000000 0.008105 0.001520 0.001013
61.699997 0.000000 0.008126 0.001524 0.001016
61.799999 0.000000 0.008147 0.001527 0.001018
61.899998 0.000000 0.008167 0.001531 0.001021
62.000000 0.000000 0.007932 0.001535 0.001024
62.099998 0.000000 0.007953 0.001539 0.001026
62.199997 0.000000 0.007716 0.001543 0.000772
62.299999 0.000000 0.007736 0.001547 0.000774
62.399998 0.000000 0.007756 0.001551 0.000776
62.500000 0.000000 0.007776 0.001555 0.000778
62.599998 0.000000 0.007796 0.001299 0.000780
62.699997 0.000000 0.007556 0.001303 0.000782
62.799999 0.000000 0.007576 0.001306 0.000784
62.899998 0.000000 0.007596 0.001310 0.000786
63.000000 0.000000 0.007616 0.001313 0.000788
63.099998 0.000000 0.007636 0.001316 0.000790
63.199997 0.000000 0.007656 0.001320 0.000792
63.299999 0.000000 0.007676 0.001323 0.000794
63.399998 0.000000 0.007166 0.001327 0.000796
63.500000 0.000000 0.007185 0.001330 0.000798
63.599998 0.000000 0.006937 0.001334 0.000800
63.699997 0.000000 0.006956 0.001338 0.000803
63.799999 0.000000 0.006974 0.001073 0.000536
63.899998 0.000000 0.006455 0.000807 0.000538
64.000000 0.000000 0.006472 0.000809 0.000539
64.099998 0.000000 0.006490 0.000811 0.000541
64.199997 0.000000 0.006236 0.000542 0.000542
64.299995 0.000000 0.006253 0.000544 0.000272
64.400002 0.000000 0.005998 0.000545 0.000273
64.500000 0.000000 0.006014 0.000547 0.000273
64.599998 0.000000 0.006031 0.000548 0.000274
64.699997 0.000000 0.006047 0.000550 0.000275
64.799995 0.000000 0.006064 0.000551 0.000276
64.900002 0.000000 0.006081 0.000553 0.000276
65.000000 0.000000 0.005820 0.000554 0.000277
65.099998 0.000000 0.005559 0.000556 0.000278
65.199997 0.000000 0.005574 0.000557 0.000279
65.299995 0.000000 0.005590 0.000559 0.000279
65.400002 0.000000 0.005605 0.000561 0.000280
65.500000 0.000000 0.005621 0.000562 0.000281
65.599998 0.000000 0.005637 0.000564 0.000282
65.699997 0.000000 0.005370 0.000565 0.000283
65.799995 0.000000 0.005385 0.000567 0.000283
65.900002 0.000000 0.005401 0.000569 0.000284
66.000000 0.000000 0.005416 0.000570 0.000285
66.099998 0.000000 0.005432 0.000572 0.000286
66.199997 0.000000 0.005161 0.000573 0.000287
66.299995 0.000000 0.005175 0.000575 0.000288
66.400002 0.000000 0.005190 0.000577 0.000288
66.500000 0.000000 0.004916 0.000578 0.000289
66.599998 0.000000 0.004930 0.000580 0.000290
66.699997 0.000000 0.004945 0.000582 0.000291
66.799995 0.000000 0.004959 0.000583 0.000292
66.900002 0.000000 0.004974 0.000585 0.000293
67.000000 0.000000 0.004988 0.000587 0.000293
67.099998 0.000000 0.005003 0.000589 0.000294
67.199997 0.000000 0.004723 0.000590 0.000295
67.299995 0.000000 0.004737 0.000592 0.000296
67.400002 0.000000 0.004751 0.000594 0.000297
67.500000 0.000000 0.004467 0.000596 0.000298
67.599998 0.000000 0.004182 0.000597 0.000299
67.699997 0.000000 0.004194 0.000599 0.000300
67.799995 0.000000 0.003906 0.000601 0.000300
67.900002 0.000000 0.003617 0.000603 0.000301
68.000000 0.000000 0.003628 0.000605 0.000302
68.099998 0.000000 0.003639 0.000606 0.000303
68.199997 0.000000 0.003650 0.000608 0.000304
68.299995 0.000000 0.003661 0.000610 0.000305
68.400002 0.000000 0.003672 0.000306 0.000306
68.500000 0.000000 0.003683 0.000307 0.000307
68.599998 0.000000 0.003695 0.000308 0.000308
68.699997 0.000000 0.003706 0.000309 0.000309
68.799995 0.000000 0.003717 0.000310 0.000310
68.900002 0.000000 0.003729 0.000311 0.000311
69.000000 0.000000 0.003741 0.000312 0.000312
69.099998 0.000000 0.003440 0.000313 0.000313
69.199997 0.000000 0.003450 0.000314 0.000314
69.299995 0.000000 0.003461 0.000315 0.000315
69.400002 0.000000 0.003157 0.000316 0.000316
69.500000 0.000000 0.003167 0.000317 0.000317
69.599998 0.000000 0.003177 0.000318 0.000318
69.699997 0.000000 0.003187 0.000319 0.000319
69.799995 0.000000 0.003197 0.000320 0.000320
69.900002 0.000000 0.003207 0.000321 0.000321
70.000000 0.000000 0.003218 0.000322 0.000322
70.099998 0.000000 0.003228 0.000323 0.000323
70.199997 0.000000 0.003238 0.000324 0.000324
70.299995 0.000000 0.003249 0.000325 0.000325
70.400002 0.000000 0.003259 0.000326 0.000326
70.500000 0.000000 0.003270 0.000327 0.000327
70.599998 0.000000 0.003281 0.000328 0.000328
70.699997 0.000000 0.003292 0.000329 0.000329
70.799995 0.000000 0.003303 0.000330 0.000330
70.900002 0.000000 0.003313 0.000331 0.000331
71.000000 0.000000 0.003324 0.000332 0.000332
71.099998 0.000000 0.003336 0.000334 0.000334
71.199997 0.000000 0.003347 0.000335 0.000335
71.299995 0.000000 0.003022 0.000336 0.000336
71.400002 0.000000 0.003032 0.000337 0.000337
71.500000 0.000000 0.003043 0.000338 0.000338
71.599998 0.000000 0.003053 0.000339 0.000339
71.699997 0.000000 0.002723 0.000340 0.000340
71.799995 0.000000 0.002732 0.000342 0.000342
71.900002 0.000000 0.002399 0.000343 0.000343
72.000000 0.000000 0.002407 0.000344 0.000344
72.099998 0.000000 0.002415 0.000345 0.000345
72.199997 0.000000 0.002424 0.000346 0.000346
72.299995 0.000000 0.002432 0.000347 0.000347
72.400002 0.000000 0.002441 0.000349 0.000349
72.500000 0.000000 0.002449 0.000350 0.000350
72.599998 0.000000 0.002458 0.000351 0.000351
72.699997 0.000000 0.002467 0.000352 0.000352
72.799995 0.000000 0.002475 0.000354 0.000354
72.900002 0.000000 0.002484 0.000355 0.000355
73.000000 0.000000 0.002493 0.000356 0.000356
73.099998 0.000000 0.002502 0.000357 0.000357
73.199997 0.000000 0.001793 0.000359 0.000359
73.299995 0.000000 0.001800 0.000360 0.000360
73.400002 0.000000 0.001445 0.000361 0.000361
73.500000 0.000000 0.001088 0.000363 0.000363
73.599998 0.000000 0.001092 0.000364 0.000364
73.699997 0.000000 0.001096 0.000365 0.000365
73.799995 0.000000 0.001100 0.000367 0.000367
73.900002 0.000000 0.000736 0.000368 0.000368
74.000000 0.000000 0.000739 0.000369 0.000369
74.099998 0.000000 0.000741 0.000371 0.000371
74.199997 0.000000 0.000744 0.000372 0.000372
74.299995 0.000000 0.000747 0.000373 0.000373
74.400002 0.000000 0.000750 0.000375 0.000375
74.500000 0.000000 0.000752 0.000376 0.000376
74.599998 0.000000 0.000755 0.000378 0.000378
74.699997 0.000000 0.000758 0.000379 0.000379
74.799995 0.000000 0.000761 0.000381 0.000381
74.900002 0.000000 0.000764 0.000382 0.000382
75.000000 0.000000 0.000767 0.000383 0.000383
75.099998 0.000000 0.000770 0.000385 0.000385
75.199997 0.000000 0.000773 0.000386 0.000386
75.299995 0.000000 0.000776 0.000388 0.000388
75.400002 0.000000 0.000779 0.000389 0.000389
75.500000 0.000000 0.000782 0.000391 0.000391
75.599998 0.000000 0.000785 0.000392 0.000392
75.699997 0.000000 0.000788 0.000394 0.000394
75.799995 0.000000 0.000791 0.000396 0.000396
75.900002 0.000000 0.000794 0.000397 0.000397
76.000000 0.000000 0.000797 0.000399 0.000399
76.099998 0.000000 0.000801 0.000400 0.000400
76.199997 0.000000 0.000804 0.000402 0.000402
76.299995 0.000000 0.000807 0.000404 0.000404
76.400002 0.000000 0.000810 0.000405 0.000405
76.500000 0.000000 0.000814 0.000407 0.000407
76.599998 0.000000 0.000817 0.000408 0.000408
76.699997 0.000000 0.000820 0.000410 0.000410
76.799995 0.000000 0.000824 0.000412 0.000412
76.900002 0.000000 0.000827 0.000414 0.000414
77.000000 0.000000 0.000831 0.000415 0.000415
77.099998 0.000000 0.000834 0.000417 0.000417
77.199997 0.000000 0.000838 0.000419 0.000419
77.299995 0.000000 0.000841 0.000421 0.000421
77.400002 0.000000 0.000845 0.000422 0.000422
77.500000 0.000000 0.000848 0.000424 0.000424
77.599998 0.000000 0.000852 0.000426 0.000426
77.699997 0.000000 0.000855 0.000428 0.000428
77.799995 0.000000 0.000859 0.000430 0.000430
77.900002 0.000000 0.000863 0.000431 0.000431
78.000000 0.000000 0.000867 0.000433 0.000433
78.099998 0.000000 0.000870 0.000435 0.000435
78.199997 0.000000 0.000874 0.000437 0.000437
78.299995 0.000000 0.000878 0.000439 0.000439
78.400002 0.000000 0.000882 0.000441 0.000441
78.500000 0.000000 0.000886 0.000443 0.000443
78.599998 0.000000 0.000890 0.000445 0.000445
78.699997 0.000000 0.000894 0.000447 0.000447
78.799995 0.000000 0.000898 0.000449 0.000449
78.900002 0.000000 0.000902 0.000451 0.000451
79.000000 0.000000 0.000906 0.000453 0.000453
79.099998 0.000000 0.000910 0.000455 0.000455
79.199997 0.000000 0.000914 0.000457 0.000457
79.299995 0.000000 0.000918 0.000459 0.000459
79.400002 0.000000 0.000923 0.000461 0.000461
79.500000 0.000000 0.000927 0.000463 0.000463
79.599998 0.000000 0.000931 0.000466 0.000466
79.699997 0.000000 0.000935 0.000468 0.000468
79.799995 0.000000 0.000940 0.000470 0.000470
79.900002 0.000000 0.000944 0.000472 0.000472
80.000000 0.000000 0.000949 0.000474 0.000474
80.099998 0.000000 0.000953 0.000477 0.000477
80.199997 0.000000 0.000958 0.000479 0.000479
80.299995 0.000000 0.000962 0.000481 0.000481
80.400002 0.000000 0.000967 0.000484 0.000484
80.500000 0.000000 0.000972 0.000486 0.000486
80.599998 0.000000 0.000977 0.000488 0.000488
80.699997 0.000000 0.000981 0.000491 0.000491
80.799995 0.000000 0.000986 0.000493 0.000493
80.900002 0.000000 0.000991 0.000496 0.000496
81.000000 0.000000 0.000996 0.000498 0.000498
81.099998 0.000000 0.001001 0.000501 0.000501
81.199997 0.000000 0.001006 0.000503 0.000503
81.299995 0.000000 0.001011 0.000506 0.000506
81.400002 0.000000 0.001016 0.000508 0.000508
81.500000 0.000000 0.001021 0.000511 0.000511
81.599998 0.000000 0.001027 0.000513 0.000513
81.699997 0.000000 0.001032 0.000516 0.000516
81.799995 0.000000 0.001037 0.000519 0.000519
81.900002 0.000000 0.001043 0.000521 0.000521
82.000000 0.000000 0.001048 0.000524 0.000524
82.099998 0.000000 0.001054 0.000527 0.000527
82.199997 0.000000 0.001059 0.000530 0.000530
82.299995 0.000000 0.001065 0.000532 0.000532
82.400002 0.000000 0.001071 0.000535 0.000535
82.500000 0.000000 0.001076 0.000538 0.000538
82.599998 0.000000 0.001082 0.000541 0.000541
82.699997 0.000000 0.001088 0.000544 0.000000
82.799995 0.000000 0.001094 0.000547 0.000000
82.900002 0.000000 0.001100 0.000550 0.000000
83.000000 0.000000 0.001106 0.000553 0.000000
83.099998 0.000000 0.001112 0.000556 0.000000
83.199997 0.000000 0.001119 0.000559 0.000000
83.299995 0.000000 0.001125 0.000562 0.000000
83.400002 0.000000 0.000566 0.000566 0.000000
83.500000 0.000000 0.000569 0.000569 0.000000
83.599998 0.000000 0.000572 0.000572 0.000000
83.699997 0.000000 0.000575 0.000575 0.000000
83.799995 0.000000 0.000579 0.000579 0.000000
83.900002 0.000000 0.000582 0.000582 0.000000
84.000000 0.000000 0.000585 0.000585 0.000000
84.099998 0.000000 0.000589 0.000589 0.000000
84.199997 0.000000 0.000592 0.000592 0.000000
84.299995 0.000000 0.000596 0.000596 0.000000
84.400002 0.000000 0.000600 0.000600 0.000000
84.500000 0.000000 0.000603 0.000603 0.000000
84.599998 0.000000 0.000607 0.000607 0.000000
84.699997 0.000000 0.000611 0.000611 0.000000
84.799995 0.000000 0.000614 0.000614 0.000000
84.900002 0.000000 0.000618 0.000618 0.000000
85.000000 0.000000 0.000622 0.000622 0.000000
85.099998 0.000000 0.000626 0.000626 0.000000
85.199997 0.000000 0.000630 0.000630 0.000000
85.299995 0.000000 0.000634 0.000634 0.000000
85.400002 0.000000 0.000638 0.000638 0.000000
85.500000 0.000000 0.000642 0.000642 0.000000
85.599998 0.000000 0.000646 0.000646 0.000000
85.699997 0.000000 0.000650 0.000650 0.000000
85.799995 0.000000 0.000654 0.000654 0.000000
85.900002 0.000000 0.000659 0.000659 0.000000
86.000000 0.000000 0.000663 0.000000 0.000000
86.099998 0.000000 0.000668 0.000000 0.000000
86.199997 0.000000 0.000672 0.000000 0.000000
86.299995 0.000000 0.000677 0.000000 0.000000
86.400002 0.000000 0.000681 0.000000 0.000000
86.500000 0.000000 0.000000 0.000000 0.000000
86.599998 0.000000 0.000000 0.000000 0.000000
86.699997 0.000000 0.000000 0.000000 0.000000
86.799995 0.000000 0.000000 0.000000 0.000000
86.900002 0.000000 0.000000 0.000000 0.000000
87.000000 0.000000 0.000000 0.000000 0.000000
87.099998 0.000000 0.000000 0.000000 0.000000
87.199997 0.000000 0.000000 0.000000 0.000000
87.299995 0.000000 0.000000 0.000000 0.000000
87.400002 0.000000 0.000000 0.000000 0.000000
87.500000 0.000000 0.000000 0.000000 0.000000
87.599998 0.000000 0.000000 0.000000 0.000000
87.699997 0.000000 0.000000 0.000000 0.000000
87.799995 0.000000 0.000000 0.000000 0.000000
87.900002 0.000000 0.000000 0.000000 0.000000
88.000000 0.000000 0.000000 0.000000 0.000000
88.099998 0.000000 0.000000 0.000000 0.000000
88.199997 0.000000 0.000000 0.000000 0.000000
88.299995 0.000000 0.000000 0.000000 0.000000
88.400002 0.000000 0.000000 0.000000 0.000000
88.500000 0.000000 0.000000 0.000000 0.000000
88.599998 0.000000 0.000000 0.000000 0.000000
88.699997 0.000000 0.000000 0.000000 0.000000
88.799995 0.000000 0.000000 0.000000 0.000000
88.900002 0.000000 0.000000 0.000000 0.000000
89.000000 0.000000 0.000000 0.000000 0.000000
89.099998 0.000000 0.000000 0.000000 0.000000
89.199997 0.000000 0.000000 0.000000 0.000000
89.299995 0.000000 0.000000 0.000000 0.000000
89.400002 0.000000 0.000000 0.000000 0.000000
89.500000 0.000000 0.000000 0.000000 0.000000
89.599998 0.000000 0.000000 0.000000 0.000000
89.699997 0.000000 0.000000 0.000000 0.000000
89.799995 0.000000 0.000000 0.000000 0.000000
89.900002 0.000000 0.000000 0.000000 0.000000
90.000000 0.000000 0.000000 0.000000 0.000000
90.099998 0.000000 0.000000 0.000000 0.000000
90.199997 0.000000 0.000000 0.000000 0.000000
90.299995 0.000000 0.000000 0.000000 0.000000
90.400002 0.000000 0.000000 0.000000 0.000000
90.500000 0.000000 0.000000 0.000000 0.000000
90.599998 0.000000 0.000000 0.000000 0.000000
90.699997 0.000000 0.000000 0.000000 0.000000
90.799995 0.000000 0.000000 0.000000 0.000000
90.900002 0.000000 0.000000 0.000000 0.000000
91.000000 0.000000 0.000000 0.000000 0.000000
91.099998 0.000000 0.000000 0.000000 0.000000
91.199997 0.000000 0.000000 0.000000 0.000000
91.299995 0.000000 0.000000 0.000000 0.000000
91.400002 0.000000 0.000000 0.000000 0.000000
91.500000 0.000000 0.000000 0.000000 0.000000
91.599998 0.000000 0.000000 0.000000 0.000000
91.699997 0.000000 0.000000 0.000000 0.000000
91.799995 0.000000 0.000000 0.000000 0.000000
91.900002 0.000000 0.000000 0.000000 0.000000
92.000000 0.000000 0.000000 0.000000 0.000000
92.099998 0.000000 0.000000 0.000000 0.000000
92.199997 0.000000 0.000000 0.000000 0.000000
92.299995 0.000000 0.000000 0.000000 0.000000
92.400002 0.000000 0.000000 0.000000 0.000000
92.500000 0.000000 0.000000 0.000000 0.000000
92.599998 0.000000 0.000000 0.000000 0.000000
92.699997 0.000000 0.000000 0.000000 0.000000
92.799995 0.000000 0.000000 0.000000 0.000000
92.900002 0.000000 0.000000 0.000000 0.000000
93.000000 0.000000 0.000000 0.000000 0.000000
93.099998 0.000000 0.000000 0.000000 0.000000
93.199997 0.000000 0.000000 0.000000 0.000000
93.299995 0.000000 0.000000 0.000000 0.000000
93.400002 0.000000 0.000000 0.000000 0.000000
93.500000 0.000000 0.000000 0.000000 0.000000
93.599998 0.000000 0.000000 0.000000 0.000000
93.699997 0.000000 0.000000 0.000000 0.000000
93.799995 0.000000 0.000000 0.000000 0.000000
93.900002 0.000000 0.000000 0.000000 0.000000
94.000000 0.000000 0.000000 0.000000 0.000000
94.099998 0.000000 0.000000 0.000000 0.000000
94.199997 0.000000 0.000000 0.000000 0.000000
94.299995 0.000000 0.000000 0.000000 0.000000
94.400002 0.000000 0.000000 0.000000 0.000000
94.500000 0.000000 0.000000 0.000000 0.000000
94.599998 0.000000 0.000000 0.000000 0.000000
94.699997 0.000000 0.000000 0.000000 0.000000
94.799995 0.000000 0.000000 0.000000 0.000000
94.900002 0.000000 0.000000 0.000000 0.000000
95.000000 0.000000 0.000000 0.000000 0.000000
95.099998 0.000000 0.000000 0.000000 0.000000
95.199997 0.000000 0.000000 0.000000 0.000000
95.299995 0.000000 0.000000 0.000000 0.000000
95.400002 0.000000 0.000000 0.000000 0.000000
95.500000 0.000000 0.000000 0.000000 0.000000
95.599998 0.000000 0.000000 0.000000 0.000000
95.699997 0.000000 0.000000 0.000000 0.000000
95.799995 0.000000 0.000000 0.000000 0.000000
95.900002 0.000000 0.000000 0.000000 0.000000
96.000000 0.000000 0.000000 0.000000 0.000000
96.099998 0.000000 0.000000 0.000000 0.000000
96.199997 0.000000 0.000000 0.000000 0.000000
96.299995 0.000000 0.000000 0.000000 0.000000
96.400002 0.000000 0.000000 0.000000 0.000000
96.500000 0.000000 0.000000 0.000000 0.000000
96.599998 0.000000 0.000000 0.000000 0.000000
96.699997 0.000000 0.000000 0.000000 0.000000
96.799995 0.000000 0.000000 0.000000 0.000000
96.900002 0.000000 0.000000 0.000000 0.000000
97.000000 0.000000 0.000000 0.000000 0.000000
97.099998 0.000000 0.000000 0.000000 0.000000
97.199997 0.000000 0.000000 0.000000 0.000000
97.299995 0.000000 0.000000 0.000000 0.000000
97.400002 0.000000 0.000000 0.000000 0.000000
97.500000 0.000000 0.000000 0.000000 0.000000
97.599998 0.000000 0.000000 0.000000 0.000000
97.699997 0.000000 0.000000 0.000000 0.000000
97.799995 0.000000 0.000000 0.000000 0.000000
97.900002 0.000000 0.000000 0.000000 0.000000
98.000000 0.000000 0.000000 0.000000 0.000000
98.099998 0.000000 0.000000 0.000000 0.000000
98.199997 0.000000 0.000000 0.000000 0.000000
98.299995 0.000000 0.000000 0.000000 0.000000
98.400002 0.000000 0.000000 0.000000 0.000000
98.500000 0.000000 0.000000 0.000000 0.000000
98.599998 0.000000 0.000000 0.000000 0.000000
98.699997 0.000000 0.000000 0.000000 0.000000
98.799995 0.000000 0.000000 0.000000 0.000000
98.900002 0.000000 0.000000 0.000000 0.000000
99.000000 0.000000 0.000000 0.000000 0.000000
99.099998 0.000000 0.000000 0.000000 0.000000
99.199997 0.000000 0.000000 0.000000 0.000000
99.299995 0.000000 0.000000 0.000000 0.000000
99.400002 0.000000 0.000000 0.000000 0.000000
99.500000 0.000000 0.000000 0.000000 0.000000
99.599998 0.000000 0.000000 0.000000 0.000000
99.699997 0.000000 0.000000 0.000000 0.000000
99.799995 0.000000 0.000000 0.000000 0.000000
99.900002 0.000000 0.000000 0.000000 0.000000
100.000000 0.000000 0.000000 0.000000 0.000000
100.099998 0.000000 0.000000 0.000000 0.000000
100.199997 0.000000 0.000000 0.000000 0.000000
100.299995 0.000000 0.000000 0.000000 0.000000
100.400002 0.000000 0.000000 0.000000 0.000000
100.500000 0.000000 0.000000 0.000000 0.000000
100.599998 0.000000 0.000000 0.000000 0.000000
100.699997 0.000000 0.000000 0.000000 0.000000
100.799995 0.000000 0.000000 0.000000 0.000000
100.900002 0.000000 0.000000 0.000000 0.000000
101.000000 0.000000 0.000000 0.000000 0.000000
