0.000000 0.999100 7.991299 0.999300 0.998900
0.100000 0.987498 7.907882 0.988798 0.988898
0.200000 0.978702 7.848415 0.980502 0.979902
0.300000 0.969494 7.781056 0.968294 0.968194
0.400000 0.949185 7.640091 0.947384 0.948585
0.500000 0.927313 7.484381 0.925010 0.924409
0.600000 0.906604 7.336907 0.904700 0.904700
0.700000 0.880642 7.161284 0.878636 0.879137
0.800000 0.857272 7.007427 0.857172 0.856469
0.900000 0.823807 6.790055 0.827122 0.823707
1.000000 0.793727 6.595999 0.800462 0.797346
1.100000 0.760741 6.386256 0.770299 0.767884
1.200000 0.729836 6.193636 0.742322 0.743530
1.300000 0.700595 5.999899 0.716013 0.714905
1.400000 0.671508 5.813716 0.689662 0.687544
1.500000 0.645835 5.638364 0.664109 0.662393
1.600000 0.615804 5.436742 0.637429 0.636217
1.700000 0.586468 5.240493 0.610235 0.610841
1.800000 0.558716 5.053249 0.585442 0.586050
1.900000 0.531361 4.861688 0.561759 0.563684
2.000000 0.507201 4.702332 0.540974 0.543103
2.100000 0.483200 4.545224 0.521876 0.522485
2.200000 0.458803 4.389719 0.502387 0.502794
2.300000 0.433496 4.214155 0.482306 0.482815
2.400000 0.412357 4.075020 0.464169 0.463355
2.500000 0.385430 3.896485 0.440448 0.442384
2.600000 0.367020 3.775851 0.424332 0.428309
2.700000 0.342283 3.609432 0.406084 0.407411
2.800000 0.326351 3.504343 0.392255 0.393583
2.900000 0.306536 3.371382 0.375166 0.377110
3.000000 0.289824 3.255119 0.360053 0.361691
3.100000 0.271237 3.124808 0.345527 0.347064
3.200000 0.254872 3.012205 0.331179 0.333846
3.300000 0.236013 2.882866 0.317627 0.317729
3.400000 0.222154 2.785758 0.306823 0.304871
3.500000 0.210737 2.710480 0.298468 0.294559
3.600000 0.199691 2.630057 0.288317 0.285847
3.700000 0.188253 2.550026 0.278825 0.275013
3.800000 0.178030 2.484167 0.271068 0.265910
3.900000 0.167665 2.409044 0.262234 0.256143
4.000000 0.159467 2.350041 0.254651 0.248967
4.100000 0.151252 2.292468 0.248500 0.243017
4.200000 0.144470 2.244718 0.243372 0.237365
4.300000 0.136015 2.177276 0.236678 0.229940
4.400000 0.127309 2.114962 0.229819 0.222349
4.500000 0.118820 2.051516 0.222892 0.214894
4.600000 0.111458 1.998025 0.215117 0.209815
4.700000 0.104184 1.939321 0.208993 0.203372
4.800000 0.096677 1.883842 0.204396 0.197937
4.900000 0.089999 1.826259 0.198665 0.190948
5.000000 0.084447 1.782568 0.194676 0.185908
5.100000 0.078780 1.737227 0.191098 0.181277
5.200000 0.072482 1.686644 0.184604 0.174773
5.300000 0.067637 1.648728 0.181028 0.170453
5.400000 0.063725 1.619432 0.178283 0.166125
5.500000 0.060225 1.589235 0.174168 0.162417
5.600000 0.055351 1.551833 0.168995 0.159227
5.700000 0.050678 1.518242 0.166018 0.157502
5.800000 0.048837 1.495000 0.164298 0.155668
5.900000 0.046570 1.477610 0.163418 0.153198
6.000000 0.044299 1.454699 0.161270 0.151250
6.100000 0.040756 1.421286 0.157850 0.149087
6.200000 0.039214 1.400592 0.155797 0.147976
6.300000 0.035446 1.367792 0.150672 0.144641
6.400000 0.033256 1.345266 0.148697 0.141919
6.500000 0.031064 1.320399 0.144614 0.139843
6.600000 0.029187 1.300892 0.141159 0.137444
6.700000 0.027093 1.276668 0.138653 0.135040
6.800000 0.024995 1.255371 0.135397 0.133482
6.900000 0.023531 1.235839 0.132879 0.131282
7.000000 0.022277 1.220315 0.131102 0.130249
7.100000 0.021447 1.209454 0.130495 0.128574
7.200000 0.019013 1.187674 0.128498 0.126362
7.300000 0.017322 1.166916 0.126925 0.125321
7.400000 0.015734 1.147490 0.124906 0.124478
7.500000 0.015108 1.133398 0.123004 0.123326
7.600000 0.014157 1.114329 0.120978 0.121622
7.700000 0.013206 1.097595 0.119605 0.120034
7.800000 0.012898 1.088994 0.118444 0.118766
7.900000 0.012266 1.078330 0.116957 0.118141
8.000000 0.011633 1.065704 0.115037 0.117299
8.099999 0.011214 1.055855 0.113112 0.115915
8.200000 0.010255 1.040695 0.111399 0.114206
8.300000 0.009723 1.031007 0.110199 0.113224
8.400000 0.009085 1.019252 0.108263 0.112589
8.500000 0.008661 1.008228 0.107502 0.111508
8.599999 0.007695 0.992522 0.105777 0.110003
8.700000 0.007268 0.982100 0.104578 0.108592
8.800000 0.006950 0.970243 0.103823 0.107732
8.900000 0.006522 0.958582 0.102837 0.106533
9.000000 0.006312 0.951464 0.101970 0.105670
9.099999 0.005665 0.938447 0.100447 0.105131
9.200000 0.005344 0.928462 0.099128 0.104144
9.300000 0.005022 0.919105 0.098581 0.103057
9.400000 0.004481 0.908197 0.097268 0.102186
9.500000 0.004048 0.897921 0.096827 0.101860
9.599999 0.004053 0.889923 0.095290 0.100986
9.700000 0.004057 0.883662 0.094079 0.100329
9.800000 0.003732 0.873985 0.092975 0.099232
9.900000 0.003626 0.865824 0.092198 0.097802
10.000000 0.003520 0.857756 0.091419 0.096370
10.099999 0.003414 0.848128 0.089978 0.095264
10.200000 0.003308 0.840794 0.088864 0.093716
10.300000 0.002870 0.828808 0.087859 0.092605
10.400000 0.003204 0.822210 0.087293 0.092155
10.500000 0.003097 0.814049 0.086504 0.091482
10.599999 0.003101 0.806755 0.085271 0.091030
10.700000 0.003104 0.801220 0.084590 0.090355
10.800000 0.002996 0.795028 0.083565 0.089557
10.900000 0.002777 0.785579 0.082880 0.088546
11.000000 0.002892 0.780781 0.081971 0.087643
11.099999 0.002895 0.773856 0.081283 0.086850
11.200000 0.002564 0.764352 0.080147 0.085498
11.300000 0.001897 0.751813 0.079679 0.083808
11.400000 0.001788 0.741928 0.078762 0.082896
11.500000 0.001678 0.735712 0.078291 0.082206
11.599999 0.001456 0.728698 0.077819 0.081402
11.700000 0.001569 0.723349 0.076673 0.080708
11.800000 0.001796 0.716867 0.076086 0.080013
11.900000 0.001573 0.708155 0.075152 0.079420
12.000000 0.001687 0.703554 0.074336 0.078610
12.099999 0.001689 0.696690 0.073182 0.078248
12.200000 0.001691 0.690261 0.072362 0.077435
12.300000 0.002031 0.686675 0.071533 0.076836
12.400000 0.001920 0.679693 0.071041 0.076011
12.500000 0.001922 0.673225 0.070330 0.075531
12.599999 0.001811 0.665837 0.069504 0.074485
12.700000 0.001927 0.659565 0.069016 0.073663
12.799999 0.001702 0.653506 0.068187 0.072725
12.900000 0.001477 0.646070 0.067469 0.071672
13.000000 0.001365 0.637025 0.067091 0.071299
13.099999 0.001138 0.628415 0.066826 0.070811
13.200000 0.001026 0.621723 0.066218 0.069410
13.299999 0.001141 0.617070 0.065723 0.068918
13.400000 0.000800 0.607265 0.065113 0.068312
13.500000 0.000686 0.600755 0.064730 0.067589
13.599999 0.000687 0.595374 0.063888 0.066636
13.700000 0.000802 0.590211 0.063044 0.065681
13.799999 0.000689 0.584232 0.062658 0.065068
13.900000 0.000574 0.578355 0.061811 0.064683
14.000000 0.000575 0.570508 0.061422 0.064067
14.099999 0.000576 0.565753 0.060917 0.063450
14.200000 0.000576 0.560512 0.060627 0.063393
14.299999 0.000462 0.553248 0.059536 0.062536
14.400000 0.000462 0.547649 0.058912 0.062262
14.500000 0.000347 0.541281 0.058164 0.061980
14.599999 0.000347 0.536173 0.057646 0.061350
14.700000 0.000348 0.532159 0.057365 0.060610
14.799999 0.000348 0.527207 0.056735 0.059404
14.900000 0.000348 0.523870 0.056220 0.059008
15.000000 0.000116 0.517386 0.055472 0.058263
15.099999 0.000116 0.512050 0.055303 0.057748
15.200000 0.000000 0.507285 0.054785 0.056533
15.299999 0.000000 0.502509 0.054382 0.056016
15.400000 0.000000 0.498773 0.054212 0.055263
15.500000 0.000000 0.494093 0.053807 0.054743
15.599999 0.000000 0.489870 0.053519 0.054222
15.700000 0.000000 0.485520 0.053465 0.053582
15.799999 0.000000 0.479516 0.053175 0.052940
15.900000 0.000000 0.474086 0.052650 0.052768
16.000000 0.000000 0.470291 0.051653 0.052359
16.100000 0.000000 0.466368 0.051714 0.052067
16.199999 0.000000 0.461139 0.051539 0.050949
16.299999 0.000000 0.458087 0.051358 0.050649
16.400000 0.000000 0.452246 0.051064 0.050236
16.500000 0.000000 0.448166 0.050651 0.049349
16.600000 0.000000 0.444431 0.050118 0.048815
16.699999 0.000000 0.439976 0.049822 0.048517
16.799999 0.000000 0.435629 0.048812 0.047981
16.900000 0.000000 0.430678 0.048633 0.047562
17.000000 0.000000 0.425595 0.048333 0.047024
17.100000 0.000000 0.422000 0.047670 0.047074
17.199999 0.000000 0.417731 0.047250 0.046653
17.299999 0.000000 0.413212 0.046828 0.046470
17.400000 0.000000 0.409760 0.046765 0.045928
17.500000 0.000000 0.404622 0.046102 0.045384
17.600000 0.000000 0.401990 0.045438 0.044599
17.699999 0.000000 0.398992 0.045373 0.043932
17.799999 0.000000 0.394784 0.045067 0.043745
17.900000 0.000000 0.391529 0.044880 0.043196
18.000000 0.000000 0.387664 0.044212 0.043007
18.100000 0.000000 0.383307 0.043903 0.042938
18.199999 0.000000 0.380705 0.043951 0.042623
18.299999 0.000000 0.378143 0.043158 0.042311
18.400000 0.000000 0.374001 0.042847 0.042242
18.500000 0.000000 0.370092 0.042656 0.041202
18.600000 0.000000 0.366780 0.042223 0.040767
18.699999 0.000000 0.363901 0.042026 0.040690
18.799999 0.000000 0.359844 0.041712 0.039888
18.900000 0.000000 0.356630 0.041398 0.039693
19.000000 0.000000 0.352676 0.040961 0.039132
19.100000 0.000000 0.349445 0.040522 0.038692
19.199999 0.000000 0.346694 0.039961 0.038372
19.299999 0.000000 0.342060 0.039760 0.037925
19.400000 0.000000 0.339172 0.039441 0.037727
19.500000 0.000000 0.336154 0.039245 0.037528
19.600000 0.000000 0.334234 0.038802 0.036714
19.699999 0.000000 0.330588 0.038603 0.036636
19.799999 0.000000 0.328040 0.038035 0.036066
19.900000 0.000000 0.325364 0.037466 0.035864
20.000000 0.000000 0.322433 0.037142 0.035291
20.100000 0.000000 0.319496 0.036817 0.034964
20.199999 0.000000 0.316759 0.036611 0.035003
20.299999 0.000000 0.314056 0.036533 0.034427
20.400000 0.000000 0.311469 0.036206 0.034470
20.500000 0.000000 0.307635 0.036251 0.034016
20.600000 0.000000 0.304164 0.035301 0.033686
20.699999 0.000000 0.301307 0.034972 0.033479
20.799999 0.000000 0.297445 0.035016 0.033271
20.900000 0.000000 0.295072 0.034810 0.032938
21.000000 0.000000 0.292817 0.034603 0.032230
21.100000 0.000000 0.290557 0.034146 0.031645
21.199999 0.000000 0.287664 0.034189 0.031559
21.299999 0.000000 0.285643 0.033605 0.031348
21.400000 0.000000 0.284118 0.033522 0.031011
21.500000 0.000000 0.282087 0.033312 0.030798
21.600000 0.000000 0.280176 0.033228 0.030459
21.699999 0.000000 0.277379 0.032766 0.030246
21.799999 0.000000 0.274448 0.032303 0.029779
21.900000 0.000000 0.271762 0.031333 0.029185
22.000000 0.000000 0.269197 0.031120 0.028590
22.100000 0.000000 0.266751 0.031159 0.028246
22.199999 0.000000 0.265060 0.030691 0.028282
22.299999 0.000000 0.262349 0.030222 0.028063
22.400000 0.000000 0.259377 0.030134 0.027845
22.500000 0.000000 0.257288 0.029790 0.027244
22.600000 0.000000 0.255704 0.029573 0.027151
22.699999 0.000000 0.253478 0.029611 0.026548
22.799999 0.000000 0.250351 0.029521 0.025942
22.900000 0.000000 0.248241 0.029303 0.025592
23.000000 0.000000 0.245099 0.029084 0.025368
23.100000 0.000000 0.242335 0.028993 0.025273
23.199999 0.000000 0.240206 0.028516 0.024920
23.299999 0.000000 0.237814 0.028424 0.024695
23.400000 0.000000 0.235673 0.028203 0.024598
23.500000 0.000000 0.233398 0.027982 0.024371
23.600000 0.000000 0.231117 0.027631 0.024015
23.699999 0.000000 0.229089 0.027279 0.023788
23.799999 0.000000 0.227543 0.026793 0.023427
23.900000 0.000000 0.225635 0.026439 0.023458
24.000000 0.000000 0.223332 0.026343 0.023099
24.100000 0.000000 0.221674 0.026117 0.022869
24.199999 0.000000 0.220141 0.025891 0.022639
24.299999 0.000000 0.218603 0.025664 0.022668
24.400000 0.000000 0.217062 0.025698 0.022306
24.500000 0.000000 0.214995 0.025731 0.022074
24.600000 0.000000 0.213053 0.025634 0.021841
24.699999 0.000000 0.211105 0.025144 0.021608
24.799999 0.000000 0.208891 0.024915 0.021243
24.900000 0.000000 0.205882 0.024816 0.020877
25.000000 0.000000 0.204707 0.024586 0.020905
25.100000 0.000000 0.202870 0.024355 0.020669
25.199999 0.000000 0.201292 0.024123 0.020432
25.299999 0.000000 0.199314 0.024155 0.020327
25.400000 0.000000 0.197859 0.024055 0.020354
25.500000 0.000000 0.196003 0.023690 0.020116
25.599998 0.000000 0.194805 0.023589 0.019878
25.699999 0.000000 0.193339 0.023222 0.019506
25.799999 0.000000 0.191602 0.022987 0.019267
25.900000 0.000000 0.189196 0.022485 0.019159
26.000000 0.000000 0.188116 0.022249 0.019185
26.099998 0.000000 0.187033 0.021878 0.018943
26.199999 0.000000 0.185279 0.021774 0.018568
26.299999 0.000000 0.183654 0.021536 0.018459
26.400000 0.000000 0.182159 0.021029 0.018484
26.500000 0.000000 0.180794 0.021057 0.018509
26.599998 0.000000 0.179291 0.021085 0.018533
26.699999 0.000000 0.177380 0.020979 0.018155
26.799999 0.000000 0.175734 0.020873 0.017910
26.900000 0.000000 0.173679 0.020766 0.017799
27.000000 0.000000 0.171753 0.020254 0.017688
27.099998 0.000000 0.170498 0.019876 0.017577
27.199999 0.000000 0.169374 0.019767 0.017330
27.299999 0.000000 0.167435 0.019658 0.017354
27.400000 0.000000 0.166576 0.019414 0.017241
27.500000 0.000000 0.165307 0.019304 0.017265
27.599998 0.000000 0.163218 0.019058 0.017288
27.699999 0.000000 0.162759 0.018811 0.017312
27.799999 0.000000 0.161889 0.018564 0.017063
27.900000 0.000000 0.160607 0.018453 0.016949
28.000000 0.000000 0.158089 0.018204 0.016835
28.099998 0.000000 0.156524 0.018092 0.016721
28.199999 0.000000 0.154817 0.017842 0.016470
28.299999 0.000000 0.153106 0.017455 0.016355
28.400000 0.000000 0.152766 0.017341 0.016240
28.500000 0.000000 0.152150 0.017227 0.016262
28.599998 0.000000 0.150704 0.016975 0.016285
28.699999 0.000000 0.149116 0.016722 0.015755
28.799999 0.000000 0.148215 0.016192 0.015638
28.900000 0.000000 0.146757 0.016075 0.015521
29.000000 0.000000 0.145296 0.015820 0.015404
29.099998 0.000000 0.144525 0.015425 0.015147
29.199999 0.000000 0.143473 0.015308 0.015029
29.299999 0.000000 0.140886 0.015190 0.014911
29.400000 0.000000 0.139827 0.015211 0.014792
29.500000 0.000000 0.138206 0.015232 0.014813
29.599998 0.000000 0.136720 0.015113 0.014694
29.699999 0.000000 0.135090 0.015135 0.014714
29.799999 0.000000 0.134157 0.015156 0.014454
29.900000 0.000000 0.132799 0.014755 0.014474
30.000000 0.000000 0.132283 0.014776 0.014354
30.099998 0.000000 0.131342 0.014656 0.014092
30.199999 0.000000 0.130680 0.014677 0.013971
30.299999 0.000000 0.129169 0.014415 0.013850
30.400000 0.000000 0.128078 0.014435 0.013869
30.500000 0.000000 0.126984 0.014172 0.013605
30.599998 0.000000 0.126313 0.014051 0.013483
30.699999 0.000000 0.125337 0.013784 0.013216
30.799999 0.000000 0.124662 0.013519 0.013092
30.900000 0.000000 0.124270 0.013254 0.013111
31.000000 0.000000 0.123163 0.013130 0.013130
31.099998 0.000000 0.122338 0.012863 0.013006
31.199999 0.000000 0.121225 0.012881 0.012738
31.299999 0.000000 0.120252 0.012613 0.012613
31.400000 0.000000 0.119564 0.012631 0.012631
31.500000 0.000000 0.118729 0.012505 0.012649
31.599998 0.000000 0.117317 0.012379 0.012523
31.699999 0.000000 0.115884 0.012107 0.012684
31.799999 0.000000 0.114463 0.012125 0.012558
31.900000 0.000000 0.113183 0.012142 0.012287
32.000000 0.000000 0.111899 0.011726 0.011870
32.099998 0.000000 0.110757 0.011598 0.011453
32.200001 0.000000 0.109901 0.011614 0.011324
32.299999 0.000000 0.108316 0.011631 0.011195
32.399998 0.000000 0.106436 0.011503 0.011066
32.500000 0.000000 0.104987 0.011519 0.010645
32.599998 0.000000 0.103534 0.011390 0.010222
32.700001 0.000000 0.102223 0.011407 0.010091
32.799999 0.000000 0.101494 0.011424 0.010105
32.899998 0.000000 0.100029 0.011294 0.009974
33.000000 0.000000 0.099148 0.011016 0.009841
33.099998 0.000000 0.097970 0.011033 0.009562
33.200001 0.000000 0.097069 0.011047 0.009722
33.299999 0.000000 0.096622 0.010769 0.009588
33.399998 0.000000 0.095731 0.010637 0.009603
33.500000 0.000000 0.094837 0.010209 0.009469
33.599998 0.000000 0.093792 0.009927 0.009483
33.700001 0.000000 0.092447 0.009645 0.009349
33.799999 0.000000 0.091841 0.009660 0.009065
33.899998 0.000000 0.090341 0.009674 0.009079
34.000000 0.000000 0.090028 0.009539 0.008943
34.099998 0.000000 0.089267 0.009554 0.008807
34.200001 0.000000 0.088354 0.009418 0.008820
34.299999 0.000000 0.087887 0.009433 0.008834
34.399998 0.000000 0.087419 0.009447 0.008847
34.500000 0.000000 0.086499 0.009461 0.008860
34.599998 0.000000 0.086028 0.009325 0.008874
34.700001 0.000000 0.085856 0.009188 0.008736
34.799999 0.000000 0.085533 0.009202 0.008749
34.899998 0.000000 0.085511 0.009065 0.008612
35.000000 0.000000 0.084733 0.008927 0.008473
35.099998 0.000000 0.084104 0.008941 0.008486
35.200001 0.000000 0.083928 0.008803 0.008347
35.299999 0.000000 0.083295 0.008816 0.008360
35.399998 0.000000 0.082509 0.008677 0.008220
35.500000 0.000000 0.081262 0.008538 0.008233
35.599998 0.000000 0.080318 0.008398 0.007940
35.700001 0.000000 0.079064 0.008411 0.007952
35.799999 0.000000 0.077960 0.008271 0.007811
35.899998 0.000000 0.077466 0.008130 0.007823
36.000000 0.000000 0.076817 0.007989 0.007835
36.099998 0.000000 0.076627 0.007847 0.007847
36.200001 0.000000 0.076283 0.007859 0.007705
36.299999 0.000000 0.075475 0.007872 0.007717
36.399998 0.000000 0.074664 0.007729 0.007575
36.500000 0.000000 0.074005 0.007741 0.007431
36.599998 0.000000 0.073345 0.007753 0.007133
36.700001 0.000000 0.072682 0.007765 0.006989
36.799999 0.000000 0.072017 0.007622 0.006844
36.899998 0.000000 0.071195 0.007478 0.006855
37.000000 0.000000 0.070994 0.007489 0.006709
37.099998 0.000000 0.070323 0.007501 0.006720
37.200001 0.000000 0.069494 0.007513 0.006730
37.299999 0.000000 0.068820 0.007525 0.006584
37.399998 0.000000 0.067200 0.007379 0.006594
37.500000 0.000000 0.066677 0.007234 0.006605
37.599998 0.000000 0.065522 0.007088 0.006615
37.700001 0.000000 0.065468 0.006941 0.006626
37.799999 0.000000 0.065413 0.006952 0.006478
37.899998 0.000000 0.064884 0.006647 0.006330
38.000000 0.000000 0.064036 0.006499 0.005865
38.099998 0.000000 0.063820 0.006509 0.005874
38.200001 0.000000 0.063603 0.006519 0.005883
38.299999 0.000000 0.062430 0.006370 0.005893
38.399998 0.000000 0.062370 0.006381 0.005743
38.500000 0.000000 0.061671 0.006391 0.005752
38.599998 0.000000 0.061290 0.006241 0.005761
38.700001 0.000000 0.061067 0.006251 0.005770
38.799999 0.000000 0.060684 0.006261 0.005779
38.899998 0.000000 0.060460 0.006271 0.005789
39.000000 0.000000 0.060074 0.006281 0.005798
39.099998 0.000000 0.059848 0.006130 0.005646
39.200001 0.000000 0.059460 0.006140 0.005655
39.299999 0.000000 0.059233 0.006150 0.005664
39.399998 0.000000 0.058843 0.005998 0.005674
39.500000 0.000000 0.058613 0.006007 0.005683
39.599998 0.000000 0.058383 0.006017 0.005692
39.700001 0.000000 0.057501 0.005864 0.005701
39.799999 0.000000 0.057106 0.005711 0.005711
39.899998 0.000000 0.056872 0.005720 0.005720
40.000000 0.000000 0.056301 0.005728 0.005892
40.099998 0.000000 0.056066 0.005738 0.005902
40.200001 0.000000 0.055665 0.005747 0.005419
40.299999 0.000000 0.055099 0.005757 0.005428
40.399998 0.000000 0.054530 0.005272 0.005272
40.500000 0.000000 0.053465 0.005281 0.005116
40.599998 0.000000 0.053223 0.005124 0.005124
40.700001 0.000000 0.052980 0.005132 0.005132
40.799999 0.000000 0.052073 0.005141 0.005141
40.899998 0.000000 0.051661 0.004983 0.005150
41.000000 0.000000 0.051414 0.004825 0.005158
41.099998 0.000000 0.050500 0.004833 0.005000
41.200001 0.000000 0.049917 0.004674 0.005008
41.299999 0.000000 0.049331 0.004682 0.005017
41.399998 0.000000 0.048744 0.004690 0.005025
41.500000 0.000000 0.048658 0.004530 0.005034
41.599998 0.000000 0.048067 0.004538 0.004874
41.700001 0.000000 0.047306 0.004545 0.004882
41.799999 0.000000 0.046880 0.004553 0.004722
41.899998 0.000000 0.046453 0.004561 0.004730
42.000000 0.000000 0.046193 0.004569 0.004738
42.099998 0.000000 0.045424 0.004407 0.004746
42.200001 0.000000 0.044822 0.004244 0.004414
42.299999 0.000000 0.044898 0.004252 0.004252
42.399998 0.000000 0.044293 0.004089 0.004259
42.500000 0.000000 0.043686 0.003925 0.004096
42.599998 0.000000 0.043590 0.003932 0.004103
42.700001 0.000000 0.043322 0.003767 0.004110
42.799999 0.000000 0.043396 0.003431 0.004117
42.899998 0.000000 0.043127 0.003436 0.004124
43.000000 0.000000 0.042685 0.003270 0.004131
43.099998 0.000000 0.042069 0.003276 0.004138
43.200001 0.000000 0.041105 0.003282 0.003972
43.299999 0.000000 0.041176 0.003287 0.003979
43.399998 0.000000 0.040901 0.003120 0.003986
43.500000 0.000000 0.039931 0.003125 0.003819
43.599998 0.000000 0.039304 0.003130 0.003826
43.700001 0.000000 0.038676 0.003136 0.003833
43.799999 0.000000 0.038394 0.003141 0.003665
43.899998 0.000000 0.037937 0.003147 0.003671
44.000000 0.000000 0.037653 0.003152 0.003678
44.099998 0.000000 0.037544 0.003158 0.003684
44.200001 0.000000 0.037083 0.003163 0.003691
44.299999 0.000000 0.036796 0.003169 0.003697
44.399998 0.000000 0.036684 0.002998 0.003527
44.500000 0.000000 0.036219 0.003004 0.003534
44.599998 0.000000 0.035929 0.003009 0.003363
44.700001 0.000000 0.035461 0.003014 0.003369
44.799999 0.000000 0.035169 0.003020 0.003197
44.899998 0.000000 0.034520 0.003025 0.003203
45.000000 0.000000 0.033690 0.003030 0.003209
45.099998 0.000000 0.033214 0.003036 0.003214
45.200001 0.000000 0.032916 0.003041 0.003220
45.299999 0.000000 0.032796 0.003047 0.003226
45.399998 0.000000 0.032496 0.003052 0.003232
45.500000 0.000000 0.032194 0.003058 0.003237
45.599998 0.000000 0.032072 0.003063 0.003063
45.700001 0.000000 0.031949 0.003069 0.003069
45.799999 0.000000 0.031826 0.003074 0.003074
45.899998 0.000000 0.031522 0.003080 0.003080
46.000000 0.000000 0.031034 0.003085 0.003085
46.099998 0.000000 0.030909 0.003091 0.003091
46.200001 0.000000 0.030783 0.003097 0.003097
46.299999 0.000000 0.030474 0.003102 0.003102
46.399998 0.000000 0.029982 0.003108 0.003108
46.500000 0.000000 0.029121 0.003114 0.003114
46.599998 0.000000 0.028991 0.003119 0.002936
46.700001 0.000000 0.028860 0.003125 0.002941
46.799999 0.000000 0.028177 0.003131 0.002947
46.899998 0.000000 0.027860 0.003137 0.002952
47.000000 0.000000 0.027172 0.003142 0.002957
47.099998 0.000000 0.027222 0.003148 0.002963
47.200001 0.000000 0.026345 0.003154 0.002968
47.299999 0.000000 0.025651 0.003160 0.002974
47.399998 0.000000 0.025698 0.003166 0.002980
47.500000 0.000000 0.025560 0.003172 0.002985
47.599998 0.000000 0.025607 0.003178 0.002991
47.700001 0.000000 0.025468 0.003184 0.002996
47.799999 0.000000 0.025328 0.003189 0.003002
47.899998 0.000000 0.025188 0.003195 0.003008
48.000000 0.000000 0.025047 0.003202 0.003013
48.099998 0.000000 0.024717 0.003019 0.003019
48.200001 0.000000 0.024386 0.002836 0.003025
48.299999 0.000000 0.024432 0.002841 0.002841
48.399998 0.000000 0.024288 0.002846 0.002846
48.500000 0.000000 0.023954 0.002662 0.002852
48.599998 0.000000 0.023810 0.002667 0.002857
48.700001 0.000000 0.023855 0.002672 0.002863
48.799999 0.000000 0.023518 0.002677 0.002868
48.899998 0.000000 0.023372 0.002490 0.002682
49.000000 0.000000 0.023033 0.002495 0.002687
49.099998 0.000000 0.023077 0.002500 0.002692
49.200001 0.000000 0.022736 0.002505 0.002697
49.299999 0.000000 0.022587 0.002510 0.002703
49.399998 0.000000 0.022631 0.002515 0.002708
49.500000 0.000000 0.022674 0.002519 0.002713
49.599998 0.000000 0.022330 0.002524 0.002718
49.700001 0.000000 0.021984 0.002529 0.002724
49.799999 0.000000 0.021248 0.002534 0.002729
49.899998 0.000000 0.020898 0.002539 0.002734
50.000000 0.000000 0.020744 0.002544 0.002740
50.099998 0.000000 0.020588 0.002549 0.002745
50.200001 0.000000 0.020432 0.002554 0.002750
50.299999 0.000000 0.020276 0.002362 0.002756
50.399998 0.000000 0.019921 0.002367 0.002761
50.500000 0.000000 0.019565 0.002174 0.002767
50.599998 0.000000 0.019406 0.002178 0.002772
50.700001 0.000000 0.019246 0.002183 0.002778
50.799999 0.000000 0.018489 0.002187 0.002783
50.899998 0.000000 0.018526 0.002191 0.002789
51.000000 0.000000 0.018363 0.002196 0.002794
51.099998 0.000000 0.017600 0.002000 0.002800
51.199997 0.000000 0.017635 0.002004 0.002806
51.299999 0.000000 0.017269 0.001807 0.002610
51.399998 0.000000 0.017304 0.001811 0.002616
51.500000 0.000000 0.016935 0.001815 0.002419
51.599998 0.000000 0.016970 0.001818 0.002222
51.699997 0.000000 0.016194 0.001822 0.002227
51.799999 0.000000 0.016024 0.001826 0.002231
51.899998 0.000000 0.015447 0.001829 0.002236
52.000000 0.000000 0.015479 0.001833 0.002240
52.099998 0.000000 0.015510 0.001837 0.002245
52.199997 0.000000 0.015133 0.001840 0.002249
52.299999 0.000000 0.014959 0.001844 0.002049
52.399998 0.000000 0.014374 0.001848 0.002053
52.500000 0.000000 0.014403 0.001852 0.002058
52.599998 0.000000 0.014433 0.001856 0.002062
52.699997 0.000000 0.014050 0.001860 0.002066
52.799999 0.000000 0.013872 0.001863 0.002070
52.899998 0.000000 0.013900 0.001867 0.002075
53.000000 0.000000 0.013721 0.001871 0.002079
53.099998 0.000000 0.013750 0.001875 0.002083
53.199997 0.000000 0.013779 0.001879 0.002088
53.299999 0.000000 0.013808 0.001674 0.002092
53.399998 0.000000 0.013836 0.001677 0.002096
53.500000 0.000000 0.013866 0.001681 0.002101
53.599998 0.000000 0.013684 0.001684 0.002105
53.699997 0.000000 0.013080 0.001688 0.002110
53.799999 0.000000 0.013108 0.001691 0.002114
53.899998 0.000000 0.012712 0.001695 0.002119
54.000000 0.000000 0.012527 0.001699 0.002123
54.099998 0.000000 0.012553 0.001702 0.002128
54.199997 0.000000 0.012154 0.001706 0.002132
54.299999 0.000000 0.012179 0.001709 0.002137
54.399998 0.000000 0.012206 0.001499 0.002141
54.500000 0.000000 0.012017 0.001502 0.002146
54.599998 0.000000 0.011398 0.001505 0.002151
54.699997 0.000000 0.011422 0.001509 0.002155
54.799999 0.000000 0.011231 0.001296 0.002160
54.899998 0.000000 0.011255 0.001299 0.002165
55.000000 0.000000 0.011280 0.001302 0.002169
55.099998 0.000000 0.011087 0.001304 0.002174
55.199997 0.000000 0.010675 0.001307 0.002179
55.299999 0.000000 0.010480 0.001310 0.002183
55.399998 0.000000 0.010284 0.001313 0.002188
55.500000 0.000000 0.010307 0.001316 0.001974
55.599998 0.000000 0.010330 0.001319 0.001978
55.699997 0.000000 0.010352 0.001322 0.001982
55.799999 0.000000 0.010375 0.001325 0.001987
55.899998 0.000000 0.010398 0.001327 0.001991
56.000000 0.000000 0.010421 0.001330 0.001996
56.099998 0.000000 0.010222 0.001111 0.002000
56.199997 0.000000 0.010022 0.000891 0.002004
56.299999 0.000000 0.010045 0.000893 0.002009
56.399998 0.000000 0.010067 0.000895 0.002013
56.500000 0.000000 0.010090 0.000897 0.002018
56.599998 0.000000 0.010112 0.000899 0.002022
56.699997 0.000000 0.010135 0.000901 0.002027
56.799999 0.000000 0.010158 0.000903 0.001806
56.899998 0.000000 0.010181 0.000905 0.001810
57.000000 0.000000 0.010204 0.000907 0.001814
57.099998 0.000000 0.010227 0.000909 0.001591
57.199997 0.000000 0.010251 0.000911 0.001595
57.299999 0.000000 0.010274 0.000913 0.001598
57.399998 0.000000 0.010069 0.000915 0.001602
57.500000 0.000000 0.010092 0.000917 0.001606
57.599998 0.000000 0.010115 0.000920 0.001609
57.699997 0.000000 0.010138 0.000922 0.001613
57.799999 0.000000 0.010162 0.000924 0.001386
57.899998 0.000000 0.010185 0.000926 0.001389
58.000000 0.000000 0.010209 0.000928 0.001392
58.099998 0.000000 0.010000 0.000930 0.001395
58.199997 0.000000 0.009790 0.000932 0.001399
58.299999 0.000000 0.009346 0.000935 0.001402
58.399998 0.000000 0.009133 0.000937 0.001405
58.500000 0.000000 0.008920 0.000939 0.001408
58.599998 0.000000 0.008941 0.000941 0.001412
58.699997 0.000000 0.008962 0.000943 0.001415
58.799999 0.000000 0.008983 0.000709 0.001418
58.899998 0.000000 0.009005 0.000711 0.001422
59.000000 0.000000 0.008314 0.000713 0.001425
59.099998 0.000000 0.008333 0.000714 0.001429
59.199997 0.000000 0.008115 0.000716 0.001432
59.299999 0.000000 0.008134 0.000718 0.001435
59.399998 0.000000 0.007914 0.000719 0.001439
59.500000 0.000000 0.007692 0.000721 0.001442
59.599998 0.000000 0.007711 0.000723 0.001446
59.699997 0.000000 0.007729 0.000725 0.001449
59.799999 0.000000 0.007748 0.000726 0.001211
59.899998 0.000000 0.007767 0.000728 0.001214
60.000000 0.000000 0.007543 0.000730 0.001217
60.099998 0.000000 0.007561 0.000732 0.001220
60.199997 0.000000 0.007579 0.000733 0.001222
60.299999 0.000000 0.007598 0.000735 0.001225
60.399998 0.000000 0.007371 0.000737 0.001229
60.500000 0.000000 0.007389 0.000739 0.001232
60.599998 0.000000 0.007160 0.000741 0.001235
60.699997 0.000000 0.006931 0.000743 0.001238
60.799999 0.000000 0.006948 0.000744 0.001241
60.899998 0.000000 0.006965 0.000746 0.001244
61.000000 0.000000 0.006234 0.000748 0.001247
61.099998 0.000000 0.006250 0.000750 0.001250
61.199997 0.000000 0.006266 0.000752 0.001253
61.299999 0.000000 0.006281 0.000503 0.001256
61.399998 0.000000 0.006297 0.000504 0.001259
61.500000 0.000000 0.006061 0.000505 0.001263
61.599998 0.000000 0.006076 0.000506 0.001266
61.699997 0.000000 0.005838 0.000508 0.001269
61.799999 0.000000 0.005852 0.000509 0.001272
61.899998 0.000000 0.005612 0.000510 0.001276
62.000000 0.000000 0.005627 0.000512 0.001279
62.099998 0.000000 0.005641 0.000513 0.001282
62.199997 0.000000 0.005656 0.000514 0.001285
62.299999 0.000000 0.005670 0.000515 0.001289
62.399998 0.000000 0.005426 0.000517 0.001292
62.500000 0.000000 0.005440 0.000518 0.001295
62.599998 0.000000 0.005195 0.000519 0.001039
62.699997 0.000000 0.004948 0.000521 0.001042
62.799999 0.000000 0.004700 0.000522 0.001044
62.899998 0.000000 0.004712 0.000524 0.001047
63.000000 0.000000 0.004462 0.000525 0.001050
63.099998 0.000000 0.004474 0.000526 0.001053
63.199997 0.000000 0.004222 0.000528 0.001055
63.299999 0.000000 0.004233 0.000529 0.001058
63.399998 0.000000 0.003979 0.000531 0.001061
63.500000 0.000000 0.003723 0.000532 0.001064
63.599998 0.000000 0.003733 0.000533 0.001067
63.699997 0.000000 0.003743 0.000535 0.001070
63.799999 0.000000 0.003753 0.000536 0.001072
63.899998 0.000000 0.003763 0.000538 0.001075
64.000000 0.000000 0.003774 0.000539 0.001078
64.099998 0.000000 0.003784 0.000541 0.001081
64.199997 0.000000 0.003794 0.000542 0.001084
64.299995 0.000000 0.003804 0.000543 0.001087
64.400002 0.000000 0.003542 0.000545 0.001090
64.500000 0.000000 0.003552 0.000546 0.001093
64.599998 0.000000 0.003562 0.000548 0.001096
64.699997 0.000000 0.003571 0.000549 0.001099
64.799995 0.000000 0.003581 0.000551 0.001102
64.900002 0.000000 0.003591 0.000552 0.001105
65.000000 0.000000 0.003601 0.000554 0.001108
65.099998 0.000000 0.003611 0.000556 0.001111
65.199997 0.000000 0.003343 0.000557 0.001114
65.299995 0.000000 0.003352 0.000559 0.001117
65.400002 0.000000 0.003361 0.000560 0.001120
65.500000 0.000000 0.003090 0.000562 0.001124
65.599998 0.000000 0.003099 0.000563 0.001127
65.699997 0.000000 0.003107 0.000565 0.001130
65.799995 0.000000 0.003116 0.000567 0.001133
65.900002 0.000000 0.003125 0.000568 0.001136
66.000000 0.000000 0.003134 0.000570 0.001140
66.099998 0.000000 0.003143 0.000571 0.001143
66.199997 0.000000 0.003152 0.000573 0.001146
66.299995 0.000000 0.003161 0.000575 0.001149
66.400002 0.000000 0.003170 0.000576 0.001153
66.500000 0.000000 0.003179 0.000578 0.001156
66.599998 0.000000 0.003188 0.000580 0.001159
66.699997 0.000000 0.003198 0.000581 0.001163
66.799995 0.000000 0.003207 0.000583 0.001166
66.900002 0.000000 0.003216 0.000585 0.001170
67.000000 0.000000 0.003226 0.000587 0.001173
67.099998 0.000000 0.003235 0.000588 0.001176
67.199997 0.000000 0.003245 0.000590 0.001180
67.299995 0.000000 0.003254 0.000592 0.001183
67.400002 0.000000 0.003264 0.000593 0.001187
67.500000 0.000000 0.003274 0.000595 0.001190
67.599998 0.000000 0.003284 0.000597 0.001194
67.699997 0.000000 0.003293 0.000599 0.001198
67.799995 0.000000 0.003303 0.000601 0.001201
67.900002 0.000000 0.003313 0.000602 0.001205
68.000000 0.000000 0.003323 0.000604 0.001208
68.099998 0.000000 0.003333 0.000606 0.001212
68.199997 0.000000 0.003343 0.000608 0.001216
68.299995 0.000000 0.003354 0.000610 0.001220
68.400002 0.000000 0.003364 0.000612 0.001223
68.500000 0.000000 0.003374 0.000613 0.001227
68.599998 0.000000 0.003385 0.000615 0.001231
68.699997 0.000000 0.003086 0.000309 0.001235
68.799995 0.000000 0.003096 0.000310 0.001238
68.900002 0.000000 0.003106 0.000311 0.001242
69.000000 0.000000 0.003115 0.000312 0.001246
69.099998 0.000000 0.003125 0.000312 0.001250
69.199997 0.000000 0.002821 0.000313 0.001254
69.299995 0.000000 0.002830 0.000314 0.001258
69.400002 0.000000 0.002839 0.000315 0.001262
69.500000 0.000000 0.002848 0.000316 0.001266
69.599998 0.000000 0.002857 0.000317 0.001270
69.699997 0.000000 0.002548 0.000318 0.001274
69.799995 0.000000 0.002556 0.000319 0.001278
69.900002 0.000000 0.002564 0.000321 0.001282
70.000000 0.000000 0.002572 0.000322 0.001286
70.099998 0.000000 0.002258 0.000323 0.001290
70.199997 0.000000 0.002265 0.000324 0.001294
70.299995 0.000000 0.002273 0.000325 0.001299
70.400002 0.000000 0.002280 0.000326 0.001303
70.500000 0.000000 0.002288 0.000327 0.001307
70.599998 0.000000 0.002295 0.000328 0.001311
70.699997 0.000000 0.002303 0.000329 0.001316
70.799995 0.000000 0.002310 0.000000 0.001320
70.900002 0.000000 0.002318 0.000000 0.001325
71.000000 0.000000 0.002326 0.000000 0.001329
71.099998 0.000000 0.002333 0.000000 0.001333
71.199997 0.000000 0.002007 0.000000 0.001338
71.299995 0.000000 0.002013 0.000000 0.001342
71.400002 0.000000 0.002020 0.000000 0.001347
71.500000 0.000000 0.001689 0.000000 0.001351
71.599998 0.000000 0.001695 0.000000 0.001356
71.699997 0.000000 0.001701 0.000000 0.001361
71.799995 0.000000 0.001706 0.000000 0.001365
71.900002 0.000000 0.001712 0.000000 0.001370
72.000000 0.000000 0.001718 0.000000 0.001375
72.099998 0.000000 0.001724 0.000000 0.001379
72.199997 0.000000 0.001730 0.000000 0.001384
72.299995 0.000000 0.001736 0.000000 0.001389
72.400002 0.000000 0.001742 0.000000 0.001394
72.500000 0.000000 0.001748 0.000000 0.001399
72.599998 0.000000 0.001754 0.000000 0.001404
72.699997 0.000000 0.001761 0.000000 0.001408
72.799995 0.000000 0.001767 0.000000 0.001413
72.900002 0.000000 0.001773 0.000000 0.001418
73.000000 0.000000 0.001779 0.000000 0.001423
73.099998 0.000000 0.001786 0.000000 0.001429
73.199997 0.000000 0.001792 0.000000 0.001434
73.299995 0.000000 0.001439 0.000000 0.001439
73.400002 0.000000 0.001444 0.000000 0.001444
73.500000 0.000000 0.001449 0.000000 0.001449
73.599998 0.000000 0.001455 0.000000 0.001455
73.699997 0.000000 0.001460 0.000000 0.001460
73.799995 0.000000 0.001465 0.000000 0.001465
73.900002 0.000000 0.001471 0.000000 0.001471
74.000000 0.000000 0.001476 0.000000 0.001476
74.099998 0.000000 0.001481 0.000000 0.001481
74.199997 0.000000 0.001487 0.000000 0.001487
74.299995 0.000000 0.001493 0.000000 0.001493
74.400002 0.000000 0.001498 0.000000 0.001498
74.500000 0.000000 0.001504 0.000000 0.001504
74.599998 0.000000 0.001509 0.000000 0.001509
74.699997 0.000000 0.001515 0.000000 0.001515
74.799995 0.000000 0.001521 0.000000 0.001521
74.900002 0.000000 0.001527 0.000000 0.001527
75.000000 0.000000 0.001533 0.000000 0.001533
75.099998 0.000000 0.001538 0.000000 0.001538
75.199997 0.000000 0.001544 0.000000 0.001544
75.299995 0.000000 0.001550 0.000000 0.001550
75.400002 0.000000 0.001556 0.000000 0.001556
75.500000 0.000000 0.001563 0.000000 0.001563
75.599998 0.000000 0.001569 0.000000 0.001569
75.699997 0.000000 0.001181 0.000000 0.001575
75.799995 0.000000 0.001186 0.000000 0.001581
75.900002 0.000000 0.001190 0.000000 0.001190
76.000000 0.000000 0.001195 0.000000 0.001195
76.099998 0.000000 0.001200 0.000000 0.001200
76.199997 0.000000 0.001205 0.000000 0.001205
76.299995 0.000000 0.001210 0.000000 0.001210
76.400002 0.000000 0.001215 0.000000 0.001215
76.500000 0.000000 0.001220 0.000000 0.001220
76.599998 0.000000 0.001224 0.000000 0.001224
76.699997 0.000000 0.001230 0.000000 0.001230
76.799995 0.000000 0.001235 0.000000 0.001235
76.900002 0.000000 0.001240 0.000000 0.001240
77.000000 0.000000 0.001245 0.000000 0.001245
77.099998 0.000000 0.001250 0.000000 0.001250
77.199997 0.000000 0.001255 0.000000 0.001255
77.299995 0.000000 0.001261 0.000000 0.001261
77.400002 0.000000 0.001266 0.000000 0.001266
77.500000 0.000000 0.001271 0.000000 0.001271
77.599998 0.000000 0.001277 0.000000 0.001277
77.699997 0.000000 0.000855 0.000000 0.001282
77.799995 0.000000 0.000858 0.000000 0.001288
77.900002 0.000000 0.000862 0.000000 0.001293
78.000000 0.000000 0.000866 0.000000 0.001299
78.099998 0.000000 0.000870 0.000000 0.001304
78.199997 0.000000 0.000437 0.000000 0.001310
78.299995 0.000000 0.000439 0.000000 0.001316
78.400002 0.000000 0.000441 0.000000 0.001322
78.500000 0.000000 0.000442 0.000000 0.001327
78.599998 0.000000 0.000444 0.000000 0.001333
78.699997 0.000000 0.000446 0.000000 0.001339
78.799995 0.000000 0.000448 0.000000 0.001345
78.900002 0.000000 0.000450 0.000000 0.001351
79.000000 0.000000 0.000452 0.000000 0.001357
79.099998 0.000000 0.000455 0.000000 0.001364
79.199997 0.000000 0.000457 0.000000 0.001370
79.299995 0.000000 0.000459 0.000000 0.001376
79.400002 0.000000 0.000461 0.000000 0.001382
79.500000 0.000000 0.000463 0.000000 0.001389
79.599998 0.000000 0.000465 0.000000 0.001395
79.699997 0.000000 0.000467 0.000000 0.001402
79.799995 0.000000 0.000469 0.000000 0.001408
79.900002 0.000000 0.000472 0.000000 0.001415
80.000000 0.000000 0.000474 0.000000 0.001422
80.099998 0.000000 0.000476 0.000000 0.001429
80.199997 0.000000 0.000478 0.000000 0.001435
80.299995 0.000000 0.000481 0.000000 0.001442
80.400002 0.000000 0.000483 0.000000 0.001449
80.500000 0.000000 0.000485 0.000000 0.001456
80.599998 0.000000 0.000488 0.000000 0.000976
80.699997 0.000000 0.000490 0.000000 0.000980
80.799995 0.000000 0.000493 0.000000 0.000985
80.900002 0.000000 0.000495 0.000000 0.000990
81.000000 0.000000 0.000498 0.000000 0.000995
81.099998 0.000000 0.000500 0.000000 0.001000
81.199997 0.000000 0.000503 0.000000 0.001005
81.299995 0.000000 0.000505 0.000000 0.001010
81.400002 0.000000 0.000508 0.000000 0.001015
81.500000 0.000000 0.000510 0.000000 0.001020
81.599998 0.000000 0.000513 0.000000 0.001026
81.699997 0.000000 0.000515 0.000000 0.001031
81.799995 0.000000 0.000518 0.000000 0.001036
81.900002 0.000000 0.000521 0.000000 0.001042
82.000000 0.000000 0.000524 0.000000 0.001047
82.099998 0.000000 0.000526 0.000000 0.001053
82.199997 0.000000 0.000529 0.000000 0.001058
82.299995 0.000000 0.000532 0.000000 0.001064
82.400002 0.000000 0.000535 0.000000 0.001070
82.500000 0.000000 0.000538 0.000000 0.001075
82.599998 0.000000 0.000541 0.000000 0.001081
82.699997 0.000000 0.000543 0.000000 0.001087
82.799995 0.000000 0.000546 0.000000 0.001093
82.900002 0.000000 0.000549 0.000000 0.001099
83.000000 0.000000 0.000552 0.000000 0.001105
83.099998 0.000000 0.000556 0.000000 0.001111
83.199997 0.000000 0.000559 0.000000 0.001117
83.299995 0.000000 0.000562 0.000000 0.001124
83.400002 0.000000 0.000565 0.000000 0.001130
83.500000 0.000000 0.000568 0.000000 0.001136
83.599998 0.000000 0.000571 0.000000 0.001143
83.699997 0.000000 0.000575 0.000000 0.001149
83.799995 0.000000 0.000578 0.000000 0.001156
83.900002 0.000000 0.000581 0.000000 0.001163
84.000000 0.000000 0.000585 0.000000 0.001170
84.099998 0.000000 0.000588 0.000000 0.001176
84.199997 0.000000 0.000592 0.000000 0.001183
84.299995 0.000000 0.000595 0.000000 0.001190
84.400002 0.000000 0.000599 0.000000 0.001198
84.500000 0.000000 0.000602 0.000000 0.001205
84.599998 0.000000 0.000606 0.000000 0.001212
84.699997 0.000000 0.000610 0.000000 0.001220
84.799995 0.000000 0.000613 0.000000 0.001227
84.900002 0.000000 0.000617 0.000000 0.001235
85.000000 0.000000 0.000621 0.000000 0.001242
85.099998 0.000000 0.000000 0.000000 0.001250
85.199997 0.000000 0.000000 0.000000 0.001258
85.299995 0.000000 0.000000 0.000000 0.001266
85.400002 0.000000 0.000000 0.000000 0.001274
85.500000 0.000000 0.000000 0.000000 0.001282
85.599998 0.000000 0.000000 0.000000 0.001290
85.699997 0.000000 0.000000 0.000000 0.001299
85.799995 0.000000 0.000000 0.000000 0.001307
85.900002 0.000000 0.000000 0.000000 0.001316
86.000000 0.000000 0.000000 0.000000 0.001325
86.099998 0.000000 0.000000 0.000000 0.001333
86.199997 0.000000 0.000000 0.000000 0.001342
86.299995 0.000000 0.000000 0.000000 0.001351
86.400002 0.000000 0.000000 0.000000 0.001361
86.500000 0.000000 0.000000 0.000000 0.001370
86.599998 0.000000 0.000000 0.000000 0.001379
86.699997 0.000000 0.000000 0.000000 0.001389
86.799995 0.000000 0.000000 0.000000 0.001399
86.900002 0.000000 0.000000 0.000000 0.001408
87.000000 0.000000 0.000000 0.000000 0.001418
87.099998 0.000000 0.000000 0.000000 0.001429
87.199997 0.000000 0.000000 0.000000 0.001439
87.299995 0.000000 0.000000 0.000000 0.001449
87.400002 0.000000 0.000000 0.000000 0.001460
87.500000 0.000000 0.000000 0.000000 0.001471
87.599998 0.000000 0.000000 0.000000 0.001481
87.699997 0.000000 0.000000 0.000000 0.001493
87.799995 0.000000 0.000000 0.000000 0.001504
87.900002 0.000000 0.000000 0.000000 0.001515
88.000000 0.000000 0.000000 0.000000 0.001527
88.099998 0.000000 0.000000 0.000000 0.001538
88.199997 0.000000 0.000000 0.000000 0.001550
88.299995 0.000000 0.000000 0.000000 0.001563
88.400002 0.000000 0.000000 0.000000 0.001575
88.500000 0.000000 0.000000 0.000000 0.001587
88.599998 0.000000 0.000000 0.000000 0.001600
88.699997 0.000000 0.000000 0.000000 0.001613
88.799995 0.000000 0.000000 0.000000 0.001626
88.900002 0.000000 0.000000 0.000000 0.001639
89.000000 0.000000 0.000000 0.000000 0.001653
89.099998 0.000000 0.000000 0.000000 0.001667
89.199997 0.000000 0.000000 0.000000 0.000840
89.299995 0.000000 0.000000 0.000000 0.000847
89.400002 0.000000 0.000000 0.000000 0.000855
89.500000 0.000000 0.000000 0.000000 0.000862
89.599998 0.000000 0.000000 0.000000 0.000870
89.699997 0.000000 0.000000 0.000000 0.000877
89.799995 0.000000 0.000000 0.000000 0.000885
89.900002 0.000000 0.000000 0.000000 0.000893
90.000000 0.000000 0.000000 0.000000 0.000901
90.099998 0.000000 0.000000 0.000000 0.000909
90.199997 0.000000 0.000000 0.000000 0.000917
90.299995 0.000000 0.000000 0.000000 0.000926
90.400002 0.000000 0.000000 0.000000 0.000935
90.500000 0.000000 0.000000 0.000000 0.000943
90.599998 0.000000 0.000000 0.000000 0.000952
90.699997 0.000000 0.000000 0.000000 0.000962
90.799995 0.000000 0.000000 0.000000 0.000971
90.900002 0.000000 0.000000 0.000000 0.000980
91.000000 0.000000 0.000000 0.000000 0.000990
91.099998 0.000000 0.000000 0.000000 0.001000
91.199997 0.000000 0.000000 0.000000 0.001010
91.299995 0.000000 0.000000 0.000000 0.001020
91.400002 0.000000 0.000000 0.000000 0.001031
91.500000 0.000000 0.000000 0.000000 0.001042
91.599998 0.000000 0.000000 0.000000 0.001053
91.699997 0.000000 0.000000 0.000000 0.001064
91.799995 0.000000 0.000000 0.000000 0.001075
91.900002 0.000000 0.000000 0.000000 0.001087
92.000000 0.000000 0.000000 0.000000 0.001099
92.099998 0.000000 0.000000 0.000000 0.001111
92.199997 0.000000 0.000000 0.000000 0.001124
92.299995 0.000000 0.000000 0.000000 0.001136
92.400002 0.000000 0.000000 0.000000 0.001149
92.500000 0.000000 0.000000 0.000000 0.001163
92.599998 0.000000 0.000000 0.000000 0.001176
92.699997 0.000000 0.000000 0.000000 0.001190
92.799995 0.000000 0.000000 0.000000 0.001205
92.900002 0.000000 0.000000 0.000000 0.001220
93.000000 0.000000 0.000000 0.000000 0.001235
93.099998 0.000000 0.000000 0.000000 0.001250
93.199997 0.000000 0.000000 0.000000 0.001266
93.299995 0.000000 0.000000 0.000000 0.001282
93.400002 0.000000 0.000000 0.000000 0.001299
93.500000 0.000000 0.000000 0.000000 0.001316
93.599998 0.000000 0.000000 0.000000 0.001333
93.699997 0.000000 0.000000 0.000000 0.001351
93.799995 0.000000 0.000000 0.000000 0.001370
93.900002 0.000000 0.000000 0.000000 0.001389
94.000000 0.000000 0.000000 0.000000 0.001408
94.099998 0.000000 0.000000 0.000000 0.001429
94.199997 0.000000 0.000000 0.000000 0.001449
94.299995 0.000000 0.000000 0.000000 0.001471
94.400002 0.000000 0.000000 0.000000 0.001493
94.500000 0.000000 0.000000 0.000000 0.001515
94.599998 0.000000 0.000000 0.000000 0.001538
94.699997 0.000000 0.000000 0.000000 0.001563
94.799995 0.000000 0.000000 0.000000 0.001587
94.900002 0.000000 0.000000 0.000000 0.001613
95.000000 0.000000 0.000000 0.000000 0.001639
95.099998 0.000000 0.000000 0.000000 0.001667
95.199997 0.000000 0.000000 0.000000 0.001695
95.299995 0.000000 0.000000 0.000000 0.001724
95.400002 0.000000 0.000000 0.000000 0.001754
95.500000 0.000000 0.000000 0.000000 0.001786
95.599998 0.000000 0.000000 0.000000 0.001818
95.699997 0.000000 0.000000 0.000000 0.001852
95.799995 0.000000 0.000000 0.000000 0.001887
95.900002 0.000000 0.000000 0.000000 0.001923
96.000000 0.000000 0.000000 0.000000 0.001961
96.099998 0.000000 0.000000 0.000000 0.002000
96.199997 0.000000 0.000000 0.000000 0.002041
96.299995 0.000000 0.000000 0.000000 0.002083
96.400002 0.000000 0.000000 0.000000 0.002128
96.500000 0.000000 0.000000 0.000000 0.002174
96.599998 0.000000 0.000000 0.000000 0.002222
96.699997 0.000000 0.000000 0.000000 0.002273
96.799995 0.000000 0.000000 0.000000 0.002326
96.900002 0.000000 0.000000 0.000000 0.002381
97.000000 0.000000 0.000000 0.000000 0.002439
97.099998 0.000000 0.000000 0.000000 0.002500
97.199997 0.000000 0.000000 0.000000 0.002564
97.299995 0.000000 0.000000 0.000000 0.002632
97.400002 0.000000 0.000000 0.000000 0.002703
97.500000 0.000000 0.000000 0.000000 0.002778
97.599998 0.000000 0.000000 0.000000 0.002857
97.699997 0.000000 0.000000 0.000000 0.002941
97.799995 0.000000 0.000000 0.000000 0.003030
97.900002 0.000000 0.000000 0.000000 0.003125
98.000000 0.000000 0.000000 0.000000 0.003226
98.099998 0.000000 0.000000 0.000000 0.003333
98.199997 0.000000 0.000000 0.000000 0.003448
98.299995 0.000000 0.000000 0.000000 0.003571
98.400002 0.000000 0.000000 0.000000 0.003704
98.500000 0.000000 0.000000 0.000000 0.003846
98.599998 0.000000 0.000000 0.000000 0.004000
98.699997 0.000000 0.000000 0.000000 0.004167
98.799995 0.000000 0.000000 0.000000 0.004348
98.900002 0.000000 0.000000 0.000000 0.004545
99.000000 0.000000 0.000000 0.000000 0.004762
99.099998 0.000000 0.000000 0.000000 0.005000
99.199997 0.000000 0.000000 0.000000 0.005263
99.299995 0.000000 0.000000 0.000000 0.005556
99.400002 0.000000 0.000000 0.000000 0.005882
99.500000 0.000000 0.000000 0.000000 0.006250
99.599998 0.000000 0.000000 0.000000 0.006667
99.699997 0.000000 0.000000 0.000000 0.007143
99.799995 0.000000 0.000000 0.000000 0.007692
99.900002 0.000000 0.000000 0.000000 0.008333
100.000000 0.000000 0.000000 0.000000 0.009091
100.099998 0.000000 0.000000 0.000000 0.010000
100.199997 0.000000 0.000000 0.000000 0.011111
100.299995 0.000000 0.000000 0.000000 0.000000
100.400002 0.000000 0.000000 0.000000 0.000000
100.500000 0.000000 0.000000 0.000000 0.000000
100.599998 0.000000 0.000000 0.000000 0.000000
100.699997 0.000000 0.000000 0.000000 0.000000
100.799995 0.000000 0.000000 0.000000 0.000000
100.900002 0.000000 0.000000 0.000000 0.000000
101.000000 0.000000 0.000000 0.000000 0.000000
101.099998 -nan -nan -nan -nan
