0.000000 0.998900 7.991302 0.999400 0.999400
0.100000 0.989697 7.902471 0.987996 0.987896
0.200000 0.981409 7.846776 0.980410 0.980310
0.300000 0.966690 7.753526 0.966190 0.966490
0.400000 0.952343 7.658490 0.950541 0.951041
0.500000 0.934976 7.543833 0.930268 0.934576
0.600000 0.910276 7.374737 0.904561 0.909173
0.700000 0.890137 7.259858 0.887228 0.894753
0.800000 0.864257 7.080924 0.862349 0.870984
0.900000 0.834673 6.880502 0.835075 0.843819
1.000000 0.801951 6.659626 0.804969 0.811406
1.100000 0.771547 6.465566 0.778796 0.782622
1.200000 0.725413 6.151753 0.737505 0.740629
1.300000 0.689794 5.909540 0.703005 0.708854
1.400000 0.655799 5.684668 0.674271 0.679217
1.500000 0.625442 5.489441 0.643629 0.650803
1.600000 0.601234 5.326456 0.623382 0.629753
1.700000 0.569144 5.100932 0.594047 0.599818
1.800000 0.550365 4.985306 0.577118 0.582996
1.900000 0.518969 4.762629 0.549097 0.553459
2.000000 0.488374 4.550208 0.523708 0.526856
2.100000 0.463665 4.391503 0.502185 0.504218
2.200000 0.435198 4.190234 0.477314 0.480977
2.300000 0.410243 4.024641 0.456573 0.459322
2.400000 0.389563 3.888595 0.438487 0.442870
2.500000 0.368394 3.739441 0.420526 0.425627
2.600000 0.344803 3.577599 0.399735 0.405963
2.700000 0.328496 3.475675 0.388491 0.393295
2.800000 0.306087 3.324399 0.371662 0.375959
2.900000 0.283740 3.178783 0.354290 0.361049
3.000000 0.267883 3.068559 0.341361 0.346382
3.100000 0.249795 2.949015 0.328272 0.331247
3.200000 0.232673 2.833042 0.314817 0.317076
3.300000 0.220966 2.747688 0.302672 0.305755
3.400000 0.207716 2.659980 0.291152 0.293519
3.500000 0.193409 2.566632 0.280021 0.283110
3.600000 0.184227 2.508557 0.271753 0.275361
3.700000 0.171499 2.418223 0.261170 0.267258
3.800000 0.159798 2.339531 0.252040 0.257618
3.900000 0.151277 2.284355 0.245476 0.249716
4.000000 0.140137 2.197475 0.235562 0.240323
4.100000 0.131786 2.137381 0.229175 0.233320
4.200000 0.122771 2.071340 0.221796 0.226047
4.300000 0.112506 2.000519 0.213285 0.218267
4.400000 0.108156 1.965610 0.206857 0.213299
4.500000 0.101300 1.913260 0.201040 0.206968
4.600000 0.096096 1.871629 0.196252 0.203332
4.700000 0.091392 1.831388 0.192580 0.197374
4.800000 0.085428 1.791280 0.187128 0.192970
4.900000 0.080505 1.754098 0.183565 0.187533
5.000000 0.075363 1.711717 0.178635 0.183443
5.100000 0.071563 1.674304 0.174827 0.180268
5.200000 0.065040 1.620758 0.170193 0.175534
5.300000 0.061438 1.587335 0.167331 0.171629
5.400000 0.057200 1.553631 0.163203 0.168556
5.500000 0.053793 1.523114 0.159802 0.165161
5.600000 0.050578 1.492324 0.156677 0.162040
5.700000 0.046421 1.455790 0.154000 0.157263
5.800000 0.042988 1.428511 0.151512 0.153619
5.900000 0.041662 1.412193 0.150617 0.151144
6.000000 0.039172 1.392989 0.149087 0.149720
6.100000 0.037100 1.370785 0.147342 0.148082
6.200000 0.034282 1.344725 0.145276 0.145170
6.300000 0.032836 1.329520 0.143947 0.143311
6.400000 0.029901 1.300923 0.141130 0.141024
6.500000 0.028659 1.281180 0.139900 0.138414
6.600000 0.027731 1.265831 0.138653 0.136847
6.700000 0.025952 1.244842 0.136035 0.135184
6.800000 0.023531 1.223275 0.132986 0.133518
6.900000 0.021744 1.204221 0.131422 0.131102
7.000000 0.020376 1.187433 0.129827 0.129294
7.100000 0.019116 1.168838 0.127616 0.127189
7.200000 0.018172 1.155746 0.126456 0.125922
7.300000 0.017013 1.135138 0.124652 0.125187
7.400000 0.016388 1.121465 0.123286 0.123929
7.500000 0.016191 1.111731 0.121917 0.123204
7.600000 0.015457 1.098218 0.120653 0.121833
7.700000 0.015150 1.087031 0.119050 0.120447
7.800000 0.013768 1.070023 0.116704 0.118533
7.900000 0.012921 1.056746 0.114999 0.116830
8.000000 0.011964 1.040957 0.113387 0.115865
8.099999 0.011221 1.028161 0.111998 0.115019
8.200000 0.010261 1.013826 0.110715 0.113955
8.300000 0.009407 1.002487 0.108997 0.112349
8.400000 0.008226 0.984197 0.107804 0.110835
8.500000 0.007043 0.968036 0.106079 0.109221
8.599999 0.006617 0.958564 0.104675 0.108146
8.700000 0.006732 0.952334 0.104452 0.107275
8.800000 0.006304 0.940543 0.102935 0.105435
8.900000 0.005550 0.926659 0.101088 0.104461
9.000000 0.005338 0.915468 0.100218 0.103050
9.099999 0.005125 0.906553 0.099771 0.101952
9.200000 0.004912 0.897730 0.098232 0.100851
9.300000 0.004698 0.888986 0.097028 0.100087
9.400000 0.004156 0.876955 0.096248 0.098655
9.500000 0.003723 0.864667 0.095149 0.097887
9.599999 0.003288 0.853886 0.093829 0.096460
9.700000 0.002963 0.845825 0.093493 0.094480
9.800000 0.002527 0.835109 0.092387 0.093925
9.900000 0.002419 0.827120 0.091279 0.093369
10.000000 0.002092 0.816250 0.090168 0.092150
10.099999 0.002204 0.808794 0.089156 0.090919
10.200000 0.001876 0.800530 0.087930 0.090468
10.300000 0.001657 0.794235 0.087033 0.089574
10.400000 0.001658 0.785848 0.086678 0.088557
10.500000 0.001550 0.778196 0.085778 0.087991
10.599999 0.001440 0.771191 0.085319 0.087202
10.700000 0.001553 0.764725 0.084082 0.086522
10.800000 0.001332 0.756163 0.082723 0.085832
10.900000 0.001112 0.745442 0.081814 0.085038
11.000000 0.001113 0.739150 0.081126 0.084020
11.099999 0.001114 0.732286 0.080660 0.083445
11.200000 0.001004 0.725072 0.080192 0.082869
11.300000 0.001005 0.717396 0.079165 0.082291
11.400000 0.001006 0.711779 0.078565 0.081694
11.500000 0.001007 0.704184 0.078094 0.081002
11.599999 0.000784 0.698365 0.077733 0.080309
11.700000 0.000785 0.692981 0.077372 0.079278
11.800000 0.000674 0.686462 0.076224 0.078581
11.900000 0.000674 0.681164 0.075860 0.077770
12.000000 0.000562 0.675253 0.074916 0.077053
12.099999 0.000450 0.666667 0.073874 0.076802
12.200000 0.000451 0.659414 0.073055 0.076212
12.300000 0.000451 0.652748 0.073017 0.075612
12.400000 0.000339 0.645803 0.072421 0.074794
12.500000 0.000339 0.640692 0.071251 0.074191
12.599999 0.000340 0.635190 0.070765 0.073596
12.700000 0.000227 0.627182 0.070392 0.073226
12.799999 0.000227 0.619539 0.069897 0.073074
12.900000 0.000227 0.612335 0.069060 0.072467
13.000000 0.000227 0.606209 0.068911 0.071640
13.099999 0.000228 0.600979 0.068078 0.070583
13.200000 0.000114 0.593230 0.067130 0.069752
13.299999 0.000114 0.587517 0.066522 0.068918
13.400000 0.000114 0.580649 0.065913 0.068426
13.500000 0.000114 0.575643 0.065409 0.067581
13.599999 0.000114 0.570120 0.065140 0.066972
13.700000 0.000115 0.565387 0.064527 0.066590
13.799999 0.000115 0.560184 0.064142 0.065978
13.900000 0.000115 0.554049 0.063756 0.065480
14.000000 0.000115 0.550661 0.063255 0.064635
14.099999 0.000115 0.544502 0.062637 0.063673
14.200000 0.000115 0.540634 0.062017 0.063401
14.299999 0.000115 0.536411 0.060935 0.063128
14.400000 0.000116 0.530445 0.060196 0.062276
14.500000 0.000116 0.524928 0.059572 0.062001
14.599999 0.000116 0.520903 0.059178 0.061494
14.700000 0.000116 0.516522 0.058435 0.060406
14.799999 0.000116 0.512130 0.058270 0.059199
14.900000 0.000116 0.508425 0.057873 0.058919
15.000000 0.000116 0.503432 0.057475 0.058639
15.099999 0.000116 0.501340 0.057193 0.058008
15.200000 0.000117 0.496502 0.056553 0.058069
15.299999 0.000117 0.491478 0.056269 0.057787
15.400000 0.000117 0.485624 0.055984 0.057504
15.500000 0.000117 0.481980 0.055465 0.056869
15.599999 0.000117 0.477390 0.054944 0.055881
15.700000 0.000000 0.470678 0.054539 0.055008
15.799999 0.000000 0.465774 0.053892 0.054832
15.900000 0.000000 0.460444 0.053485 0.054308
16.000000 0.000000 0.456161 0.052842 0.053548
16.100000 0.000000 0.451932 0.052309 0.053605
16.199999 0.000000 0.447275 0.051427 0.053079
16.299999 0.000000 0.442607 0.050897 0.052433
16.400000 0.000000 0.438165 0.050721 0.052258
16.500000 0.000000 0.434777 0.050308 0.052083
16.600000 0.000000 0.430789 0.049419 0.051671
16.699999 0.000000 0.426673 0.049241 0.050783
16.799999 0.000000 0.423260 0.048586 0.050606
16.900000 0.000000 0.418649 0.048168 0.050190
17.000000 0.000000 0.414097 0.047863 0.050125
17.100000 0.000000 0.410657 0.047443 0.049827
17.199999 0.000000 0.407089 0.047261 0.049409
17.299999 0.000000 0.404110 0.046959 0.049110
17.400000 0.000000 0.399928 0.046297 0.048451
17.500000 0.000000 0.394059 0.045634 0.047910
17.600000 0.000000 0.391727 0.045324 0.047722
17.699999 0.000000 0.388715 0.044418 0.047659
17.799999 0.000000 0.384495 0.043990 0.047356
17.900000 0.000000 0.381709 0.043803 0.047292
18.000000 0.000000 0.377952 0.043012 0.047108
18.100000 0.000000 0.374910 0.042581 0.046924
18.199999 0.000000 0.370652 0.042271 0.046135
18.299999 0.000000 0.367110 0.042080 0.045828
18.400000 0.000000 0.364165 0.041768 0.045763
18.500000 0.000000 0.360727 0.041212 0.045455
18.600000 0.000000 0.357888 0.040898 0.045388
18.699999 0.000000 0.354192 0.040219 0.045200
18.799999 0.000000 0.350365 0.039659 0.044526
18.900000 0.000000 0.346041 0.039464 0.044458
19.000000 0.000000 0.342927 0.039146 0.043780
19.100000 0.000000 0.340293 0.038828 0.043712
19.199999 0.000000 0.336675 0.038020 0.042665
19.299999 0.000000 0.333170 0.037821 0.041983
19.400000 0.000000 0.330637 0.037500 0.041422
19.500000 0.000000 0.327730 0.037423 0.041104
19.600000 0.000000 0.325184 0.037346 0.040541
19.699999 0.000000 0.322017 0.037023 0.040344
19.799999 0.000000 0.318596 0.036576 0.039778
19.900000 0.000000 0.315413 0.036375 0.039704
20.000000 0.000000 0.311852 0.035556 0.039259
20.100000 0.000000 0.308529 0.035476 0.039184
20.199999 0.000000 0.305569 0.035025 0.038738
20.299999 0.000000 0.302850 0.034820 0.038042
20.400000 0.000000 0.300124 0.034615 0.038089
20.500000 0.000000 0.296646 0.034658 0.037391
20.600000 0.000000 0.292662 0.034453 0.037189
20.699999 0.000000 0.289415 0.033873 0.036364
20.799999 0.000000 0.286035 0.033791 0.036035
20.900000 0.000000 0.283521 0.033458 0.035705
21.000000 0.000000 0.280750 0.033250 0.035375
21.100000 0.000000 0.277847 0.033041 0.035294
21.199999 0.000000 0.275188 0.032456 0.035088
21.299999 0.000000 0.272898 0.032246 0.035132
21.400000 0.000000 0.270477 0.031784 0.035176
21.500000 0.000000 0.267547 0.031321 0.034591
21.600000 0.000000 0.264610 0.030856 0.034005
21.699999 0.000000 0.260782 0.030265 0.033417
21.799999 0.000000 0.258712 0.029924 0.032955
21.900000 0.000000 0.255247 0.029962 0.032617
22.000000 0.000000 0.253765 0.029490 0.032274
22.100000 0.000000 0.251806 0.028894 0.032189
22.199999 0.000000 0.249715 0.028423 0.032103
22.299999 0.000000 0.248380 0.027951 0.031635
22.400000 0.000000 0.246025 0.027732 0.031548
22.500000 0.000000 0.241625 0.027258 0.031461
22.600000 0.000000 0.239638 0.026782 0.031374
22.699999 0.000000 0.236113 0.026816 0.031031
22.799999 0.000000 0.234497 0.026595 0.030687
22.900000 0.000000 0.232365 0.026373 0.030214
23.000000 0.000000 0.229330 0.026279 0.030124
23.100000 0.000000 0.227057 0.026184 0.029906
23.199999 0.000000 0.224521 0.025961 0.029688
23.299999 0.000000 0.222751 0.025865 0.029597
23.400000 0.000000 0.220204 0.025770 0.029249
23.500000 0.000000 0.218524 0.025800 0.028896
23.600000 0.000000 0.216869 0.025704 0.028287
23.699999 0.000000 0.215339 0.025220 0.027936
23.799999 0.000000 0.213805 0.024994 0.027972
23.900000 0.000000 0.212396 0.024248 0.027490
24.000000 0.000000 0.209426 0.024150 0.027395
24.100000 0.000000 0.207228 0.024051 0.027301
24.199999 0.000000 0.205806 0.023952 0.027076
24.299999 0.000000 0.203337 0.023201 0.026981
24.400000 0.000000 0.202297 0.023101 0.026755
24.500000 0.000000 0.200340 0.023001 0.026529
24.600000 0.000000 0.198247 0.022900 0.026171
24.699999 0.000000 0.197458 0.022668 0.026074
24.799999 0.000000 0.196143 0.022304 0.025977
24.900000 0.000000 0.193904 0.022202 0.025749
25.000000 0.000000 0.191923 0.021968 0.025520
25.100000 0.000000 0.190727 0.021865 0.025290
25.199999 0.000000 0.188473 0.021894 0.024927
25.299999 0.000000 0.186741 0.021923 0.024564
25.400000 0.000000 0.183814 0.021687 0.024464
25.500000 0.000000 0.182203 0.021319 0.024364
25.599998 0.000000 0.180589 0.020817 0.024264
25.699999 0.000000 0.178704 0.020712 0.023633
25.799999 0.000000 0.176283 0.020739 0.023398
25.900000 0.000000 0.174787 0.020501 0.023296
26.000000 0.000000 0.173021 0.019995 0.023061
26.099998 0.000000 0.170960 0.019618 0.023088
26.199999 0.000000 0.170253 0.019377 0.023119
26.299999 0.000000 0.168072 0.019269 0.023016
26.400000 0.000000 0.166153 0.019027 0.022511
26.500000 0.000000 0.165168 0.018650 0.022407
26.599998 0.000000 0.163241 0.018407 0.022034
26.699999 0.000000 0.161577 0.018297 0.021929
26.799999 0.000000 0.159908 0.018187 0.021959
26.900000 0.000000 0.158236 0.017807 0.021854
27.000000 0.000000 0.157504 0.017831 0.021748
27.099998 0.000000 0.156229 0.017719 0.021236
27.199999 0.000000 0.155221 0.017743 0.020859
27.299999 0.000000 0.153126 0.017225 0.020616
27.400000 0.000000 0.151433 0.016977 0.020508
27.500000 0.000000 0.150823 0.016864 0.020536
27.599998 0.000000 0.149939 0.016614 0.020155
27.699999 0.000000 0.148507 0.016364 0.020046
27.799999 0.000000 0.147071 0.016250 0.019937
27.900000 0.000000 0.145748 0.015723 0.019825
28.000000 0.000000 0.143757 0.015334 0.019715
28.099998 0.000000 0.141760 0.015355 0.019468
28.199999 0.000000 0.139758 0.015239 0.019495
28.299999 0.000000 0.137888 0.015260 0.019247
28.400000 0.000000 0.136426 0.015281 0.019273
28.500000 0.000000 0.135236 0.015026 0.018886
28.599998 0.000000 0.134318 0.014633 0.018222
28.699999 0.000000 0.133260 0.014515 0.018109
28.799999 0.000000 0.131921 0.014396 0.017857
28.900000 0.000000 0.131273 0.014278 0.017605
29.000000 0.000000 0.131038 0.014159 0.017351
29.099998 0.000000 0.130803 0.013622 0.017237
29.199999 0.000000 0.129872 0.013363 0.017261
29.299999 0.000000 0.128659 0.013382 0.017145
29.400000 0.000000 0.128001 0.013261 0.017169
29.500000 0.000000 0.126363 0.013140 0.017053
29.599998 0.000000 0.124440 0.013018 0.016657
29.699999 0.000000 0.123353 0.013036 0.016260
29.799999 0.000000 0.122122 0.012914 0.016283
29.900000 0.000000 0.121310 0.012792 0.016025
30.000000 0.000000 0.120214 0.012810 0.015766
30.099998 0.000000 0.118833 0.012687 0.015788
30.199999 0.000000 0.118154 0.012705 0.015669
30.299999 0.000000 0.117190 0.012723 0.015550
30.400000 0.000000 0.116082 0.012741 0.015147
30.500000 0.000000 0.115537 0.012475 0.015027
30.599998 0.000000 0.114140 0.012209 0.014906
30.699999 0.000000 0.113307 0.012084 0.014785
30.799999 0.000000 0.112044 0.012101 0.014664
30.900000 0.000000 0.110921 0.011976 0.014542
31.000000 0.000000 0.110508 0.011708 0.014563
31.099998 0.000000 0.109236 0.011724 0.014441
31.199999 0.000000 0.108391 0.011741 0.014462
31.299999 0.000000 0.107972 0.011758 0.014339
31.400000 0.000000 0.107122 0.011631 0.014216
31.500000 0.000000 0.105982 0.011504 0.014093
31.599998 0.000000 0.105127 0.011521 0.013825
31.699999 0.000000 0.104701 0.011393 0.013845
31.799999 0.000000 0.103842 0.011265 0.013865
31.900000 0.000000 0.102835 0.011137 0.013740
32.000000 0.000000 0.102260 0.011153 0.013470
32.099998 0.000000 0.101393 0.011169 0.013345
32.200001 0.000000 0.100668 0.011040 0.013364
32.299999 0.000000 0.099651 0.010911 0.013384
32.399998 0.000000 0.098631 0.010927 0.013403
32.500000 0.000000 0.098191 0.010943 0.013131
32.599998 0.000000 0.097019 0.010812 0.012858
32.700001 0.000000 0.096283 0.010828 0.012730
32.799999 0.000000 0.095252 0.010844 0.012603
32.899998 0.000000 0.094658 0.010860 0.012474
33.000000 0.000000 0.092887 0.010582 0.012493
33.099998 0.000000 0.091699 0.010598 0.012364
33.200001 0.000000 0.090507 0.010613 0.012382
33.299999 0.000000 0.089755 0.010481 0.012400
33.399998 0.000000 0.089444 0.010349 0.012419
33.500000 0.000000 0.088984 0.010216 0.012289
33.599998 0.000000 0.088523 0.010231 0.012159
33.700001 0.000000 0.086873 0.010247 0.012029
33.799999 0.000000 0.085961 0.010262 0.011749
33.899998 0.000000 0.085195 0.010128 0.011766
34.000000 0.000000 0.084427 0.009994 0.011635
34.099998 0.000000 0.084404 0.010009 0.011353
34.200001 0.000000 0.083782 0.010024 0.011370
34.299999 0.000000 0.082709 0.010039 0.011238
34.399998 0.000000 0.081783 0.010054 0.011255
34.500000 0.000000 0.081455 0.009769 0.011271
34.599998 0.000000 0.080524 0.009783 0.010987
34.700001 0.000000 0.079741 0.009647 0.010853
34.799999 0.000000 0.079257 0.009662 0.010870
34.899998 0.000000 0.078319 0.009676 0.010735
35.000000 0.000000 0.077377 0.009540 0.010751
35.099998 0.000000 0.076888 0.009554 0.010312
35.200001 0.000000 0.076538 0.009567 0.010327
35.299999 0.000000 0.075741 0.009430 0.010342
35.399998 0.000000 0.074638 0.009292 0.010358
35.500000 0.000000 0.073379 0.009306 0.010221
35.599998 0.000000 0.072574 0.009320 0.010237
35.700001 0.000000 0.072073 0.009028 0.009640
35.799999 0.000000 0.071418 0.009042 0.009502
35.899998 0.000000 0.071067 0.008903 0.009516
36.000000 0.000000 0.070715 0.008609 0.009531
36.099998 0.000000 0.070054 0.008622 0.009546
36.200001 0.000000 0.070008 0.008635 0.009406
36.299999 0.000000 0.069653 0.008649 0.009421
36.399998 0.000000 0.069296 0.008662 0.009281
36.500000 0.000000 0.068009 0.008521 0.009140
36.599998 0.000000 0.067649 0.008379 0.008999
36.700001 0.000000 0.066822 0.008236 0.009013
36.799999 0.000000 0.065992 0.008249 0.009027
36.899998 0.000000 0.065160 0.008262 0.009041
37.000000 0.000000 0.064481 0.008275 0.008899
37.099998 0.000000 0.063956 0.008288 0.008600
37.200001 0.000000 0.063273 0.008301 0.008457
37.299999 0.000000 0.062108 0.008156 0.008626
37.399998 0.000000 0.061263 0.008011 0.008483
37.500000 0.000000 0.060573 0.007867 0.008339
37.599998 0.000000 0.060353 0.007721 0.007879
37.700001 0.000000 0.060133 0.007418 0.007576
37.799999 0.000000 0.058963 0.007272 0.007588
37.899998 0.000000 0.057948 0.007283 0.007283
38.000000 0.000000 0.057564 0.007136 0.007136
38.099998 0.000000 0.056226 0.006989 0.006671
38.200001 0.000000 0.055520 0.007000 0.006522
38.299999 0.000000 0.054971 0.007011 0.006533
38.399998 0.000000 0.054261 0.007022 0.006543
38.500000 0.000000 0.054348 0.006873 0.006234
38.599998 0.000000 0.053955 0.006724 0.006084
38.700001 0.000000 0.053400 0.006735 0.005933
38.799999 0.000000 0.052682 0.006585 0.005943
38.899998 0.000000 0.052124 0.006596 0.005952
39.000000 0.000000 0.051402 0.006607 0.005962
39.099998 0.000000 0.051001 0.006456 0.005972
39.200001 0.000000 0.050275 0.006305 0.005981
39.299999 0.000000 0.050032 0.006315 0.005991
39.399998 0.000000 0.049465 0.006325 0.006001
39.500000 0.000000 0.049058 0.006335 0.006010
39.599998 0.000000 0.048487 0.006346 0.006020
39.700001 0.000000 0.048077 0.006356 0.006030
39.799999 0.000000 0.047829 0.006366 0.005877
39.899998 0.000000 0.047580 0.006213 0.005723
40.000000 0.000000 0.047494 0.006223 0.005732
40.099998 0.000000 0.047080 0.006234 0.005741
40.200001 0.000000 0.046664 0.006080 0.005587
40.299999 0.000000 0.046248 0.006090 0.005431
40.399998 0.000000 0.045829 0.006100 0.005440
40.500000 0.000000 0.045244 0.006110 0.005449
40.599998 0.000000 0.044823 0.006120 0.005293
40.700001 0.000000 0.044897 0.006130 0.005302
40.799999 0.000000 0.044640 0.006140 0.005310
40.899998 0.000000 0.044215 0.006150 0.005153
41.000000 0.000000 0.043956 0.006161 0.005162
41.099998 0.000000 0.042862 0.006171 0.005170
41.200001 0.000000 0.041931 0.006181 0.005179
41.299999 0.000000 0.041834 0.006191 0.005187
41.399998 0.000000 0.041737 0.006202 0.005196
41.500000 0.000000 0.041135 0.006212 0.005037
41.599998 0.000000 0.041036 0.006223 0.005045
41.700001 0.000000 0.041105 0.006065 0.005054
41.799999 0.000000 0.041174 0.006075 0.004894
41.899998 0.000000 0.040061 0.006085 0.004902
42.000000 0.000000 0.040129 0.006095 0.004910
42.099998 0.000000 0.040027 0.005936 0.004919
42.200001 0.000000 0.039585 0.005607 0.004757
42.299999 0.000000 0.039653 0.005616 0.004765
42.399998 0.000000 0.038868 0.005626 0.004603
42.500000 0.000000 0.038934 0.005635 0.004269
42.599998 0.000000 0.038488 0.005645 0.004276
42.700001 0.000000 0.038382 0.005655 0.004112
42.799999 0.000000 0.037590 0.005493 0.004119
42.899998 0.000000 0.036451 0.005502 0.003955
43.000000 0.000000 0.036342 0.005339 0.003961
43.099998 0.000000 0.036059 0.005349 0.003968
43.200001 0.000000 0.035603 0.005358 0.003975
43.299999 0.000000 0.035492 0.005194 0.003982
43.399998 0.000000 0.035380 0.005203 0.003815
43.500000 0.000000 0.034573 0.005212 0.003822
43.599998 0.000000 0.034459 0.005221 0.003829
43.700001 0.000000 0.033996 0.005056 0.003835
43.799999 0.000000 0.033357 0.005065 0.003667
43.899998 0.000000 0.033415 0.005073 0.003674
44.000000 0.000000 0.033298 0.005082 0.003680
44.099998 0.000000 0.032830 0.005091 0.003687
44.200001 0.000000 0.032536 0.005100 0.003693
44.299999 0.000000 0.032241 0.005109 0.003524
44.399998 0.000000 0.031239 0.004942 0.003530
44.500000 0.000000 0.030587 0.004774 0.003359
44.599998 0.000000 0.030287 0.004782 0.003365
44.700001 0.000000 0.029986 0.004791 0.003371
44.799999 0.000000 0.029506 0.004799 0.003377
44.899998 0.000000 0.029558 0.004808 0.003383
45.000000 0.000000 0.029611 0.004816 0.003389
45.099998 0.000000 0.029485 0.004825 0.003395
45.200001 0.000000 0.029180 0.004654 0.003401
45.299999 0.000000 0.029053 0.004663 0.003407
45.399998 0.000000 0.028746 0.004671 0.003234
45.500000 0.000000 0.028798 0.004500 0.003060
45.599998 0.000000 0.028669 0.004147 0.003065
45.700001 0.000000 0.028179 0.004155 0.003071
45.799999 0.000000 0.028049 0.004162 0.003076
45.899998 0.000000 0.027919 0.003988 0.003082
46.000000 0.000000 0.027425 0.003996 0.003088
46.099998 0.000000 0.027293 0.004003 0.003093
46.200001 0.000000 0.026613 0.004010 0.003099
46.299999 0.000000 0.026297 0.004018 0.003104
46.399998 0.000000 0.026162 0.004025 0.003110
46.500000 0.000000 0.025660 0.004032 0.003116
46.599998 0.000000 0.025707 0.004040 0.003122
46.700001 0.000000 0.025754 0.004047 0.003127
46.799999 0.000000 0.025433 0.004055 0.003133
46.899998 0.000000 0.025111 0.003877 0.003139
47.000000 0.000000 0.024787 0.003885 0.003145
47.099998 0.000000 0.023907 0.003706 0.003150
47.200001 0.000000 0.023765 0.003713 0.003156
47.299999 0.000000 0.023624 0.003720 0.002976
47.399998 0.000000 0.023668 0.003541 0.002982
47.500000 0.000000 0.023338 0.003547 0.002987
47.599998 0.000000 0.023382 0.003554 0.002993
47.700001 0.000000 0.023238 0.003561 0.002999
47.799999 0.000000 0.022906 0.003567 0.003004
47.899998 0.000000 0.022197 0.003574 0.003010
48.000000 0.000000 0.022239 0.003392 0.003015
48.099998 0.000000 0.022092 0.003399 0.003021
48.200001 0.000000 0.021945 0.003405 0.003027
48.299999 0.000000 0.021797 0.003412 0.003033
48.399998 0.000000 0.021648 0.003418 0.002848
48.500000 0.000000 0.021689 0.003425 0.002664
48.599998 0.000000 0.021731 0.003431 0.002669
48.700001 0.000000 0.021581 0.003438 0.002674
48.799999 0.000000 0.021431 0.003444 0.002679
48.899998 0.000000 0.020897 0.003451 0.002684
49.000000 0.000000 0.020745 0.003265 0.002689
49.099998 0.000000 0.020785 0.003272 0.002694
49.200001 0.000000 0.020632 0.003278 0.002700
49.299999 0.000000 0.020672 0.003284 0.002705
49.399998 0.000000 0.020519 0.003291 0.002710
49.500000 0.000000 0.020365 0.003297 0.002715
49.599998 0.000000 0.019821 0.003109 0.002721
49.700001 0.000000 0.019665 0.003115 0.002726
49.799999 0.000000 0.019703 0.002731 0.002731
49.899998 0.000000 0.019351 0.002737 0.002737
50.000000 0.000000 0.019193 0.002742 0.002742
50.099998 0.000000 0.019231 0.002747 0.002551
50.200001 0.000000 0.019072 0.002753 0.002556
50.299999 0.000000 0.018519 0.002758 0.002364
50.399998 0.000000 0.018555 0.002764 0.002369
50.500000 0.000000 0.018394 0.002571 0.002373
50.599998 0.000000 0.018232 0.002576 0.002378
50.700001 0.000000 0.018070 0.002581 0.002383
50.799999 0.000000 0.018106 0.002388 0.002388
50.899998 0.000000 0.017943 0.002392 0.002392
51.000000 0.000000 0.016980 0.002397 0.002397
51.099998 0.000000 0.017014 0.002202 0.002402
51.199997 0.000000 0.016847 0.002206 0.002407
51.299999 0.000000 0.016881 0.002211 0.002412
51.399998 0.000000 0.016915 0.002215 0.002416
51.500000 0.000000 0.016344 0.002220 0.002421
51.599998 0.000000 0.016175 0.002224 0.002426
51.699997 0.000000 0.016005 0.002229 0.002431
51.799999 0.000000 0.016037 0.002233 0.002436
51.899998 0.000000 0.016070 0.002238 0.002441
52.000000 0.000000 0.015899 0.002242 0.002446
52.099998 0.000000 0.015931 0.002247 0.002451
52.199997 0.000000 0.015964 0.002251 0.002456
52.299999 0.000000 0.015381 0.002051 0.002461
52.399998 0.000000 0.015413 0.002055 0.002466
52.500000 0.000000 0.015239 0.002059 0.002471
52.599998 0.000000 0.014858 0.002064 0.002476
52.699997 0.000000 0.014268 0.001861 0.002481
52.799999 0.000000 0.014090 0.001658 0.002487
52.899998 0.000000 0.014120 0.001661 0.002284
53.000000 0.000000 0.013733 0.001665 0.002289
53.099998 0.000000 0.013553 0.001668 0.002294
53.199997 0.000000 0.013372 0.001672 0.002298
53.299999 0.000000 0.013191 0.001675 0.002303
53.399998 0.000000 0.013219 0.001679 0.002308
53.500000 0.000000 0.013246 0.001682 0.002313
53.599998 0.000000 0.013274 0.001686 0.002318
53.699997 0.000000 0.013302 0.001689 0.002323
53.799999 0.000000 0.013331 0.001693 0.002328
53.899998 0.000000 0.013147 0.001484 0.002332
54.000000 0.000000 0.013175 0.001487 0.002337
54.099998 0.000000 0.012990 0.001491 0.002342
54.199997 0.000000 0.013017 0.001494 0.002347
54.299999 0.000000 0.012404 0.001497 0.002352
54.399998 0.000000 0.012430 0.001500 0.002357
54.500000 0.000000 0.012242 0.001503 0.002363
54.599998 0.000000 0.011838 0.001507 0.002152
54.699997 0.000000 0.011864 0.001510 0.002157
54.799999 0.000000 0.011673 0.001513 0.002162
54.899998 0.000000 0.011698 0.001516 0.002166
55.000000 0.000000 0.011724 0.001520 0.002171
55.099998 0.000000 0.011314 0.001523 0.002176
55.199997 0.000000 0.011121 0.001526 0.002181
55.299999 0.000000 0.010927 0.001530 0.002185
55.399998 0.000000 0.010951 0.001533 0.002190
55.500000 0.000000 0.010975 0.001536 0.002195
55.599998 0.000000 0.010999 0.001540 0.002200
55.699997 0.000000 0.011023 0.001543 0.002205
55.799999 0.000000 0.011047 0.001547 0.002209
55.899998 0.000000 0.011072 0.001550 0.002214
56.000000 0.000000 0.010874 0.001553 0.002219
56.099998 0.000000 0.010676 0.001557 0.002224
56.199997 0.000000 0.010700 0.001560 0.002229
56.299999 0.000000 0.010724 0.001564 0.002234
56.399998 0.000000 0.010748 0.001567 0.002239
56.500000 0.000000 0.010772 0.001346 0.002244
56.599998 0.000000 0.010796 0.001350 0.002249
56.699997 0.000000 0.010821 0.001353 0.002254
56.799999 0.000000 0.010619 0.001356 0.002259
56.899998 0.000000 0.010417 0.001359 0.002264
57.000000 0.000000 0.010213 0.001135 0.002270
57.099998 0.000000 0.010009 0.001137 0.002275
57.199997 0.000000 0.010032 0.001140 0.002280
57.299999 0.000000 0.010055 0.001143 0.002285
57.399998 0.000000 0.010078 0.001145 0.002290
57.500000 0.000000 0.009871 0.001148 0.002296
57.599998 0.000000 0.009204 0.001150 0.002301
57.699997 0.000000 0.008994 0.001153 0.002306
57.799999 0.000000 0.009015 0.001156 0.002312
57.899998 0.000000 0.008573 0.001158 0.002317
58.000000 0.000000 0.008593 0.000929 0.002322
58.099998 0.000000 0.008613 0.000931 0.002328
58.199997 0.000000 0.008633 0.000933 0.002333
58.299999 0.000000 0.008653 0.000935 0.002339
58.399998 0.000000 0.008673 0.000938 0.002344
58.500000 0.000000 0.008459 0.000940 0.002350
58.599998 0.000000 0.008479 0.000942 0.002355
58.699997 0.000000 0.008263 0.000944 0.002361
58.799999 0.000000 0.008282 0.000947 0.002366
58.899998 0.000000 0.008302 0.000949 0.002372
59.000000 0.000000 0.008321 0.000951 0.002378
59.099998 0.000000 0.008341 0.000953 0.002383
59.199997 0.000000 0.008361 0.000956 0.002150
59.299999 0.000000 0.008381 0.000958 0.002155
59.399998 0.000000 0.008161 0.000960 0.002160
59.500000 0.000000 0.008181 0.000722 0.001925
59.599998 0.000000 0.008201 0.000724 0.001930
59.699997 0.000000 0.008221 0.000725 0.001934
59.799999 0.000000 0.008240 0.000727 0.001939
59.899998 0.000000 0.008260 0.000729 0.001944
60.000000 0.000000 0.008037 0.000731 0.001948
60.099998 0.000000 0.008057 0.000732 0.001953
60.199997 0.000000 0.007587 0.000734 0.001958
60.299999 0.000000 0.007360 0.000736 0.001963
60.399998 0.000000 0.007132 0.000738 0.001968
60.500000 0.000000 0.007150 0.000740 0.001972
60.599998 0.000000 0.006920 0.000741 0.001977
60.699997 0.000000 0.006938 0.000743 0.001982
60.799999 0.000000 0.006955 0.000745 0.001987
60.899998 0.000000 0.006723 0.000747 0.001992
61.000000 0.000000 0.006490 0.000749 0.001997
61.099998 0.000000 0.006256 0.000751 0.002002
61.199997 0.000000 0.006272 0.000753 0.001756
61.299999 0.000000 0.006036 0.000755 0.001761
61.399998 0.000000 0.006051 0.000756 0.001765
61.500000 0.000000 0.006067 0.000758 0.001769
61.599998 0.000000 0.005829 0.000760 0.001774
61.699997 0.000000 0.005843 0.000762 0.001778
61.799999 0.000000 0.005858 0.000509 0.001783
61.899998 0.000000 0.005873 0.000511 0.001788
62.000000 0.000000 0.005632 0.000512 0.001792
62.099998 0.000000 0.005647 0.000513 0.001797
62.199997 0.000000 0.005661 0.000515 0.001801
62.299999 0.000000 0.005418 0.000516 0.001548
62.399998 0.000000 0.005173 0.000517 0.001293
62.500000 0.000000 0.004927 0.000519 0.001297
62.599998 0.000000 0.004940 0.000520 0.001300
62.699997 0.000000 0.004953 0.000521 0.001303
62.799999 0.000000 0.004966 0.000523 0.001307
62.899998 0.000000 0.004979 0.000524 0.001310
63.000000 0.000000 0.004729 0.000525 0.001314
63.099998 0.000000 0.004742 0.000527 0.001317
63.199997 0.000000 0.004754 0.000528 0.001321
63.299999 0.000000 0.004767 0.000530 0.001324
63.399998 0.000000 0.004780 0.000531 0.001328
63.500000 0.000000 0.004792 0.000532 0.001331
63.599998 0.000000 0.004805 0.000534 0.001335
63.699997 0.000000 0.004550 0.000268 0.001338
63.799999 0.000000 0.004563 0.000268 0.001342
63.899998 0.000000 0.004575 0.000269 0.001076
64.000000 0.000000 0.004317 0.000270 0.001079
64.099998 0.000000 0.004329 0.000271 0.001082
64.199997 0.000000 0.004341 0.000271 0.001085
64.299995 0.000000 0.004353 0.000272 0.001088
64.400002 0.000000 0.004364 0.000273 0.001091
64.500000 0.000000 0.004376 0.000274 0.001094
64.599998 0.000000 0.004388 0.000274 0.001097
64.699997 0.000000 0.004400 0.000275 0.001100
64.799995 0.000000 0.004413 0.000276 0.001103
64.900002 0.000000 0.004425 0.000277 0.001106
65.000000 0.000000 0.004437 0.000277 0.001109
65.099998 0.000000 0.004449 0.000278 0.001112
65.199997 0.000000 0.004462 0.000279 0.001115
65.299995 0.000000 0.004195 0.000280 0.001119
65.400002 0.000000 0.004206 0.000280 0.000841
65.500000 0.000000 0.004218 0.000281 0.000844
65.599998 0.000000 0.004230 0.000282 0.000846
65.699997 0.000000 0.004242 0.000283 0.000848
65.799995 0.000000 0.004254 0.000284 0.000851
65.900002 0.000000 0.004266 0.000284 0.000569
66.000000 0.000000 0.004278 0.000285 0.000570
66.099998 0.000000 0.004291 0.000286 0.000572
66.199997 0.000000 0.004303 0.000287 0.000574
66.299995 0.000000 0.004315 0.000288 0.000575
66.400002 0.000000 0.004039 0.000289 0.000577
66.500000 0.000000 0.004051 0.000289 0.000579
66.599998 0.000000 0.004063 0.000290 0.000580
66.699997 0.000000 0.004075 0.000291 0.000582
66.799995 0.000000 0.004086 0.000292 0.000584
66.900002 0.000000 0.004098 0.000293 0.000585
67.000000 0.000000 0.004110 0.000294 0.000587
67.099998 0.000000 0.004122 0.000294 0.000589
67.199997 0.000000 0.004135 0.000295 0.000591
67.299995 0.000000 0.004147 0.000296 0.000592
67.400002 0.000000 0.004159 0.000297 0.000594
67.500000 0.000000 0.004170 0.000298 0.000894
67.599998 0.000000 0.004183 0.000299 0.000896
67.699997 0.000000 0.004195 0.000300 0.000899
67.799995 0.000000 0.004208 0.000301 0.000902
67.900002 0.000000 0.004221 0.000301 0.000904
68.000000 0.000000 0.004233 0.000302 0.000907
68.099998 0.000000 0.004246 0.000303 0.000910
68.199997 0.000000 0.004259 0.000304 0.000913
68.299995 0.000000 0.004272 0.000305 0.000610
68.400002 0.000000 0.003979 0.000306 0.000612
68.500000 0.000000 0.003684 0.000307 0.000614
68.599998 0.000000 0.003696 0.000308 0.000616
68.699997 0.000000 0.003707 0.000309 0.000618
68.799995 0.000000 0.003409 0.000310 0.000620
68.900002 0.000000 0.003419 0.000311 0.000622
69.000000 0.000000 0.003430 0.000312 0.000624
69.099998 0.000000 0.003441 0.000313 0.000626
69.199997 0.000000 0.003138 0.000314 0.000628
69.299995 0.000000 0.002833 0.000315 0.000630
69.400002 0.000000 0.002842 0.000316 0.000632
69.500000 0.000000 0.002851 0.000317 0.000634
69.599998 0.000000 0.002860 0.000318 0.000636
69.699997 0.000000 0.002869 0.000319 0.000638
69.799995 0.000000 0.002878 0.000320 0.000640
69.900002 0.000000 0.002887 0.000321 0.000321
70.000000 0.000000 0.002897 0.000322 0.000322
70.099998 0.000000 0.002906 0.000323 0.000323
70.199997 0.000000 0.002592 0.000324 0.000324
70.299995 0.000000 0.002600 0.000325 0.000325
70.400002 0.000000 0.002282 0.000326 0.000326
70.500000 0.000000 0.002290 0.000327 0.000327
70.599998 0.000000 0.002297 0.000328 0.000328
70.699997 0.000000 0.002305 0.000329 0.000329
70.799995 0.000000 0.002313 0.000330 0.000330
70.900002 0.000000 0.002320 0.000331 0.000331
71.000000 0.000000 0.002328 0.000333 0.000333
71.099998 0.000000 0.002336 0.000334 0.000334
71.199997 0.000000 0.002343 0.000335 0.000335
71.299995 0.000000 0.002351 0.000336 0.000336
71.400002 0.000000 0.002359 0.000337 0.000337
71.500000 0.000000 0.002367 0.000338 0.000338
71.599998 0.000000 0.002375 0.000339 0.000339
71.699997 0.000000 0.002383 0.000340 0.000340
71.799995 0.000000 0.002392 0.000342 0.000342
71.900002 0.000000 0.002400 0.000343 0.000343
72.000000 0.000000 0.002408 0.000344 0.000344
72.099998 0.000000 0.002416 0.000345 0.000345
72.199997 0.000000 0.002425 0.000346 0.000346
72.299995 0.000000 0.002433 0.000348 0.000348
72.400002 0.000000 0.002442 0.000349 0.000349
72.500000 0.000000 0.002450 0.000350 0.000350
72.599998 0.000000 0.002459 0.000351 0.000351
72.699997 0.000000 0.002467 0.000352 0.000352
72.799995 0.000000 0.002476 0.000354 0.000354
72.900002 0.000000 0.002485 0.000355 0.000355
73.000000 0.000000 0.002138 0.000356 0.000356
73.099998 0.000000 0.002145 0.000358 0.000358
73.199997 0.000000 0.002153 0.000359 0.000359
73.299995 0.000000 0.002161 0.000360 0.000360
73.400002 0.000000 0.002168 0.000361 0.000361
73.500000 0.000000 0.002176 0.000363 0.000363
73.599998 0.000000 0.002184 0.000364 0.000364
73.699997 0.000000 0.002192 0.000365 0.000365
73.799995 0.000000 0.002200 0.000367 0.000367
73.900002 0.000000 0.001840 0.000368 0.000368
74.000000 0.000000 0.001847 0.000369 0.000369
74.099998 0.000000 0.001854 0.000371 0.000371
74.199997 0.000000 0.001861 0.000372 0.000372
74.299995 0.000000 0.001868 0.000374 0.000374
74.400002 0.000000 0.001875 0.000375 0.000375
74.500000 0.000000 0.001882 0.000376 0.000376
74.599998 0.000000 0.001889 0.000378 0.000378
74.699997 0.000000 0.001896 0.000379 0.000379
74.799995 0.000000 0.001903 0.000381 0.000381
74.900002 0.000000 0.001528 0.000382 0.000382
75.000000 0.000000 0.001534 0.000384 0.000384
75.099998 0.000000 0.001540 0.000385 0.000385
75.199997 0.000000 0.001546 0.000387 0.000387
75.299995 0.000000 0.001552 0.000388 0.000388
75.400002 0.000000 0.001558 0.000390 0.000390
75.500000 0.000000 0.001564 0.000391 0.000391
75.599998 0.000000 0.001570 0.000393 0.000393
75.699997 0.000000 0.001182 0.000394 0.000394
75.799995 0.000000 0.001187 0.000396 0.000396
75.900002 0.000000 0.001192 0.000397 0.000397
76.000000 0.000000 0.001197 0.000399 0.000399
76.099998 0.000000 0.001201 0.000400 0.000400
76.199997 0.000000 0.001206 0.000402 0.000402
76.299995 0.000000 0.000807 0.000404 0.000404
76.400002 0.000000 0.000811 0.000405 0.000405
76.500000 0.000000 0.000814 0.000407 0.000407
76.599998 0.000000 0.000817 0.000409 0.000409
76.699997 0.000000 0.000821 0.000410 0.000410
76.799995 0.000000 0.000824 0.000412 0.000412
76.900002 0.000000 0.000827 0.000414 0.000414
77.000000 0.000000 0.000831 0.000415 0.000415
77.099998 0.000000 0.000834 0.000417 0.000417
77.199997 0.000000 0.000838 0.000419 0.000419
77.299995 0.000000 0.000841 0.000421 0.000421
77.400002 0.000000 0.000845 0.000422 0.000422
77.500000 0.000000 0.000849 0.000424 0.000424
77.599998 0.000000 0.000852 0.000426 0.000426
77.699997 0.000000 0.000856 0.000428 0.000428
77.799995 0.000000 0.000859 0.000430 0.000430
77.900002 0.000000 0.000863 0.000432 0.000432
78.000000 0.000000 0.000867 0.000433 0.000433
78.099998 0.000000 0.000871 0.000435 0.000435
78.199997 0.000000 0.000875 0.000437 0.000437
78.299995 0.000000 0.000878 0.000439 0.000439
78.400002 0.000000 0.000882 0.000441 0.000441
78.500000 0.000000 0.000886 0.000443 0.000443
78.599998 0.000000 0.000890 0.000445 0.000445
78.699997 0.000000 0.000894 0.000447 0.000447
78.799995 0.000000 0.000898 0.000000 0.000449
78.900002 0.000000 0.000902 0.000000 0.000451
79.000000 0.000000 0.000906 0.000000 0.000453
79.099998 0.000000 0.000910 0.000000 0.000455
79.199997 0.000000 0.000914 0.000000 0.000457
79.299995 0.000000 0.000919 0.000000 0.000459
79.400002 0.000000 0.000923 0.000000 0.000461
79.500000 0.000000 0.000927 0.000000 0.000464
79.599998 0.000000 0.000932 0.000000 0.000466
79.699997 0.000000 0.000936 0.000000 0.000468
79.799995 0.000000 0.000940 0.000000 0.000470
79.900002 0.000000 0.000945 0.000000 0.000472
80.000000 0.000000 0.000949 0.000000 0.000475
80.099998 0.000000 0.000954 0.000000 0.000477
80.199997 0.000000 0.000958 0.000000 0.000479
80.299995 0.000000 0.000963 0.000000 0.000481
80.400002 0.000000 0.000968 0.000000 0.000484
80.500000 0.000000 0.000972 0.000000 0.000486
80.599998 0.000000 0.000977 0.000000 0.000489
80.699997 0.000000 0.000982 0.000000 0.000491
80.799995 0.000000 0.000987 0.000000 0.000493
80.900002 0.000000 0.000992 0.000000 0.000496
81.000000 0.000000 0.000498 0.000000 0.000498
81.099998 0.000000 0.000501 0.000000 0.000501
81.199997 0.000000 0.000503 0.000000 0.000503
81.299995 0.000000 0.000506 0.000000 0.000506
81.400002 0.000000 0.000508 0.000000 0.000508
81.500000 0.000000 0.000511 0.000000 0.000511
81.599998 0.000000 0.000514 0.000000 0.000514
81.699997 0.000000 0.000516 0.000000 0.000516
81.799995 0.000000 0.000519 0.000000 0.000519
81.900002 0.000000 0.000522 0.000000 0.000522
82.000000 0.000000 0.000524 0.000000 0.000524
82.099998 0.000000 0.000527 0.000000 0.000527
82.199997 0.000000 0.000530 0.000000 0.000530
82.299995 0.000000 0.000533 0.000000 0.000533
82.400002 0.000000 0.000536 0.000000 0.000536
82.500000 0.000000 0.000539 0.000000 0.000539
82.599998 0.000000 0.000541 0.000000 0.000541
82.699997 0.000000 0.000544 0.000000 0.000544
82.799995 0.000000 0.000547 0.000000 0.000547
82.900002 0.000000 0.000550 0.000000 0.000550
83.000000 0.000000 0.000553 0.000000 0.000553
83.099998 0.000000 0.000556 0.000000 0.000556
83.199997 0.000000 0.000560 0.000000 0.000560
83.299995 0.000000 0.000563 0.000000 0.000563
83.400002 0.000000 0.000566 0.000000 0.000566
83.500000 0.000000 0.000569 0.000000 0.000569
83.599998 0.000000 0.000572 0.000000 0.000572
83.699997 0.000000 0.000576 0.000000 0.000576
83.799995 0.000000 0.000579 0.000000 0.000579
83.900002 0.000000 0.000582 0.000000 0.000582
84.000000 0.000000 0.000586 0.000000 0.000586
84.099998 0.000000 0.000589 0.000000 0.000589
84.199997 0.000000 0.000593 0.000000 0.000593
84.299995 0.000000 0.000596 0.000000 0.000596
84.400002 0.000000 0.000600 0.000000 0.000600
84.500000 0.000000 0.000604 0.000000 0.000604
84.599998 0.000000 0.000607 0.000000 0.000607
84.699997 0.000000 0.000611 0.000000 0.000611
84.799995 0.000000 0.000615 0.000000 0.000615
84.900002 0.000000 0.000618 0.000000 0.000618
85.000000 0.000000 0.000622 0.000000 0.000622
85.099998 0.000000 0.000626 0.000000 0.000626
85.199997 0.000000 0.000630 0.000000 0.000630
85.299995 0.000000 0.000634 0.000000 0.000634
85.400002 0.000000 0.000638 0.000000 0.000638
85.500000 0.000000 0.000642 0.000000 0.000642
85.599998 0.000000 0.000646 0.000000 0.000646
85.699997 0.000000 0.000651 0.000000 0.000651
85.799995 0.000000 0.000655 0.000000 0.000655
85.900002 0.000000 0.000659 0.000000 0.000659
86.000000 0.000000 0.000664 0.000000 0.000664
86.099998 0.000000 0.000668 0.000000 0.000668
86.199997 0.000000 0.000672 0.000000 0.000672
86.299995 0.000000 0.000677 0.000000 0.000677
86.400002 0.000000 0.000682 0.000000 0.000682
86.500000 0.000000 0.000686 0.000000 0.000686
86.599998 0.000000 0.000691 0.000000 0.000691
86.699997 0.000000 0.000696 0.000000 0.000696
86.799995 0.000000 0.000701 0.000000 0.000701
86.900002 0.000000 0.000706 0.000000 0.000706
87.000000 0.000000 0.000711 0.000000 0.000711
87.099998 0.000000 0.000716 0.000000 0.000716
87.199997 0.000000 0.000721 0.000000 0.000721
87.299995 0.000000 0.000726 0.000000 0.000726
87.400002 0.000000 0.000732 0.000000 0.000732
87.500000 0.000000 0.000737 0.000000 0.000737
87.599998 0.000000 0.000742 0.000000 0.000742
87.699997 0.000000 0.000748 0.000000 0.000748
87.799995 0.000000 0.000754 0.000000 0.000754
87.900002 0.000000 0.000759 0.000000 0.000759
88.000000 0.000000 0.000765 0.000000 0.000765
88.099998 0.000000 0.000000 0.000000 0.000771
88.199997 0.000000 0.000000 0.000000 0.000777
88.299995 0.000000 0.000000 0.000000 0.000783
88.400002 0.000000 0.000000 0.000000 0.000000
88.500000 0.000000 0.000000 0.000000 0.000000
88.599998 0.000000 0.000000 0.000000 0.000000
88.699997 0.000000 0.000000 0.000000 0.000000
88.799995 0.000000 0.000000 0.000000 0.000000
88.900002 0.000000 0.000000 0.000000 0.000000
89.000000 0.000000 0.000000 0.000000 0.000000
89.099998 0.000000 0.000000 0.000000 0.000000
89.199997 0.000000 0.000000 0.000000 0.000000
89.299995 0.000000 0.000000 0.000000 0.000000
89.400002 0.000000 0.000000 0.000000 0.000000
89.500000 0.000000 0.000000 0.000000 0.000000
89.599998 0.000000 0.000000 0.000000 0.000000
89.699997 0.000000 0.000000 0.000000 0.000000
89.799995 0.000000 0.000000 0.000000 0.000000
89.900002 0.000000 0.000000 0.000000 0.000000
90.000000 0.000000 0.000000 0.000000 0.000000
90.099998 0.000000 0.000000 0.000000 0.000000
90.199997 0.000000 0.000000 0.000000 0.000000
90.299995 0.000000 0.000000 0.000000 0.000000
90.400002 0.000000 0.000000 0.000000 0.000000
90.500000 0.000000 0.000000 0.000000 0.000000
90.599998 0.000000 0.000000 0.000000 0.000000
90.699997 0.000000 0.000000 0.000000 0.000000
90.799995 0.000000 0.000000 0.000000 0.000000
90.900002 0.000000 0.000000 0.000000 0.000000
91.000000 0.000000 0.000000 0.000000 0.000000
91.099998 0.000000 0.000000 0.000000 0.000000
91.199997 0.000000 0.000000 0.000000 0.000000
91.299995 0.000000 0.000000 0.000000 0.000000
91.400002 0.000000 0.000000 0.000000 0.000000
91.500000 0.000000 0.000000 0.000000 0.000000
91.599998 0.000000 0.000000 0.000000 0.000000
91.699997 0.000000 0.000000 0.000000 0.000000
91.799995 0.000000 0.000000 0.000000 0.000000
91.900002 0.000000 0.000000 0.000000 0.000000
92.000000 0.000000 0.000000 0.000000 0.000000
92.099998 0.000000 0.000000 0.000000 0.000000
92.199997 0.000000 0.000000 0.000000 0.000000
92.299995 0.000000 0.000000 0.000000 0.000000
92.400002 0.000000 0.000000 0.000000 0.000000
92.500000 0.000000 0.000000 0.000000 0.000000
92.599998 0.000000 0.000000 0.000000 0.000000
92.699997 0.000000 0.000000 0.000000 0.000000
92.799995 0.000000 0.000000 0.000000 0.000000
92.900002 0.000000 0.000000 0.000000 0.000000
93.000000 0.000000 0.000000 0.000000 0.000000
93.099998 0.000000 0.000000 0.000000 0.000000
93.199997 0.000000 0.000000 0.000000 0.000000
93.299995 0.000000 0.000000 0.000000 0.000000
93.400002 0.000000 0.000000 0.000000 0.000000
93.500000 0.000000 0.000000 0.000000 0.000000
93.599998 0.000000 0.000000 0.000000 0.000000
93.699997 0.000000 0.000000 0.000000 0.000000
93.799995 0.000000 0.000000 0.000000 0.000000
93.900002 0.000000 0.000000 0.000000 0.000000
94.000000 0.000000 0.000000 0.000000 0.000000
94.099998 0.000000 0.000000 0.000000 0.000000
94.199997 0.000000 0.000000 0.000000 0.000000
94.299995 0.000000 0.000000 0.000000 0.000000
94.400002 0.000000 0.000000 0.000000 0.000000
94.500000 0.000000 0.000000 0.000000 0.000000
94.599998 0.000000 0.000000 0.000000 0.000000
94.699997 0.000000 0.000000 0.000000 0.000000
94.799995 0.000000 0.000000 0.000000 0.000000
94.900002 0.000000 0.000000 0.000000 0.000000
95.000000 0.000000 0.000000 0.000000 0.000000
95.099998 0.000000 0.000000 0.000000 0.000000
95.199997 0.000000 0.000000 0.000000 0.000000
95.299995 0.000000 0.000000 0.000000 0.000000
95.400002 0.000000 0.000000 0.000000 0.000000
95.500000 0.000000 0.000000 0.000000 0.000000
95.599998 0.000000 0.000000 0.000000 0.000000
95.699997 0.000000 0.000000 0.000000 0.000000
95.799995 0.000000 0.000000 0.000000 0.000000
95.900002 0.000000 0.000000 0.000000 0.000000
96.000000 0.000000 0.000000 0.000000 0.000000
96.099998 0.000000 0.000000 0.000000 0.000000
96.199997 0.000000 0.000000 0.000000 0.000000
96.299995 0.000000 0.000000 0.000000 0.000000
96.400002 0.000000 0.000000 0.000000 0.000000
96.500000 0.000000 0.000000 0.000000 0.000000
96.599998 0.000000 0.000000 0.000000 0.000000
96.699997 0.000000 0.000000 0.000000 0.000000
96.799995 0.000000 0.000000 0.000000 0.000000
96.900002 0.000000 0.000000 0.000000 0.000000
97.000000 0.000000 0.000000 0.000000 0.000000
97.099998 0.000000 0.000000 0.000000 0.000000
97.199997 0.000000 0.000000 0.000000 0.000000
97.299995 0.000000 0.000000 0.000000 0.000000
97.400002 0.000000 0.000000 0.000000 0.000000
97.500000 0.000000 0.000000 0.000000 0.000000
97.599998 0.000000 0.000000 0.000000 0.000000
97.699997 0.000000 0.000000 0.000000 0.000000
97.799995 0.000000 0.000000 0.000000 0.000000
97.900002 0.000000 0.000000 0.000000 0.000000
98.000000 0.000000 0.000000 0.000000 0.000000
98.099998 0.000000 0.000000 0.000000 0.000000
98.199997 0.000000 0.000000 0.000000 0.000000
98.299995 0.000000 0.000000 0.000000 0.000000
98.400002 0.000000 0.000000 0.000000 0.000000
98.500000 0.000000 0.000000 0.000000 0.000000
98.599998 0.000000 0.000000 0.000000 0.000000
98.699997 0.000000 0.000000 0.000000 0.000000
98.799995 0.000000 0.000000 0.000000 0.000000
98.900002 0.000000 0.000000 0.000000 0.000000
99.000000 0.000000 0.000000 0.000000 0.000000
99.099998 0.000000 0.000000 0.000000 0.000000
99.199997 0.000000 0.000000 0.000000 0.000000
99.299995 0.000000 0.000000 0.000000 0.000000
99.400002 0.000000 0.000000 0.000000 0.000000
99.500000 0.000000 0.000000 0.000000 0.000000
99.599998 0.000000 0.000000 0.000000 0.000000
99.699997 0.000000 0.000000 0.000000 0.000000
99.799995 0.000000 0.000000 0.000000 0.000000
99.900002 0.000000 0.000000 0.000000 0.000000
100.000000 0.000000 0.000000 0.000000 0.000000
100.099998 0.000000 0.000000 0.000000 0.000000
100.199997 0.000000 0.000000 0.000000 0.000000
100.299995 0.000000 0.000000 0.000000 0.000000
100.400002 0.000000 0.000000 0.000000 0.000000
100.500000 0.000000 0.000000 0.000000 0.000000
100.599998 0.000000 0.000000 0.000000 0.000000
100.699997 0.000000 0.000000 0.000000 0.000000
100.799995 0.000000 0.000000 0.000000 0.000000
100.900002 0.000000 0.000000 0.000000 0.000000
101.000000 0.000000 0.000000 0.000000 0.000000
