0.000000 0.999599 7.992891 0.998899 0.998899
0.100000 0.988597 7.916775 0.990497 0.988997
0.200000 0.977691 7.831133 0.978691 0.976591
0.300000 0.966256 7.756383 0.966456 0.965555
0.400000 0.955616 7.682898 0.955115 0.952209
0.500000 0.941135 7.592258 0.941637 0.936923
0.600000 0.917210 7.430406 0.918214 0.910687
0.700000 0.892617 7.264892 0.893621 0.887092
0.800000 0.864623 7.082010 0.865226 0.862613
0.900000 0.828790 6.830198 0.832311 0.827784
1.000000 0.792753 6.582084 0.798390 0.796075
1.100000 0.759194 6.348211 0.766448 0.764836
1.200000 0.725219 6.114047 0.733891 0.735202
1.300000 0.696095 5.924225 0.708607 0.709414
1.400000 0.662795 5.696728 0.677338 0.677035
1.500000 0.632265 5.491256 0.651066 0.651370
1.600000 0.602388 5.290470 0.623432 0.622015
1.700000 0.571327 5.069757 0.596537 0.595221
1.800000 0.539062 4.841119 0.567737 0.565609
1.900000 0.515010 4.679817 0.547870 0.544625
2.000000 0.484670 4.468629 0.521827 0.517056
2.100000 0.453003 4.248959 0.495072 0.487755
2.200000 0.428760 4.086648 0.474626 0.465982
2.300000 0.407166 3.951344 0.455110 0.449308
2.400000 0.387366 3.822924 0.436882 0.433316
2.500000 0.366408 3.676728 0.420049 0.415766
2.600000 0.348305 3.545325 0.404145 0.398122
2.700000 0.327202 3.402616 0.387084 0.380237
2.800000 0.309297 3.284443 0.372609 0.365040
2.900000 0.295690 3.194328 0.359373 0.352514
3.000000 0.272727 3.027775 0.341396 0.333197
3.100000 0.255976 2.903765 0.327691 0.318662
3.200000 0.239293 2.780631 0.314573 0.305946
3.300000 0.224530 2.682430 0.300709 0.294952
3.400000 0.208355 2.575059 0.286861 0.282128
3.500000 0.195798 2.496344 0.276754 0.270986
3.600000 0.183833 2.415713 0.266935 0.261676
3.700000 0.171620 2.337358 0.256037 0.251393
3.800000 0.161054 2.268285 0.246178 0.243802
3.900000 0.150259 2.191210 0.237332 0.234333
4.000000 0.139648 2.127329 0.230021 0.227226
4.100000 0.130259 2.059067 0.222694 0.220518
4.200000 0.124274 2.008091 0.217116 0.214938
4.300000 0.114330 1.935514 0.207996 0.207788
4.400000 0.104886 1.865904 0.198960 0.201040
4.500000 0.098127 1.816441 0.191155 0.195109
4.600000 0.092083 1.770938 0.185625 0.189792
4.700000 0.086539 1.727870 0.180794 0.184965
4.800000 0.080889 1.686150 0.176286 0.178791
4.900000 0.077100 1.651901 0.172587 0.175616
5.000000 0.072474 1.618071 0.169630 0.172244
5.100000 0.067316 1.579041 0.165306 0.169284
5.200000 0.062978 1.543225 0.162737 0.166509
5.300000 0.059897 1.518305 0.160076 0.163118
5.400000 0.056810 1.497637 0.156778 0.161609
5.500000 0.053295 1.467045 0.153054 0.158099
5.600000 0.051037 1.445754 0.150374 0.156582
5.700000 0.048136 1.419001 0.148515 0.154203
5.800000 0.045018 1.390722 0.145387 0.150870
5.900000 0.041689 1.360739 0.143325 0.147652
6.000000 0.039091 1.333967 0.141257 0.144744
6.100000 0.036489 1.307668 0.139714 0.141618
6.200000 0.034833 1.292324 0.137957 0.139545
6.300000 0.033277 1.273421 0.136181 0.137346
6.400000 0.031081 1.248223 0.133128 0.135356
6.500000 0.029203 1.227567 0.130721 0.133588
6.600000 0.026576 1.201552 0.128947 0.131179
6.700000 0.026389 1.192381 0.127580 0.130560
6.800000 0.025138 1.176182 0.126012 0.128781
6.900000 0.023457 1.155667 0.124853 0.127199
7.000000 0.022196 1.140327 0.122826 0.126454
7.100000 0.021686 1.126375 0.121568 0.125628
7.200000 0.020319 1.108865 0.120201 0.123623
7.300000 0.019163 1.093352 0.119045 0.121507
7.400000 0.017576 1.077162 0.117351 0.119816
7.500000 0.015342 1.055573 0.115760 0.118764
7.600000 0.014929 1.044356 0.114273 0.118032
7.700000 0.015375 1.038705 0.113106 0.117192
7.800000 0.013777 1.019374 0.111183 0.115273
7.900000 0.013361 1.006680 0.109794 0.113565
8.000000 0.012404 0.991047 0.108187 0.111099
8.099999 0.011554 0.976784 0.106684 0.109815
8.200000 0.010702 0.960112 0.104529 0.109069
8.300000 0.009306 0.942755 0.102478 0.106807
8.400000 0.008450 0.927635 0.101072 0.105514
8.500000 0.007808 0.916170 0.099772 0.104436
8.599999 0.007274 0.906742 0.098252 0.102595
8.700000 0.006630 0.895446 0.097272 0.101511
8.800000 0.006311 0.885431 0.096072 0.100642
8.900000 0.005772 0.874646 0.094860 0.099543
9.000000 0.005233 0.863607 0.094309 0.098779
9.099999 0.005020 0.855942 0.093528 0.098439
9.200000 0.004589 0.846389 0.092866 0.097345
9.300000 0.004047 0.834628 0.091983 0.095702
9.400000 0.003723 0.826891 0.090770 0.094821
9.500000 0.003617 0.818810 0.089554 0.093938
9.599999 0.003182 0.809283 0.088555 0.092725
9.700000 0.002856 0.800725 0.087334 0.092058
9.800000 0.002859 0.792148 0.086550 0.091389
9.900000 0.002532 0.782781 0.085104 0.090609
10.000000 0.002425 0.774826 0.085198 0.089386
10.099999 0.002207 0.767185 0.084299 0.088050
10.200000 0.001878 0.756655 0.083398 0.086601
10.300000 0.001659 0.748645 0.082274 0.085370
10.400000 0.001328 0.740950 0.081368 0.084689
10.500000 0.001330 0.732905 0.081126 0.083897
10.599999 0.001331 0.726062 0.080328 0.082991
10.700000 0.001222 0.717650 0.079085 0.082417
10.800000 0.001112 0.708773 0.077838 0.081508
10.900000 0.001002 0.702772 0.076812 0.080597
11.000000 0.001003 0.694305 0.076340 0.079683
11.099999 0.001004 0.686635 0.076305 0.079094
11.200000 0.001005 0.681930 0.075720 0.078512
11.300000 0.001006 0.675201 0.074799 0.077370
11.400000 0.000895 0.668756 0.073859 0.076992
11.500000 0.001008 0.662447 0.073157 0.076518
11.599999 0.000897 0.655563 0.072790 0.076155
11.700000 0.000898 0.649674 0.072199 0.075904
11.800000 0.000562 0.643548 0.071718 0.075090
11.900000 0.000450 0.637070 0.070673 0.074612
12.000000 0.000338 0.630126 0.069964 0.073682
12.099999 0.000338 0.624972 0.068802 0.073201
12.200000 0.000339 0.620144 0.068428 0.072493
12.300000 0.000339 0.613950 0.068166 0.072123
12.400000 0.000566 0.609936 0.067217 0.071744
12.500000 0.000453 0.604282 0.066840 0.070805
12.599999 0.000454 0.599456 0.066568 0.070084
12.700000 0.000341 0.594573 0.066190 0.069936
12.799999 0.000341 0.589158 0.065121 0.069781
12.900000 0.000341 0.583324 0.064384 0.069048
13.000000 0.000455 0.579139 0.063995 0.069119
13.099999 0.000342 0.572161 0.063383 0.068057
13.200000 0.000342 0.568478 0.062657 0.067222
13.299999 0.000229 0.562614 0.061929 0.066613
13.400000 0.000343 0.558110 0.061313 0.066003
13.500000 0.000344 0.553138 0.060582 0.065735
13.599999 0.000344 0.546664 0.060537 0.065123
13.700000 0.000230 0.540519 0.060262 0.064624
13.799999 0.000575 0.538382 0.059641 0.063664
13.900000 0.000805 0.535320 0.059020 0.063392
14.000000 0.001037 0.531675 0.058857 0.063119
14.099999 0.000923 0.526176 0.058003 0.062385
14.200000 0.000808 0.518587 0.056800 0.061764
14.299999 0.000693 0.513232 0.056512 0.061366
14.400000 0.000579 0.508273 0.055999 0.060049
14.500000 0.000579 0.502143 0.055369 0.059191
14.599999 0.000696 0.496927 0.054621 0.058332
14.700000 0.000697 0.491990 0.054214 0.058161
14.799999 0.000814 0.488842 0.052999 0.057066
14.900000 0.000465 0.484291 0.052246 0.056667
15.000000 0.000233 0.478448 0.051724 0.056151
15.099999 0.000350 0.476207 0.051085 0.055517
15.200000 0.000350 0.472209 0.050327 0.054764
15.299999 0.000351 0.468085 0.050152 0.054127
15.400000 0.000234 0.463429 0.049737 0.053482
15.500000 0.000351 0.459754 0.049561 0.052607
15.599999 0.000235 0.453959 0.048915 0.052082
15.700000 0.000235 0.448385 0.048738 0.051674
15.799999 0.000235 0.441505 0.048560 0.051617
15.900000 0.000118 0.435668 0.048028 0.050736
16.000000 0.000000 0.431939 0.047613 0.050324
16.100000 0.000000 0.427847 0.047080 0.049676
16.199999 0.000000 0.423509 0.046663 0.049380
16.299999 0.000000 0.419515 0.046127 0.048492
16.400000 0.000000 0.415275 0.045471 0.048313
16.500000 0.000000 0.412281 0.044808 0.047771
16.600000 0.000000 0.407667 0.044268 0.047828
16.699999 0.000000 0.403755 0.043726 0.047172
16.799999 0.000000 0.400428 0.043659 0.046752
16.900000 0.000000 0.395545 0.043116 0.046212
17.000000 0.000000 0.391605 0.042929 0.045910
17.100000 0.000000 0.388325 0.042497 0.045720
17.199999 0.000000 0.383889 0.042309 0.045656
17.299999 0.000000 0.380519 0.041642 0.045112
17.400000 0.000000 0.376063 0.041212 0.044447
17.500000 0.000000 0.371956 0.041022 0.043901
17.600000 0.000000 0.368320 0.040471 0.043593
17.699999 0.000000 0.365396 0.039918 0.043405
17.799999 0.000000 0.362706 0.039485 0.043096
17.900000 0.000000 0.359286 0.038689 0.042787
18.000000 0.000000 0.355859 0.038253 0.042355
18.100000 0.000000 0.352422 0.037936 0.041682
18.199999 0.000000 0.347768 0.037740 0.040644
18.299999 0.000000 0.345162 0.037423 0.040451
18.400000 0.000000 0.342185 0.036983 0.040257
18.500000 0.000000 0.339080 0.036907 0.039942
18.600000 0.000000 0.335967 0.036587 0.039869
18.699999 0.000000 0.332360 0.036510 0.039674
18.799999 0.000000 0.329231 0.035945 0.038991
18.900000 0.000000 0.326787 0.035740 0.038790
19.000000 0.000000 0.323034 0.035662 0.038593
19.100000 0.000000 0.319271 0.035216 0.038029
19.199999 0.000000 0.316479 0.034525 0.037831
19.299999 0.000000 0.313802 0.034200 0.037387
19.400000 0.000000 0.310751 0.033996 0.036696
19.500000 0.000000 0.307201 0.033178 0.036127
19.600000 0.000000 0.304134 0.032603 0.035679
19.699999 0.000000 0.301675 0.032397 0.035477
19.799999 0.000000 0.299334 0.031944 0.035027
19.900000 0.000000 0.296493 0.031736 0.034823
20.000000 0.000000 0.293150 0.031281 0.034496
20.100000 0.000000 0.290542 0.031072 0.033919
20.199999 0.000000 0.288547 0.030615 0.033713
20.299999 0.000000 0.285182 0.030653 0.033507
20.400000 0.000000 0.282927 0.030567 0.033052
20.500000 0.000000 0.280418 0.029983 0.032844
20.600000 0.000000 0.278774 0.029397 0.032511
20.699999 0.000000 0.276628 0.028935 0.032552
20.799999 0.000000 0.273227 0.028596 0.032343
20.900000 0.000000 0.269817 0.028132 0.031883
21.000000 0.000000 0.266900 0.028042 0.031172
21.100000 0.000000 0.264227 0.027952 0.031211
21.199999 0.000000 0.262801 0.027485 0.030999
21.299999 0.000000 0.259864 0.027268 0.031038
21.400000 0.000000 0.257801 0.027302 0.030951
21.500000 0.000000 0.255606 0.027211 0.030486
21.600000 0.000000 0.253153 0.027119 0.030146
21.699999 0.000000 0.250442 0.027027 0.030184
21.799999 0.000000 0.248356 0.026808 0.029717
21.900000 0.000000 0.246898 0.026336 0.029248
22.000000 0.000000 0.245183 0.026242 0.029031
22.100000 0.000000 0.242574 0.026149 0.028687
22.199999 0.000000 0.240849 0.025547 0.028724
22.299999 0.000000 0.238738 0.025070 0.028251
22.400000 0.000000 0.236111 0.024847 0.027778
22.500000 0.000000 0.234881 0.024496 0.026793
22.600000 0.000000 0.233648 0.024400 0.026571
22.699999 0.000000 0.231645 0.024175 0.026477
22.799999 0.000000 0.229607 0.023947 0.026380
22.900000 0.000000 0.227850 0.023721 0.026414
23.000000 0.000000 0.225703 0.023366 0.026319
23.100000 0.000000 0.224065 0.022754 0.025582
23.199999 0.000000 0.220749 0.022525 0.025100
23.299999 0.000000 0.218585 0.022168 0.025132
23.400000 0.000000 0.216931 0.021809 0.024777
23.500000 0.000000 0.215532 0.021837 0.024422
23.600000 0.000000 0.212835 0.021607 0.024195
23.699999 0.000000 0.210131 0.021376 0.024226
23.799999 0.000000 0.208717 0.021404 0.024128
23.900000 0.000000 0.206520 0.021431 0.024029
24.000000 0.000000 0.204811 0.021196 0.024187
24.100000 0.000000 0.202995 0.020833 0.023958
24.199999 0.000000 0.201669 0.020467 0.023856
24.299999 0.000000 0.200627 0.020363 0.023757
24.400000 0.000000 0.198405 0.019997 0.023526
24.500000 0.000000 0.196309 0.019893 0.023426
24.600000 0.000000 0.194208 0.019919 0.023326
24.699999 0.000000 0.191970 0.019682 0.023357
24.799999 0.000000 0.189988 0.019314 0.022862
24.900000 0.000000 0.188002 0.019340 0.022760
25.000000 0.000000 0.185615 0.019365 0.022527
25.100000 0.000000 0.184145 0.018995 0.022161
25.199999 0.000000 0.182407 0.018756 0.021926
25.299999 0.000000 0.181193 0.018781 0.021823
25.400000 0.000000 0.179049 0.018805 0.021587
25.500000 0.000000 0.177297 0.018830 0.021350
25.599998 0.000000 0.175010 0.018590 0.021246
25.699999 0.000000 0.173913 0.018083 0.021274
25.799999 0.000000 0.171881 0.017574 0.020770
25.900000 0.000000 0.169444 0.017198 0.020797
26.000000 0.000000 0.167668 0.017221 0.020558
26.099998 0.000000 0.166956 0.016976 0.020318
26.199999 0.000000 0.165841 0.016731 0.019944
26.299999 0.000000 0.164321 0.016620 0.019434
26.400000 0.000000 0.163065 0.016374 0.019460
26.500000 0.000000 0.161806 0.016396 0.019487
26.599998 0.000000 0.160140 0.016283 0.019109
26.699999 0.000000 0.157661 0.016305 0.019135
26.799999 0.000000 0.156659 0.016057 0.019026
26.900000 0.000000 0.155520 0.015809 0.018916
27.000000 0.000000 0.153836 0.015559 0.018807
27.099998 0.000000 0.152689 0.015581 0.018426
27.199999 0.000000 0.151404 0.015602 0.018179
27.299999 0.000000 0.149844 0.015351 0.018068
27.400000 0.000000 0.148959 0.015372 0.018093
27.500000 0.000000 0.145893 0.015257 0.017709
27.599998 0.000000 0.143909 0.014868 0.017460
27.699999 0.000000 0.142877 0.014889 0.017347
27.799999 0.000000 0.141841 0.014635 0.017234
27.900000 0.000000 0.140118 0.014656 0.016847
28.000000 0.000000 0.138390 0.014538 0.016596
28.099998 0.000000 0.137893 0.014558 0.016619
28.199999 0.000000 0.135745 0.014441 0.016641
28.299999 0.000000 0.133866 0.014323 0.016527
28.400000 0.000000 0.131430 0.014067 0.016412
28.500000 0.000000 0.130093 0.013948 0.016296
28.599998 0.000000 0.128613 0.013968 0.016319
28.699999 0.000000 0.126852 0.013987 0.016203
28.799999 0.000000 0.125364 0.014006 0.015948
28.900000 0.000000 0.124288 0.013887 0.015831
29.000000 0.000000 0.122931 0.013628 0.015436
29.099998 0.000000 0.121571 0.013647 0.015318
29.199999 0.000000 0.120764 0.013387 0.015061
29.299999 0.000000 0.119397 0.013266 0.014523
29.400000 0.000000 0.118585 0.013005 0.014264
29.500000 0.000000 0.117491 0.013023 0.014004
29.599998 0.000000 0.115973 0.013042 0.013883
29.699999 0.000000 0.114169 0.013060 0.013903
29.799999 0.000000 0.112361 0.012797 0.013641
29.900000 0.000000 0.110689 0.012674 0.013519
30.000000 0.000000 0.110140 0.012551 0.013538
30.099998 0.000000 0.109165 0.012428 0.013416
30.199999 0.000000 0.108188 0.011738 0.013011
30.299999 0.000000 0.107350 0.011755 0.012888
30.400000 0.000000 0.106510 0.011488 0.012906
30.500000 0.000000 0.105667 0.011504 0.012498
30.599998 0.000000 0.104110 0.011378 0.012089
30.699999 0.000000 0.103262 0.011110 0.011822
30.799999 0.000000 0.102696 0.011125 0.011839
30.900000 0.000000 0.101700 0.011141 0.011570
31.000000 0.000000 0.100987 0.011014 0.011586
31.099998 0.000000 0.099986 0.011030 0.011603
31.199999 0.000000 0.099555 0.010759 0.011620
31.299999 0.000000 0.098836 0.010631 0.011493
31.400000 0.000000 0.098115 0.010646 0.011221
31.500000 0.000000 0.096960 0.010517 0.011238
31.599998 0.000000 0.096667 0.010388 0.010965
31.699999 0.000000 0.096518 0.010259 0.010981
31.799999 0.000000 0.095500 0.010273 0.010852
31.900000 0.000000 0.094769 0.010288 0.010723
32.000000 0.000000 0.094616 0.010303 0.010739
32.099998 0.000000 0.093591 0.010173 0.010754
32.200001 0.000000 0.093000 0.009897 0.010770
32.299999 0.000000 0.092261 0.009765 0.010494
32.399998 0.000000 0.091519 0.009780 0.010363
32.500000 0.000000 0.090630 0.009502 0.010232
32.599998 0.000000 0.090031 0.009223 0.010247
32.700001 0.000000 0.089136 0.009236 0.010262
32.799999 0.000000 0.088680 0.009250 0.009984
32.899998 0.000000 0.087781 0.008969 0.009410
33.000000 0.000000 0.087027 0.008982 0.009424
33.099998 0.000000 0.085386 0.008701 0.009438
33.200001 0.000000 0.084773 0.008714 0.009452
33.299999 0.000000 0.084307 0.008727 0.009318
33.399998 0.000000 0.083383 0.008738 0.009182
33.500000 0.000000 0.082320 0.008454 0.009196
33.599998 0.000000 0.082145 0.008170 0.009210
33.700001 0.000000 0.081077 0.008033 0.009223
33.799999 0.000000 0.080155 0.007747 0.009088
33.899998 0.000000 0.079379 0.007759 0.009102
34.000000 0.000000 0.078601 0.007621 0.009115
34.099998 0.000000 0.078120 0.007483 0.008979
34.200001 0.000000 0.077038 0.007494 0.008843
34.299999 0.000000 0.076253 0.007505 0.008706
34.399998 0.000000 0.075616 0.007366 0.008268
34.500000 0.000000 0.075128 0.007076 0.008281
34.599998 0.000000 0.075090 0.006936 0.008293
34.700001 0.000000 0.075053 0.006947 0.008155
34.799999 0.000000 0.074259 0.006957 0.008016
34.899998 0.000000 0.073463 0.006816 0.008028
35.000000 0.000000 0.073119 0.006523 0.008040
35.099998 0.000000 0.072774 0.006381 0.007748
35.200001 0.000000 0.071820 0.006239 0.007608
35.299999 0.000000 0.071320 0.006248 0.007162
35.399998 0.000000 0.070208 0.006258 0.007021
35.500000 0.000000 0.069703 0.006267 0.007031
35.599998 0.000000 0.069351 0.006124 0.006889
35.700001 0.000000 0.068997 0.006133 0.006900
35.799999 0.000000 0.068182 0.005989 0.006603
35.899998 0.000000 0.067518 0.005998 0.006613
36.000000 0.000000 0.067006 0.006007 0.006315
36.099998 0.000000 0.065720 0.005862 0.006325
36.200001 0.000000 0.065204 0.005871 0.006335
36.299999 0.000000 0.064531 0.005881 0.006345
36.399998 0.000000 0.063701 0.005425 0.006200
36.500000 0.000000 0.062403 0.005433 0.006054
36.599998 0.000000 0.062034 0.005442 0.006063
36.700001 0.000000 0.061819 0.005450 0.006073
36.799999 0.000000 0.061447 0.005303 0.005926
36.899998 0.000000 0.060137 0.005311 0.005936
37.000000 0.000000 0.059449 0.005163 0.005945
37.099998 0.000000 0.059072 0.005171 0.005954
37.200001 0.000000 0.058537 0.005179 0.005650
37.299999 0.000000 0.057843 0.005187 0.005659
37.399998 0.000000 0.056832 0.005195 0.005510
37.500000 0.000000 0.056449 0.005203 0.005519
37.599998 0.000000 0.055907 0.005212 0.005527
37.700001 0.000000 0.055046 0.005220 0.005536
37.799999 0.000000 0.054816 0.004911 0.005545
37.899998 0.000000 0.054268 0.004919 0.005395
38.000000 0.000000 0.053401 0.004927 0.005245
38.099998 0.000000 0.053168 0.004776 0.005094
38.200001 0.000000 0.052774 0.004624 0.005102
38.299999 0.000000 0.052220 0.004312 0.004791
38.399998 0.000000 0.052143 0.004319 0.004639
38.500000 0.000000 0.051906 0.004326 0.004646
38.599998 0.000000 0.051348 0.004332 0.004653
38.700001 0.000000 0.050466 0.004339 0.004500
38.799999 0.000000 0.050225 0.004346 0.004507
38.899998 0.000000 0.049823 0.004353 0.004515
39.000000 0.000000 0.049257 0.004360 0.004360
39.099998 0.000000 0.048852 0.004368 0.004368
39.200001 0.000000 0.048283 0.004213 0.004213
39.299999 0.000000 0.047712 0.004219 0.004219
39.399998 0.000000 0.047464 0.004226 0.004226
39.500000 0.000000 0.046890 0.004233 0.004233
39.599998 0.000000 0.046151 0.004240 0.004240
39.700001 0.000000 0.045737 0.003920 0.004247
39.799999 0.000000 0.044830 0.003927 0.004254
39.899998 0.000000 0.044412 0.003933 0.004261
40.000000 0.000000 0.043992 0.003940 0.004268
40.099998 0.000000 0.042914 0.003946 0.004275
40.200001 0.000000 0.042819 0.003953 0.004282
40.299999 0.000000 0.042065 0.003959 0.004289
40.399998 0.000000 0.041309 0.003800 0.004131
40.500000 0.000000 0.040715 0.003807 0.004138
40.599998 0.000000 0.040782 0.003813 0.004145
40.700001 0.000000 0.040352 0.003819 0.004151
40.799999 0.000000 0.039587 0.003826 0.004158
40.899998 0.000000 0.039487 0.003832 0.004165
41.000000 0.000000 0.039219 0.003838 0.004005
41.099998 0.000000 0.038950 0.003678 0.004012
41.200001 0.000000 0.038681 0.003516 0.004019
41.299999 0.000000 0.038242 0.003522 0.004025
41.399998 0.000000 0.038306 0.003360 0.003864
41.500000 0.000000 0.038203 0.003366 0.003871
41.599998 0.000000 0.038098 0.003372 0.003877
41.700001 0.000000 0.037487 0.003377 0.003884
41.799999 0.000000 0.037212 0.003383 0.003721
41.899998 0.000000 0.036598 0.003389 0.003728
42.000000 0.000000 0.035811 0.003394 0.003734
42.099998 0.000000 0.035872 0.003400 0.003740
42.200001 0.000000 0.035422 0.003406 0.003576
42.299999 0.000000 0.035312 0.003412 0.003582
42.399998 0.000000 0.034860 0.003418 0.003589
42.500000 0.000000 0.034577 0.003252 0.003595
42.599998 0.000000 0.034465 0.003258 0.003601
42.700001 0.000000 0.034352 0.002920 0.003607
42.799999 0.000000 0.033895 0.002925 0.003613
42.899998 0.000000 0.033092 0.002930 0.003619
43.000000 0.000000 0.032631 0.002762 0.003626
43.099998 0.000000 0.032342 0.002767 0.003632
43.200001 0.000000 0.032225 0.002772 0.003638
43.299999 0.000000 0.031586 0.002777 0.003645
43.399998 0.000000 0.031120 0.002782 0.003477
43.500000 0.000000 0.030477 0.002786 0.003483
43.599998 0.000000 0.030181 0.002791 0.003489
43.700001 0.000000 0.029885 0.002796 0.003495
43.799999 0.000000 0.029412 0.002626 0.003501
43.899998 0.000000 0.029463 0.002631 0.003508
44.000000 0.000000 0.028812 0.002635 0.003514
44.099998 0.000000 0.028335 0.002640 0.003344
44.200001 0.000000 0.028209 0.002645 0.003350
44.299999 0.000000 0.027905 0.002649 0.003356
44.399998 0.000000 0.027247 0.002654 0.003362
44.500000 0.000000 0.026764 0.002481 0.003368
44.599998 0.000000 0.026634 0.002308 0.003374
44.700001 0.000000 0.026503 0.002312 0.003380
44.799999 0.000000 0.026194 0.002316 0.003386
44.899998 0.000000 0.025884 0.002321 0.003392
45.000000 0.000000 0.025751 0.002146 0.003398
45.099998 0.000000 0.025618 0.002150 0.003404
45.200001 0.000000 0.025126 0.002154 0.003410
45.299999 0.000000 0.024631 0.002157 0.003416
45.399998 0.000000 0.024496 0.002161 0.003422
45.500000 0.000000 0.023999 0.002165 0.003428
45.599998 0.000000 0.024042 0.002169 0.003254
45.700001 0.000000 0.023542 0.001992 0.003260
45.799999 0.000000 0.023403 0.001996 0.003266
45.899998 0.000000 0.023264 0.001818 0.003272
46.000000 0.000000 0.022942 0.001821 0.003277
46.099998 0.000000 0.022984 0.001824 0.003283
46.200001 0.000000 0.022844 0.001645 0.003289
46.299999 0.000000 0.022885 0.001648 0.003112
46.399998 0.000000 0.022377 0.001651 0.003118
46.500000 0.000000 0.022234 0.001654 0.003124
46.599998 0.000000 0.022091 0.001657 0.002946
46.700001 0.000000 0.021579 0.001475 0.002951
46.799999 0.000000 0.020880 0.001478 0.002956
46.899998 0.000000 0.020733 0.001481 0.002777
47.000000 0.000000 0.020586 0.001484 0.002596
47.099998 0.000000 0.020253 0.001486 0.002601
47.200001 0.000000 0.019732 0.001489 0.002606
47.299999 0.000000 0.019769 0.001492 0.002424
47.399998 0.000000 0.019245 0.001495 0.002429
47.500000 0.000000 0.019281 0.001498 0.002246
47.599998 0.000000 0.018755 0.001500 0.002251
47.700001 0.000000 0.018414 0.001503 0.002067
47.799999 0.000000 0.018261 0.001506 0.001883
47.899998 0.000000 0.017918 0.001509 0.001886
48.000000 0.000000 0.017574 0.001512 0.001701
48.099998 0.000000 0.017228 0.001515 0.001704
48.200001 0.000000 0.017261 0.001517 0.001707
48.299999 0.000000 0.017294 0.001520 0.001710
48.399998 0.000000 0.017327 0.001523 0.001714
48.500000 0.000000 0.016978 0.001526 0.001717
48.599998 0.000000 0.017011 0.001529 0.001720
48.700001 0.000000 0.016852 0.001532 0.001532
48.799999 0.000000 0.016884 0.001535 0.001535
48.899998 0.000000 0.016917 0.001346 0.001538
49.000000 0.000000 0.016757 0.001156 0.001348
49.099998 0.000000 0.016789 0.001158 0.001351
49.200001 0.000000 0.016628 0.001160 0.001353
49.299999 0.000000 0.016660 0.001162 0.001356
49.399998 0.000000 0.016498 0.001165 0.001359
49.500000 0.000000 0.016531 0.001167 0.001361
49.599998 0.000000 0.016173 0.001169 0.001364
49.700001 0.000000 0.016009 0.001171 0.001367
49.799999 0.000000 0.015845 0.001174 0.001369
49.899998 0.000000 0.015876 0.001176 0.001372
50.000000 0.000000 0.015515 0.001178 0.001375
50.099998 0.000000 0.015545 0.001181 0.001377
50.200001 0.000000 0.015181 0.001183 0.001183
50.299999 0.000000 0.015014 0.001185 0.001185
50.399998 0.000000 0.014648 0.001188 0.001188
50.500000 0.000000 0.014280 0.001190 0.001190
50.599998 0.000000 0.014308 0.001192 0.001192
50.700001 0.000000 0.013939 0.001195 0.001195
50.799999 0.000000 0.013966 0.001197 0.001197
50.899998 0.000000 0.013794 0.001200 0.001200
51.000000 0.000000 0.013822 0.001202 0.001202
51.099998 0.000000 0.013850 0.001204 0.001204
51.199997 0.000000 0.013274 0.001207 0.001006
51.299999 0.000000 0.013301 0.001209 0.001008
51.399998 0.000000 0.013328 0.001010 0.001010
51.500000 0.000000 0.013355 0.001012 0.001012
51.599998 0.000000 0.013382 0.001014 0.001014
51.699997 0.000000 0.012800 0.000610 0.001016
51.799999 0.000000 0.012826 0.000611 0.001018
51.899998 0.000000 0.012648 0.000612 0.001020
52.000000 0.000000 0.012469 0.000613 0.001022
52.099998 0.000000 0.012085 0.000615 0.001024
52.199997 0.000000 0.012110 0.000616 0.001026
52.299999 0.000000 0.011929 0.000617 0.000617
52.399998 0.000000 0.011336 0.000618 0.000618
52.500000 0.000000 0.011359 0.000620 0.000620
52.599998 0.000000 0.011382 0.000621 0.000621
52.699997 0.000000 0.011199 0.000622 0.000622
52.799999 0.000000 0.011222 0.000623 0.000623
52.899998 0.000000 0.011245 0.000625 0.000625
53.000000 0.000000 0.011269 0.000626 0.000626
53.099998 0.000000 0.011292 0.000627 0.000627
53.199997 0.000000 0.011316 0.000629 0.000629
53.299999 0.000000 0.011340 0.000630 0.000630
53.399998 0.000000 0.011364 0.000631 0.000631
53.500000 0.000000 0.011388 0.000633 0.000633
53.599998 0.000000 0.011200 0.000634 0.000634
53.699997 0.000000 0.011224 0.000635 0.000635
53.799999 0.000000 0.011248 0.000637 0.000637
53.899998 0.000000 0.011272 0.000638 0.000638
54.000000 0.000000 0.011083 0.000639 0.000639
54.099998 0.000000 0.011106 0.000427 0.000641
54.199997 0.000000 0.010916 0.000428 0.000428
54.299999 0.000000 0.010940 0.000429 0.000429
54.399998 0.000000 0.010963 0.000430 0.000430
54.500000 0.000000 0.010987 0.000431 0.000431
54.599998 0.000000 0.010794 0.000432 0.000432
54.699997 0.000000 0.010601 0.000433 0.000433
54.799999 0.000000 0.010408 0.000434 0.000434
54.899998 0.000000 0.010430 0.000435 0.000435
55.000000 0.000000 0.010235 0.000436 0.000436
55.099998 0.000000 0.010258 0.000436 0.000436
55.199997 0.000000 0.010061 0.000437 0.000437
55.299999 0.000000 0.009645 0.000438 0.000438
55.399998 0.000000 0.009446 0.000439 0.000439
55.500000 0.000000 0.009467 0.000440 0.000440
55.599998 0.000000 0.009488 0.000441 0.000441
55.699997 0.000000 0.009509 0.000442 0.000442
55.799999 0.000000 0.009530 0.000222 0.000443
55.899998 0.000000 0.009107 0.000222 0.000444
56.000000 0.000000 0.009127 0.000223 0.000445
56.099998 0.000000 0.008925 0.000223 0.000446
56.199997 0.000000 0.008945 0.000224 0.000447
56.299999 0.000000 0.008965 0.000224 0.000448
56.399998 0.000000 0.008760 0.000225 0.000449
56.500000 0.000000 0.008780 0.000225 0.000450
56.599998 0.000000 0.008800 0.000226 0.000451
56.699997 0.000000 0.008820 0.000226 0.000452
56.799999 0.000000 0.008160 0.000227 0.000453
56.899998 0.000000 0.008178 0.000227 0.000454
57.000000 0.000000 0.008197 0.000228 0.000455
57.099998 0.000000 0.008215 0.000228 0.000456
57.199997 0.000000 0.008234 0.000229 0.000457
57.299999 0.000000 0.008253 0.000229 0.000459
57.399998 0.000000 0.008042 0.000230 0.000460
57.500000 0.000000 0.008061 0.000230 0.000461
57.599998 0.000000 0.008079 0.000231 0.000462
57.699997 0.000000 0.008098 0.000231 0.000463
57.799999 0.000000 0.008117 0.000232 0.000464
57.899998 0.000000 0.008136 0.000232 0.000465
58.000000 0.000000 0.007922 0.000233 0.000466
58.099998 0.000000 0.007707 0.000234 0.000467
58.199997 0.000000 0.007491 0.000234 0.000468
58.299999 0.000000 0.007274 0.000235 0.000469
58.399998 0.000000 0.007291 0.000235 0.000235
58.500000 0.000000 0.007308 0.000236 0.000236
58.599998 0.000000 0.007325 0.000236 0.000236
58.699997 0.000000 0.007342 0.000237 0.000237
58.799999 0.000000 0.007360 0.000237 0.000237
58.899998 0.000000 0.007377 0.000238 0.000238
59.000000 0.000000 0.007395 0.000239 0.000239
59.099998 0.000000 0.007413 0.000239 0.000239
59.199997 0.000000 0.007430 0.000240 0.000240
59.299999 0.000000 0.006968 0.000240 0.000240
59.399998 0.000000 0.006985 0.000241 0.000241
59.500000 0.000000 0.007001 0.000241 0.000241
59.599998 0.000000 0.007018 0.000242 0.000242
59.699997 0.000000 0.007035 0.000243 0.000243
59.799999 0.000000 0.007053 0.000243 0.000243
59.899998 0.000000 0.006826 0.000244 0.000244
60.000000 0.000000 0.006598 0.000244 0.000244
60.099998 0.000000 0.006614 0.000245 0.000245
60.199997 0.000000 0.006631 0.000246 0.000246
60.299999 0.000000 0.006647 0.000246 0.000246
60.399998 0.000000 0.006663 0.000247 0.000247
60.500000 0.000000 0.006185 0.000247 0.000247
60.599998 0.000000 0.005952 0.000248 0.000248
60.699997 0.000000 0.005967 0.000249 0.000249
60.799999 0.000000 0.005982 0.000249 0.000249
60.899998 0.000000 0.005997 0.000250 0.000250
61.000000 0.000000 0.006012 0.000251 0.000251
61.099998 0.000000 0.006027 0.000251 0.000251
61.199997 0.000000 0.005791 0.000252 0.000252
61.299999 0.000000 0.005805 0.000252 0.000252
61.399998 0.000000 0.005820 0.000253 0.000253
61.500000 0.000000 0.005835 0.000254 0.000254
61.599998 0.000000 0.005595 0.000254 0.000254
61.699997 0.000000 0.005354 0.000255 0.000255
61.799999 0.000000 0.005368 0.000256 0.000256
61.899998 0.000000 0.005382 0.000256 0.000256
62.000000 0.000000 0.005396 0.000257 0.000257
62.099998 0.000000 0.005152 0.000258 0.000258
62.199997 0.000000 0.005165 0.000258 0.000258
62.299999 0.000000 0.005179 0.000259 0.000259
62.399998 0.000000 0.004933 0.000260 0.000260
62.500000 0.000000 0.004945 0.000260 0.000260
62.599998 0.000000 0.004958 0.000261 0.000261
62.699997 0.000000 0.004971 0.000262 0.000262
62.799999 0.000000 0.004984 0.000262 0.000262
62.899998 0.000000 0.004997 0.000263 0.000263
63.000000 0.000000 0.004747 0.000264 0.000264
63.099998 0.000000 0.004495 0.000264 0.000000
63.199997 0.000000 0.004507 0.000265 0.000000
63.299999 0.000000 0.004253 0.000266 0.000000
63.399998 0.000000 0.003731 0.000267 0.000000
63.500000 0.000000 0.003741 0.000267 0.000000
63.599998 0.000000 0.003751 0.000268 0.000000
63.699997 0.000000 0.003761 0.000269 0.000000
63.799999 0.000000 0.003772 0.000269 0.000000
63.899998 0.000000 0.003782 0.000270 0.000000
64.000000 0.000000 0.003521 0.000271 0.000000
64.099998 0.000000 0.003531 0.000272 0.000000
64.199997 0.000000 0.003540 0.000272 0.000000
64.299995 0.000000 0.003550 0.000273 0.000000
64.400002 0.000000 0.003560 0.000274 0.000000
64.500000 0.000000 0.003569 0.000275 0.000000
64.599998 0.000000 0.003579 0.000275 0.000000
64.699997 0.000000 0.003589 0.000276 0.000000
64.799995 0.000000 0.003599 0.000277 0.000000
64.900002 0.000000 0.003609 0.000278 0.000000
65.000000 0.000000 0.003619 0.000278 0.000000
65.099998 0.000000 0.003629 0.000279 0.000000
65.199997 0.000000 0.003639 0.000280 0.000000
65.299995 0.000000 0.003650 0.000281 0.000000
65.400002 0.000000 0.003660 0.000282 0.000000
65.500000 0.000000 0.003670 0.000282 0.000000
65.599998 0.000000 0.003681 0.000283 0.000000
65.699997 0.000000 0.003691 0.000000 0.000000
65.799995 0.000000 0.003702 0.000000 0.000000
65.900002 0.000000 0.003712 0.000000 0.000000
66.000000 0.000000 0.003436 0.000000 0.000000
66.099998 0.000000 0.003446 0.000000 0.000000
66.199997 0.000000 0.003456 0.000000 0.000000
66.299995 0.000000 0.003466 0.000000 0.000000
66.400002 0.000000 0.003476 0.000000 0.000000
66.500000 0.000000 0.003486 0.000000 0.000000
66.599998 0.000000 0.003497 0.000000 0.000000
66.699997 0.000000 0.003507 0.000000 0.000000
66.799995 0.000000 0.003224 0.000000 0.000000
66.900002 0.000000 0.003233 0.000000 0.000000
67.000000 0.000000 0.003243 0.000000 0.000000
67.099998 0.000000 0.003253 0.000000 0.000000
67.199997 0.000000 0.003262 0.000000 0.000000
67.299995 0.000000 0.003272 0.000000 0.000000
67.400002 0.000000 0.003282 0.000000 0.000000
67.500000 0.000000 0.003291 0.000000 0.000000
67.599998 0.000000 0.003301 0.000000 0.000000
67.699997 0.000000 0.003311 0.000000 0.000000
67.799995 0.000000 0.003019 0.000000 0.000000
67.900002 0.000000 0.002726 0.000000 0.000000
68.000000 0.000000 0.002734 0.000000 0.000000
68.099998 0.000000 0.002742 0.000000 0.000000
68.199997 0.000000 0.002751 0.000000 0.000000
68.299995 0.000000 0.002759 0.000000 0.000000
68.400002 0.000000 0.002768 0.000000 0.000000
68.500000 0.000000 0.002776 0.000000 0.000000
68.599998 0.000000 0.002785 0.000000 0.000000
68.699997 0.000000 0.002793 0.000000 0.000000
68.799995 0.000000 0.002802 0.000000 0.000000
68.900002 0.000000 0.002811 0.000000 0.000000
69.000000 0.000000 0.002506 0.000000 0.000000
69.099998 0.000000 0.002514 0.000000 0.000000
69.199997 0.000000 0.002522 0.000000 0.000000
69.299995 0.000000 0.002530 0.000000 0.000000
69.400002 0.000000 0.002538 0.000000 0.000000
69.500000 0.000000 0.002546 0.000000 0.000000
69.599998 0.000000 0.002554 0.000000 0.000000
69.699997 0.000000 0.002562 0.000000 0.000000
69.799995 0.000000 0.002571 0.000000 0.000000
69.900002 0.000000 0.002579 0.000000 0.000000
70.000000 0.000000 0.002264 0.000000 0.000000
70.099998 0.000000 0.002271 0.000000 0.000000
70.199997 0.000000 0.002279 0.000000 0.000000
70.299995 0.000000 0.002286 0.000000 0.000000
70.400002 0.000000 0.002294 0.000000 0.000000
70.500000 0.000000 0.001972 0.000000 0.000000
70.599998 0.000000 0.001979 0.000000 0.000000
70.699997 0.000000 0.001985 0.000000 0.000000
70.799995 0.000000 0.001992 0.000000 0.000000
70.900002 0.000000 0.001999 0.000000 0.000000
71.000000 0.000000 0.002005 0.000000 0.000000
71.099998 0.000000 0.002012 0.000000 0.000000
71.199997 0.000000 0.002019 0.000000 0.000000
71.299995 0.000000 0.002026 0.000000 0.000000
71.400002 0.000000 0.002033 0.000000 0.000000
71.500000 0.000000 0.002039 0.000000 0.000000
71.599998 0.000000 0.002046 0.000000 0.000000
71.699997 0.000000 0.002053 0.000000 0.000000
71.799995 0.000000 0.002060 0.000000 0.000000
71.900002 0.000000 0.002068 0.000000 0.000000
72.000000 0.000000 0.002075 0.000000 0.000000
72.099998 0.000000 0.002082 0.000000 0.000000
72.199997 0.000000 0.002089 0.000000 0.000000
72.299995 0.000000 0.002096 0.000000 0.000000
72.400002 0.000000 0.002104 0.000000 0.000000
72.500000 0.000000 0.002111 0.000000 0.000000
72.599998 0.000000 0.002119 0.000000 0.000000
72.699997 0.000000 0.002126 0.000000 0.000000
72.799995 0.000000 0.002134 0.000000 0.000000
72.900002 0.000000 0.002141 0.000000 0.000000
73.000000 0.000000 0.002149 0.000000 0.000000
73.099998 0.000000 0.002157 0.000000 0.000000
73.199997 0.000000 0.002165 0.000000 0.000000
73.299995 0.000000 0.002172 0.000000 0.000000
73.400002 0.000000 0.002180 0.000000 0.000000
73.500000 0.000000 0.002188 0.000000 0.000000
73.599998 0.000000 0.002196 0.000000 0.000000
73.699997 0.000000 0.002204 0.000000 0.000000
73.799995 0.000000 0.002212 0.000000 0.000000
73.900002 0.000000 0.001850 0.000000 0.000000
74.000000 0.000000 0.001857 0.000000 0.000000
74.099998 0.000000 0.001864 0.000000 0.000000
74.199997 0.000000 0.001871 0.000000 0.000000
74.299995 0.000000 0.001503 0.000000 0.000000
74.400002 0.000000 0.001508 0.000000 0.000000
74.500000 0.000000 0.001514 0.000000 0.000000
74.599998 0.000000 0.001520 0.000000 0.000000
74.699997 0.000000 0.001144 0.000000 0.000000
74.799995 0.000000 0.001149 0.000000 0.000000
74.900002 0.000000 0.001153 0.000000 0.000000
75.000000 0.000000 0.001157 0.000000 0.000000
75.099998 0.000000 0.001162 0.000000 0.000000
75.199997 0.000000 0.001166 0.000000 0.000000
75.299995 0.000000 0.001171 0.000000 0.000000
75.400002 0.000000 0.001176 0.000000 0.000000
75.500000 0.000000 0.001180 0.000000 0.000000
75.599998 0.000000 0.001185 0.000000 0.000000
75.699997 0.000000 0.000793 0.000000 0.000000
75.799995 0.000000 0.000796 0.000000 0.000000
75.900002 0.000000 0.000799 0.000000 0.000000
76.000000 0.000000 0.000803 0.000000 0.000000
76.099998 0.000000 0.000806 0.000000 0.000000
76.199997 0.000000 0.000809 0.000000 0.000000
76.299995 0.000000 0.000812 0.000000 0.000000
76.400002 0.000000 0.000816 0.000000 0.000000
76.500000 0.000000 0.000819 0.000000 0.000000
76.599998 0.000000 0.000822 0.000000 0.000000
76.699997 0.000000 0.000826 0.000000 0.000000
76.799995 0.000000 0.000829 0.000000 0.000000
76.900002 0.000000 0.000833 0.000000 0.000000
77.000000 0.000000 0.000836 0.000000 0.000000
77.099998 0.000000 0.000840 0.000000 0.000000
77.199997 0.000000 0.000843 0.000000 0.000000
77.299995 0.000000 0.000847 0.000000 0.000000
77.400002 0.000000 0.000850 0.000000 0.000000
77.500000 0.000000 0.000854 0.000000 0.000000
77.599998 0.000000 0.000858 0.000000 0.000000
77.699997 0.000000 0.000861 0.000000 0.000000
77.799995 0.000000 0.000865 0.000000 0.000000
77.900002 0.000000 0.000869 0.000000 0.000000
78.000000 0.000000 0.000873 0.000000 0.000000
78.099998 0.000000 0.000876 0.000000 0.000000
78.199997 0.000000 0.000880 0.000000 0.000000
78.299995 0.000000 0.000884 0.000000 0.000000
78.400002 0.000000 0.000888 0.000000 0.000000
78.500000 0.000000 0.000892 0.000000 0.000000
78.599998 0.000000 0.000896 0.000000 0.000000
78.699997 0.000000 0.000900 0.000000 0.000000
78.799995 0.000000 0.000904 0.000000 0.000000
78.900002 0.000000 0.000908 0.000000 0.000000
79.000000 0.000000 0.000912 0.000000 0.000000
79.099998 0.000000 0.000917 0.000000 0.000000
79.199997 0.000000 0.000921 0.000000 0.000000
79.299995 0.000000 0.000925 0.000000 0.000000
79.400002 0.000000 0.000929 0.000000 0.000000
79.500000 0.000000 0.000934 0.000000 0.000000
79.599998 0.000000 0.000938 0.000000 0.000000
79.699997 0.000000 0.000943 0.000000 0.000000
79.799995 0.000000 0.000947 0.000000 0.000000
79.900002 0.000000 0.000951 0.000000 0.000000
80.000000 0.000000 0.000956 0.000000 0.000000
80.099998 0.000000 0.000961 0.000000 0.000000
80.199997 0.000000 0.000965 0.000000 0.000000
80.299995 0.000000 0.000970 0.000000 0.000000
80.400002 0.000000 0.000975 0.000000 0.000000
80.500000 0.000000 0.000979 0.000000 0.000000
80.599998 0.000000 0.000984 0.000000 0.000000
80.699997 0.000000 0.000989 0.000000 0.000000
80.799995 0.000000 0.000994 0.000000 0.000000
80.900002 0.000000 0.000999 0.000000 0.000000
81.000000 0.000000 0.001004 0.000000 0.000000
81.099998 0.000000 0.001009 0.000000 0.000000
81.199997 0.000000 0.001014 0.000000 0.000000
81.299995 0.000000 0.001019 0.000000 0.000000
81.400002 0.000000 0.001025 0.000000 0.000000
81.500000 0.000000 0.001030 0.000000 0.000000
81.599998 0.000000 0.001035 0.000000 0.000000
81.699997 0.000000 0.001041 0.000000 0.000000
81.799995 0.000000 0.001046 0.000000 0.000000
81.900002 0.000000 0.001052 0.000000 0.000000
82.000000 0.000000 0.001057 0.000000 0.000000
82.099998 0.000000 0.001063 0.000000 0.000000
82.199997 0.000000 0.001068 0.000000 0.000000
82.299995 0.000000 0.001074 0.000000 0.000000
82.400002 0.000000 0.001080 0.000000 0.000000
82.500000 0.000000 0.001086 0.000000 0.000000
82.599998 0.000000 0.001092 0.000000 0.000000
82.699997 0.000000 0.001098 0.000000 0.000000
82.799995 0.000000 0.001104 0.000000 0.000000
82.900002 0.000000 0.001110 0.000000 0.000000
83.000000 0.000000 0.001116 0.000000 0.000000
83.099998 0.000000 0.001122 0.000000 0.000000
83.199997 0.000000 0.000564 0.000000 0.000000
83.299995 0.000000 0.000568 0.000000 0.000000
83.400002 0.000000 0.000571 0.000000 0.000000
83.500000 0.000000 0.000574 0.000000 0.000000
83.599998 0.000000 0.000577 0.000000 0.000000
83.699997 0.000000 0.000581 0.000000 0.000000
83.799995 0.000000 0.000584 0.000000 0.000000
83.900002 0.000000 0.000588 0.000000 0.000000
84.000000 0.000000 0.000591 0.000000 0.000000
84.099998 0.000000 0.000595 0.000000 0.000000
84.199997 0.000000 0.000598 0.000000 0.000000
84.299995 0.000000 0.000602 0.000000 0.000000
84.400002 0.000000 0.000605 0.000000 0.000000
84.500000 0.000000 0.000609 0.000000 0.000000
84.599998 0.000000 0.000613 0.000000 0.000000
84.699997 0.000000 0.000617 0.000000 0.000000
84.799995 0.000000 0.000620 0.000000 0.000000
84.900002 0.000000 0.000624 0.000000 0.000000
85.000000 0.000000 0.000628 0.000000 0.000000
85.099998 0.000000 0.000632 0.000000 0.000000
85.199997 0.000000 0.000636 0.000000 0.000000
85.299995 0.000000 0.000640 0.000000 0.000000
85.400002 0.000000 0.000644 0.000000 0.000000
85.500000 0.000000 0.000649 0.000000 0.000000
85.599998 0.000000 0.000653 0.000000 0.000000
85.699997 0.000000 0.000657 0.000000 0.000000
85.799995 0.000000 0.000661 0.000000 0.000000
85.900002 0.000000 0.000666 0.000000 0.000000
86.000000 0.000000 0.000670 0.000000 0.000000
86.099998 0.000000 0.000675 0.000000 0.000000
86.199997 0.000000 0.000679 0.000000 0.000000
86.299995 0.000000 0.000684 0.000000 0.000000
86.400002 0.000000 0.000689 0.000000 0.000000
86.500000 0.000000 0.000693 0.000000 0.000000
86.599998 0.000000 0.000698 0.000000 0.000000
86.699997 0.000000 0.000703 0.000000 0.000000
86.799995 0.000000 0.000708 0.000000 0.000000
86.900002 0.000000 0.000000 0.000000 0.000000
87.000000 0.000000 0.000000 0.000000 0.000000
87.099998 0.000000 0.000000 0.000000 0.000000
87.199997 0.000000 0.000000 0.000000 0.000000
87.299995 0.000000 0.000000 0.000000 0.000000
87.400002 0.000000 0.000000 0.000000 0.000000
87.500000 0.000000 0.000000 0.000000 0.000000
87.599998 0.000000 0.000000 0.000000 0.000000
87.699997 0.000000 0.000000 0.000000 0.000000
87.799995 0.000000 0.000000 0.000000 0.000000
87.900002 0.000000 0.000000 0.000000 0.000000
88.000000 0.000000 0.000000 0.000000 0.000000
88.099998 0.000000 0.000000 0.000000 0.000000
88.199997 0.000000 0.000000 0.000000 0.000000
88.299995 0.000000 0.000000 0.000000 0.000000
88.400002 0.000000 0.000000 0.000000 0.000000
88.500000 0.000000 0.000000 0.000000 0.000000
88.599998 0.000000 0.000000 0.000000 0.000000
88.699997 0.000000 0.000000 0.000000 0.000000
88.799995 0.000000 0.000000 0.000000 0.000000
88.900002 0.000000 0.000000 0.000000 0.000000
89.000000 0.000000 0.000000 0.000000 0.000000
89.099998 0.000000 0.000000 0.000000 0.000000
89.199997 0.000000 0.000000 0.000000 0.000000
89.299995 0.000000 0.000000 0.000000 0.000000
89.400002 0.000000 0.000000 0.000000 0.000000
89.500000 0.000000 0.000000 0.000000 0.000000
89.599998 0.000000 0.000000 0.000000 0.000000
89.699997 0.000000 0.000000 0.000000 0.000000
89.799995 0.000000 0.000000 0.000000 0.000000
89.900002 0.000000 0.000000 0.000000 0.000000
90.000000 0.000000 0.000000 0.000000 0.000000
90.099998 0.000000 0.000000 0.000000 0.000000
90.199997 0.000000 0.000000 0.000000 0.000000
90.299995 0.000000 0.000000 0.000000 0.000000
90.400002 0.000000 0.000000 0.000000 0.000000
90.500000 0.000000 0.000000 0.000000 0.000000
90.599998 0.000000 0.000000 0.000000 0.000000
90.699997 0.000000 0.000000 0.000000 0.000000
90.799995 0.000000 0.000000 0.000000 0.000000
90.900002 0.000000 0.000000 0.000000 0.000000
91.000000 0.000000 0.000000 0.000000 0.000000
91.099998 0.000000 0.000000 0.000000 0.000000
91.199997 0.000000 0.000000 0.000000 0.000000
91.299995 0.000000 0.000000 0.000000 0.000000
91.400002 0.000000 0.000000 0.000000 0.000000
91.500000 0.000000 0.000000 0.000000 0.000000
91.599998 0.000000 0.000000 0.000000 0.000000
91.699997 0.000000 0.000000 0.000000 0.000000
91.799995 0.000000 0.000000 0.000000 0.000000
91.900002 0.000000 0.000000 0.000000 0.000000
92.000000 0.000000 0.000000 0.000000 0.000000
92.099998 0.000000 0.000000 0.000000 0.000000
92.199997 0.000000 0.000000 0.000000 0.000000
92.299995 0.000000 0.000000 0.000000 0.000000
92.400002 0.000000 0.000000 0.000000 0.000000
92.500000 0.000000 0.000000 0.000000 0.000000
92.599998 0.000000 0.000000 0.000000 0.000000
92.699997 0.000000 0.000000 0.000000 0.000000
92.799995 0.000000 0.000000 0.000000 0.000000
92.900002 0.000000 0.000000 0.000000 0.000000
93.000000 0.000000 0.000000 0.000000 0.000000
93.099998 0.000000 0.000000 0.000000 0.000000
93.199997 0.000000 0.000000 0.000000 0.000000
93.299995 0.000000 0.000000 0.000000 0.000000
93.400002 0.000000 0.000000 0.000000 0.000000
93.500000 0.000000 0.000000 0.000000 0.000000
93.599998 0.000000 0.000000 0.000000 0.000000
93.699997 0.000000 0.000000 0.000000 0.000000
93.799995 0.000000 0.000000 0.000000 0.000000
93.900002 0.000000 0.000000 0.000000 0.000000
94.000000 0.000000 0.000000 0.000000 0.000000
94.099998 0.000000 0.000000 0.000000 0.000000
94.199997 0.000000 0.000000 0.000000 0.000000
94.299995 0.000000 0.000000 0.000000 0.000000
94.400002 0.000000 0.000000 0.000000 0.000000
94.500000 0.000000 0.000000 0.000000 0.000000
94.599998 0.000000 0.000000 0.000000 0.000000
94.699997 0.000000 0.000000 0.000000 0.000000
94.799995 0.000000 0.000000 0.000000 0.000000
94.900002 0.000000 0.000000 0.000000 0.000000
95.000000 0.000000 0.000000 0.000000 0.000000
95.099998 0.000000 0.000000 0.000000 0.000000
95.199997 0.000000 0.000000 0.000000 0.000000
95.299995 0.000000 0.000000 0.000000 0.000000
95.400002 0.000000 0.000000 0.000000 0.000000
95.500000 0.000000 0.000000 0.000000 0.000000
95.599998 0.000000 0.000000 0.000000 0.000000
95.699997 0.000000 0.000000 0.000000 0.000000
95.799995 0.000000 0.000000 0.000000 0.000000
95.900002 0.000000 0.000000 0.000000 0.000000
96.000000 0.000000 0.000000 0.000000 0.000000
96.099998 0.000000 0.000000 0.000000 0.000000
96.199997 0.000000 0.000000 0.000000 0.000000
96.299995 0.000000 0.000000 0.000000 0.000000
96.400002 0.000000 0.000000 0.000000 0.000000
96.500000 0.000000 0.000000 0.000000 0.000000
96.599998 0.000000 0.000000 0.000000 0.000000
96.699997 0.000000 0.000000 0.000000 0.000000
96.799995 0.000000 0.000000 0.000000 0.000000
96.900002 0.000000 0.000000 0.000000 0.000000
97.000000 0.000000 0.000000 0.000000 0.000000
97.099998 0.000000 0.000000 0.000000 0.000000
97.199997 0.000000 0.000000 0.000000 0.000000
97.299995 0.000000 0.000000 0.000000 0.000000
97.400002 0.000000 0.000000 0.000000 0.000000
97.500000 0.000000 0.000000 0.000000 0.000000
97.599998 0.000000 0.000000 0.000000 0.000000
97.699997 0.000000 0.000000 0.000000 0.000000
97.799995 0.000000 0.000000 0.000000 0.000000
97.900002 0.000000 0.000000 0.000000 0.000000
98.000000 0.000000 0.000000 0.000000 0.000000
98.099998 0.000000 0.000000 0.000000 0.000000
98.199997 0.000000 0.000000 0.000000 0.000000
98.299995 0.000000 0.000000 0.000000 0.000000
98.400002 0.000000 0.000000 0.000000 0.000000
98.500000 0.000000 0.000000 0.000000 0.000000
98.599998 0.000000 0.000000 0.000000 0.000000
98.699997 0.000000 0.000000 0.000000 0.000000
98.799995 0.000000 0.000000 0.000000 0.000000
98.900002 0.000000 0.000000 0.000000 0.000000
99.000000 0.000000 0.000000 0.000000 0.000000
99.099998 0.000000 0.000000 0.000000 0.000000
99.199997 0.000000 0.000000 0.000000 0.000000
99.299995 0.000000 0.000000 0.000000 0.000000
99.400002 0.000000 0.000000 0.000000 0.000000
99.500000 0.000000 0.000000 0.000000 0.000000
99.599998 0.000000 0.000000 0.000000 0.000000
99.699997 0.000000 0.000000 0.000000 0.000000
99.799995 0.000000 0.000000 0.000000 0.000000
99.900002 0.000000 0.000000 0.000000 0.000000
100.000000 0.000000 0.000000 0.000000 0.000000
100.099998 0.000000 0.000000 0.000000 0.000000
100.199997 0.000000 0.000000 0.000000 0.000000
100.299995 0.000000 0.000000 0.000000 0.000000
100.400002 0.000000 0.000000 0.000000 0.000000
100.500000 0.000000 0.000000 0.000000 0.000000
100.599998 0.000000 0.000000 0.000000 0.000000
100.699997 0.000000 0.000000 0.000000 0.000000
100.799995 0.000000 0.000000 0.000000 0.000000
100.900002 0.000000 0.000000 0.000000 0.000000
