0.000000 0.998499 7.990993 0.999300 0.999099
0.100000 0.990599 7.919492 0.989799 0.991599
0.200000 0.978687 7.829197 0.977987 0.979688
0.300000 0.969160 7.775307 0.969260 0.971062
0.400000 0.954309 7.676553 0.954810 0.955110
0.500000 0.932210 7.519656 0.933915 0.931608
0.600000 0.901847 7.319450 0.905058 0.904556
0.700000 0.875264 7.124837 0.875063 0.876770
0.800000 0.853252 6.980601 0.853855 0.855563
0.900000 0.821529 6.777968 0.822736 0.824749
1.000000 0.791986 6.576822 0.797020 0.795812
1.100000 0.762471 6.376700 0.769525 0.769122
1.200000 0.730509 6.158043 0.739889 0.740696
1.300000 0.703745 5.976482 0.716160 0.714242
1.400000 0.678792 5.801657 0.692533 0.688997
1.500000 0.649206 5.598847 0.665285 0.664071
1.600000 0.620344 5.406579 0.639474 0.638866
1.700000 0.590053 5.197629 0.611629 0.612034
1.800000 0.565447 5.031633 0.588563 0.589780
1.900000 0.538922 4.846747 0.565209 0.565006
2.000000 0.511070 4.666565 0.543571 0.541032
2.100000 0.485819 4.495578 0.518247 0.519264
2.200000 0.459253 4.317631 0.494252 0.497100
2.300000 0.439250 4.176698 0.475914 0.478969
2.400000 0.418043 4.030479 0.455861 0.460347
2.500000 0.396592 3.878584 0.436588 0.440057
2.600000 0.374183 3.724061 0.415441 0.423101
2.700000 0.356844 3.613922 0.400286 0.408464
2.800000 0.336949 3.477438 0.383506 0.391180
2.900000 0.317493 3.353339 0.369521 0.375051
3.000000 0.301589 3.246438 0.356740 0.361866
3.100000 0.283135 3.114075 0.342429 0.347558
3.200000 0.269946 3.026800 0.330321 0.335558
3.300000 0.254394 2.914894 0.318429 0.322027
3.400000 0.239222 2.807079 0.306204 0.308571
3.500000 0.226135 2.717022 0.295644 0.298733
3.600000 0.211915 2.622964 0.283550 0.287466
3.700000 0.200887 2.552208 0.275794 0.277858
3.800000 0.189385 2.479761 0.266522 0.269827
3.900000 0.176142 2.386396 0.255634 0.258528
4.000000 0.164201 2.303259 0.246456 0.249146
4.100000 0.153790 2.221935 0.238194 0.240162
4.200000 0.143153 2.148958 0.230434 0.230642
4.300000 0.134156 2.081241 0.221830 0.222038
4.400000 0.127337 2.031263 0.216971 0.216556
4.500000 0.118424 1.965897 0.209087 0.208983
4.600000 0.110949 1.911948 0.201291 0.201811
4.700000 0.103146 1.850802 0.195562 0.194624
4.800000 0.094910 1.787443 0.187943 0.187109
4.900000 0.086761 1.730633 0.180727 0.180309
5.000000 0.081835 1.690949 0.176735 0.174958
5.100000 0.077937 1.656659 0.173240 0.171880
5.200000 0.073201 1.619227 0.169128 0.166405
5.300000 0.066562 1.572327 0.164465 0.161216
5.400000 0.061588 1.532893 0.160319 0.157276
5.500000 0.056507 1.493331 0.155866 0.152715
5.600000 0.052781 1.461676 0.153717 0.149932
5.700000 0.050100 1.431849 0.150931 0.147353
5.800000 0.046676 1.399747 0.146876 0.144979
5.900000 0.041662 1.355975 0.142601 0.140808
6.000000 0.038328 1.323092 0.140112 0.136944
6.100000 0.036043 1.298383 0.137406 0.135187
6.200000 0.033005 1.272718 0.135830 0.132974
6.300000 0.031452 1.254157 0.133220 0.130573
6.400000 0.029577 1.233012 0.131029 0.128379
6.500000 0.028759 1.215855 0.129895 0.126287
6.600000 0.027515 1.197918 0.128864 0.125465
6.700000 0.025417 1.173987 0.126555 0.124003
6.800000 0.023100 1.151160 0.124760 0.122419
6.900000 0.020565 1.124880 0.121257 0.119766
7.000000 0.019200 1.108480 0.119253 0.118827
7.100000 0.018046 1.090550 0.117245 0.116925
7.200000 0.016355 1.070978 0.115874 0.114805
7.300000 0.015194 1.052536 0.114166 0.113952
7.400000 0.014353 1.040274 0.113111 0.112789
7.500000 0.013403 1.025627 0.111945 0.111731
7.600000 0.013310 1.016101 0.110777 0.110133
7.700000 0.011820 0.997314 0.109284 0.108532
7.800000 0.010757 0.982466 0.108003 0.107143
7.900000 0.010230 0.969093 0.106181 0.106289
8.000000 0.009702 0.957956 0.104787 0.104787
8.099999 0.008310 0.943017 0.103497 0.103281
8.200000 0.007455 0.929451 0.102420 0.101880
8.300000 0.006922 0.916613 0.101341 0.100584
8.400000 0.006172 0.902988 0.100043 0.099502
8.500000 0.005745 0.893779 0.098851 0.098743
8.599999 0.005425 0.882812 0.097005 0.097548
8.700000 0.005323 0.874430 0.095481 0.097328
8.800000 0.005002 0.863310 0.094498 0.095803
8.900000 0.004681 0.855759 0.093294 0.095145
9.000000 0.004686 0.848099 0.092623 0.094257
9.099999 0.004254 0.840406 0.091742 0.093488
9.200000 0.004368 0.833898 0.090204 0.092607
9.300000 0.004045 0.823002 0.089538 0.091287
9.400000 0.003611 0.810900 0.088203 0.089845
9.500000 0.003506 0.804229 0.087204 0.088957
9.599999 0.003290 0.796666 0.086642 0.087848
9.700000 0.003074 0.786122 0.084870 0.087176
9.800000 0.002858 0.778083 0.084304 0.085953
9.900000 0.002641 0.768291 0.083067 0.085378
10.000000 0.002643 0.759886 0.082388 0.084040
10.099999 0.002646 0.753556 0.081707 0.083251
10.200000 0.002539 0.744895 0.080804 0.082459
10.300000 0.002321 0.736324 0.079788 0.081666
10.400000 0.002323 0.730280 0.079434 0.080872
10.500000 0.002104 0.720567 0.078082 0.079632
10.599999 0.002107 0.714270 0.076727 0.079055
10.700000 0.002109 0.709069 0.075591 0.078033
10.800000 0.002111 0.699522 0.074230 0.077231
10.900000 0.001891 0.691178 0.073534 0.077205
11.000000 0.001782 0.684375 0.073059 0.076623
11.099999 0.001672 0.676330 0.071914 0.076040
11.200000 0.001674 0.669606 0.070767 0.074785
11.300000 0.001676 0.663314 0.070175 0.073975
11.400000 0.001566 0.656673 0.069023 0.073610
11.500000 0.001792 0.653265 0.068317 0.072573
11.599999 0.001682 0.646934 0.067608 0.071757
11.700000 0.001459 0.638047 0.067116 0.071268
11.800000 0.001573 0.632472 0.066067 0.070787
11.900000 0.001462 0.626097 0.065242 0.069741
12.000000 0.001351 0.618694 0.064752 0.068694
12.099999 0.001240 0.611274 0.064262 0.067869
12.200000 0.001241 0.606974 0.063643 0.067592
12.300000 0.001017 0.600994 0.062359 0.066991
12.400000 0.001018 0.595227 0.061864 0.066048
12.500000 0.000793 0.588428 0.061707 0.065670
12.599999 0.000680 0.582068 0.061437 0.065291
12.700000 0.000454 0.575238 0.060259 0.064798
12.799999 0.000454 0.570666 0.059986 0.064304
12.900000 0.000455 0.565059 0.059486 0.063808
13.000000 0.000455 0.559554 0.059098 0.062970
13.099999 0.000456 0.553922 0.058368 0.062130
13.200000 0.000457 0.547592 0.058206 0.061744
13.299999 0.000457 0.542733 0.057358 0.061015
13.400000 0.000343 0.537406 0.057081 0.060169
13.500000 0.000344 0.532066 0.056459 0.060124
13.599999 0.000229 0.526599 0.055721 0.059619
13.700000 0.000230 0.519513 0.055670 0.058884
13.799999 0.000230 0.514365 0.055160 0.058377
13.900000 0.000115 0.509664 0.054993 0.057869
14.000000 0.000115 0.503916 0.054596 0.057475
14.099999 0.000115 0.499193 0.053851 0.056850
14.200000 0.000115 0.494459 0.053221 0.056107
14.299999 0.000000 0.488442 0.053167 0.055479
14.400000 0.000000 0.485304 0.052766 0.054964
14.500000 0.000000 0.480190 0.052016 0.054333
14.599999 0.000000 0.475992 0.051960 0.053584
14.700000 0.000000 0.470274 0.051091 0.053182
14.799999 0.000000 0.464776 0.050453 0.052546
14.900000 0.000000 0.460607 0.049808 0.052135
15.000000 0.000000 0.455435 0.049516 0.051381
15.099999 0.000000 0.452117 0.048874 0.050741
15.200000 0.000000 0.446806 0.048581 0.050099
15.299999 0.000000 0.441716 0.048170 0.049690
15.400000 0.000000 0.437317 0.048110 0.049397
15.500000 0.000000 0.432790 0.048049 0.048518
15.599999 0.000000 0.429074 0.047753 0.048222
15.700000 0.000000 0.425115 0.047457 0.047692
15.799999 0.000000 0.421145 0.046925 0.047395
15.900000 0.000000 0.417874 0.046509 0.046980
16.000000 0.000000 0.412944 0.045385 0.046210
16.100000 0.000000 0.409300 0.044966 0.045911
16.199999 0.000000 0.405884 0.044783 0.045610
16.299999 0.000000 0.401514 0.044481 0.045191
16.400000 0.000000 0.397489 0.044060 0.045008
16.500000 0.000000 0.394166 0.043520 0.044350
16.600000 0.000000 0.390004 0.042740 0.043927
16.699999 0.000000 0.386426 0.042078 0.043861
16.799999 0.000000 0.382839 0.041176 0.043437
16.900000 0.000000 0.380198 0.040510 0.043131
17.000000 0.000000 0.376357 0.040439 0.042825
17.100000 0.000000 0.372343 0.040124 0.042274
17.199999 0.000000 0.369635 0.039928 0.041961
17.299999 0.000000 0.366846 0.039378 0.041412
17.400000 0.000000 0.363930 0.039185 0.040863
17.500000 0.000000 0.359808 0.038632 0.040432
17.600000 0.000000 0.354955 0.038198 0.040240
17.699999 0.000000 0.351293 0.037402 0.039808
17.799999 0.000000 0.348344 0.037207 0.039374
17.900000 0.000000 0.344424 0.036890 0.039060
18.000000 0.000000 0.340616 0.036693 0.038865
18.100000 0.000000 0.336798 0.035891 0.038429
18.199999 0.000000 0.334301 0.035572 0.037992
18.299999 0.000000 0.331678 0.035251 0.037916
18.400000 0.000000 0.328765 0.034926 0.037837
18.500000 0.000000 0.326251 0.034968 0.037761
18.600000 0.000000 0.323243 0.034768 0.037442
18.699999 0.000000 0.321081 0.034445 0.037123
18.799999 0.000000 0.317816 0.034000 0.036437
18.900000 0.000000 0.315398 0.033675 0.036115
19.000000 0.000000 0.312973 0.033594 0.035671
19.100000 0.000000 0.309320 0.033146 0.035225
19.199999 0.000000 0.307127 0.032452 0.034901
19.299999 0.000000 0.304438 0.032124 0.034821
19.400000 0.000000 0.301866 0.031918 0.034618
19.500000 0.000000 0.298918 0.031711 0.033923
19.600000 0.000000 0.296702 0.031381 0.033350
19.699999 0.000000 0.294110 0.030803 0.032898
19.799999 0.000000 0.291759 0.029978 0.032568
19.900000 0.000000 0.288291 0.029891 0.031991
20.000000 0.000000 0.284319 0.029681 0.031907
20.100000 0.000000 0.280708 0.029222 0.031699
20.199999 0.000000 0.277957 0.029011 0.031366
20.299999 0.000000 0.274950 0.028923 0.031157
20.400000 0.000000 0.272185 0.028834 0.031196
20.500000 0.000000 0.268293 0.028372 0.030986
20.600000 0.000000 0.266260 0.028408 0.030900
20.699999 0.000000 0.263473 0.028318 0.030689
20.799999 0.000000 0.261429 0.028104 0.030227
20.900000 0.000000 0.258879 0.027764 0.029890
21.000000 0.000000 0.257075 0.027673 0.029552
21.100000 0.000000 0.254764 0.027708 0.029463
21.199999 0.000000 0.251820 0.027743 0.029249
21.299999 0.000000 0.249372 0.027652 0.029286
21.400000 0.000000 0.246287 0.027309 0.029071
21.500000 0.000000 0.244708 0.027092 0.028730
21.600000 0.000000 0.242115 0.027126 0.028640
21.699999 0.000000 0.240147 0.026908 0.028550
21.799999 0.000000 0.238679 0.026689 0.028080
21.900000 0.000000 0.236196 0.026722 0.027989
22.000000 0.000000 0.234310 0.026119 0.027894
22.100000 0.000000 0.232322 0.025390 0.027549
22.199999 0.000000 0.230075 0.024787 0.027456
22.299999 0.000000 0.227568 0.024564 0.027110
22.400000 0.000000 0.225436 0.024341 0.026889
22.500000 0.000000 0.223555 0.023861 0.026668
22.600000 0.000000 0.221796 0.023636 0.025936
22.699999 0.000000 0.219266 0.023538 0.025713
22.799999 0.000000 0.217369 0.023312 0.025490
22.900000 0.000000 0.214826 0.023214 0.025394
23.000000 0.000000 0.212791 0.023115 0.025427
23.100000 0.000000 0.210235 0.023017 0.025203
23.199999 0.000000 0.208060 0.022789 0.024462
23.299999 0.000000 0.205750 0.022560 0.024107
23.400000 0.000000 0.204208 0.022202 0.023622
23.500000 0.000000 0.202663 0.021972 0.023523
23.600000 0.000000 0.200984 0.021742 0.023424
23.699999 0.000000 0.199689 0.021770 0.023066
23.799999 0.000000 0.197094 0.021279 0.022966
23.900000 0.000000 0.195011 0.021047 0.022606
24.000000 0.000000 0.193183 0.020944 0.022115
24.100000 0.000000 0.191351 0.020190 0.022014
24.199999 0.000000 0.189513 0.019825 0.021390
24.299999 0.000000 0.187410 0.019329 0.021157
24.400000 0.000000 0.184778 0.018962 0.021185
24.500000 0.000000 0.182794 0.018725 0.021082
24.600000 0.000000 0.180805 0.018225 0.020978
24.699999 0.000000 0.178811 0.017855 0.021006
24.799999 0.000000 0.177205 0.017747 0.021033
24.900000 0.000000 0.175596 0.017507 0.021061
25.000000 0.000000 0.173718 0.017266 0.021089
25.100000 0.000000 0.171836 0.017025 0.021117
25.199999 0.000000 0.170081 0.016916 0.021144
25.299999 0.000000 0.168718 0.016673 0.020775
25.400000 0.000000 0.167616 0.016430 0.020670
25.500000 0.000000 0.165848 0.016187 0.020698
25.599998 0.000000 0.164586 0.015940 0.020324
25.699999 0.000000 0.162410 0.015696 0.019952
25.799999 0.000000 0.160762 0.015717 0.019979
25.900000 0.000000 0.160043 0.015071 0.019872
26.000000 0.000000 0.158787 0.015091 0.019364
26.099998 0.000000 0.157529 0.014977 0.019123
26.199999 0.000000 0.156267 0.014596 0.018747
26.299999 0.000000 0.154465 0.014481 0.018370
26.400000 0.000000 0.152793 0.014501 0.018260
26.500000 0.000000 0.151096 0.014249 0.018416
26.599998 0.000000 0.149818 0.013999 0.017903
26.699999 0.000000 0.147998 0.013748 0.017927
26.799999 0.000000 0.147253 0.013497 0.017951
26.900000 0.000000 0.144884 0.013110 0.017840
27.000000 0.000000 0.143862 0.012722 0.017729
27.099998 0.000000 0.142567 0.012739 0.017482
27.199999 0.000000 0.140318 0.012756 0.017099
27.299999 0.000000 0.138995 0.012772 0.017255
27.400000 0.000000 0.137687 0.012653 0.017143
27.500000 0.000000 0.136104 0.012670 0.017030
27.599998 0.000000 0.134379 0.012688 0.016644
27.699999 0.000000 0.133333 0.012432 0.016667
27.799999 0.000000 0.132148 0.012312 0.016553
27.900000 0.000000 0.131233 0.012192 0.016301
28.000000 0.000000 0.129767 0.012071 0.016324
28.099998 0.000000 0.129121 0.012088 0.016209
28.199999 0.000000 0.128748 0.011279 0.015956
28.299999 0.000000 0.126860 0.011295 0.015427
28.400000 0.000000 0.126345 0.011310 0.015310
28.500000 0.000000 0.125414 0.011326 0.015055
28.599998 0.000000 0.124205 0.011342 0.015076
28.699999 0.000000 0.123546 0.011357 0.014820
28.799999 0.000000 0.122053 0.011373 0.014424
28.900000 0.000000 0.120694 0.011389 0.014306
29.000000 0.000000 0.119750 0.010848 0.014325
29.099998 0.000000 0.118245 0.010864 0.013928
29.199999 0.000000 0.117294 0.010879 0.013808
29.299999 0.000000 0.116341 0.010754 0.013827
29.400000 0.000000 0.114825 0.010769 0.013706
29.500000 0.000000 0.113305 0.010504 0.013585
29.599998 0.000000 0.111641 0.010519 0.013464
29.699999 0.000000 0.111096 0.010393 0.013343
29.799999 0.000000 0.110408 0.010267 0.013361
29.900000 0.000000 0.109859 0.010000 0.013380
30.000000 0.000000 0.108604 0.009732 0.013258
30.099998 0.000000 0.106780 0.009746 0.013136
30.199999 0.000000 0.105516 0.009618 0.013013
30.299999 0.000000 0.104533 0.009632 0.012890
30.400000 0.000000 0.104113 0.009645 0.012482
30.500000 0.000000 0.103267 0.009659 0.012358
30.599998 0.000000 0.102418 0.009673 0.011949
30.699999 0.000000 0.102279 0.009402 0.011823
30.799999 0.000000 0.101712 0.009415 0.011840
30.900000 0.000000 0.100429 0.009429 0.011714
31.000000 0.000000 0.100143 0.009299 0.011588
31.099998 0.000000 0.098711 0.009312 0.011461
31.199999 0.000000 0.097848 0.009326 0.011334
31.299999 0.000000 0.096695 0.009052 0.011351
31.400000 0.000000 0.095540 0.008777 0.010935
31.500000 0.000000 0.095389 0.008790 0.010951
31.599998 0.000000 0.094661 0.008514 0.010967
31.699999 0.000000 0.093064 0.008526 0.010983
31.799999 0.000000 0.092475 0.008538 0.010999
31.900000 0.000000 0.091594 0.008551 0.011014
32.000000 0.000000 0.090711 0.008418 0.010885
32.099998 0.000000 0.090116 0.008285 0.010756
32.200001 0.000000 0.088501 0.008151 0.010771
32.299999 0.000000 0.087464 0.008163 0.010496
32.399998 0.000000 0.087153 0.008175 0.010511
32.500000 0.000000 0.085526 0.008041 0.010380
32.599998 0.000000 0.084919 0.008053 0.010395
32.700001 0.000000 0.084018 0.007625 0.009971
32.799999 0.000000 0.083260 0.007636 0.009838
32.899998 0.000000 0.081618 0.007500 0.009559
33.000000 0.000000 0.080854 0.007216 0.009573
33.099998 0.000000 0.080236 0.007227 0.009440
33.200001 0.000000 0.079173 0.007238 0.009453
33.299999 0.000000 0.078698 0.007249 0.009467
33.399998 0.000000 0.078074 0.007259 0.009333
33.500000 0.000000 0.077596 0.007270 0.009347
33.599998 0.000000 0.076523 0.007132 0.009361
33.700001 0.000000 0.075744 0.007143 0.009375
33.799999 0.000000 0.075261 0.007004 0.009240
33.899998 0.000000 0.074478 0.007015 0.008806
34.000000 0.000000 0.073094 0.007025 0.008819
34.099998 0.000000 0.071856 0.007036 0.008683
34.200001 0.000000 0.071064 0.007046 0.008396
34.299999 0.000000 0.070871 0.006907 0.008408
34.399998 0.000000 0.070226 0.006767 0.008421
34.500000 0.000000 0.070030 0.006627 0.008283
34.599998 0.000000 0.069382 0.006637 0.008296
34.700001 0.000000 0.068580 0.006495 0.008157
34.799999 0.000000 0.068381 0.006505 0.008169
34.899998 0.000000 0.068030 0.006515 0.008030
35.000000 0.000000 0.067375 0.006525 0.007891
35.099998 0.000000 0.067021 0.006383 0.007903
35.200001 0.000000 0.066210 0.006240 0.007915
35.299999 0.000000 0.064939 0.006250 0.007927
35.399998 0.000000 0.064112 0.006259 0.008090
35.500000 0.000000 0.063140 0.006115 0.008103
35.599998 0.000000 0.062471 0.005972 0.007962
35.700001 0.000000 0.062107 0.005827 0.007974
35.799999 0.000000 0.061281 0.005836 0.007986
35.899998 0.000000 0.060597 0.005691 0.008151
36.000000 0.000000 0.060074 0.005545 0.008010
36.099998 0.000000 0.059395 0.005554 0.007868
36.200001 0.000000 0.058096 0.005562 0.007726
36.299999 0.000000 0.057567 0.005571 0.007738
36.399998 0.000000 0.057192 0.005580 0.007750
36.500000 0.000000 0.056815 0.005588 0.007451
36.599998 0.000000 0.056281 0.005442 0.007463
36.700001 0.000000 0.055123 0.005450 0.007319
36.799999 0.000000 0.054117 0.005459 0.007330
36.899998 0.000000 0.053889 0.005467 0.007341
37.000000 0.000000 0.053191 0.005476 0.007353
37.099998 0.000000 0.052648 0.005484 0.007364
37.200001 0.000000 0.051946 0.005336 0.007219
37.299999 0.000000 0.051399 0.005344 0.007073
37.399998 0.000000 0.050378 0.005353 0.007084
37.500000 0.000000 0.050457 0.005203 0.007096
37.599998 0.000000 0.050063 0.005212 0.006949
37.700001 0.000000 0.049826 0.005220 0.006960
37.799999 0.000000 0.049588 0.004911 0.006971
37.899998 0.000000 0.049191 0.004919 0.006982
38.000000 0.000000 0.048792 0.004927 0.006993
38.099998 0.000000 0.048551 0.004935 0.007004
38.200001 0.000000 0.048151 0.004943 0.007015
38.299999 0.000000 0.047589 0.004791 0.007027
38.399998 0.000000 0.047345 0.004639 0.006718
38.500000 0.000000 0.046139 0.004646 0.006568
38.599998 0.000000 0.045732 0.004653 0.006418
38.700001 0.000000 0.045644 0.004500 0.006268
38.799999 0.000000 0.044591 0.004507 0.006117
38.899998 0.000000 0.044502 0.004515 0.005966
39.000000 0.000000 0.044251 0.004522 0.005652
39.099998 0.000000 0.043675 0.004529 0.005662
39.200001 0.000000 0.043260 0.004375 0.005509
39.299999 0.000000 0.043168 0.004219 0.005518
39.399998 0.000000 0.042750 0.004226 0.005364
39.500000 0.000000 0.042657 0.004070 0.005210
39.599998 0.000000 0.042564 0.003751 0.005219
39.700001 0.000000 0.041980 0.003757 0.005227
39.799999 0.000000 0.041721 0.003763 0.005236
39.899998 0.000000 0.041298 0.003278 0.005080
40.000000 0.000000 0.041202 0.003283 0.005089
40.099998 0.000000 0.040776 0.003288 0.004933
40.200001 0.000000 0.040349 0.003294 0.004941
40.299999 0.000000 0.039921 0.003299 0.004784
40.399998 0.000000 0.038995 0.003305 0.004461
40.500000 0.000000 0.038563 0.003145 0.004303
40.599998 0.000000 0.038130 0.002984 0.004310
40.700001 0.000000 0.037861 0.002823 0.004151
40.799999 0.000000 0.037092 0.002828 0.004158
40.899998 0.000000 0.036488 0.002832 0.004165
41.000000 0.000000 0.035881 0.002837 0.004172
41.099998 0.000000 0.035272 0.002842 0.004179
41.200001 0.000000 0.034997 0.002679 0.004186
41.299999 0.000000 0.034888 0.002684 0.004193
41.399998 0.000000 0.034442 0.002688 0.004200
41.500000 0.000000 0.033995 0.002693 0.004207
41.599998 0.000000 0.033378 0.002697 0.004214
41.700001 0.000000 0.032928 0.002702 0.004222
41.799999 0.000000 0.032645 0.002706 0.004229
41.899998 0.000000 0.032362 0.002542 0.004066
42.000000 0.000000 0.032417 0.002546 0.004073
42.099998 0.000000 0.031622 0.002550 0.003910
42.200001 0.000000 0.031335 0.002554 0.003747
42.299999 0.000000 0.031047 0.002388 0.003753
42.399998 0.000000 0.030930 0.002392 0.003759
42.500000 0.000000 0.030640 0.002396 0.003766
42.599998 0.000000 0.030007 0.002401 0.003772
42.700001 0.000000 0.029200 0.002405 0.003779
42.799999 0.000000 0.028906 0.002409 0.003785
42.899998 0.000000 0.028611 0.002241 0.003792
43.000000 0.000000 0.028315 0.002244 0.003798
43.099998 0.000000 0.028018 0.002075 0.003805
43.200001 0.000000 0.027893 0.002079 0.003812
43.299999 0.000000 0.027768 0.002083 0.003818
43.399998 0.000000 0.027121 0.002086 0.003651
43.500000 0.000000 0.026820 0.002090 0.003483
43.599998 0.000000 0.025994 0.002094 0.003315
43.700001 0.000000 0.025865 0.002097 0.003321
43.799999 0.000000 0.025560 0.002101 0.003326
43.899998 0.000000 0.025079 0.002105 0.003332
44.000000 0.000000 0.025123 0.002108 0.003338
44.099998 0.000000 0.024991 0.002112 0.003344
44.200001 0.000000 0.024683 0.002116 0.003173
44.299999 0.000000 0.024369 0.002119 0.003179
44.399998 0.000000 0.024235 0.002123 0.003184
44.500000 0.000000 0.024101 0.002127 0.003190
44.599998 0.000000 0.024143 0.002130 0.003195
44.700001 0.000000 0.024009 0.002134 0.003201
44.799999 0.000000 0.023695 0.002138 0.003207
44.899998 0.000000 0.023559 0.002142 0.003213
45.000000 0.000000 0.023422 0.002146 0.003218
45.099998 0.000000 0.023106 0.002149 0.003224
45.200001 0.000000 0.023147 0.002153 0.003230
45.299999 0.000000 0.022829 0.002157 0.003056
45.399998 0.000000 0.022690 0.002161 0.003061
45.500000 0.000000 0.022731 0.002165 0.002887
45.599998 0.000000 0.022050 0.002169 0.002892
45.700001 0.000000 0.021908 0.001992 0.002897
45.799999 0.000000 0.021948 0.001995 0.002902
45.899998 0.000000 0.021988 0.001817 0.002908
46.000000 0.000000 0.022028 0.001820 0.002913
46.099998 0.000000 0.022068 0.001824 0.002918
46.200001 0.000000 0.022109 0.001827 0.002923
46.299999 0.000000 0.021783 0.001830 0.002929
46.399998 0.000000 0.021089 0.001834 0.002934
46.500000 0.000000 0.021128 0.001837 0.002756
46.599998 0.000000 0.020615 0.001472 0.002761
46.700001 0.000000 0.020653 0.001475 0.002582
46.799999 0.000000 0.020506 0.001478 0.002586
46.899998 0.000000 0.020174 0.001481 0.002591
47.000000 0.000000 0.020211 0.001483 0.002596
47.099998 0.000000 0.020063 0.001486 0.002601
47.200001 0.000000 0.019914 0.001489 0.002606
47.299999 0.000000 0.019952 0.001492 0.002610
47.399998 0.000000 0.019802 0.001494 0.002429
47.500000 0.000000 0.018903 0.001497 0.002433
47.599998 0.000000 0.018376 0.001500 0.002250
47.700001 0.000000 0.017847 0.001503 0.002254
47.799999 0.000000 0.017504 0.001506 0.002259
47.899998 0.000000 0.017160 0.001509 0.002263
48.000000 0.000000 0.016815 0.001511 0.002267
48.099998 0.000000 0.016657 0.001514 0.002271
48.200001 0.000000 0.016499 0.001517 0.002276
48.299999 0.000000 0.016150 0.001520 0.002280
48.399998 0.000000 0.015800 0.001523 0.002094
48.500000 0.000000 0.015831 0.001526 0.002098
48.599998 0.000000 0.015479 0.001529 0.001911
48.700001 0.000000 0.015508 0.001532 0.001723
48.799999 0.000000 0.015538 0.001535 0.001726
48.899998 0.000000 0.015568 0.001538 0.001730
49.000000 0.000000 0.015598 0.001541 0.001733
49.099998 0.000000 0.015435 0.001544 0.001736
49.200001 0.000000 0.015465 0.001546 0.001546
49.299999 0.000000 0.015301 0.001549 0.001356
49.399998 0.000000 0.015137 0.001552 0.001358
49.500000 0.000000 0.014777 0.001556 0.001361
49.599998 0.000000 0.014611 0.001559 0.001364
49.700001 0.000000 0.014640 0.001562 0.001366
49.799999 0.000000 0.014473 0.001565 0.001369
49.899998 0.000000 0.014501 0.001568 0.001372
50.000000 0.000000 0.014530 0.001571 0.001374
50.099998 0.000000 0.014558 0.001574 0.001180
50.200001 0.000000 0.014390 0.001577 0.001183
50.299999 0.000000 0.014221 0.001580 0.001185
50.399998 0.000000 0.013853 0.001583 0.001187
50.500000 0.000000 0.013286 0.001586 0.001190
50.599998 0.000000 0.013312 0.001590 0.001192
50.700001 0.000000 0.013339 0.001593 0.001195
50.799999 0.000000 0.013166 0.001596 0.001197
50.899998 0.000000 0.012992 0.001599 0.001199
51.000000 0.000000 0.013018 0.001602 0.001202
51.099998 0.000000 0.012844 0.001605 0.001204
51.199997 0.000000 0.012266 0.001609 0.001207
51.299999 0.000000 0.012089 0.001612 0.001209
51.399998 0.000000 0.011912 0.001615 0.001211
51.500000 0.000000 0.011734 0.001618 0.001214
51.599998 0.000000 0.011555 0.001622 0.001216
51.699997 0.000000 0.011578 0.001625 0.001219
51.799999 0.000000 0.010991 0.001628 0.001221
51.899998 0.000000 0.010810 0.001428 0.001224
52.000000 0.000000 0.010423 0.001431 0.001226
52.099998 0.000000 0.010444 0.001434 0.001229
52.199997 0.000000 0.010466 0.001436 0.001231
52.299999 0.000000 0.010487 0.001234 0.001234
52.399998 0.000000 0.010509 0.001236 0.001236
52.500000 0.000000 0.010118 0.001239 0.001239
52.599998 0.000000 0.010139 0.001241 0.001241
52.699997 0.000000 0.010160 0.001244 0.001037
52.799999 0.000000 0.009765 0.001247 0.001039
52.899998 0.000000 0.009369 0.001249 0.001041
53.000000 0.000000 0.009389 0.001252 0.001043
53.099998 0.000000 0.009408 0.001254 0.001045
53.199997 0.000000 0.009428 0.001257 0.001048
53.299999 0.000000 0.009238 0.001260 0.001050
53.399998 0.000000 0.009257 0.001262 0.001052
53.500000 0.000000 0.009066 0.001265 0.001054
53.599998 0.000000 0.008874 0.001268 0.001056
53.699997 0.000000 0.008893 0.001270 0.001059
53.799999 0.000000 0.008699 0.001273 0.000849
53.899998 0.000000 0.008718 0.001276 0.000851
54.000000 0.000000 0.008523 0.001278 0.000852
54.099998 0.000000 0.008542 0.001281 0.000854
54.199997 0.000000 0.008560 0.001284 0.000856
54.299999 0.000000 0.008364 0.001287 0.000858
54.399998 0.000000 0.008382 0.001289 0.000860
54.500000 0.000000 0.008400 0.001292 0.000862
54.599998 0.000000 0.008202 0.001295 0.000863
54.699997 0.000000 0.008220 0.001298 0.000865
54.799999 0.000000 0.008238 0.001301 0.000867
54.899998 0.000000 0.008038 0.001303 0.000869
55.000000 0.000000 0.008056 0.001306 0.000871
55.099998 0.000000 0.008073 0.001309 0.000873
55.199997 0.000000 0.008091 0.001312 0.000875
55.299999 0.000000 0.007670 0.001315 0.000877
55.399998 0.000000 0.007687 0.001318 0.000879
55.500000 0.000000 0.007704 0.001321 0.000880
55.599998 0.000000 0.007721 0.001324 0.000882
55.699997 0.000000 0.007517 0.001327 0.000884
55.799999 0.000000 0.007534 0.001329 0.000886
55.899998 0.000000 0.007551 0.001332 0.000888
56.000000 0.000000 0.007345 0.001335 0.000890
56.099998 0.000000 0.007361 0.001338 0.000892
56.199997 0.000000 0.007378 0.001341 0.000894
56.299999 0.000000 0.006946 0.001344 0.000896
56.399998 0.000000 0.006962 0.001347 0.000898
56.500000 0.000000 0.006977 0.001350 0.000900
56.599998 0.000000 0.006993 0.001353 0.000902
56.699997 0.000000 0.007009 0.001357 0.000904
56.799999 0.000000 0.007025 0.001360 0.000906
56.899998 0.000000 0.007041 0.001363 0.000908
57.000000 0.000000 0.007057 0.001366 0.000911
57.099998 0.000000 0.007073 0.001369 0.000913
57.199997 0.000000 0.007089 0.001372 0.000915
57.299999 0.000000 0.006876 0.001375 0.000917
57.399998 0.000000 0.006892 0.001378 0.000919
57.500000 0.000000 0.006677 0.001382 0.000921
57.599998 0.000000 0.006462 0.001385 0.000923
57.699997 0.000000 0.006477 0.001388 0.000694
57.799999 0.000000 0.006492 0.001391 0.000696
57.899998 0.000000 0.006507 0.001394 0.000697
58.000000 0.000000 0.006522 0.001398 0.000699
58.099998 0.000000 0.006537 0.001401 0.000700
58.199997 0.000000 0.006553 0.001404 0.000702
58.299999 0.000000 0.006568 0.001407 0.000704
58.399998 0.000000 0.006348 0.001411 0.000705
58.500000 0.000000 0.006363 0.001414 0.000707
58.599998 0.000000 0.006378 0.001417 0.000709
58.699997 0.000000 0.006157 0.001421 0.000710
58.799999 0.000000 0.006171 0.001424 0.000712
58.899998 0.000000 0.006186 0.001428 0.000714
59.000000 0.000000 0.006201 0.001431 0.000715
59.099998 0.000000 0.006216 0.001434 0.000717
59.199997 0.000000 0.006231 0.001438 0.000719
59.299999 0.000000 0.006005 0.001441 0.000721
59.399998 0.000000 0.005779 0.001445 0.000722
59.500000 0.000000 0.005793 0.001448 0.000724
59.599998 0.000000 0.005807 0.001452 0.000726
59.699997 0.000000 0.005821 0.001455 0.000728
59.799999 0.000000 0.005835 0.001459 0.000729
59.899998 0.000000 0.005849 0.001462 0.000731
60.000000 0.000000 0.005619 0.001466 0.000489
60.099998 0.000000 0.005388 0.001470 0.000490
60.199997 0.000000 0.005401 0.001473 0.000491
60.299999 0.000000 0.005169 0.001477 0.000246
60.399998 0.000000 0.004935 0.001480 0.000247
60.500000 0.000000 0.004947 0.001484 0.000247
60.599998 0.000000 0.004959 0.001488 0.000248
60.699997 0.000000 0.004723 0.001491 0.000249
60.799999 0.000000 0.004735 0.001495 0.000249
60.899998 0.000000 0.004746 0.001499 0.000250
61.000000 0.000000 0.004758 0.001503 0.000250
61.099998 0.000000 0.004519 0.001506 0.000000
61.199997 0.000000 0.004531 0.001510 0.000000
61.299999 0.000000 0.004542 0.001514 0.000000
61.399998 0.000000 0.004301 0.001518 0.000000
61.500000 0.000000 0.004311 0.001522 0.000000
61.599998 0.000000 0.004322 0.001526 0.000000
61.699997 0.000000 0.004333 0.001529 0.000000
61.799999 0.000000 0.004344 0.001533 0.000000
61.899998 0.000000 0.004099 0.001537 0.000000
62.000000 0.000000 0.003853 0.001541 0.000000
62.099998 0.000000 0.003863 0.001545 0.000000
62.199997 0.000000 0.003873 0.001549 0.000000
62.299999 0.000000 0.003624 0.001553 0.000000
62.399998 0.000000 0.003634 0.001557 0.000000
62.500000 0.000000 0.003643 0.001561 0.000000
62.599998 0.000000 0.003652 0.001565 0.000000
62.699997 0.000000 0.003662 0.001569 0.000000
62.799999 0.000000 0.003672 0.001574 0.000000
62.899998 0.000000 0.003681 0.001578 0.000000
63.000000 0.000000 0.003691 0.001582 0.000000
63.099998 0.000000 0.003701 0.001586 0.000000
63.199997 0.000000 0.003711 0.001590 0.000000
63.299999 0.000000 0.003720 0.001594 0.000000
63.399998 0.000000 0.003730 0.001599 0.000000
63.500000 0.000000 0.003740 0.001603 0.000000
63.599998 0.000000 0.003750 0.001607 0.000000
63.699997 0.000000 0.003760 0.001612 0.000000
63.799999 0.000000 0.003771 0.001616 0.000000
63.899998 0.000000 0.003781 0.001620 0.000000
64.000000 0.000000 0.003791 0.001625 0.000000
64.099998 0.000000 0.003530 0.001629 0.000000
64.199997 0.000000 0.003539 0.001634 0.000000
64.299995 0.000000 0.003549 0.001638 0.000000
64.400002 0.000000 0.003285 0.001642 0.000000
64.500000 0.000000 0.003019 0.001647 0.000000
64.599998 0.000000 0.003028 0.001652 0.000000
64.699997 0.000000 0.003036 0.001656 0.000000
64.799995 0.000000 0.003045 0.001661 0.000000
64.900002 0.000000 0.003053 0.001665 0.000000
65.000000 0.000000 0.003062 0.001670 0.000000
65.099998 0.000000 0.003070 0.001675 0.000000
65.199997 0.000000 0.003079 0.001679 0.000000
65.299995 0.000000 0.003087 0.001684 0.000000
65.400002 0.000000 0.003096 0.001689 0.000000
65.500000 0.000000 0.003105 0.001693 0.000000
65.599998 0.000000 0.003114 0.001698 0.000000
65.699997 0.000000 0.003122 0.001703 0.000000
65.799995 0.000000 0.003131 0.001423 0.000000
65.900002 0.000000 0.002855 0.001427 0.000000
66.000000 0.000000 0.002863 0.001431 0.000000
66.099998 0.000000 0.002871 0.001436 0.000000
66.199997 0.000000 0.002879 0.001440 0.000000
66.299995 0.000000 0.002599 0.001155 0.000000
66.400002 0.000000 0.002606 0.001158 0.000000
66.500000 0.000000 0.002614 0.001162 0.000000
66.599998 0.000000 0.002622 0.001165 0.000000
66.699997 0.000000 0.002629 0.001169 0.000000
66.799995 0.000000 0.002637 0.001172 0.000000
66.900002 0.000000 0.002645 0.001175 0.000000
67.000000 0.000000 0.002653 0.001179 0.000000
67.099998 0.000000 0.002365 0.001182 0.000000
67.199997 0.000000 0.002372 0.000889 0.000000
67.299995 0.000000 0.002379 0.000892 0.000000
67.400002 0.000000 0.002386 0.000895 0.000000
67.500000 0.000000 0.002393 0.000897 0.000000
67.599998 0.000000 0.002400 0.000900 0.000000
67.699997 0.000000 0.002107 0.000903 0.000000
67.799995 0.000000 0.002113 0.000604 0.000000
67.900002 0.000000 0.002119 0.000606 0.000000
68.000000 0.000000 0.002126 0.000607 0.000000
68.099998 0.000000 0.002132 0.000609 0.000000
68.199997 0.000000 0.002139 0.000611 0.000000
68.299995 0.000000 0.002145 0.000613 0.000000
68.400002 0.000000 0.002152 0.000615 0.000000
68.500000 0.000000 0.002158 0.000617 0.000000
68.599998 0.000000 0.001856 0.000619 0.000000
68.699997 0.000000 0.001551 0.000621 0.000000
68.799995 0.000000 0.001556 0.000622 0.000000
68.900002 0.000000 0.001561 0.000624 0.000000
69.000000 0.000000 0.001566 0.000626 0.000000
69.099998 0.000000 0.001571 0.000628 0.000000
69.199997 0.000000 0.001576 0.000630 0.000000
69.299995 0.000000 0.001581 0.000632 0.000000
69.400002 0.000000 0.001586 0.000634 0.000000
69.500000 0.000000 0.001591 0.000636 0.000000
69.599998 0.000000 0.001596 0.000638 0.000000
69.699997 0.000000 0.001601 0.000640 0.000000
69.799995 0.000000 0.001606 0.000321 0.000000
69.900002 0.000000 0.001611 0.000322 0.000000
70.000000 0.000000 0.001617 0.000323 0.000000
70.099998 0.000000 0.001622 0.000324 0.000000
70.199997 0.000000 0.001627 0.000325 0.000000
70.299995 0.000000 0.001632 0.000326 0.000000
70.400002 0.000000 0.001638 0.000328 0.000000
70.500000 0.000000 0.001643 0.000329 0.000000
70.599998 0.000000 0.001649 0.000330 0.000000
70.699997 0.000000 0.001654 0.000331 0.000000
70.799995 0.000000 0.001659 0.000332 0.000000
70.900002 0.000000 0.001665 0.000333 0.000000
71.000000 0.000000 0.001671 0.000334 0.000000
71.099998 0.000000 0.001676 0.000335 0.000000
71.199997 0.000000 0.001682 0.000336 0.000000
71.299995 0.000000 0.001687 0.000337 0.000000
71.400002 0.000000 0.001693 0.000339 0.000000
71.500000 0.000000 0.001699 0.000340 0.000000
71.599998 0.000000 0.001705 0.000341 0.000000
71.699997 0.000000 0.001711 0.000342 0.000000
71.799995 0.000000 0.001716 0.000343 0.000000
71.900002 0.000000 0.001722 0.000344 0.000000
72.000000 0.000000 0.001728 0.000346 0.000000
72.099998 0.000000 0.001734 0.000347 0.000000
72.199997 0.000000 0.001740 0.000348 0.000000
72.299995 0.000000 0.001746 0.000349 0.000000
72.400002 0.000000 0.001753 0.000351 0.000000
72.500000 0.000000 0.001759 0.000352 0.000000
72.599998 0.000000 0.001765 0.000353 0.000000
72.699997 0.000000 0.001771 0.000354 0.000000
72.799995 0.000000 0.001777 0.000355 0.000000
72.900002 0.000000 0.001784 0.000357 0.000000
73.000000 0.000000 0.001790 0.000358 0.000000
73.099998 0.000000 0.001797 0.000359 0.000000
73.199997 0.000000 0.001803 0.000361 0.000000
73.299995 0.000000 0.001810 0.000362 0.000000
73.400002 0.000000 0.001816 0.000363 0.000000
73.500000 0.000000 0.001823 0.000365 0.000000
73.599998 0.000000 0.001829 0.000366 0.000000
73.699997 0.000000 0.001836 0.000367 0.000000
73.799995 0.000000 0.001843 0.000369 0.000000
73.900002 0.000000 0.001850 0.000370 0.000000
74.000000 0.000000 0.001857 0.000371 0.000000
74.099998 0.000000 0.001864 0.000373 0.000000
74.199997 0.000000 0.001871 0.000374 0.000000
74.299995 0.000000 0.001502 0.000376 0.000000
74.400002 0.000000 0.001508 0.000377 0.000000
74.500000 0.000000 0.001513 0.000378 0.000000
74.599998 0.000000 0.001139 0.000380 0.000000
74.699997 0.000000 0.001144 0.000381 0.000000
74.799995 0.000000 0.001148 0.000383 0.000000
74.900002 0.000000 0.001153 0.000384 0.000000
75.000000 0.000000 0.001157 0.000386 0.000000
75.099998 0.000000 0.001161 0.000387 0.000000
75.199997 0.000000 0.001166 0.000389 0.000000
75.299995 0.000000 0.001171 0.000390 0.000000
75.400002 0.000000 0.001175 0.000392 0.000000
75.500000 0.000000 0.001180 0.000393 0.000000
75.599998 0.000000 0.001184 0.000395 0.000000
75.699997 0.000000 0.001189 0.000396 0.000000
75.799995 0.000000 0.001194 0.000398 0.000000
75.900002 0.000000 0.001199 0.000400 0.000000
76.000000 0.000000 0.001203 0.000401 0.000000
76.099998 0.000000 0.001208 0.000403 0.000000
76.199997 0.000000 0.001213 0.000404 0.000000
76.299995 0.000000 0.001218 0.000406 0.000000
76.400002 0.000000 0.001223 0.000408 0.000000
76.500000 0.000000 0.001228 0.000409 0.000000
76.599998 0.000000 0.001233 0.000411 0.000000
76.699997 0.000000 0.001238 0.000413 0.000000
76.799995 0.000000 0.001243 0.000414 0.000000
76.900002 0.000000 0.001248 0.000416 0.000000
77.000000 0.000000 0.001254 0.000418 0.000000
77.099998 0.000000 0.001259 0.000420 0.000000
77.199997 0.000000 0.000843 0.000421 0.000000
77.299995 0.000000 0.000846 0.000423 0.000000
77.400002 0.000000 0.000850 0.000425 0.000000
77.500000 0.000000 0.000854 0.000427 0.000000
77.599998 0.000000 0.000857 0.000429 0.000000
77.699997 0.000000 0.000861 0.000430 0.000000
77.799995 0.000000 0.000865 0.000432 0.000000
77.900002 0.000000 0.000868 0.000434 0.000000
78.000000 0.000000 0.000872 0.000436 0.000000
78.099998 0.000000 0.000876 0.000438 0.000000
78.199997 0.000000 0.000880 0.000440 0.000000
78.299995 0.000000 0.000884 0.000442 0.000000
78.400002 0.000000 0.000888 0.000444 0.000000
78.500000 0.000000 0.000446 0.000446 0.000000
78.599998 0.000000 0.000448 0.000448 0.000000
78.699997 0.000000 0.000450 0.000450 0.000000
78.799995 0.000000 0.000452 0.000452 0.000000
78.900002 0.000000 0.000454 0.000000 0.000000
79.000000 0.000000 0.000456 0.000000 0.000000
79.099998 0.000000 0.000458 0.000000 0.000000
79.199997 0.000000 0.000460 0.000000 0.000000
79.299995 0.000000 0.000462 0.000000 0.000000
79.400002 0.000000 0.000464 0.000000 0.000000
79.500000 0.000000 0.000467 0.000000 0.000000
79.599998 0.000000 0.000469 0.000000 0.000000
79.699997 0.000000 0.000471 0.000000 0.000000
79.799995 0.000000 0.000473 0.000000 0.000000
79.900002 0.000000 0.000476 0.000000 0.000000
80.000000 0.000000 0.000478 0.000000 0.000000
80.099998 0.000000 0.000480 0.000000 0.000000
80.199997 0.000000 0.000482 0.000000 0.000000
80.299995 0.000000 0.000485 0.000000 0.000000
80.400002 0.000000 0.000487 0.000000 0.000000
80.500000 0.000000 0.000489 0.000000 0.000000
80.599998 0.000000 0.000492 0.000000 0.000000
80.699997 0.000000 0.000494 0.000000 0.000000
80.799995 0.000000 0.000497 0.000000 0.000000
80.900002 0.000000 0.000499 0.000000 0.000000
81.000000 0.000000 0.000502 0.000000 0.000000
81.099998 0.000000 0.000504 0.000000 0.000000
81.199997 0.000000 0.000507 0.000000 0.000000
81.299995 0.000000 0.000509 0.000000 0.000000
81.400002 0.000000 0.000512 0.000000 0.000000
81.500000 0.000000 0.000515 0.000000 0.000000
81.599998 0.000000 0.000517 0.000000 0.000000
81.699997 0.000000 0.000520 0.000000 0.000000
81.799995 0.000000 0.000523 0.000000 0.000000
81.900002 0.000000 0.000525 0.000000 0.000000
82.000000 0.000000 0.000528 0.000000 0.000000
82.099998 0.000000 0.000531 0.000000 0.000000
82.199997 0.000000 0.000534 0.000000 0.000000
82.299995 0.000000 0.000537 0.000000 0.000000
82.400002 0.000000 0.000540 0.000000 0.000000
82.500000 0.000000 0.000543 0.000000 0.000000
82.599998 0.000000 0.000546 0.000000 0.000000
82.699997 0.000000 0.000549 0.000000 0.000000
82.799995 0.000000 0.000552 0.000000 0.000000
82.900002 0.000000 0.000555 0.000000 0.000000
83.000000 0.000000 0.000000 0.000000 0.000000
83.099998 0.000000 0.000000 0.000000 0.000000
83.199997 0.000000 0.000000 0.000000 0.000000
83.299995 0.000000 0.000000 0.000000 0.000000
83.400002 0.000000 0.000000 0.000000 0.000000
83.500000 0.000000 0.000000 0.000000 0.000000
83.599998 0.000000 0.000000 0.000000 0.000000
83.699997 0.000000 0.000000 0.000000 0.000000
83.799995 0.000000 0.000000 0.000000 0.000000
83.900002 0.000000 0.000000 0.000000 0.000000
84.000000 0.000000 0.000000 0.000000 0.000000
84.099998 0.000000 0.000000 0.000000 0.000000
84.199997 0.000000 0.000000 0.000000 0.000000
84.299995 0.000000 0.000000 0.000000 0.000000
84.400002 0.000000 0.000000 0.000000 0.000000
84.500000 0.000000 0.000000 0.000000 0.000000
84.599998 0.000000 0.000000 0.000000 0.000000
84.699997 0.000000 0.000000 0.000000 0.000000
84.799995 0.000000 0.000000 0.000000 0.000000
84.900002 0.000000 0.000000 0.000000 0.000000
85.000000 0.000000 0.000000 0.000000 0.000000
85.099998 0.000000 0.000000 0.000000 0.000000
85.199997 0.000000 0.000000 0.000000 0.000000
85.299995 0.000000 0.000000 0.000000 0.000000
85.400002 0.000000 0.000000 0.000000 0.000000
85.500000 0.000000 0.000000 0.000000 0.000000
85.599998 0.000000 0.000000 0.000000 0.000000
85.699997 0.000000 0.000000 0.000000 0.000000
85.799995 0.000000 0.000000 0.000000 0.000000
85.900002 0.000000 0.000000 0.000000 0.000000
86.000000 0.000000 0.000000 0.000000 0.000000
86.099998 0.000000 0.000000 0.000000 0.000000
86.199997 0.000000 0.000000 0.000000 0.000000
86.299995 0.000000 0.000000 0.000000 0.000000
86.400002 0.000000 0.000000 0.000000 0.000000
86.500000 0.000000 0.000000 0.000000 0.000000
86.599998 0.000000 0.000000 0.000000 0.000000
86.699997 0.000000 0.000000 0.000000 0.000000
86.799995 0.000000 0.000000 0.000000 0.000000
86.900002 0.000000 0.000000 0.000000 0.000000
87.000000 0.000000 0.000000 0.000000 0.000000
87.099998 0.000000 0.000000 0.000000 0.000000
87.199997 0.000000 0.000000 0.000000 0.000000
87.299995 0.000000 0.000000 0.000000 0.000000
87.400002 0.000000 0.000000 0.000000 0.000000
87.500000 0.000000 0.000000 0.000000 0.000000
87.599998 0.000000 0.000000 0.000000 0.000000
87.699997 0.000000 0.000000 0.000000 0.000000
87.799995 0.000000 0.000000 0.000000 0.000000
87.900002 0.000000 0.000000 0.000000 0.000000
88.000000 0.000000 0.000000 0.000000 0.000000
88.099998 0.000000 0.000000 0.000000 0.000000
88.199997 0.000000 0.000000 0.000000 0.000000
88.299995 0.000000 0.000000 0.000000 0.000000
88.400002 0.000000 0.000000 0.000000 0.000000
88.500000 0.000000 0.000000 0.000000 0.000000
88.599998 0.000000 0.000000 0.000000 0.000000
88.699997 0.000000 0.000000 0.000000 0.000000
88.799995 0.000000 0.000000 0.000000 0.000000
88.900002 0.000000 0.000000 0.000000 0.000000
89.000000 0.000000 0.000000 0.000000 0.000000
89.099998 0.000000 0.000000 0.000000 0.000000
89.199997 0.000000 0.000000 0.000000 0.000000
89.299995 0.000000 0.000000 0.000000 0.000000
89.400002 0.000000 0.000000 0.000000 0.000000
89.500000 0.000000 0.000000 0.000000 0.000000
89.599998 0.000000 0.000000 0.000000 0.000000
89.699997 0.000000 0.000000 0.000000 0.000000
89.799995 0.000000 0.000000 0.000000 0.000000
89.900002 0.000000 0.000000 0.000000 0.000000
90.000000 0.000000 0.000000 0.000000 0.000000
90.099998 0.000000 0.000000 0.000000 0.000000
90.199997 0.000000 0.000000 0.000000 0.000000
90.299995 0.000000 0.000000 0.000000 0.000000
90.400002 0.000000 0.000000 0.000000 0.000000
90.500000 0.000000 0.000000 0.000000 0.000000
90.599998 0.000000 0.000000 0.000000 0.000000
90.699997 0.000000 0.000000 0.000000 0.000000
90.799995 0.000000 0.000000 0.000000 0.000000
90.900002 0.000000 0.000000 0.000000 0.000000
91.000000 0.000000 0.000000 0.000000 0.000000
91.099998 0.000000 0.000000 0.000000 0.000000
91.199997 0.000000 0.000000 0.000000 0.000000
91.299995 0.000000 0.000000 0.000000 0.000000
91.400002 0.000000 0.000000 0.000000 0.000000
91.500000 0.000000 0.000000 0.000000 0.000000
91.599998 0.000000 0.000000 0.000000 0.000000
91.699997 0.000000 0.000000 0.000000 0.000000
91.799995 0.000000 0.000000 0.000000 0.000000
91.900002 0.000000 0.000000 0.000000 0.000000
92.000000 0.000000 0.000000 0.000000 0.000000
92.099998 0.000000 0.000000 0.000000 0.000000
92.199997 0.000000 0.000000 0.000000 0.000000
92.299995 0.000000 0.000000 0.000000 0.000000
92.400002 0.000000 0.000000 0.000000 0.000000
92.500000 0.000000 0.000000 0.000000 0.000000
92.599998 0.000000 0.000000 0.000000 0.000000
92.699997 0.000000 0.000000 0.000000 0.000000
92.799995 0.000000 0.000000 0.000000 0.000000
92.900002 0.000000 0.000000 0.000000 0.000000
93.000000 0.000000 0.000000 0.000000 0.000000
93.099998 0.000000 0.000000 0.000000 0.000000
93.199997 0.000000 0.000000 0.000000 0.000000
93.299995 0.000000 0.000000 0.000000 0.000000
93.400002 0.000000 0.000000 0.000000 0.000000
93.500000 0.000000 0.000000 0.000000 0.000000
93.599998 0.000000 0.000000 0.000000 0.000000
93.699997 0.000000 0.000000 0.000000 0.000000
93.799995 0.000000 0.000000 0.000000 0.000000
93.900002 0.000000 0.000000 0.000000 0.000000
94.000000 0.000000 0.000000 0.000000 0.000000
94.099998 0.000000 0.000000 0.000000 0.000000
94.199997 0.000000 0.000000 0.000000 0.000000
94.299995 0.000000 0.000000 0.000000 0.000000
94.400002 0.000000 0.000000 0.000000 0.000000
94.500000 0.000000 0.000000 0.000000 0.000000
94.599998 0.000000 0.000000 0.000000 0.000000
94.699997 0.000000 0.000000 0.000000 0.000000
94.799995 0.000000 0.000000 0.000000 0.000000
94.900002 0.000000 0.000000 0.000000 0.000000
95.000000 0.000000 0.000000 0.000000 0.000000
95.099998 0.000000 0.000000 0.000000 0.000000
95.199997 0.000000 0.000000 0.000000 0.000000
95.299995 0.000000 0.000000 0.000000 0.000000
95.400002 0.000000 0.000000 0.000000 0.000000
95.500000 0.000000 0.000000 0.000000 0.000000
95.599998 0.000000 0.000000 0.000000 0.000000
95.699997 0.000000 0.000000 0.000000 0.000000
95.799995 0.000000 0.000000 0.000000 0.000000
95.900002 0.000000 0.000000 0.000000 0.000000
96.000000 0.000000 0.000000 0.000000 0.000000
96.099998 0.000000 0.000000 0.000000 0.000000
96.199997 0.000000 0.000000 0.000000 0.000000
96.299995 0.000000 0.000000 0.000000 0.000000
96.400002 0.000000 0.000000 0.000000 0.000000
96.500000 0.000000 0.000000 0.000000 0.000000
96.599998 0.000000 0.000000 0.000000 0.000000
96.699997 0.000000 0.000000 0.000000 0.000000
96.799995 0.000000 0.000000 0.000000 0.000000
96.900002 0.000000 0.000000 0.000000 0.000000
97.000000 0.000000 0.000000 0.000000 0.000000
97.099998 0.000000 0.000000 0.000000 0.000000
97.199997 0.000000 0.000000 0.000000 0.000000
97.299995 0.000000 0.000000 0.000000 0.000000
97.400002 0.000000 0.000000 0.000000 0.000000
97.500000 0.000000 0.000000 0.000000 0.000000
97.599998 0.000000 0.000000 0.000000 0.000000
97.699997 0.000000 0.000000 0.000000 0.000000
97.799995 0.000000 0.000000 0.000000 0.000000
97.900002 0.000000 0.000000 0.000000 0.000000
98.000000 0.000000 0.000000 0.000000 0.000000
98.099998 0.000000 0.000000 0.000000 0.000000
98.199997 0.000000 0.000000 0.000000 0.000000
98.299995 0.000000 0.000000 0.000000 0.000000
98.400002 0.000000 0.000000 0.000000 0.000000
98.500000 0.000000 0.000000 0.000000 0.000000
98.599998 0.000000 0.000000 0.000000 0.000000
98.699997 0.000000 0.000000 0.000000 0.000000
98.799995 0.000000 0.000000 0.000000 0.000000
98.900002 0.000000 0.000000 0.000000 0.000000
99.000000 0.000000 0.000000 0.000000 0.000000
99.099998 0.000000 0.000000 0.000000 0.000000
99.199997 0.000000 0.000000 0.000000 0.000000
99.299995 0.000000 0.000000 0.000000 0.000000
99.400002 0.000000 0.000000 0.000000 0.000000
99.500000 0.000000 0.000000 0.000000 0.000000
99.599998 0.000000 0.000000 0.000000 0.000000
99.699997 0.000000 0.000000 0.000000 0.000000
99.799995 0.000000 0.000000 0.000000 0.000000
99.900002 0.000000 0.000000 0.000000 0.000000
100.000000 0.000000 0.000000 0.000000 0.000000
100.099998 0.000000 0.000000 0.000000 0.000000
100.199997 0.000000 0.000000 0.000000 0.000000
100.299995 0.000000 0.000000 0.000000 0.000000
100.400002 0.000000 0.000000 0.000000 0.000000
100.500000 0.000000 0.000000 0.000000 0.000000
100.599998 0.000000 0.000000 0.000000 0.000000
100.699997 0.000000 0.000000 0.000000 0.000000
100.799995 0.000000 0.000000 0.000000 0.000000
100.900002 0.000000 0.000000 0.000000 0.000000
