0.000000 0.998699 7.991996 0.998399 0.999300
0.100000 0.988900 7.914300 0.987300 0.988600
0.200000 0.978702 7.846915 0.976502 0.979802
0.300000 0.964872 7.753003 0.960869 0.966473
0.400000 0.946715 7.613382 0.940304 0.946615
0.500000 0.929846 7.508919 0.923532 0.932752
0.600000 0.903721 7.338080 0.899308 0.909337
0.700000 0.879466 7.180650 0.875753 0.887696
0.800000 0.848935 6.976898 0.848534 0.857875
0.900000 0.820503 6.791960 0.823317 0.830553
1.000000 0.791570 6.589377 0.794286 0.798109
1.100000 0.761981 6.387032 0.763592 0.769331
1.200000 0.726879 6.134092 0.730707 0.738364
1.300000 0.693859 5.910659 0.702531 0.705758
1.400000 0.666633 5.723960 0.678038 0.682075
1.500000 0.637273 5.523334 0.652121 0.657071
1.600000 0.604388 5.308159 0.622890 0.626226
1.700000 0.574580 5.097147 0.596236 0.598563
1.800000 0.544976 4.898197 0.571313 0.572123
1.900000 0.517895 4.713677 0.549529 0.547501
2.000000 0.491274 4.536222 0.525771 0.523539
2.100000 0.466646 4.367245 0.504518 0.503198
2.200000 0.442333 4.208719 0.484910 0.481963
2.300000 0.418981 4.056962 0.463635 0.462110
2.400000 0.398656 3.924870 0.447216 0.447114
2.500000 0.375777 3.770500 0.428135 0.427524
2.600000 0.348731 3.584684 0.403487 0.404099
2.700000 0.328128 3.445091 0.387222 0.386303
2.800000 0.314671 3.349407 0.376481 0.374847
2.900000 0.297198 3.234608 0.360912 0.360094
3.000000 0.276618 3.090192 0.345925 0.344595
3.100000 0.260068 2.976125 0.332923 0.332206
3.200000 0.244463 2.871821 0.320345 0.319627
3.300000 0.230959 2.782180 0.309279 0.307637
3.400000 0.220612 2.712803 0.301069 0.298294
3.500000 0.207858 2.626556 0.291062 0.286331
3.600000 0.193864 2.528776 0.280964 0.275713
3.700000 0.184254 2.459707 0.272980 0.268755
3.800000 0.173716 2.380235 0.265835 0.259439
3.900000 0.164980 2.314888 0.258724 0.251600
4.000000 0.154077 2.238504 0.249354 0.242741
4.100000 0.144719 2.174718 0.242061 0.235854
4.200000 0.136067 2.111732 0.235477 0.227814
4.300000 0.128330 2.051726 0.228465 0.220690
4.400000 0.118190 1.976134 0.220297 0.213241
4.500000 0.110522 1.922717 0.213358 0.207957
4.600000 0.101175 1.852449 0.206093 0.201414
4.700000 0.093578 1.802124 0.200583 0.197148
4.800000 0.086893 1.757553 0.194832 0.192019
4.900000 0.081447 1.714882 0.188967 0.186464
5.000000 0.076313 1.676062 0.184153 0.180603
5.100000 0.071264 1.636991 0.179310 0.177429
5.200000 0.066939 1.601611 0.174773 0.174459
5.300000 0.063331 1.569350 0.171464 0.171464
5.400000 0.059619 1.540444 0.169531 0.168483
5.500000 0.055794 1.511904 0.167593 0.165286
5.600000 0.052913 1.483674 0.164409 0.162730
5.700000 0.049501 1.449816 0.161429 0.159327
5.800000 0.046186 1.419779 0.158969 0.156023
5.900000 0.044655 1.402633 0.156714 0.154502
6.000000 0.041328 1.373326 0.153084 0.151186
6.100000 0.038940 1.349726 0.151224 0.149114
6.200000 0.037291 1.327699 0.148743 0.147158
6.300000 0.035212 1.307814 0.146770 0.144972
6.400000 0.032391 1.277866 0.143432 0.143220
6.500000 0.030942 1.260782 0.141147 0.140405
6.600000 0.029275 1.238757 0.138099 0.138311
6.700000 0.027713 1.217987 0.135591 0.136759
6.800000 0.024766 1.190583 0.132440 0.133822
6.900000 0.023303 1.175995 0.130453 0.131092
7.000000 0.022049 1.160737 0.128249 0.129101
7.100000 0.020367 1.141075 0.126253 0.127426
7.200000 0.019744 1.127855 0.124440 0.126467
7.300000 0.018908 1.114945 0.122209 0.125521
7.400000 0.018820 1.107677 0.120509 0.125107
7.500000 0.017876 1.092914 0.118925 0.123528
7.600000 0.017145 1.077475 0.117124 0.122375
7.700000 0.015660 1.059423 0.115521 0.120884
7.800000 0.015355 1.051219 0.114571 0.119725
7.900000 0.014401 1.037292 0.113057 0.117786
8.000000 0.013339 1.020547 0.111553 0.115964
8.099999 0.012598 1.008291 0.110477 0.114676
8.200000 0.011642 0.992778 0.108764 0.113075
8.300000 0.010791 0.977555 0.107370 0.111687
8.400000 0.010045 0.965111 0.106719 0.109635
8.500000 0.008759 0.950368 0.106293 0.108672
8.599999 0.007902 0.938623 0.105001 0.107816
8.700000 0.007369 0.928262 0.104356 0.106307
8.800000 0.006943 0.917770 0.102842 0.105012
8.900000 0.006516 0.905300 0.101542 0.103388
9.000000 0.006088 0.894760 0.100239 0.101653
9.099999 0.005768 0.886700 0.098607 0.100566
9.200000 0.005774 0.879508 0.097941 0.100338
9.300000 0.005562 0.870978 0.096848 0.099793
9.400000 0.004804 0.855334 0.095534 0.098155
9.500000 0.004263 0.843699 0.094546 0.097388
9.599999 0.004158 0.835212 0.093883 0.096728
9.700000 0.004053 0.827582 0.093110 0.095629
9.800000 0.003728 0.818291 0.092006 0.094089
9.900000 0.003732 0.810977 0.091218 0.092865
10.000000 0.003407 0.801758 0.090000 0.091758
10.099999 0.002970 0.789219 0.089109 0.090649
10.200000 0.002753 0.780066 0.088656 0.089427
10.300000 0.002536 0.771690 0.088083 0.088744
10.400000 0.002318 0.762499 0.087297 0.087297
10.500000 0.002320 0.756049 0.086289 0.086510
10.599999 0.002765 0.752046 0.085711 0.086485
10.700000 0.002879 0.745571 0.084477 0.085695
10.800000 0.002993 0.739304 0.083463 0.085014
10.900000 0.002996 0.733910 0.082889 0.084110
11.000000 0.002888 0.724950 0.081537 0.082648
11.099999 0.002558 0.715859 0.080850 0.081962
11.200000 0.002560 0.709229 0.079706 0.081265
11.300000 0.002675 0.704224 0.079126 0.080352
11.400000 0.002678 0.698204 0.078545 0.079661
11.500000 0.002792 0.691165 0.077851 0.078745
11.599999 0.002460 0.683328 0.077155 0.077826
11.700000 0.002127 0.675957 0.076450 0.076785
11.800000 0.002129 0.667526 0.075527 0.076087
11.900000 0.002244 0.660758 0.074714 0.075275
12.000000 0.002246 0.657008 0.074349 0.074686
12.099999 0.002136 0.648752 0.073533 0.073982
12.200000 0.001914 0.640927 0.072715 0.073053
12.300000 0.001803 0.633874 0.071332 0.072797
12.400000 0.001918 0.627031 0.070623 0.072202
12.500000 0.001807 0.621188 0.070025 0.070928
12.599999 0.001922 0.615785 0.069539 0.069878
12.700000 0.001811 0.611048 0.068372 0.069165
12.799999 0.001813 0.604034 0.067656 0.068450
12.900000 0.001815 0.600749 0.066485 0.068074
13.000000 0.001590 0.593754 0.065531 0.067007
13.099999 0.001592 0.587948 0.064696 0.066742
13.200000 0.001707 0.583722 0.063745 0.066249
13.299999 0.001937 0.581424 0.063476 0.065983
13.400000 0.001597 0.572847 0.063092 0.065374
13.500000 0.001599 0.567219 0.062364 0.064877
13.599999 0.001487 0.561235 0.061292 0.063922
13.700000 0.001488 0.555632 0.060897 0.063645
13.799999 0.001375 0.549851 0.060509 0.062686
13.900000 0.001492 0.543598 0.058857 0.061955
14.000000 0.001608 0.538939 0.058006 0.061337
14.099999 0.001380 0.532314 0.056923 0.060488
14.200000 0.001382 0.527631 0.056297 0.059866
14.299999 0.001383 0.521784 0.055671 0.059359
14.400000 0.001039 0.515001 0.055043 0.058851
14.500000 0.000924 0.508318 0.054644 0.058457
14.599999 0.000694 0.500636 0.053892 0.058055
14.700000 0.000579 0.496006 0.053375 0.057659
14.799999 0.000580 0.491132 0.052625 0.057030
14.900000 0.000464 0.486016 0.052338 0.056400
15.000000 0.000581 0.482514 0.051702 0.056117
15.099999 0.000698 0.477608 0.051297 0.055601
15.200000 0.001048 0.475836 0.051007 0.055200
15.299999 0.000933 0.471610 0.050600 0.054798
15.400000 0.000817 0.466441 0.050309 0.054045
15.500000 0.000935 0.462258 0.049661 0.053517
15.599999 0.000819 0.457417 0.048783 0.053229
15.700000 0.000703 0.451862 0.048489 0.052823
15.799999 0.000586 0.446764 0.047842 0.052181
15.900000 0.000587 0.442240 0.047077 0.051773
16.000000 0.000470 0.437588 0.047015 0.051246
16.100000 0.000471 0.432808 0.046717 0.050718
16.199999 0.000471 0.428016 0.046065 0.050306
16.299999 0.000472 0.424157 0.045530 0.049894
16.400000 0.000236 0.419462 0.044757 0.049008
16.500000 0.000236 0.415819 0.044337 0.048238
16.600000 0.000237 0.411222 0.044271 0.047704
16.699999 0.000237 0.406139 0.043731 0.047168
16.799999 0.000237 0.401993 0.043545 0.046274
16.900000 0.000238 0.398670 0.043359 0.045973
17.000000 0.000238 0.394862 0.043173 0.045314
17.100000 0.000238 0.389974 0.042510 0.044892
17.199999 0.000119 0.385312 0.042084 0.044588
17.299999 0.000119 0.381595 0.042134 0.044044
17.400000 0.000120 0.377749 0.041826 0.043021
17.500000 0.000120 0.372458 0.041517 0.042355
17.600000 0.000120 0.369550 0.041088 0.041806
17.699999 0.000120 0.366155 0.041017 0.040897
17.799999 0.000120 0.363353 0.040586 0.040586
17.900000 0.000120 0.360981 0.040149 0.040510
18.000000 0.000000 0.356842 0.040077 0.040077
18.100000 0.000000 0.353296 0.039764 0.039643
18.199999 0.000000 0.350344 0.039450 0.039329
18.299999 0.000000 0.347868 0.039014 0.038531
18.400000 0.000000 0.345024 0.038457 0.037489
18.500000 0.000000 0.341567 0.038261 0.037172
18.600000 0.000000 0.337859 0.037702 0.036853
18.699999 0.000000 0.334507 0.037262 0.036534
18.799999 0.000000 0.331875 0.036821 0.036335
18.900000 0.000000 0.328750 0.036257 0.035771
19.000000 0.000000 0.327324 0.035936 0.035571
19.100000 0.000000 0.324796 0.035736 0.035370
19.199999 0.000000 0.321285 0.035658 0.035047
19.299999 0.000000 0.317398 0.035334 0.034968
19.400000 0.000000 0.314971 0.034888 0.034766
19.500000 0.000000 0.311680 0.034563 0.034440
19.600000 0.000000 0.309731 0.033746 0.033869
19.699999 0.000000 0.305812 0.033542 0.032559
19.799999 0.000000 0.303727 0.032845 0.032599
19.900000 0.000000 0.300406 0.032763 0.032024
20.000000 0.000000 0.296337 0.032803 0.032063
20.100000 0.000000 0.293493 0.032473 0.031485
20.199999 0.000000 0.290889 0.031895 0.031277
20.299999 0.000000 0.288154 0.031563 0.030944
20.400000 0.000000 0.284794 0.031107 0.030859
20.500000 0.000000 0.282417 0.030897 0.030277
20.600000 0.000000 0.278917 0.030811 0.029942
20.699999 0.000000 0.275532 0.030601 0.029979
20.799999 0.000000 0.272388 0.030390 0.029892
20.900000 0.000000 0.269111 0.030178 0.029555
21.000000 0.000000 0.267699 0.030091 0.029092
21.100000 0.000000 0.264750 0.029875 0.028625
21.199999 0.000000 0.263204 0.029662 0.028411
21.299999 0.000000 0.261278 0.029574 0.028070
21.400000 0.000000 0.259348 0.028858 0.027854
21.500000 0.000000 0.256784 0.028894 0.027387
21.600000 0.000000 0.253208 0.028428 0.027170
21.699999 0.000000 0.249874 0.028338 0.026574
21.799999 0.000000 0.248424 0.027995 0.026230
21.900000 0.000000 0.246338 0.027652 0.026010
22.000000 0.000000 0.242604 0.027307 0.025917
22.100000 0.000000 0.240506 0.027342 0.025443
22.199999 0.000000 0.238657 0.026869 0.025475
22.299999 0.000000 0.236294 0.026777 0.025381
22.400000 0.000000 0.233672 0.026175 0.025286
22.500000 0.000000 0.231552 0.026081 0.025191
22.600000 0.000000 0.229427 0.026115 0.024713
22.699999 0.000000 0.227806 0.025510 0.024490
22.799999 0.000000 0.225543 0.025287 0.024393
22.900000 0.000000 0.223785 0.025192 0.024169
23.000000 0.000000 0.220871 0.024968 0.023560
23.100000 0.000000 0.218974 0.024872 0.023590
23.199999 0.000000 0.215661 0.024647 0.023235
23.299999 0.000000 0.213753 0.024422 0.023008
23.400000 0.000000 0.211712 0.024324 0.023037
23.500000 0.000000 0.210180 0.024356 0.022809
23.600000 0.000000 0.208387 0.024387 0.022323
23.699999 0.000000 0.206460 0.023773 0.021964
23.799999 0.000000 0.204140 0.023286 0.021604
23.900000 0.000000 0.202332 0.022668 0.021244
24.000000 0.000000 0.201167 0.022698 0.021141
24.100000 0.000000 0.199870 0.022468 0.021039
24.199999 0.000000 0.197529 0.022367 0.020936
24.299999 0.000000 0.195443 0.022005 0.020833
24.400000 0.000000 0.192960 0.022034 0.020339
24.500000 0.000000 0.191123 0.021802 0.020235
24.600000 0.000000 0.190196 0.021569 0.019869
24.699999 0.000000 0.187565 0.021335 0.019503
24.799999 0.000000 0.185845 0.020839 0.019397
24.900000 0.000000 0.183990 0.020866 0.019423
25.000000 0.000000 0.183180 0.020894 0.019185
25.100000 0.000000 0.180263 0.020789 0.019211
25.199999 0.000000 0.178920 0.020817 0.018972
25.299999 0.000000 0.177045 0.020712 0.018734
25.400000 0.000000 0.175297 0.020608 0.018626
25.500000 0.000000 0.173413 0.020503 0.018254
25.599998 0.000000 0.171523 0.020397 0.018146
25.699999 0.000000 0.170027 0.020292 0.018037
25.799999 0.000000 0.168127 0.020319 0.017795
25.900000 0.000000 0.167021 0.019947 0.017686
26.000000 0.000000 0.165379 0.019840 0.017310
26.099998 0.000000 0.164245 0.019464 0.017198
26.199999 0.000000 0.162729 0.018556 0.017087
26.299999 0.000000 0.160941 0.018447 0.016976
26.400000 0.000000 0.159550 0.018471 0.016999
26.500000 0.000000 0.158558 0.018362 0.016754
26.599998 0.000000 0.157026 0.018387 0.016776
26.699999 0.000000 0.155893 0.018143 0.016530
26.799999 0.000000 0.154219 0.017898 0.016014
26.900000 0.000000 0.152810 0.017922 0.015766
27.000000 0.000000 0.151127 0.017811 0.015383
27.099998 0.000000 0.149980 0.017565 0.014863
27.199999 0.000000 0.148559 0.017589 0.014612
27.299999 0.000000 0.147947 0.017613 0.014497
27.400000 0.000000 0.146791 0.016958 0.014516
27.500000 0.000000 0.145361 0.016846 0.013993
27.599998 0.000000 0.143110 0.016596 0.013604
27.699999 0.000000 0.142079 0.016210 0.013622
27.799999 0.000000 0.140772 0.016232 0.013368
27.900000 0.000000 0.139462 0.016255 0.013386
28.000000 0.000000 0.138148 0.016003 0.013131
28.099998 0.000000 0.136831 0.015751 0.012875
28.199999 0.000000 0.135784 0.015636 0.012893
28.299999 0.000000 0.134460 0.015520 0.012636
28.400000 0.000000 0.132994 0.015129 0.012103
28.500000 0.000000 0.130974 0.015149 0.012120
28.599998 0.000000 0.129224 0.015170 0.011998
28.699999 0.000000 0.128435 0.014915 0.012015
28.799999 0.000000 0.127230 0.014797 0.011755
28.900000 0.000000 0.126021 0.014541 0.011633
29.000000 0.000000 0.124393 0.014422 0.011649
29.099998 0.000000 0.123177 0.014165 0.011665
29.199999 0.000000 0.121263 0.014184 0.011542
29.299999 0.000000 0.120178 0.013926 0.011419
29.400000 0.000000 0.118951 0.013945 0.011156
29.500000 0.000000 0.118559 0.013825 0.011172
29.599998 0.000000 0.118445 0.013565 0.011187
29.699999 0.000000 0.118051 0.013303 0.011203
29.799999 0.000000 0.116954 0.013182 0.011219
29.900000 0.000000 0.115995 0.012920 0.010954
30.000000 0.000000 0.115174 0.012797 0.010828
30.099998 0.000000 0.113928 0.012533 0.010844
30.199999 0.000000 0.111832 0.012269 0.010436
30.299999 0.000000 0.109871 0.012286 0.010451
30.400000 0.000000 0.109178 0.012162 0.010324
30.500000 0.000000 0.108058 0.012038 0.010338
30.599998 0.000000 0.107502 0.012055 0.009644
30.699999 0.000000 0.106235 0.011930 0.009516
30.799999 0.000000 0.105533 0.011947 0.009387
30.900000 0.000000 0.104686 0.011964 0.009400
31.000000 0.000000 0.103552 0.011981 0.009271
31.099998 0.000000 0.102271 0.011855 0.009284
31.199999 0.000000 0.101845 0.011872 0.009298
31.299999 0.000000 0.100988 0.011603 0.009168
31.400000 0.000000 0.100402 0.011474 0.009323
31.500000 0.000000 0.099540 0.011347 0.009193
31.599998 0.000000 0.098677 0.011364 0.009206
31.699999 0.000000 0.098099 0.010804 0.009219
31.799999 0.000000 0.097519 0.010531 0.009233
31.900000 0.000000 0.096490 0.010545 0.009245
32.000000 0.000000 0.095762 0.010415 0.009258
32.099998 0.000000 0.095017 0.010429 0.009270
32.200001 0.000000 0.093850 0.010444 0.009283
32.299999 0.000000 0.093550 0.010314 0.009297
32.399998 0.000000 0.092959 0.010183 0.009310
32.500000 0.000000 0.092657 0.010052 0.009178
32.599998 0.000000 0.091771 0.010067 0.009046
32.700001 0.000000 0.090590 0.010082 0.008913
32.799999 0.000000 0.088967 0.009804 0.008780
32.899998 0.000000 0.088072 0.009672 0.008499
33.000000 0.000000 0.087173 0.009539 0.008512
33.099998 0.000000 0.086861 0.009553 0.008524
33.200001 0.000000 0.086105 0.009420 0.008390
33.299999 0.000000 0.085643 0.009287 0.008107
33.399998 0.000000 0.083998 0.009300 0.007972
33.500000 0.000000 0.083370 0.009165 0.008130
33.599998 0.000000 0.082902 0.008882 0.008142
33.700001 0.000000 0.082431 0.008895 0.008006
33.799999 0.000000 0.081218 0.008909 0.007869
33.899998 0.000000 0.080446 0.008922 0.007732
34.000000 0.000000 0.080417 0.008786 0.007744
34.099998 0.000000 0.079493 0.008650 0.007755
34.200001 0.000000 0.078715 0.008663 0.007468
34.299999 0.000000 0.078085 0.008676 0.007180
34.399998 0.000000 0.077453 0.008689 0.007191
34.500000 0.000000 0.076519 0.008702 0.007052
34.599998 0.000000 0.076183 0.008565 0.006912
34.700001 0.000000 0.075546 0.008578 0.006772
34.799999 0.000000 0.075207 0.008591 0.006782
34.899998 0.000000 0.075019 0.008604 0.006792
35.000000 0.000000 0.073923 0.008314 0.006803
35.099998 0.000000 0.073278 0.008327 0.006662
35.200001 0.000000 0.072934 0.008188 0.006672
35.299999 0.000000 0.072589 0.008200 0.006682
35.399998 0.000000 0.071939 0.008213 0.006540
35.500000 0.000000 0.071439 0.008073 0.006550
35.599998 0.000000 0.070786 0.007780 0.006560
35.700001 0.000000 0.070130 0.007792 0.006570
35.799999 0.000000 0.069013 0.007804 0.006427
35.899998 0.000000 0.068199 0.007663 0.006437
36.000000 0.000000 0.067843 0.007521 0.006293
36.099998 0.000000 0.067179 0.007379 0.006303
36.200001 0.000000 0.066051 0.007390 0.006313
36.299999 0.000000 0.065536 0.007402 0.006014
36.399998 0.000000 0.064556 0.007413 0.005869
36.500000 0.000000 0.064346 0.007425 0.005723
36.599998 0.000000 0.063826 0.007436 0.005732
36.700001 0.000000 0.063150 0.007448 0.005741
36.799999 0.000000 0.062937 0.007459 0.005594
36.899998 0.000000 0.062257 0.007471 0.005603
37.000000 0.000000 0.061730 0.007327 0.005612
37.099998 0.000000 0.061202 0.007182 0.005621
37.200001 0.000000 0.060360 0.006880 0.005629
37.299999 0.000000 0.060141 0.006891 0.005482
37.399998 0.000000 0.060078 0.006902 0.005333
37.500000 0.000000 0.059387 0.006913 0.005342
37.599998 0.000000 0.058379 0.006924 0.005193
37.700001 0.000000 0.057841 0.006935 0.005201
37.799999 0.000000 0.057301 0.006630 0.005209
37.899998 0.000000 0.056759 0.006640 0.005217
38.000000 0.000000 0.056532 0.006651 0.005226
38.099998 0.000000 0.055670 0.006344 0.005234
38.200001 0.000000 0.054805 0.006354 0.005083
38.299999 0.000000 0.054256 0.006205 0.004932
38.399998 0.000000 0.054024 0.006056 0.004940
38.500000 0.000000 0.053791 0.006065 0.004948
38.599998 0.000000 0.053717 0.006075 0.004796
38.700001 0.000000 0.053323 0.006085 0.004644
38.799999 0.000000 0.053248 0.006095 0.004651
38.899998 0.000000 0.052369 0.006104 0.004659
39.000000 0.000000 0.051971 0.005953 0.004666
39.099998 0.000000 0.051894 0.005963 0.004674
39.200001 0.000000 0.051977 0.005811 0.004681
39.299999 0.000000 0.051900 0.005821 0.004689
39.399998 0.000000 0.051012 0.005830 0.004534
39.500000 0.000000 0.051095 0.005839 0.004380
39.599998 0.000000 0.050528 0.005849 0.004224
39.700001 0.000000 0.050122 0.005858 0.004231
39.799999 0.000000 0.050204 0.005868 0.004238
39.899998 0.000000 0.049469 0.005551 0.004245
40.000000 0.000000 0.048896 0.005560 0.004252
40.099998 0.000000 0.047830 0.005569 0.004259
40.200001 0.000000 0.047416 0.005578 0.004102
40.299999 0.000000 0.046343 0.005423 0.003944
40.399998 0.000000 0.046420 0.005432 0.003951
40.500000 0.000000 0.045837 0.005441 0.003957
40.599998 0.000000 0.044756 0.005450 0.003964
40.700001 0.000000 0.044334 0.005459 0.003970
40.799999 0.000000 0.043745 0.005468 0.003811
40.899998 0.000000 0.043320 0.005477 0.003817
41.000000 0.000000 0.042727 0.005486 0.003824
41.099998 0.000000 0.042631 0.005495 0.003830
41.200001 0.000000 0.042535 0.005505 0.003670
41.299999 0.000000 0.041771 0.005347 0.003676
41.399998 0.000000 0.041339 0.005356 0.003682
41.500000 0.000000 0.040905 0.005365 0.003353
41.599998 0.000000 0.040638 0.005038 0.003191
41.700001 0.000000 0.040538 0.005046 0.003196
41.799999 0.000000 0.040270 0.004886 0.003201
41.899998 0.000000 0.040169 0.004895 0.003038
42.000000 0.000000 0.039899 0.004903 0.003043
42.099998 0.000000 0.039289 0.004911 0.003048
42.200001 0.000000 0.038677 0.004919 0.003053
42.299999 0.000000 0.038233 0.004928 0.002889
42.399998 0.000000 0.037617 0.004936 0.002894
42.500000 0.000000 0.037170 0.004945 0.002899
42.599998 0.000000 0.036208 0.004953 0.002904
42.700001 0.000000 0.036099 0.004790 0.002908
42.799999 0.000000 0.034790 0.004799 0.002913
42.899998 0.000000 0.034678 0.004807 0.002918
43.000000 0.000000 0.034394 0.004815 0.002923
43.099998 0.000000 0.033936 0.004823 0.002929
43.200001 0.000000 0.033650 0.004832 0.002934
43.299999 0.000000 0.033189 0.004840 0.002939
43.399998 0.000000 0.032900 0.004848 0.002944
43.500000 0.000000 0.032784 0.004857 0.002949
43.599998 0.000000 0.032493 0.004865 0.002954
43.700001 0.000000 0.032376 0.004700 0.002959
43.799999 0.000000 0.032258 0.004708 0.002964
43.899998 0.000000 0.032140 0.004716 0.002969
44.000000 0.000000 0.032021 0.004724 0.002800
44.099998 0.000000 0.031902 0.004733 0.002805
44.200001 0.000000 0.031782 0.004741 0.002634
44.299999 0.000000 0.031838 0.004749 0.002639
44.399998 0.000000 0.031542 0.004758 0.002467
44.500000 0.000000 0.031068 0.004766 0.002471
44.599998 0.000000 0.030769 0.004775 0.002476
44.700001 0.000000 0.030292 0.004783 0.002480
44.799999 0.000000 0.029991 0.004791 0.002484
44.899998 0.000000 0.030044 0.004800 0.002489
45.000000 0.000000 0.029742 0.004809 0.002315
45.099998 0.000000 0.028903 0.004817 0.002319
45.200001 0.000000 0.028597 0.004826 0.002324
45.299999 0.000000 0.027932 0.004655 0.002328
45.399998 0.000000 0.027265 0.004664 0.002332
45.500000 0.000000 0.027134 0.004672 0.002156
45.599998 0.000000 0.027003 0.004680 0.002160
45.700001 0.000000 0.026871 0.004689 0.002164
45.799999 0.000000 0.026558 0.004697 0.001987
45.899998 0.000000 0.026063 0.004706 0.001991
46.000000 0.000000 0.025929 0.004533 0.001995
46.099998 0.000000 0.025431 0.004541 0.001998
46.200001 0.000000 0.025114 0.004550 0.002002
46.299999 0.000000 0.024795 0.004558 0.002005
46.399998 0.000000 0.024840 0.004566 0.002009
46.500000 0.000000 0.024886 0.004575 0.002013
46.599998 0.000000 0.024381 0.004583 0.002016
46.700001 0.000000 0.023875 0.004591 0.001837
46.799999 0.000000 0.023735 0.004600 0.001840
46.899998 0.000000 0.023779 0.004608 0.001843
47.000000 0.000000 0.023638 0.004432 0.001847
47.099998 0.000000 0.023127 0.004440 0.001850
47.200001 0.000000 0.022799 0.004449 0.001854
47.299999 0.000000 0.022656 0.004457 0.001857
47.399998 0.000000 0.022512 0.004465 0.001860
47.500000 0.000000 0.022367 0.004287 0.001864
47.599998 0.000000 0.022035 0.004295 0.001681
47.700001 0.000000 0.021703 0.004303 0.001684
47.799999 0.000000 0.021368 0.004311 0.001687
47.899998 0.000000 0.021408 0.004131 0.001690
48.000000 0.000000 0.021261 0.004139 0.001693
48.099998 0.000000 0.021112 0.003959 0.001697
48.200001 0.000000 0.020585 0.003966 0.001700
48.299999 0.000000 0.020624 0.003974 0.001703
48.399998 0.000000 0.020474 0.003981 0.001517
48.500000 0.000000 0.020133 0.003989 0.001519
48.599998 0.000000 0.020171 0.003996 0.001522
48.700001 0.000000 0.019828 0.004004 0.001525
48.799999 0.000000 0.019484 0.004011 0.001528
48.899998 0.000000 0.019330 0.004019 0.001531
49.000000 0.000000 0.019175 0.003835 0.001534
49.099998 0.000000 0.019212 0.003842 0.001537
49.200001 0.000000 0.019249 0.003850 0.001540
49.299999 0.000000 0.018901 0.003857 0.001543
49.399998 0.000000 0.018744 0.003865 0.001159
49.500000 0.000000 0.018587 0.003872 0.001162
49.599998 0.000000 0.018041 0.003880 0.001164
49.700001 0.000000 0.017881 0.003887 0.001166
49.799999 0.000000 0.017722 0.003895 0.000974
49.899998 0.000000 0.017561 0.003902 0.000976
50.000000 0.000000 0.017595 0.003910 0.000978
50.099998 0.000000 0.017630 0.003918 0.000979
50.200001 0.000000 0.017272 0.003729 0.000981
50.299999 0.000000 0.016912 0.003736 0.000983
50.399998 0.000000 0.016749 0.003547 0.000985
50.500000 0.000000 0.016584 0.003554 0.000987
50.599998 0.000000 0.016222 0.003561 0.000791
50.700001 0.000000 0.016254 0.003568 0.000793
50.799999 0.000000 0.016286 0.003575 0.000794
50.899998 0.000000 0.016119 0.003383 0.000796
51.000000 0.000000 0.015952 0.003390 0.000798
51.099998 0.000000 0.015584 0.003397 0.000799
51.199997 0.000000 0.015415 0.003403 0.000801
51.299999 0.000000 0.015446 0.003410 0.000802
51.399998 0.000000 0.015276 0.003216 0.000804
51.500000 0.000000 0.014502 0.003223 0.000806
51.599998 0.000000 0.014127 0.003027 0.000807
51.699997 0.000000 0.013953 0.003033 0.000809
51.799999 0.000000 0.013982 0.003040 0.000811
51.899998 0.000000 0.014010 0.002843 0.000812
52.000000 0.000000 0.014039 0.002645 0.000814
52.099998 0.000000 0.014067 0.002650 0.000815
52.199997 0.000000 0.013892 0.002656 0.000817
52.299999 0.000000 0.013715 0.002661 0.000819
52.399998 0.000000 0.013538 0.002667 0.000821
52.500000 0.000000 0.013361 0.002672 0.000822
52.599998 0.000000 0.013388 0.002678 0.000618
52.699997 0.000000 0.013209 0.002683 0.000619
52.799999 0.000000 0.012823 0.002689 0.000620
52.899998 0.000000 0.012850 0.002694 0.000622
53.000000 0.000000 0.012669 0.002700 0.000623
53.099998 0.000000 0.012695 0.002706 0.000624
53.199997 0.000000 0.012722 0.002711 0.000626
53.299999 0.000000 0.012539 0.002717 0.000627
53.399998 0.000000 0.012356 0.002723 0.000628
53.500000 0.000000 0.012382 0.002728 0.000630
53.599998 0.000000 0.012198 0.002734 0.000631
53.699997 0.000000 0.011802 0.002740 0.000632
53.799999 0.000000 0.011616 0.002746 0.000634
53.899998 0.000000 0.011429 0.002540 0.000635
54.000000 0.000000 0.011241 0.002545 0.000636
54.099998 0.000000 0.011052 0.002550 0.000638
54.199997 0.000000 0.010863 0.002556 0.000639
54.299999 0.000000 0.010886 0.002561 0.000640
54.399998 0.000000 0.010481 0.002567 0.000642
54.500000 0.000000 0.010504 0.002572 0.000643
54.599998 0.000000 0.010311 0.002578 0.000644
54.699997 0.000000 0.010334 0.002583 0.000646
54.799999 0.000000 0.010140 0.002373 0.000647
54.899998 0.000000 0.010162 0.002378 0.000649
55.000000 0.000000 0.009967 0.002384 0.000650
55.099998 0.000000 0.009772 0.002172 0.000651
55.199997 0.000000 0.009576 0.002176 0.000435
55.299999 0.000000 0.009597 0.002181 0.000218
55.399998 0.000000 0.009399 0.002186 0.000219
55.500000 0.000000 0.009419 0.002191 0.000219
55.599998 0.000000 0.009221 0.002195 0.000220
55.699997 0.000000 0.009241 0.001980 0.000220
55.799999 0.000000 0.009261 0.001985 0.000221
55.899998 0.000000 0.009061 0.001989 0.000221
56.000000 0.000000 0.009081 0.001993 0.000221
56.099998 0.000000 0.008879 0.001998 0.000222
56.199997 0.000000 0.008899 0.002002 0.000222
56.299999 0.000000 0.008250 0.002007 0.000223
56.399998 0.000000 0.008268 0.002011 0.000223
56.500000 0.000000 0.008287 0.001792 0.000224
56.599998 0.000000 0.008305 0.001796 0.000224
56.699997 0.000000 0.008099 0.001800 0.000225
56.799999 0.000000 0.008117 0.001804 0.000225
56.899998 0.000000 0.008136 0.001808 0.000226
57.000000 0.000000 0.007928 0.001812 0.000227
57.099998 0.000000 0.007946 0.001816 0.000227
57.199997 0.000000 0.007736 0.001820 0.000228
57.299999 0.000000 0.007526 0.001824 0.000228
57.399998 0.000000 0.007543 0.001829 0.000229
57.500000 0.000000 0.007560 0.001833 0.000229
57.599998 0.000000 0.007577 0.001837 0.000230
57.699997 0.000000 0.007365 0.001841 0.000230
57.799999 0.000000 0.007382 0.001845 0.000231
57.899998 0.000000 0.007168 0.001850 0.000231
58.000000 0.000000 0.007184 0.001854 0.000232
58.099998 0.000000 0.007201 0.001858 0.000232
58.199997 0.000000 0.006985 0.001863 0.000233
58.299999 0.000000 0.006768 0.001867 0.000233
58.399998 0.000000 0.006784 0.001871 0.000234
58.500000 0.000000 0.006800 0.001876 0.000234
58.599998 0.000000 0.006580 0.001880 0.000235
58.699997 0.000000 0.006596 0.001885 0.000236
58.799999 0.000000 0.006375 0.001889 0.000236
58.899998 0.000000 0.006391 0.001893 0.000237
59.000000 0.000000 0.006406 0.001898 0.000237
59.099998 0.000000 0.006421 0.001902 0.000238
59.199997 0.000000 0.006436 0.001907 0.000238
59.299999 0.000000 0.006452 0.001912 0.000239
59.399998 0.000000 0.006228 0.001916 0.000240
59.500000 0.000000 0.006242 0.001921 0.000240
59.599998 0.000000 0.006017 0.001925 0.000241
59.699997 0.000000 0.006031 0.001930 0.000241
59.799999 0.000000 0.006046 0.001935 0.000242
59.899998 0.000000 0.006061 0.001939 0.000242
60.000000 0.000000 0.005832 0.001944 0.000243
60.099998 0.000000 0.005847 0.001705 0.000244
60.199997 0.000000 0.005617 0.001709 0.000244
60.299999 0.000000 0.005630 0.001714 0.000245
60.399998 0.000000 0.005644 0.001718 0.000245
60.500000 0.000000 0.005658 0.001722 0.000246
60.599998 0.000000 0.005672 0.001726 0.000247
60.699997 0.000000 0.005686 0.001731 0.000247
60.799999 0.000000 0.005700 0.001735 0.000248
60.899998 0.000000 0.005714 0.001739 0.000248
61.000000 0.000000 0.004981 0.001743 0.000249
61.099998 0.000000 0.004994 0.001748 0.000250
61.199997 0.000000 0.005006 0.001752 0.000250
61.299999 0.000000 0.005019 0.001757 0.000251
61.399998 0.000000 0.005031 0.001761 0.000252
61.500000 0.000000 0.005044 0.001513 0.000252
61.599998 0.000000 0.005057 0.001517 0.000253
61.699997 0.000000 0.004816 0.001521 0.000253
61.799999 0.000000 0.004574 0.001525 0.000254
61.899998 0.000000 0.004586 0.001529 0.000255
62.000000 0.000000 0.004598 0.001533 0.000255
62.099998 0.000000 0.004609 0.001536 0.000256
62.199997 0.000000 0.004621 0.001540 0.000257
62.299999 0.000000 0.004633 0.001544 0.000257
62.399998 0.000000 0.004387 0.001548 0.000258
62.500000 0.000000 0.004398 0.001552 0.000259
62.599998 0.000000 0.004410 0.001556 0.000259
62.699997 0.000000 0.004421 0.001560 0.000260
62.799999 0.000000 0.004433 0.001565 0.000261
62.899998 0.000000 0.004444 0.001569 0.000261
63.000000 0.000000 0.004194 0.001573 0.000262
63.099998 0.000000 0.004205 0.001577 0.000263
63.199997 0.000000 0.004216 0.001581 0.000264
63.299999 0.000000 0.003963 0.001585 0.000264
63.399998 0.000000 0.003974 0.001589 0.000265
63.500000 0.000000 0.003984 0.001594 0.000266
63.599998 0.000000 0.003728 0.001598 0.000266
63.699997 0.000000 0.003738 0.001602 0.000267
63.799999 0.000000 0.003748 0.001606 0.000268
63.899998 0.000000 0.003758 0.001611 0.000268
64.000000 0.000000 0.003769 0.001615 0.000269
64.099998 0.000000 0.003779 0.001619 0.000270
64.199997 0.000000 0.003789 0.001624 0.000271
64.299995 0.000000 0.003799 0.001628 0.000271
64.400002 0.000000 0.003810 0.001633 0.000272
64.500000 0.000000 0.003820 0.001637 0.000273
64.599998 0.000000 0.003830 0.001642 0.000274
64.699997 0.000000 0.003841 0.001646 0.000274
64.799995 0.000000 0.003851 0.001651 0.000275
64.900002 0.000000 0.003862 0.001655 0.000276
65.000000 0.000000 0.003873 0.001660 0.000277
65.099998 0.000000 0.003606 0.001664 0.000277
65.199997 0.000000 0.003616 0.001669 0.000278
65.299995 0.000000 0.003626 0.001674 0.000279
65.400002 0.000000 0.003636 0.001399 0.000280
65.500000 0.000000 0.003647 0.001403 0.000281
65.599998 0.000000 0.003657 0.001406 0.000281
65.699997 0.000000 0.003667 0.001410 0.000282
65.799995 0.000000 0.003678 0.001414 0.000283
65.900002 0.000000 0.003688 0.001418 0.000284
66.000000 0.000000 0.003414 0.001422 0.000284
66.099998 0.000000 0.003424 0.001427 0.000285
66.199997 0.000000 0.003433 0.001431 0.000286
66.299995 0.000000 0.003443 0.001435 0.000287
66.400002 0.000000 0.003453 0.001151 0.000288
66.500000 0.000000 0.003463 0.001154 0.000289
66.599998 0.000000 0.003473 0.001158 0.000289
66.699997 0.000000 0.003483 0.000871 0.000000
66.799995 0.000000 0.003493 0.000873 0.000000
66.900002 0.000000 0.003212 0.000876 0.000000
67.000000 0.000000 0.003221 0.000878 0.000000
67.099998 0.000000 0.003231 0.000881 0.000000
67.199997 0.000000 0.003240 0.000884 0.000000
67.299995 0.000000 0.003250 0.000886 0.000000
67.400002 0.000000 0.003259 0.000889 0.000000
67.500000 0.000000 0.003269 0.000892 0.000000
67.599998 0.000000 0.003279 0.000894 0.000000
67.699997 0.000000 0.003288 0.000897 0.000000
67.799995 0.000000 0.003298 0.000900 0.000000
67.900002 0.000000 0.003308 0.000902 0.000000
68.000000 0.000000 0.003017 0.000905 0.000000
68.099998 0.000000 0.003026 0.000908 0.000000
68.199997 0.000000 0.003035 0.000910 0.000000
68.299995 0.000000 0.002740 0.000913 0.000000
68.400002 0.000000 0.002748 0.000916 0.000000
68.500000 0.000000 0.002757 0.000919 0.000000
68.599998 0.000000 0.002765 0.000922 0.000000
68.699997 0.000000 0.002773 0.000924 0.000000
68.799995 0.000000 0.002782 0.000927 0.000000
68.900002 0.000000 0.002791 0.000930 0.000000
69.000000 0.000000 0.002799 0.000933 0.000000
69.099998 0.000000 0.002808 0.000936 0.000000
69.199997 0.000000 0.002817 0.000939 0.000000
69.299995 0.000000 0.002826 0.000942 0.000000
69.400002 0.000000 0.002835 0.000945 0.000000
69.500000 0.000000 0.002844 0.000948 0.000000
69.599998 0.000000 0.002853 0.000951 0.000000
69.699997 0.000000 0.002862 0.000954 0.000000
69.799995 0.000000 0.002871 0.000957 0.000000
69.900002 0.000000 0.002880 0.000960 0.000000
70.000000 0.000000 0.002889 0.000963 0.000000
70.099998 0.000000 0.002899 0.000966 0.000000
70.199997 0.000000 0.002908 0.000969 0.000000
70.299995 0.000000 0.002917 0.000972 0.000000
70.400002 0.000000 0.002602 0.000976 0.000000
70.500000 0.000000 0.002610 0.000979 0.000000
70.599998 0.000000 0.002619 0.000982 0.000000
70.699997 0.000000 0.002627 0.000985 0.000000
70.799995 0.000000 0.002636 0.000988 0.000000
70.900002 0.000000 0.002645 0.000992 0.000000
71.000000 0.000000 0.002653 0.000995 0.000000
71.099998 0.000000 0.002329 0.000998 0.000000
71.199997 0.000000 0.002337 0.001002 0.000000
71.299995 0.000000 0.002345 0.001005 0.000000
71.400002 0.000000 0.002353 0.001008 0.000000
71.500000 0.000000 0.002361 0.001012 0.000000
71.599998 0.000000 0.002030 0.001015 0.000000
71.699997 0.000000 0.002037 0.001019 0.000000
71.799995 0.000000 0.002044 0.000681 0.000000
71.900002 0.000000 0.002051 0.000684 0.000000
72.000000 0.000000 0.002058 0.000686 0.000000
72.099998 0.000000 0.002065 0.000688 0.000000
72.199997 0.000000 0.002073 0.000691 0.000000
72.299995 0.000000 0.002080 0.000693 0.000000
72.400002 0.000000 0.002087 0.000696 0.000000
72.500000 0.000000 0.001745 0.000698 0.000000
72.599998 0.000000 0.001751 0.000701 0.000000
72.699997 0.000000 0.001757 0.000703 0.000000
72.799995 0.000000 0.001764 0.000705 0.000000
72.900002 0.000000 0.001770 0.000708 0.000000
73.000000 0.000000 0.001776 0.000710 0.000000
73.099998 0.000000 0.001783 0.000713 0.000000
73.199997 0.000000 0.001789 0.000716 0.000000
73.299995 0.000000 0.001795 0.000718 0.000000
73.400002 0.000000 0.001802 0.000721 0.000000
73.500000 0.000000 0.001085 0.000723 0.000000
73.599998 0.000000 0.000726 0.000726 0.000000
73.699997 0.000000 0.000729 0.000729 0.000000
73.799995 0.000000 0.000731 0.000731 0.000000
73.900002 0.000000 0.000734 0.000734 0.000000
74.000000 0.000000 0.000737 0.000737 0.000000
74.099998 0.000000 0.000739 0.000739 0.000000
74.199997 0.000000 0.000742 0.000742 0.000000
74.299995 0.000000 0.000745 0.000745 0.000000
74.400002 0.000000 0.000748 0.000748 0.000000
74.500000 0.000000 0.000750 0.000750 0.000000
74.599998 0.000000 0.000753 0.000753 0.000000
74.699997 0.000000 0.000756 0.000756 0.000000
74.799995 0.000000 0.000759 0.000759 0.000000
74.900002 0.000000 0.000762 0.000762 0.000000
75.000000 0.000000 0.000765 0.000765 0.000000
75.099998 0.000000 0.000768 0.000768 0.000000
75.199997 0.000000 0.000771 0.000771 0.000000
75.299995 0.000000 0.000774 0.000774 0.000000
75.400002 0.000000 0.000777 0.000777 0.000000
75.500000 0.000000 0.000780 0.000780 0.000000
75.599998 0.000000 0.000783 0.000783 0.000000
75.699997 0.000000 0.000786 0.000786 0.000000
75.799995 0.000000 0.000789 0.000789 0.000000
75.900002 0.000000 0.000792 0.000792 0.000000
76.000000 0.000000 0.000795 0.000795 0.000000
76.099998 0.000000 0.000798 0.000798 0.000000
76.199997 0.000000 0.000802 0.000802 0.000000
76.299995 0.000000 0.000805 0.000805 0.000000
76.400002 0.000000 0.000808 0.000808 0.000000
76.500000 0.000000 0.000811 0.000811 0.000000
76.599998 0.000000 0.000815 0.000815 0.000000
76.699997 0.000000 0.000818 0.000818 0.000000
76.799995 0.000000 0.000821 0.000821 0.000000
76.900002 0.000000 0.000825 0.000825 0.000000
77.000000 0.000000 0.000828 0.000828 0.000000
77.099998 0.000000 0.000832 0.000832 0.000000
77.199997 0.000000 0.000835 0.000418 0.000000
77.299995 0.000000 0.000839 0.000419 0.000000
77.400002 0.000000 0.000842 0.000421 0.000000
77.500000 0.000000 0.000846 0.000423 0.000000
77.599998 0.000000 0.000849 0.000425 0.000000
77.699997 0.000000 0.000853 0.000426 0.000000
77.799995 0.000000 0.000857 0.000428 0.000000
77.900002 0.000000 0.000860 0.000430 0.000000
78.000000 0.000000 0.000864 0.000432 0.000000
78.099998 0.000000 0.000868 0.000434 0.000000
78.199997 0.000000 0.000871 0.000436 0.000000
78.299995 0.000000 0.000875 0.000438 0.000000
78.400002 0.000000 0.000879 0.000440 0.000000
78.500000 0.000000 0.000883 0.000442 0.000000
78.599998 0.000000 0.000887 0.000443 0.000000
78.699997 0.000000 0.000891 0.000445 0.000000
78.799995 0.000000 0.000895 0.000447 0.000000
78.900002 0.000000 0.000899 0.000449 0.000000
79.000000 0.000000 0.000903 0.000451 0.000000
79.099998 0.000000 0.000907 0.000454 0.000000
79.199997 0.000000 0.000911 0.000456 0.000000
79.299995 0.000000 0.000915 0.000458 0.000000
79.400002 0.000000 0.000920 0.000460 0.000000
79.500000 0.000000 0.000924 0.000462 0.000000
79.599998 0.000000 0.000928 0.000464 0.000000
79.699997 0.000000 0.000932 0.000466 0.000000
79.799995 0.000000 0.000937 0.000468 0.000000
79.900002 0.000000 0.000941 0.000471 0.000000
80.000000 0.000000 0.000946 0.000473 0.000000
80.099998 0.000000 0.000950 0.000475 0.000000
80.199997 0.000000 0.000955 0.000477 0.000000
80.299995 0.000000 0.000959 0.000480 0.000000
80.400002 0.000000 0.000964 0.000482 0.000000
80.500000 0.000000 0.000969 0.000484 0.000000
80.599998 0.000000 0.000973 0.000487 0.000000
80.699997 0.000000 0.000978 0.000489 0.000000
80.799995 0.000000 0.000983 0.000491 0.000000
80.900002 0.000000 0.000988 0.000494 0.000000
81.000000 0.000000 0.000993 0.000496 0.000000
81.099998 0.000000 0.000998 0.000499 0.000000
81.199997 0.000000 0.001003 0.000501 0.000000
81.299995 0.000000 0.001008 0.000504 0.000000
81.400002 0.000000 0.001013 0.000506 0.000000
81.500000 0.000000 0.001018 0.000509 0.000000
81.599998 0.000000 0.001023 0.000512 0.000000
81.699997 0.000000 0.001028 0.000514 0.000000
81.799995 0.000000 0.001034 0.000517 0.000000
81.900002 0.000000 0.001039 0.000519 0.000000
82.000000 0.000000 0.001044 0.000522 0.000000
82.099998 0.000000 0.001050 0.000525 0.000000
82.199997 0.000000 0.001055 0.000528 0.000000
82.299995 0.000000 0.001061 0.000531 0.000000
82.400002 0.000000 0.001067 0.000533 0.000000
82.500000 0.000000 0.001072 0.000536 0.000000
82.599998 0.000000 0.001078 0.000539 0.000000
82.699997 0.000000 0.001084 0.000542 0.000000
82.799995 0.000000 0.001090 0.000545 0.000000
82.900002 0.000000 0.001096 0.000548 0.000000
83.000000 0.000000 0.001102 0.000551 0.000000
83.099998 0.000000 0.001108 0.000554 0.000000
83.199997 0.000000 0.001114 0.000557 0.000000
83.299995 0.000000 0.001120 0.000560 0.000000
83.400002 0.000000 0.001127 0.000563 0.000000
83.500000 0.000000 0.001133 0.000567 0.000000
83.599998 0.000000 0.001140 0.000570 0.000000
83.699997 0.000000 0.001146 0.000573 0.000000
83.799995 0.000000 0.001153 0.000576 0.000000
83.900002 0.000000 0.001159 0.000580 0.000000
84.000000 0.000000 0.001166 0.000583 0.000000
84.099998 0.000000 0.001173 0.000587 0.000000
84.199997 0.000000 0.001180 0.000590 0.000000
84.299995 0.000000 0.001187 0.000593 0.000000
84.400002 0.000000 0.001194 0.000597 0.000000
84.500000 0.000000 0.001201 0.000601 0.000000
84.599998 0.000000 0.001208 0.000604 0.000000
84.699997 0.000000 0.001216 0.000608 0.000000
84.799995 0.000000 0.001223 0.000612 0.000000
84.900002 0.000000 0.001231 0.000615 0.000000
85.000000 0.000000 0.001238 0.000619 0.000000
85.099998 0.000000 0.001246 0.000623 0.000000
85.199997 0.000000 0.001254 0.000627 0.000000
85.299995 0.000000 0.001262 0.000631 0.000000
85.400002 0.000000 0.001270 0.000635 0.000000
85.500000 0.000000 0.001278 0.000639 0.000000
85.599998 0.000000 0.001286 0.000643 0.000000
85.699997 0.000000 0.001294 0.000647 0.000000
85.799995 0.000000 0.001303 0.000651 0.000000
85.900002 0.000000 0.001311 0.000656 0.000000
86.000000 0.000000 0.000660 0.000660 0.000000
86.099998 0.000000 0.000664 0.000664 0.000000
86.199997 0.000000 0.000669 0.000669 0.000000
86.299995 0.000000 0.000673 0.000673 0.000000
86.400002 0.000000 0.000678 0.000678 0.000000
86.500000 0.000000 0.000683 0.000683 0.000000
86.599998 0.000000 0.000687 0.000687 0.000000
86.699997 0.000000 0.000692 0.000692 0.000000
86.799995 0.000000 0.000697 0.000697 0.000000
86.900002 0.000000 0.000702 0.000702 0.000000
87.000000 0.000000 0.000707 0.000707 0.000000
87.099998 0.000000 0.000712 0.000712 0.000000
87.199997 0.000000 0.000717 0.000717 0.000000
87.299995 0.000000 0.000722 0.000722 0.000000
87.400002 0.000000 0.000727 0.000727 0.000000
87.500000 0.000000 0.000733 0.000733 0.000000
87.599998 0.000000 0.000738 0.000738 0.000000
87.699997 0.000000 0.000743 0.000743 0.000000
87.799995 0.000000 0.000749 0.000749 0.000000
87.900002 0.000000 0.000755 0.000755 0.000000
88.000000 0.000000 0.000760 0.000760 0.000000
88.099998 0.000000 0.000766 0.000766 0.000000
88.199997 0.000000 0.000772 0.000772 0.000000
88.299995 0.000000 0.000778 0.000778 0.000000
88.400002 0.000000 0.000784 0.000784 0.000000
88.500000 0.000000 0.000791 0.000791 0.000000
88.599998 0.000000 0.000797 0.000797 0.000000
88.699997 0.000000 0.000803 0.000803 0.000000
88.799995 0.000000 0.000810 0.000810 0.000000
88.900002 0.000000 0.000000 0.000816 0.000000
89.000000 0.000000 0.000000 0.000823 0.000000
89.099998 0.000000 0.000000 0.000830 0.000000
89.199997 0.000000 0.000000 0.000837 0.000000
89.299995 0.000000 0.000000 0.000844 0.000000
89.400002 0.000000 0.000000 0.000851 0.000000
89.500000 0.000000 0.000000 0.000858 0.000000
89.599998 0.000000 0.000000 0.000866 0.000000
89.699997 0.000000 0.000000 0.000873 0.000000
89.799995 0.000000 0.000000 0.000881 0.000000
89.900002 0.000000 0.000000 0.000889 0.000000
90.000000 0.000000 0.000000 0.000897 0.000000
90.099998 0.000000 0.000000 0.000905 0.000000
90.199997 0.000000 0.000000 0.000913 0.000000
90.299995 0.000000 0.000000 0.000922 0.000000
90.400002 0.000000 0.000000 0.000930 0.000000
90.500000 0.000000 0.000000 0.000939 0.000000
90.599998 0.000000 0.000000 0.000948 0.000000
90.699997 0.000000 0.000000 0.000957 0.000000
90.799995 0.000000 0.000000 0.000966 0.000000
90.900002 0.000000 0.000000 0.000976 0.000000
91.000000 0.000000 0.000000 0.000985 0.000000
91.099998 0.000000 0.000000 0.000995 0.000000
91.199997 0.000000 0.000000 0.001005 0.000000
91.299995 0.000000 0.000000 0.001015 0.000000
91.400002 0.000000 0.000000 0.001026 0.000000
91.500000 0.000000 0.000000 0.001036 0.000000
91.599998 0.000000 0.000000 0.001047 0.000000
91.699997 0.000000 0.000000 0.001058 0.000000
91.799995 0.000000 0.000000 0.001070 0.000000
91.900002 0.000000 0.000000 0.001081 0.000000
92.000000 0.000000 0.000000 0.001093 0.000000
92.099998 0.000000 0.000000 0.001105 0.000000
92.199997 0.000000 0.000000 0.001117 0.000000
92.299995 0.000000 0.000000 0.001130 0.000000
92.400002 0.000000 0.000000 0.001143 0.000000
92.500000 0.000000 0.000000 0.001156 0.000000
92.599998 0.000000 0.000000 0.001170 0.000000
92.699997 0.000000 0.000000 0.001183 0.000000
92.799995 0.000000 0.000000 0.001198 0.000000
92.900002 0.000000 0.000000 0.001212 0.000000
93.000000 0.000000 0.000000 0.001227 0.000000
93.099998 0.000000 0.000000 0.001242 0.000000
93.199997 0.000000 0.000000 0.001258 0.000000
93.299995 0.000000 0.000000 0.001274 0.000000
93.400002 0.000000 0.000000 0.001290 0.000000
93.500000 0.000000 0.000000 0.001307 0.000000
93.599998 0.000000 0.000000 0.001325 0.000000
93.699997 0.000000 0.000000 0.001342 0.000000
93.799995 0.000000 0.000000 0.001361 0.000000
93.900002 0.000000 0.000000 0.001379 0.000000
94.000000 0.000000 0.000000 0.001399 0.000000
94.099998 0.000000 0.000000 0.001418 0.000000
94.199997 0.000000 0.000000 0.001439 0.000000
94.299995 0.000000 0.000000 0.001460 0.000000
94.400002 0.000000 0.000000 0.001481 0.000000
94.500000 0.000000 0.000000 0.001504 0.000000
94.599998 0.000000 0.000000 0.001527 0.000000
94.699997 0.000000 0.000000 0.001550 0.000000
94.799995 0.000000 0.000000 0.001575 0.000000
94.900002 0.000000 0.000000 0.001600 0.000000
95.000000 0.000000 0.000000 0.001626 0.000000
95.099998 0.000000 0.000000 0.001653 0.000000
95.199997 0.000000 0.000000 0.001681 0.000000
95.299995 0.000000 0.000000 0.001709 0.000000
95.400002 0.000000 0.000000 0.001739 0.000000
95.500000 0.000000 0.000000 0.001770 0.000000
95.599998 0.000000 0.000000 0.001802 0.000000
95.699997 0.000000 0.000000 0.001835 0.000000
95.799995 0.000000 0.000000 0.001869 0.000000
95.900002 0.000000 0.000000 0.001905 0.000000
96.000000 0.000000 0.000000 0.001942 0.000000
96.099998 0.000000 0.000000 0.001980 0.000000
96.199997 0.000000 0.000000 0.002020 0.000000
96.299995 0.000000 0.000000 0.002062 0.000000
96.400002 0.000000 0.000000 0.002105 0.000000
96.500000 0.000000 0.000000 0.002151 0.000000
96.599998 0.000000 0.000000 0.002198 0.000000
96.699997 0.000000 0.000000 0.002247 0.000000
96.799995 0.000000 0.000000 0.002299 0.000000
96.900002 0.000000 0.000000 0.002353 0.000000
97.000000 0.000000 0.000000 0.002410 0.000000
97.099998 0.000000 0.000000 0.002469 0.000000
97.199997 0.000000 0.000000 0.002532 0.000000
97.299995 0.000000 0.000000 0.002597 0.000000
97.400002 0.000000 0.000000 0.000000 0.000000
97.500000 0.000000 0.000000 0.000000 0.000000
97.599998 0.000000 0.000000 0.000000 0.000000
97.699997 0.000000 0.000000 0.000000 0.000000
97.799995 0.000000 0.000000 0.000000 0.000000
97.900002 0.000000 0.000000 0.000000 0.000000
98.000000 0.000000 0.000000 0.000000 0.000000
98.099998 0.000000 0.000000 0.000000 0.000000
98.199997 0.000000 0.000000 0.000000 0.000000
98.299995 0.000000 0.000000 0.000000 0.000000
98.400002 0.000000 0.000000 0.000000 0.000000
98.500000 0.000000 0.000000 0.000000 0.000000
98.599998 0.000000 0.000000 0.000000 0.000000
98.699997 0.000000 0.000000 0.000000 0.000000
98.799995 0.000000 0.000000 0.000000 0.000000
98.900002 0.000000 0.000000 0.000000 0.000000
99.000000 0.000000 0.000000 0.000000 0.000000
99.099998 0.000000 0.000000 0.000000 0.000000
99.199997 0.000000 0.000000 0.000000 0.000000
99.299995 0.000000 0.000000 0.000000 0.000000
99.400002 0.000000 0.000000 0.000000 0.000000
99.500000 0.000000 0.000000 0.000000 0.000000
99.599998 0.000000 0.000000 0.000000 0.000000
99.699997 0.000000 0.000000 0.000000 0.000000
99.799995 0.000000 0.000000 0.000000 0.000000
99.900002 0.000000 0.000000 0.000000 0.000000
100.000000 0.000000 0.000000 0.000000 0.000000
100.099998 0.000000 0.000000 0.000000 0.000000
100.199997 0.000000 0.000000 0.000000 0.000000
100.299995 0.000000 0.000000 0.000000 0.000000
100.400002 0.000000 0.000000 0.000000 0.000000
100.500000 0.000000 0.000000 0.000000 0.000000
100.599998 0.000000 0.000000 0.000000 0.000000
100.699997 0.000000 0.000000 0.000000 0.000000
100.799995 0.000000 0.000000 0.000000 0.000000
100.900002 0.000000 0.000000 0.000000 0.000000
101.000000 0.000000 0.000000 0.000000 0.000000
101.099998 0.000000 0.000000 0.000000 0.000000
