0.000000 0.998901 7.990910 0.999001 0.999201
0.100000 0.991001 7.921308 0.989401 0.990101
0.200000 0.978683 7.848279 0.980584 0.978082
0.300000 0.970167 7.790470 0.970668 0.969767
0.400000 0.944589 7.612024 0.945090 0.946192
0.500000 0.932504 7.520710 0.930398 0.930498
0.600000 0.910286 7.362267 0.908680 0.908981
0.700000 0.885318 7.206367 0.885218 0.887226
0.800000 0.852779 6.987036 0.852377 0.853482
0.900000 0.820441 6.788050 0.825470 0.827784
1.000000 0.791079 6.598872 0.801349 0.803061
1.100000 0.762145 6.405261 0.771518 0.779883
1.200000 0.735324 6.231289 0.745814 0.753581
1.300000 0.705431 6.032505 0.718958 0.724712
1.400000 0.675255 5.831565 0.691422 0.694857
1.500000 0.644417 5.629551 0.664037 0.667071
1.600000 0.616420 5.458494 0.637882 0.644260
1.700000 0.590476 5.287031 0.612867 0.622087
1.800000 0.561968 5.087120 0.586815 0.597262
1.900000 0.532690 4.882639 0.560406 0.572792
2.000000 0.508587 4.721370 0.538563 0.551672
2.100000 0.482099 4.555329 0.517189 0.531733
2.200000 0.462846 4.432105 0.502036 0.515065
2.300000 0.435806 4.248115 0.480130 0.492460
2.400000 0.414423 4.099551 0.458180 0.471848
2.500000 0.389711 3.938553 0.438400 0.452588
2.600000 0.373046 3.821907 0.422806 0.434658
2.700000 0.351299 3.677337 0.404377 0.416138
2.800000 0.327772 3.517453 0.386017 0.398505
2.900000 0.309221 3.394672 0.372029 0.381762
3.000000 0.291047 3.262947 0.356886 0.364681
3.100000 0.277915 3.175903 0.345956 0.354372
3.200000 0.259605 3.049312 0.332751 0.338299
3.300000 0.246478 2.955270 0.322468 0.326375
3.400000 0.229954 2.846320 0.310345 0.311683
3.500000 0.215662 2.744050 0.299021 0.301700
3.600000 0.203198 2.658690 0.288809 0.292109
3.700000 0.189345 2.565765 0.278650 0.282779
3.800000 0.177948 2.485378 0.267438 0.274569
3.900000 0.168718 2.414917 0.259129 0.266680
4.000000 0.158832 2.339201 0.251708 0.257300
4.100000 0.152762 2.291740 0.245414 0.252150
4.200000 0.144621 2.234672 0.238821 0.244527
4.300000 0.136463 2.181535 0.231904 0.238239
4.400000 0.126910 2.117140 0.225444 0.231993
4.500000 0.119226 2.065439 0.219933 0.225864
4.600000 0.111111 2.006144 0.213371 0.220140
4.700000 0.102773 1.945174 0.207838 0.213363
4.800000 0.096505 1.898696 0.201982 0.206468
4.900000 0.088042 1.837076 0.196031 0.199896
5.000000 0.081652 1.783272 0.190591 0.194145
5.100000 0.076923 1.744218 0.186604 0.189325
5.200000 0.072289 1.708329 0.181037 0.185123
5.300000 0.069114 1.683377 0.177451 0.182066
5.400000 0.062467 1.629816 0.172808 0.176483
5.500000 0.058854 1.590962 0.169837 0.172254
5.600000 0.054702 1.557016 0.166316 0.169367
5.700000 0.050548 1.522430 0.161963 0.166912
5.800000 0.045435 1.479338 0.158339 0.163293
5.900000 0.041785 1.442756 0.155534 0.160072
6.000000 0.038551 1.413498 0.152408 0.156422
6.100000 0.035205 1.380061 0.148324 0.153822
6.200000 0.032910 1.357143 0.145608 0.151111
6.300000 0.031886 1.342373 0.143538 0.148623
6.400000 0.029056 1.313362 0.141039 0.145917
6.500000 0.027173 1.288929 0.138308 0.144040
6.600000 0.024121 1.262246 0.135586 0.141430
6.700000 0.021700 1.238698 0.132752 0.139772
6.800000 0.020549 1.222104 0.131175 0.138629
6.900000 0.019610 1.206757 0.129170 0.136310
7.000000 0.018560 1.192640 0.128107 0.134933
7.100000 0.017403 1.174888 0.125240 0.133675
7.200000 0.015712 1.155515 0.123771 0.131039
7.300000 0.015511 1.148053 0.122593 0.130295
7.400000 0.014457 1.131077 0.120690 0.128186
7.500000 0.012543 1.108383 0.118568 0.126286
7.600000 0.012018 1.094323 0.117502 0.125335
7.700000 0.011709 1.083575 0.116554 0.123429
7.800000 0.011292 1.072373 0.115819 0.122486
7.900000 0.011519 1.064485 0.114975 0.121649
8.000000 0.010561 1.047527 0.113051 0.120164
8.099999 0.010141 1.035171 0.111663 0.118675
8.200000 0.009287 1.019978 0.109827 0.116739
8.300000 0.008108 1.002378 0.108541 0.115459
8.400000 0.007684 0.992208 0.107251 0.114502
8.500000 0.007692 0.984940 0.106067 0.113868
8.599999 0.007158 0.975705 0.104772 0.112798
8.700000 0.006406 0.963952 0.103366 0.111944
8.800000 0.006522 0.953043 0.101739 0.111304
8.900000 0.005985 0.940696 0.100326 0.109793
9.000000 0.005120 0.927451 0.099455 0.108606
9.099999 0.005016 0.919638 0.097917 0.107513
9.200000 0.004803 0.908634 0.096714 0.106648
9.300000 0.004590 0.899355 0.095727 0.105562
9.400000 0.004157 0.890712 0.094629 0.104146
9.500000 0.003833 0.880407 0.093747 0.103494
9.599999 0.003508 0.871505 0.092753 0.101634
9.700000 0.003073 0.863038 0.091418 0.100307
9.800000 0.002966 0.853988 0.089980 0.098660
9.900000 0.002750 0.845798 0.088979 0.097998
10.000000 0.002753 0.838692 0.087976 0.097666
10.099999 0.002205 0.827601 0.086530 0.096451
10.200000 0.001876 0.817038 0.085743 0.095564
10.300000 0.001989 0.810097 0.084843 0.094675
10.400000 0.001880 0.804026 0.083831 0.094227
10.500000 0.001661 0.798273 0.083592 0.093667
10.599999 0.001219 0.788074 0.082798 0.092662
10.700000 0.000999 0.780428 0.081993 0.091756
10.800000 0.000666 0.773520 0.081306 0.091081
10.900000 0.000667 0.766596 0.080618 0.090292
11.000000 0.000668 0.759323 0.080151 0.089391
11.099999 0.000669 0.752062 0.079229 0.088255
11.200000 0.000669 0.746012 0.077858 0.087674
11.300000 0.000447 0.738470 0.076829 0.086544
11.400000 0.000447 0.730799 0.076020 0.085523
11.500000 0.000448 0.724007 0.075434 0.084835
11.599999 0.000448 0.716415 0.074398 0.083922
11.700000 0.000336 0.710520 0.074024 0.082773
11.800000 0.000337 0.703234 0.073321 0.082192
11.900000 0.000337 0.697055 0.072504 0.081385
12.000000 0.000225 0.688386 0.071798 0.080464
12.099999 0.000113 0.680374 0.071203 0.079991
12.200000 0.000113 0.673697 0.070268 0.079179
12.300000 0.000113 0.666554 0.069896 0.078026
12.400000 0.000113 0.661429 0.069297 0.076984
12.500000 0.000113 0.654255 0.068470 0.076392
12.599999 0.000000 0.649332 0.067981 0.075459
12.700000 0.000000 0.643943 0.066810 0.073843
12.799999 0.000000 0.637520 0.066205 0.073018
12.900000 0.000000 0.633015 0.065825 0.071965
13.000000 0.000000 0.627404 0.064869 0.071242
13.099999 0.000000 0.621966 0.064145 0.070183
13.200000 0.000000 0.616859 0.063420 0.069579
13.299999 0.000000 0.609455 0.062693 0.068517
13.400000 0.000000 0.604550 0.062307 0.068366
13.500000 0.000000 0.600710 0.062257 0.067750
13.599999 0.000000 0.595898 0.061641 0.066797
13.700000 0.000000 0.589126 0.061367 0.066414
13.799999 0.000000 0.582912 0.060289 0.065916
13.900000 0.000000 0.577489 0.060014 0.065187
14.000000 0.000000 0.572629 0.059507 0.064572
14.099999 0.000000 0.566836 0.059000 0.063609
14.200000 0.000000 0.561837 0.058606 0.062760
14.299999 0.000000 0.557750 0.057750 0.062486
14.400000 0.000000 0.552960 0.057354 0.061633
14.500000 0.000000 0.548854 0.056610 0.061125
14.599999 0.000000 0.543980 0.055626 0.060725
14.700000 0.000000 0.539622 0.054995 0.060332
14.799999 0.000000 0.535254 0.054710 0.059821
14.900000 0.000000 0.531806 0.054192 0.059542
15.000000 0.000000 0.527535 0.053906 0.059495
15.099999 0.000000 0.524070 0.053386 0.058748
15.200000 0.000000 0.519197 0.053098 0.058116
15.299999 0.000000 0.513962 0.052927 0.057250
15.400000 0.000000 0.510235 0.052521 0.056732
15.500000 0.000000 0.505797 0.052465 0.056096
15.599999 0.000000 0.502521 0.051823 0.055341
15.700000 0.000000 0.497359 0.051532 0.055053
15.799999 0.000000 0.491715 0.051005 0.054413
15.900000 0.000000 0.487822 0.050594 0.054124
16.000000 0.000000 0.484038 0.050183 0.053834
16.100000 0.000000 0.478302 0.050236 0.052948
16.199999 0.000000 0.474498 0.050059 0.052656
16.299999 0.000000 0.469622 0.049527 0.051891
16.400000 0.000000 0.465562 0.048994 0.051598
16.500000 0.000000 0.461967 0.048815 0.051422
16.600000 0.000000 0.457177 0.048399 0.051483
16.699999 0.000000 0.452019 0.047981 0.050713
16.799999 0.000000 0.448276 0.047325 0.049822
16.900000 0.000000 0.444524 0.046905 0.049048
17.000000 0.000000 0.439809 0.046365 0.048510
17.100000 0.000000 0.436038 0.045227 0.048091
17.199999 0.000000 0.431661 0.044922 0.047431
17.299999 0.000000 0.427871 0.044737 0.047249
17.400000 0.000000 0.424551 0.044311 0.046826
17.500000 0.000000 0.420863 0.043765 0.046523
17.600000 0.000000 0.417047 0.043818 0.046098
17.699999 0.000000 0.412981 0.043269 0.045673
17.799999 0.000000 0.408664 0.042840 0.044886
17.900000 0.000000 0.405422 0.042289 0.044458
18.000000 0.000000 0.400000 0.041858 0.043788
18.100000 0.000000 0.395894 0.041184 0.043116
18.199999 0.000000 0.391657 0.040992 0.042684
18.299999 0.000000 0.389057 0.040673 0.042731
18.400000 0.000000 0.385771 0.039753 0.042298
18.500000 0.000000 0.382478 0.039437 0.041621
18.600000 0.000000 0.377718 0.039363 0.041186
18.699999 0.000000 0.373312 0.038925 0.040871
18.799999 0.000000 0.369870 0.038607 0.040677
18.900000 0.000000 0.366053 0.038288 0.039873
19.000000 0.000000 0.361739 0.038335 0.039189
19.100000 0.000000 0.359369 0.038259 0.038382
19.199999 0.000000 0.355893 0.037572 0.038061
19.299999 0.000000 0.351795 0.037128 0.037740
19.400000 0.000000 0.349037 0.036928 0.037419
19.500000 0.000000 0.345412 0.036236 0.036973
19.600000 0.000000 0.342516 0.036035 0.036404
19.699999 0.000000 0.339737 0.035956 0.035587
19.799999 0.000000 0.337936 0.035631 0.035507
19.900000 0.000000 0.334897 0.035428 0.035181
20.000000 0.000000 0.330738 0.034977 0.034854
20.100000 0.000000 0.328301 0.034649 0.034278
20.199999 0.000000 0.325982 0.034444 0.034073
20.299999 0.000000 0.322913 0.034115 0.034115
20.400000 0.000000 0.319588 0.034157 0.033660
20.500000 0.000000 0.317249 0.033578 0.033702
20.600000 0.000000 0.313909 0.033246 0.033371
20.699999 0.000000 0.310934 0.033288 0.033288
20.799999 0.000000 0.308451 0.032705 0.033080
20.900000 0.000000 0.304962 0.032496 0.032496
21.000000 0.000000 0.302302 0.032533 0.032282
21.100000 0.000000 0.297920 0.032448 0.031696
21.199999 0.000000 0.296287 0.032112 0.031485
21.299999 0.000000 0.293519 0.031650 0.030771
21.400000 0.000000 0.291373 0.031439 0.030558
21.500000 0.000000 0.287963 0.031226 0.030345
21.600000 0.000000 0.285048 0.030383 0.030131
21.699999 0.000000 0.282883 0.030169 0.029664
21.799999 0.000000 0.280207 0.029828 0.029449
21.900000 0.000000 0.277145 0.029486 0.029107
22.000000 0.000000 0.273315 0.029397 0.029143
22.100000 0.000000 0.269094 0.029180 0.029180
22.199999 0.000000 0.266641 0.028836 0.028709
22.299999 0.000000 0.264437 0.028491 0.028746
22.400000 0.000000 0.262099 0.028146 0.028273
22.500000 0.000000 0.260265 0.027672 0.028182
22.600000 0.000000 0.259288 0.027703 0.028214
22.699999 0.000000 0.256807 0.027739 0.027739
22.799999 0.000000 0.255728 0.027518 0.027774
22.900000 0.000000 0.253236 0.027297 0.027169
23.000000 0.000000 0.251732 0.027329 0.027200
23.100000 0.000000 0.249358 0.026978 0.026850
23.199999 0.000000 0.246848 0.026241 0.026756
23.299999 0.000000 0.244688 0.026014 0.026401
23.400000 0.000000 0.242682 0.025919 0.026177
23.500000 0.000000 0.240284 0.025952 0.025823
23.600000 0.000000 0.238268 0.025856 0.025598
23.699999 0.000000 0.236116 0.025502 0.025502
23.799999 0.000000 0.233182 0.025275 0.025275
23.900000 0.000000 0.231508 0.025175 0.025175
24.000000 0.000000 0.228300 0.025208 0.024948
24.100000 0.000000 0.227166 0.024720 0.024850
24.199999 0.000000 0.225508 0.024622 0.024752
24.299999 0.000000 0.223715 0.024654 0.024524
24.400000 0.000000 0.221395 0.024425 0.024425
24.500000 0.000000 0.219330 0.024457 0.024196
24.600000 0.000000 0.217391 0.023965 0.024096
24.699999 0.000000 0.216365 0.023735 0.023997
24.799999 0.000000 0.214548 0.023503 0.023897
24.900000 0.000000 0.211149 0.023403 0.023534
25.000000 0.000000 0.209716 0.022907 0.023302
25.100000 0.000000 0.208410 0.022673 0.023201
25.199999 0.000000 0.207101 0.022571 0.022835
25.299999 0.000000 0.204467 0.022072 0.022733
25.400000 0.000000 0.202620 0.021572 0.022763
25.500000 0.000000 0.199841 0.021468 0.022661
25.599998 0.000000 0.196789 0.021364 0.022558
25.699999 0.000000 0.195589 0.020994 0.022455
25.799999 0.000000 0.194119 0.020889 0.022352
25.900000 0.000000 0.192646 0.020650 0.022116
26.000000 0.000000 0.191302 0.020411 0.021878
26.099998 0.000000 0.189420 0.020171 0.021908
26.199999 0.000000 0.187533 0.019797 0.021669
26.299999 0.000000 0.186445 0.019689 0.021564
26.400000 0.000000 0.184549 0.019447 0.020923
26.500000 0.000000 0.183186 0.019474 0.020548
26.599998 0.000000 0.181684 0.018962 0.020307
26.699999 0.000000 0.179504 0.018853 0.019930
26.799999 0.000000 0.177859 0.018743 0.019957
26.900000 0.000000 0.176590 0.018496 0.019981
27.000000 0.000000 0.175477 0.018521 0.019738
27.099998 0.000000 0.174225 0.018411 0.019358
27.199999 0.000000 0.172563 0.018436 0.019113
27.299999 0.000000 0.170490 0.018325 0.018868
27.400000 0.000000 0.169363 0.018350 0.018758
27.500000 0.000000 0.167279 0.018375 0.018783
27.599998 0.000000 0.166280 0.017855 0.018400
27.699999 0.000000 0.164460 0.017879 0.018152
27.799999 0.000000 0.163182 0.017904 0.018040
27.900000 0.000000 0.161900 0.017791 0.017654
28.000000 0.000000 0.160340 0.017678 0.017678
28.099998 0.000000 0.159188 0.017428 0.017566
28.199999 0.000000 0.157757 0.017177 0.017590
28.299999 0.000000 0.156598 0.016926 0.017476
28.400000 0.000000 0.155298 0.016949 0.017363
28.500000 0.000000 0.153167 0.016973 0.017387
28.599998 0.000000 0.151997 0.016720 0.017272
28.699999 0.000000 0.151515 0.016604 0.017296
28.799999 0.000000 0.150617 0.016212 0.017043
28.900000 0.000000 0.149438 0.015818 0.016789
29.000000 0.000000 0.148673 0.015562 0.016813
29.099998 0.000000 0.147906 0.015584 0.016836
29.199999 0.000000 0.146301 0.015605 0.016859
29.299999 0.000000 0.145528 0.015348 0.016883
29.400000 0.000000 0.144753 0.015370 0.016907
29.500000 0.000000 0.143837 0.015391 0.016650
29.599998 0.000000 0.142497 0.015273 0.016674
29.699999 0.000000 0.141294 0.015154 0.016557
29.799999 0.000000 0.139947 0.015175 0.016440
29.900000 0.000000 0.137048 0.015196 0.016181
30.000000 0.000000 0.135550 0.014936 0.016204
30.099998 0.000000 0.135036 0.014816 0.015804
30.199999 0.000000 0.133955 0.014554 0.015685
30.299999 0.000000 0.131881 0.014575 0.015424
30.400000 0.000000 0.131076 0.014595 0.015446
30.500000 0.000000 0.130268 0.014616 0.015326
30.599998 0.000000 0.128890 0.014637 0.015347
30.699999 0.000000 0.126939 0.014231 0.015369
30.799999 0.000000 0.126265 0.014251 0.015249
30.900000 0.000000 0.124447 0.013843 0.015270
31.000000 0.000000 0.122767 0.013434 0.015149
31.099998 0.000000 0.121798 0.013454 0.014885
31.199999 0.000000 0.120235 0.013041 0.014904
31.299999 0.000000 0.118972 0.013060 0.014925
31.400000 0.000000 0.117850 0.012935 0.014803
31.500000 0.000000 0.116420 0.012808 0.014678
31.599998 0.000000 0.115290 0.012826 0.014700
31.699999 0.000000 0.113581 0.012700 0.014432
31.799999 0.000000 0.112155 0.012719 0.014308
31.900000 0.000000 0.111722 0.012156 0.014472
32.000000 0.000000 0.110435 0.012029 0.014493
32.099998 0.000000 0.109289 0.011901 0.014514
32.200001 0.000000 0.107703 0.011628 0.014390
32.299999 0.000000 0.106696 0.011645 0.013828
32.399998 0.000000 0.106268 0.011516 0.013411
32.500000 0.000000 0.105547 0.011533 0.013285
32.599998 0.000000 0.105117 0.011404 0.013158
32.700001 0.000000 0.103075 0.011274 0.013177
32.799999 0.000000 0.102199 0.011144 0.013050
32.899998 0.000000 0.101028 0.010866 0.012775
33.000000 0.000000 0.100588 0.010735 0.012206
33.099998 0.000000 0.099705 0.010751 0.012077
33.200001 0.000000 0.098378 0.010767 0.012094
33.299999 0.000000 0.097784 0.010783 0.012112
33.399998 0.000000 0.096154 0.010355 0.011982
33.500000 0.000000 0.096148 0.009926 0.012000
33.599998 0.000000 0.095104 0.009792 0.011869
33.700001 0.000000 0.094205 0.009658 0.011738
33.799999 0.000000 0.092857 0.009375 0.011756
33.899998 0.000000 0.092250 0.009389 0.011624
34.000000 0.000000 0.091777 0.008954 0.011789
34.099998 0.000000 0.090420 0.008967 0.011807
34.200001 0.000000 0.089657 0.008981 0.011675
34.299999 0.000000 0.089042 0.008694 0.011393
34.399998 0.000000 0.087825 0.008707 0.011109
34.500000 0.000000 0.086904 0.008420 0.010825
34.599998 0.000000 0.086433 0.008432 0.010842
34.700001 0.000000 0.085357 0.008445 0.010858
34.799999 0.000000 0.085032 0.008156 0.010874
34.899998 0.000000 0.084102 0.008168 0.010740
35.000000 0.000000 0.083321 0.008029 0.010604
35.099998 0.000000 0.081626 0.008041 0.010621
35.200001 0.000000 0.081143 0.008053 0.010637
35.299999 0.000000 0.080505 0.008066 0.010501
35.399998 0.000000 0.079866 0.007926 0.010517
35.500000 0.000000 0.079072 0.007480 0.010380
35.599998 0.000000 0.078734 0.007491 0.010396
35.700001 0.000000 0.077324 0.007350 0.010412
35.799999 0.000000 0.076369 0.007207 0.010428
35.899998 0.000000 0.075411 0.007219 0.010137
36.000000 0.000000 0.074450 0.007230 0.009998
36.099998 0.000000 0.074257 0.007241 0.009860
36.200001 0.000000 0.073908 0.007252 0.009875
36.299999 0.000000 0.072477 0.007263 0.009890
36.399998 0.000000 0.071816 0.007120 0.009751
36.500000 0.000000 0.070842 0.007131 0.009766
36.599998 0.000000 0.070641 0.006986 0.009781
36.700001 0.000000 0.070129 0.006842 0.009796
36.799999 0.000000 0.069148 0.006853 0.009812
36.899998 0.000000 0.068320 0.006863 0.009827
37.000000 0.000000 0.067489 0.006561 0.009842
37.099998 0.000000 0.066813 0.006572 0.009858
37.200001 0.000000 0.065977 0.006425 0.009873
37.299999 0.000000 0.064825 0.006435 0.009889
37.399998 0.000000 0.064455 0.006288 0.009904
37.500000 0.000000 0.063455 0.006141 0.009762
37.599998 0.000000 0.063082 0.005993 0.009778
37.700001 0.000000 0.063023 0.006002 0.009635
37.799999 0.000000 0.062016 0.006012 0.009492
37.899998 0.000000 0.061797 0.005704 0.009349
38.000000 0.000000 0.061736 0.005555 0.009205
38.099998 0.000000 0.061040 0.005405 0.009061
38.200001 0.000000 0.060818 0.005254 0.009075
38.299999 0.000000 0.059799 0.005103 0.008771
38.399998 0.000000 0.058777 0.005111 0.008625
38.500000 0.000000 0.057911 0.005119 0.008639
38.599998 0.000000 0.057843 0.005127 0.008492
38.700001 0.000000 0.057455 0.004975 0.008506
38.799999 0.000000 0.056904 0.004983 0.008198
38.899998 0.000000 0.056513 0.004991 0.008050
39.000000 0.000000 0.055959 0.004677 0.007902
39.099998 0.000000 0.055565 0.004684 0.007592
39.200001 0.000000 0.055654 0.004692 0.007442
39.299999 0.000000 0.055096 0.004699 0.007292
39.399998 0.000000 0.054861 0.004707 0.007142
39.500000 0.000000 0.053162 0.004552 0.007153
39.599998 0.000000 0.052597 0.004560 0.007002
39.700001 0.000000 0.052357 0.004404 0.006850
39.799999 0.000000 0.051952 0.004411 0.006862
39.899998 0.000000 0.051546 0.004418 0.006709
40.000000 0.000000 0.051303 0.004262 0.006720
40.099998 0.000000 0.051223 0.004269 0.006403
40.200001 0.000000 0.050485 0.004276 0.006413
40.299999 0.000000 0.050239 0.004283 0.006424
40.399998 0.000000 0.049662 0.004290 0.006270
40.500000 0.000000 0.048918 0.004132 0.006280
40.599998 0.000000 0.048502 0.003973 0.006290
40.700001 0.000000 0.047587 0.003979 0.006135
40.799999 0.000000 0.046504 0.003820 0.006145
40.899998 0.000000 0.046249 0.003826 0.005989
41.000000 0.000000 0.045659 0.003833 0.005999
41.099998 0.000000 0.045235 0.003672 0.005842
41.200001 0.000000 0.044976 0.003678 0.005685
41.299999 0.000000 0.044716 0.003684 0.005359
41.399998 0.000000 0.043785 0.003691 0.005368
41.500000 0.000000 0.043522 0.003697 0.005377
41.599998 0.000000 0.042922 0.003703 0.005386
41.700001 0.000000 0.042489 0.003541 0.005395
41.799999 0.000000 0.042391 0.003547 0.005404
41.899998 0.000000 0.042294 0.003553 0.005244
42.000000 0.000000 0.042027 0.003559 0.005084
42.099998 0.000000 0.041419 0.003565 0.004923
42.200001 0.000000 0.041320 0.003571 0.004761
42.299999 0.000000 0.040879 0.003577 0.004769
42.399998 0.000000 0.040437 0.003583 0.004607
42.500000 0.000000 0.040164 0.003589 0.004615
42.599998 0.000000 0.040233 0.003595 0.004622
42.700001 0.000000 0.039787 0.003601 0.004630
42.799999 0.000000 0.039684 0.003608 0.004638
42.899998 0.000000 0.039064 0.003614 0.004646
43.000000 0.000000 0.038959 0.003620 0.004654
43.099998 0.000000 0.038681 0.003626 0.004662
43.200001 0.000000 0.038402 0.003633 0.004670
43.299999 0.000000 0.037948 0.003466 0.004679
43.399998 0.000000 0.037320 0.003472 0.004687
43.500000 0.000000 0.036863 0.003478 0.004695
43.599998 0.000000 0.036579 0.003310 0.004703
43.700001 0.000000 0.035945 0.003315 0.004711
43.799999 0.000000 0.035658 0.003321 0.004719
43.899998 0.000000 0.035545 0.003327 0.004728
44.000000 0.000000 0.035082 0.003333 0.004736
44.099998 0.000000 0.035143 0.003339 0.004744
44.200001 0.000000 0.034325 0.003344 0.004577
44.299999 0.000000 0.033856 0.003350 0.004585
44.399998 0.000000 0.033563 0.003356 0.004593
44.500000 0.000000 0.033268 0.003362 0.004601
44.599998 0.000000 0.033150 0.003368 0.004609
44.700001 0.000000 0.032676 0.003374 0.004617
44.799999 0.000000 0.032379 0.003380 0.004626
44.899998 0.000000 0.032436 0.003386 0.004634
45.000000 0.000000 0.032494 0.003392 0.004642
45.099998 0.000000 0.032195 0.003398 0.004650
45.200001 0.000000 0.031894 0.003404 0.004659
45.299999 0.000000 0.031592 0.003411 0.004667
45.399998 0.000000 0.031110 0.003237 0.004675
45.500000 0.000000 0.030980 0.003242 0.004863
45.599998 0.000000 0.030314 0.003248 0.004691
45.700001 0.000000 0.030007 0.003254 0.004700
45.799999 0.000000 0.030062 0.003260 0.004708
45.899998 0.000000 0.029390 0.003266 0.004717
46.000000 0.000000 0.028717 0.003272 0.004726
46.099998 0.000000 0.028769 0.003277 0.004552
46.200001 0.000000 0.028274 0.003283 0.004560
46.299999 0.000000 0.027778 0.003289 0.004569
46.399998 0.000000 0.027646 0.003295 0.004577
46.500000 0.000000 0.027329 0.003118 0.004402
46.599998 0.000000 0.026645 0.003124 0.004410
46.700001 0.000000 0.026694 0.002946 0.004418
46.799999 0.000000 0.026374 0.002951 0.004426
46.899998 0.000000 0.025868 0.002956 0.004250
47.000000 0.000000 0.025546 0.002777 0.004073
47.099998 0.000000 0.025223 0.002596 0.004080
47.200001 0.000000 0.025269 0.002415 0.004088
47.299999 0.000000 0.025130 0.002420 0.003909
47.399998 0.000000 0.024618 0.002424 0.003916
47.500000 0.000000 0.024103 0.002429 0.003924
47.599998 0.000000 0.023961 0.002434 0.003744
47.700001 0.000000 0.023631 0.002438 0.003751
47.799999 0.000000 0.023487 0.002255 0.003758
47.899998 0.000000 0.023343 0.002259 0.003765
48.000000 0.000000 0.023199 0.002263 0.003772
48.099998 0.000000 0.022865 0.002268 0.003779
48.200001 0.000000 0.022719 0.002272 0.003786
48.299999 0.000000 0.022572 0.002276 0.003794
48.399998 0.000000 0.022425 0.002281 0.003611
48.500000 0.000000 0.022468 0.002285 0.003618
48.599998 0.000000 0.022510 0.002289 0.003243
48.700001 0.000000 0.022171 0.002294 0.003249
48.799999 0.000000 0.021639 0.002106 0.003255
48.899998 0.000000 0.021297 0.002111 0.003070
49.000000 0.000000 0.021146 0.002115 0.003076
49.099998 0.000000 0.020416 0.002119 0.003082
49.200001 0.000000 0.020455 0.002123 0.003088
49.299999 0.000000 0.020495 0.002127 0.003094
49.399998 0.000000 0.020341 0.002131 0.003100
49.500000 0.000000 0.019798 0.002135 0.003106
49.599998 0.000000 0.019642 0.002139 0.003112
49.700001 0.000000 0.019680 0.002143 0.003118
49.799999 0.000000 0.019328 0.002148 0.003124
49.899998 0.000000 0.018779 0.002152 0.003130
50.000000 0.000000 0.018424 0.002156 0.003136
50.099998 0.000000 0.018264 0.002160 0.003142
50.200001 0.000000 0.018103 0.002165 0.003148
50.299999 0.000000 0.017942 0.002169 0.003155
50.399998 0.000000 0.017582 0.002173 0.002963
50.500000 0.000000 0.017419 0.002177 0.002969
50.599998 0.000000 0.017453 0.002182 0.002975
50.700001 0.000000 0.017289 0.002186 0.002981
50.799999 0.000000 0.017324 0.002190 0.002987
50.899998 0.000000 0.017159 0.002195 0.002993
51.000000 0.000000 0.017193 0.002199 0.002999
51.099998 0.000000 0.017228 0.002204 0.003005
51.199997 0.000000 0.017262 0.002208 0.002810
51.299999 0.000000 0.017096 0.002212 0.002816
51.399998 0.000000 0.016929 0.002015 0.002821
51.500000 0.000000 0.016963 0.002019 0.002827
51.599998 0.000000 0.016997 0.002023 0.002833
51.699997 0.000000 0.016829 0.001825 0.002839
51.799999 0.000000 0.016660 0.001829 0.002641
51.899998 0.000000 0.016490 0.001832 0.002443
52.000000 0.000000 0.016320 0.001836 0.002448
52.099998 0.000000 0.016353 0.001840 0.002453
52.199997 0.000000 0.016387 0.001844 0.002458
52.299999 0.000000 0.016420 0.001847 0.002463
52.399998 0.000000 0.016454 0.001851 0.002468
52.500000 0.000000 0.016488 0.001855 0.002473
52.599998 0.000000 0.016316 0.001859 0.002478
52.699997 0.000000 0.016349 0.001863 0.002483
52.799999 0.000000 0.016383 0.001866 0.002489
52.899998 0.000000 0.015170 0.001870 0.002494
53.000000 0.000000 0.015202 0.001874 0.002499
53.099998 0.000000 0.015025 0.001878 0.002504
53.199997 0.000000 0.015056 0.001882 0.002509
53.299999 0.000000 0.015088 0.001886 0.002515
53.399998 0.000000 0.014910 0.001680 0.002520
53.500000 0.000000 0.014520 0.001684 0.002315
53.599998 0.000000 0.014340 0.001687 0.001898
53.699997 0.000000 0.014159 0.001691 0.001902
53.799999 0.000000 0.014189 0.001694 0.001906
53.899998 0.000000 0.014219 0.001698 0.001910
54.000000 0.000000 0.013824 0.001701 0.001701
54.099998 0.000000 0.013853 0.001705 0.001492
54.199997 0.000000 0.013669 0.001709 0.001495
54.299999 0.000000 0.013485 0.001712 0.001498
54.399998 0.000000 0.013085 0.001716 0.001287
54.500000 0.000000 0.012468 0.001720 0.001290
54.599998 0.000000 0.012495 0.001723 0.001293
54.699997 0.000000 0.012522 0.001727 0.001295
54.799999 0.000000 0.012116 0.001731 0.001298
54.899998 0.000000 0.012142 0.001735 0.001301
55.000000 0.000000 0.012169 0.001521 0.001304
55.099998 0.000000 0.012195 0.001524 0.001307
55.199997 0.000000 0.012003 0.001528 0.001309
55.299999 0.000000 0.012030 0.001531 0.001312
55.399998 0.000000 0.011618 0.001534 0.001315
55.500000 0.000000 0.011643 0.001318 0.001318
55.599998 0.000000 0.011669 0.001321 0.001321
55.699997 0.000000 0.011695 0.001324 0.001324
55.799999 0.000000 0.011720 0.001327 0.001327
55.899998 0.000000 0.011525 0.001108 0.001330
56.000000 0.000000 0.011328 0.001111 0.001333
56.099998 0.000000 0.010686 0.001113 0.001113
56.199997 0.000000 0.010710 0.001116 0.001116
56.299999 0.000000 0.010510 0.001118 0.001118
56.399998 0.000000 0.010309 0.001121 0.001121
56.500000 0.000000 0.010108 0.000898 0.001123
56.599998 0.000000 0.009905 0.000900 0.001126
56.699997 0.000000 0.009928 0.000903 0.001128
56.799999 0.000000 0.009950 0.000905 0.001131
56.899998 0.000000 0.009973 0.000907 0.001133
57.000000 0.000000 0.009995 0.000909 0.001136
57.099998 0.000000 0.010018 0.000911 0.001138
57.199997 0.000000 0.009813 0.000913 0.001141
57.299999 0.000000 0.009607 0.000915 0.001144
57.399998 0.000000 0.009399 0.000917 0.001146
57.500000 0.000000 0.009421 0.000919 0.001149
57.599998 0.000000 0.009443 0.000921 0.000921
57.699997 0.000000 0.009464 0.000923 0.000923
57.799999 0.000000 0.009255 0.000925 0.000925
57.899998 0.000000 0.009276 0.000928 0.000928
58.000000 0.000000 0.009298 0.000930 0.000930
58.099998 0.000000 0.009087 0.000932 0.000932
58.199997 0.000000 0.009108 0.000934 0.000934
58.299999 0.000000 0.009129 0.000936 0.000936
58.399998 0.000000 0.009151 0.000939 0.000939
58.500000 0.000000 0.009172 0.000941 0.000706
58.599998 0.000000 0.009194 0.000943 0.000707
58.699997 0.000000 0.008979 0.000945 0.000709
58.799999 0.000000 0.008764 0.000711 0.000711
58.899998 0.000000 0.008547 0.000712 0.000712
59.000000 0.000000 0.008567 0.000714 0.000714
59.099998 0.000000 0.008588 0.000716 0.000716
59.199997 0.000000 0.008608 0.000717 0.000717
59.299999 0.000000 0.008389 0.000479 0.000719
59.399998 0.000000 0.008409 0.000481 0.000721
59.500000 0.000000 0.008189 0.000482 0.000723
59.599998 0.000000 0.007967 0.000483 0.000724
59.699997 0.000000 0.007744 0.000484 0.000726
59.799999 0.000000 0.007763 0.000485 0.000728
59.899998 0.000000 0.007782 0.000486 0.000486
60.000000 0.000000 0.007557 0.000488 0.000488
60.099998 0.000000 0.007576 0.000489 0.000489
60.199997 0.000000 0.007349 0.000490 0.000490
60.299999 0.000000 0.007367 0.000491 0.000491
60.399998 0.000000 0.007386 0.000492 0.000492
60.500000 0.000000 0.007404 0.000494 0.000494
60.599998 0.000000 0.007422 0.000247 0.000495
60.699997 0.000000 0.007192 0.000248 0.000496
60.799999 0.000000 0.006962 0.000249 0.000497
60.899998 0.000000 0.006730 0.000249 0.000499
61.000000 0.000000 0.006747 0.000250 0.000500
61.099998 0.000000 0.006513 0.000251 0.000501
61.199997 0.000000 0.006529 0.000251 0.000502
61.299999 0.000000 0.006546 0.000252 0.000504
61.399998 0.000000 0.006562 0.000252 0.000505
61.500000 0.000000 0.006579 0.000253 0.000506
61.599998 0.000000 0.006596 0.000254 0.000507
61.699997 0.000000 0.006612 0.000254 0.000509
61.799999 0.000000 0.006629 0.000255 0.000510
61.899998 0.000000 0.006646 0.000256 0.000511
62.000000 0.000000 0.006663 0.000256 0.000256
62.099998 0.000000 0.006680 0.000257 0.000257
62.199997 0.000000 0.006698 0.000258 0.000258
62.299999 0.000000 0.006457 0.000258 0.000258
62.399998 0.000000 0.006473 0.000259 0.000259
62.500000 0.000000 0.006231 0.000260 0.000260
62.599998 0.000000 0.006247 0.000260 0.000260
62.699997 0.000000 0.006263 0.000261 0.000261
62.799999 0.000000 0.006279 0.000262 0.000262
62.899998 0.000000 0.006296 0.000262 0.000262
63.000000 0.000000 0.006312 0.000263 0.000263
63.099998 0.000000 0.006329 0.000264 0.000264
63.199997 0.000000 0.006346 0.000264 0.000264
63.299999 0.000000 0.005832 0.000265 0.000265
63.399998 0.000000 0.005582 0.000266 0.000266
63.500000 0.000000 0.005597 0.000267 0.000267
63.599998 0.000000 0.005612 0.000267 0.000267
63.699997 0.000000 0.005627 0.000268 0.000268
63.799999 0.000000 0.005642 0.000269 0.000269
63.899998 0.000000 0.005388 0.000269 0.000269
64.000000 0.000000 0.005402 0.000270 0.000270
64.099998 0.000000 0.005417 0.000271 0.000271
64.199997 0.000000 0.005432 0.000272 0.000272
64.299995 0.000000 0.005447 0.000272 0.000272
64.400002 0.000000 0.005188 0.000273 0.000273
64.500000 0.000000 0.005203 0.000274 0.000274
64.599998 0.000000 0.005217 0.000275 0.000275
64.699997 0.000000 0.005231 0.000275 0.000275
64.799995 0.000000 0.005246 0.000276 0.000276
64.900002 0.000000 0.005260 0.000277 0.000277
65.000000 0.000000 0.005275 0.000000 0.000278
65.099998 0.000000 0.005011 0.000000 0.000278
65.199997 0.000000 0.005025 0.000000 0.000279
65.299995 0.000000 0.005039 0.000000 0.000280
65.400002 0.000000 0.005053 0.000000 0.000281
65.500000 0.000000 0.005068 0.000000 0.000282
65.599998 0.000000 0.005082 0.000000 0.000282
65.699997 0.000000 0.005096 0.000000 0.000283
65.799995 0.000000 0.005111 0.000000 0.000284
65.900002 0.000000 0.005125 0.000000 0.000285
66.000000 0.000000 0.005140 0.000000 0.000286
66.099998 0.000000 0.005155 0.000000 0.000286
66.199997 0.000000 0.005169 0.000000 0.000000
66.299995 0.000000 0.005184 0.000000 0.000000
66.400002 0.000000 0.004910 0.000000 0.000000
66.500000 0.000000 0.004925 0.000000 0.000000
66.599998 0.000000 0.004939 0.000000 0.000000
66.699997 0.000000 0.004662 0.000000 0.000000
66.799995 0.000000 0.004676 0.000000 0.000000
66.900002 0.000000 0.004396 0.000000 0.000000
67.000000 0.000000 0.004409 0.000000 0.000000
67.099998 0.000000 0.004422 0.000000 0.000000
67.199997 0.000000 0.004435 0.000000 0.000000
67.299995 0.000000 0.004448 0.000000 0.000000
67.400002 0.000000 0.004462 0.000000 0.000000
67.500000 0.000000 0.004475 0.000000 0.000000
67.599998 0.000000 0.004488 0.000000 0.000000
67.699997 0.000000 0.004502 0.000000 0.000000
67.799995 0.000000 0.004515 0.000000 0.000000
67.900002 0.000000 0.004227 0.000000 0.000000
68.000000 0.000000 0.004240 0.000000 0.000000
68.099998 0.000000 0.004253 0.000000 0.000000
68.199997 0.000000 0.004266 0.000000 0.000000
68.299995 0.000000 0.004279 0.000000 0.000000
68.400002 0.000000 0.004292 0.000000 0.000000
68.500000 0.000000 0.004305 0.000000 0.000000
68.599998 0.000000 0.004318 0.000000 0.000000
68.699997 0.000000 0.004332 0.000000 0.000000
68.799995 0.000000 0.004035 0.000000 0.000000
68.900002 0.000000 0.004047 0.000000 0.000000
69.000000 0.000000 0.004060 0.000000 0.000000
69.099998 0.000000 0.004073 0.000000 0.000000
69.199997 0.000000 0.004085 0.000000 0.000000
69.299995 0.000000 0.004098 0.000000 0.000000
69.400002 0.000000 0.004111 0.000000 0.000000
69.500000 0.000000 0.004124 0.000000 0.000000
69.599998 0.000000 0.004137 0.000000 0.000000
69.699997 0.000000 0.004151 0.000000 0.000000
69.799995 0.000000 0.004164 0.000000 0.000000
69.900002 0.000000 0.003856 0.000000 0.000000
70.000000 0.000000 0.003868 0.000000 0.000000
70.099998 0.000000 0.003881 0.000000 0.000000
70.199997 0.000000 0.003569 0.000000 0.000000
70.299995 0.000000 0.003581 0.000000 0.000000
70.400002 0.000000 0.003592 0.000000 0.000000
70.500000 0.000000 0.003604 0.000000 0.000000
70.599998 0.000000 0.003616 0.000000 0.000000
70.699997 0.000000 0.003298 0.000000 0.000000
70.799995 0.000000 0.003309 0.000000 0.000000
70.900002 0.000000 0.002988 0.000000 0.000000
71.000000 0.000000 0.002998 0.000000 0.000000
71.099998 0.000000 0.003008 0.000000 0.000000
71.199997 0.000000 0.003018 0.000000 0.000000
71.299995 0.000000 0.003028 0.000000 0.000000
71.400002 0.000000 0.003038 0.000000 0.000000
71.500000 0.000000 0.002710 0.000000 0.000000
71.599998 0.000000 0.002719 0.000000 0.000000
71.699997 0.000000 0.002729 0.000000 0.000000
71.799995 0.000000 0.002738 0.000000 0.000000
71.900002 0.000000 0.002404 0.000000 0.000000
72.000000 0.000000 0.002412 0.000000 0.000000
72.099998 0.000000 0.002420 0.000000 0.000000
72.199997 0.000000 0.002429 0.000000 0.000000
72.299995 0.000000 0.002089 0.000000 0.000000
72.400002 0.000000 0.002096 0.000000 0.000000
72.500000 0.000000 0.001753 0.000000 0.000000
72.599998 0.000000 0.001759 0.000000 0.000000
72.699997 0.000000 0.001766 0.000000 0.000000
72.799995 0.000000 0.001772 0.000000 0.000000
72.900002 0.000000 0.001778 0.000000 0.000000
73.000000 0.000000 0.001784 0.000000 0.000000
73.099998 0.000000 0.001433 0.000000 0.000000
73.199997 0.000000 0.001438 0.000000 0.000000
73.299995 0.000000 0.001443 0.000000 0.000000
73.400002 0.000000 0.001086 0.000000 0.000000
73.500000 0.000000 0.001090 0.000000 0.000000
73.599998 0.000000 0.001094 0.000000 0.000000
73.699997 0.000000 0.001098 0.000000 0.000000
73.799995 0.000000 0.001102 0.000000 0.000000
73.900002 0.000000 0.001106 0.000000 0.000000
74.000000 0.000000 0.001110 0.000000 0.000000
74.099998 0.000000 0.001114 0.000000 0.000000
74.199997 0.000000 0.001119 0.000000 0.000000
74.299995 0.000000 0.001123 0.000000 0.000000
74.400002 0.000000 0.001127 0.000000 0.000000
74.500000 0.000000 0.001131 0.000000 0.000000
74.599998 0.000000 0.000757 0.000000 0.000000
74.699997 0.000000 0.000760 0.000000 0.000000
74.799995 0.000000 0.000763 0.000000 0.000000
74.900002 0.000000 0.000766 0.000000 0.000000
75.000000 0.000000 0.000769 0.000000 0.000000
75.099998 0.000000 0.000772 0.000000 0.000000
75.199997 0.000000 0.000775 0.000000 0.000000
75.299995 0.000000 0.000778 0.000000 0.000000
75.400002 0.000000 0.000781 0.000000 0.000000
75.500000 0.000000 0.000784 0.000000 0.000000
75.599998 0.000000 0.000787 0.000000 0.000000
75.699997 0.000000 0.000790 0.000000 0.000000
75.799995 0.000000 0.000793 0.000000 0.000000
75.900002 0.000000 0.000796 0.000000 0.000000
76.000000 0.000000 0.000799 0.000000 0.000000
76.099998 0.000000 0.000803 0.000000 0.000000
76.199997 0.000000 0.000806 0.000000 0.000000
76.299995 0.000000 0.000809 0.000000 0.000000
76.400002 0.000000 0.000812 0.000000 0.000000
76.500000 0.000000 0.000816 0.000000 0.000000
76.599998 0.000000 0.000819 0.000000 0.000000
76.699997 0.000000 0.000822 0.000000 0.000000
76.799995 0.000000 0.000826 0.000000 0.000000
76.900002 0.000000 0.000829 0.000000 0.000000
77.000000 0.000000 0.000833 0.000000 0.000000
77.099998 0.000000 0.000836 0.000000 0.000000
77.199997 0.000000 0.000840 0.000000 0.000000
77.299995 0.000000 0.000843 0.000000 0.000000
77.400002 0.000000 0.000847 0.000000 0.000000
77.500000 0.000000 0.000850 0.000000 0.000000
77.599998 0.000000 0.000854 0.000000 0.000000
77.699997 0.000000 0.000858 0.000000 0.000000
77.799995 0.000000 0.000861 0.000000 0.000000
77.900002 0.000000 0.000865 0.000000 0.000000
78.000000 0.000000 0.000434 0.000000 0.000000
78.099998 0.000000 0.000436 0.000000 0.000000
78.199997 0.000000 0.000438 0.000000 0.000000
78.299995 0.000000 0.000440 0.000000 0.000000
78.400002 0.000000 0.000442 0.000000 0.000000
78.500000 0.000000 0.000444 0.000000 0.000000
78.599998 0.000000 0.000446 0.000000 0.000000
78.699997 0.000000 0.000448 0.000000 0.000000
78.799995 0.000000 0.000450 0.000000 0.000000
78.900002 0.000000 0.000452 0.000000 0.000000
79.000000 0.000000 0.000454 0.000000 0.000000
79.099998 0.000000 0.000456 0.000000 0.000000
79.199997 0.000000 0.000458 0.000000 0.000000
79.299995 0.000000 0.000460 0.000000 0.000000
79.400002 0.000000 0.000463 0.000000 0.000000
79.500000 0.000000 0.000465 0.000000 0.000000
79.599998 0.000000 0.000467 0.000000 0.000000
79.699997 0.000000 0.000469 0.000000 0.000000
79.799995 0.000000 0.000471 0.000000 0.000000
79.900002 0.000000 0.000473 0.000000 0.000000
80.000000 0.000000 0.000476 0.000000 0.000000
80.099998 0.000000 0.000478 0.000000 0.000000
80.199997 0.000000 0.000480 0.000000 0.000000
80.299995 0.000000 0.000483 0.000000 0.000000
80.400002 0.000000 0.000485 0.000000 0.000000
80.500000 0.000000 0.000487 0.000000 0.000000
80.599998 0.000000 0.000490 0.000000 0.000000
80.699997 0.000000 0.000492 0.000000 0.000000
80.799995 0.000000 0.000495 0.000000 0.000000
80.900002 0.000000 0.000497 0.000000 0.000000
81.000000 0.000000 0.000500 0.000000 0.000000
81.099998 0.000000 0.000502 0.000000 0.000000
81.199997 0.000000 0.000505 0.000000 0.000000
81.299995 0.000000 0.000507 0.000000 0.000000
81.400002 0.000000 0.000510 0.000000 0.000000
81.500000 0.000000 0.000512 0.000000 0.000000
81.599998 0.000000 0.000515 0.000000 0.000000
81.699997 0.000000 0.000518 0.000000 0.000000
81.799995 0.000000 0.000520 0.000000 0.000000
81.900002 0.000000 0.000523 0.000000 0.000000
82.000000 0.000000 0.000526 0.000000 0.000000
82.099998 0.000000 0.000529 0.000000 0.000000
82.199997 0.000000 0.000531 0.000000 0.000000
82.299995 0.000000 0.000534 0.000000 0.000000
82.400002 0.000000 0.000537 0.000000 0.000000
82.500000 0.000000 0.000540 0.000000 0.000000
82.599998 0.000000 0.000543 0.000000 0.000000
82.699997 0.000000 0.000546 0.000000 0.000000
82.799995 0.000000 0.000549 0.000000 0.000000
82.900002 0.000000 0.000552 0.000000 0.000000
83.000000 0.000000 0.000555 0.000000 0.000000
83.099998 0.000000 0.000000 0.000000 0.000000
83.199997 0.000000 0.000000 0.000000 0.000000
83.299995 0.000000 0.000000 0.000000 0.000000
83.400002 0.000000 0.000000 0.000000 0.000000
83.500000 0.000000 0.000000 0.000000 0.000000
83.599998 0.000000 0.000000 0.000000 0.000000
83.699997 0.000000 0.000000 0.000000 0.000000
83.799995 0.000000 0.000000 0.000000 0.000000
83.900002 0.000000 0.000000 0.000000 0.000000
84.000000 0.000000 0.000000 0.000000 0.000000
84.099998 0.000000 0.000000 0.000000 0.000000
84.199997 0.000000 0.000000 0.000000 0.000000
84.299995 0.000000 0.000000 0.000000 0.000000
84.400002 0.000000 0.000000 0.000000 0.000000
84.500000 0.000000 0.000000 0.000000 0.000000
84.599998 0.000000 0.000000 0.000000 0.000000
84.699997 0.000000 0.000000 0.000000 0.000000
84.799995 0.000000 0.000000 0.000000 0.000000
84.900002 0.000000 0.000000 0.000000 0.000000
85.000000 0.000000 0.000000 0.000000 0.000000
85.099998 0.000000 0.000000 0.000000 0.000000
85.199997 0.000000 0.000000 0.000000 0.000000
85.299995 0.000000 0.000000 0.000000 0.000000
85.400002 0.000000 0.000000 0.000000 0.000000
85.500000 0.000000 0.000000 0.000000 0.000000
85.599998 0.000000 0.000000 0.000000 0.000000
85.699997 0.000000 0.000000 0.000000 0.000000
85.799995 0.000000 0.000000 0.000000 0.000000
85.900002 0.000000 0.000000 0.000000 0.000000
86.000000 0.000000 0.000000 0.000000 0.000000
86.099998 0.000000 0.000000 0.000000 0.000000
86.199997 0.000000 0.000000 0.000000 0.000000
86.299995 0.000000 0.000000 0.000000 0.000000
86.400002 0.000000 0.000000 0.000000 0.000000
86.500000 0.000000 0.000000 0.000000 0.000000
86.599998 0.000000 0.000000 0.000000 0.000000
86.699997 0.000000 0.000000 0.000000 0.000000
86.799995 0.000000 0.000000 0.000000 0.000000
86.900002 0.000000 0.000000 0.000000 0.000000
87.000000 0.000000 0.000000 0.000000 0.000000
87.099998 0.000000 0.000000 0.000000 0.000000
87.199997 0.000000 0.000000 0.000000 0.000000
87.299995 0.000000 0.000000 0.000000 0.000000
87.400002 0.000000 0.000000 0.000000 0.000000
87.500000 0.000000 0.000000 0.000000 0.000000
87.599998 0.000000 0.000000 0.000000 0.000000
87.699997 0.000000 0.000000 0.000000 0.000000
87.799995 0.000000 0.000000 0.000000 0.000000
87.900002 0.000000 0.000000 0.000000 0.000000
88.000000 0.000000 0.000000 0.000000 0.000000
88.099998 0.000000 0.000000 0.000000 0.000000
88.199997 0.000000 0.000000 0.000000 0.000000
88.299995 0.000000 0.000000 0.000000 0.000000
88.400002 0.000000 0.000000 0.000000 0.000000
88.500000 0.000000 0.000000 0.000000 0.000000
88.599998 0.000000 0.000000 0.000000 0.000000
88.699997 0.000000 0.000000 0.000000 0.000000
88.799995 0.000000 0.000000 0.000000 0.000000
88.900002 0.000000 0.000000 0.000000 0.000000
89.000000 0.000000 0.000000 0.000000 0.000000
89.099998 0.000000 0.000000 0.000000 0.000000
89.199997 0.000000 0.000000 0.000000 0.000000
89.299995 0.000000 0.000000 0.000000 0.000000
89.400002 0.000000 0.000000 0.000000 0.000000
89.500000 0.000000 0.000000 0.000000 0.000000
89.599998 0.000000 0.000000 0.000000 0.000000
89.699997 0.000000 0.000000 0.000000 0.000000
89.799995 0.000000 0.000000 0.000000 0.000000
89.900002 0.000000 0.000000 0.000000 0.000000
90.000000 0.000000 0.000000 0.000000 0.000000
90.099998 0.000000 0.000000 0.000000 0.000000
90.199997 0.000000 0.000000 0.000000 0.000000
90.299995 0.000000 0.000000 0.000000 0.000000
90.400002 0.000000 0.000000 0.000000 0.000000
90.500000 0.000000 0.000000 0.000000 0.000000
90.599998 0.000000 0.000000 0.000000 0.000000
90.699997 0.000000 0.000000 0.000000 0.000000
90.799995 0.000000 0.000000 0.000000 0.000000
90.900002 0.000000 0.000000 0.000000 0.000000
91.000000 0.000000 0.000000 0.000000 0.000000
91.099998 0.000000 0.000000 0.000000 0.000000
91.199997 0.000000 0.000000 0.000000 0.000000
91.299995 0.000000 0.000000 0.000000 0.000000
91.400002 0.000000 0.000000 0.000000 0.000000
91.500000 0.000000 0.000000 0.000000 0.000000
91.599998 0.000000 0.000000 0.000000 0.000000
91.699997 0.000000 0.000000 0.000000 0.000000
91.799995 0.000000 0.000000 0.000000 0.000000
91.900002 0.000000 0.000000 0.000000 0.000000
92.000000 0.000000 0.000000 0.000000 0.000000
92.099998 0.000000 0.000000 0.000000 0.000000
92.199997 0.000000 0.000000 0.000000 0.000000
92.299995 0.000000 0.000000 0.000000 0.000000
92.400002 0.000000 0.000000 0.000000 0.000000
92.500000 0.000000 0.000000 0.000000 0.000000
92.599998 0.000000 0.000000 0.000000 0.000000
92.699997 0.000000 0.000000 0.000000 0.000000
92.799995 0.000000 0.000000 0.000000 0.000000
92.900002 0.000000 0.000000 0.000000 0.000000
93.000000 0.000000 0.000000 0.000000 0.000000
93.099998 0.000000 0.000000 0.000000 0.000000
93.199997 0.000000 0.000000 0.000000 0.000000
93.299995 0.000000 0.000000 0.000000 0.000000
93.400002 0.000000 0.000000 0.000000 0.000000
93.500000 0.000000 0.000000 0.000000 0.000000
93.599998 0.000000 0.000000 0.000000 0.000000
93.699997 0.000000 0.000000 0.000000 0.000000
93.799995 0.000000 0.000000 0.000000 0.000000
93.900002 0.000000 0.000000 0.000000 0.000000
94.000000 0.000000 0.000000 0.000000 0.000000
94.099998 0.000000 0.000000 0.000000 0.000000
94.199997 0.000000 0.000000 0.000000 0.000000
94.299995 0.000000 0.000000 0.000000 0.000000
94.400002 0.000000 0.000000 0.000000 0.000000
94.500000 0.000000 0.000000 0.000000 0.000000
94.599998 0.000000 0.000000 0.000000 0.000000
94.699997 0.000000 0.000000 0.000000 0.000000
94.799995 0.000000 0.000000 0.000000 0.000000
94.900002 0.000000 0.000000 0.000000 0.000000
95.000000 0.000000 0.000000 0.000000 0.000000
95.099998 0.000000 0.000000 0.000000 0.000000
95.199997 0.000000 0.000000 0.000000 0.000000
95.299995 0.000000 0.000000 0.000000 0.000000
95.400002 0.000000 0.000000 0.000000 0.000000
95.500000 0.000000 0.000000 0.000000 0.000000
95.599998 0.000000 0.000000 0.000000 0.000000
95.699997 0.000000 0.000000 0.000000 0.000000
95.799995 0.000000 0.000000 0.000000 0.000000
95.900002 0.000000 0.000000 0.000000 0.000000
96.000000 0.000000 0.000000 0.000000 0.000000
96.099998 0.000000 0.000000 0.000000 0.000000
96.199997 0.000000 0.000000 0.000000 0.000000
96.299995 0.000000 0.000000 0.000000 0.000000
96.400002 0.000000 0.000000 0.000000 0.000000
96.500000 0.000000 0.000000 0.000000 0.000000
96.599998 0.000000 0.000000 0.000000 0.000000
96.699997 0.000000 0.000000 0.000000 0.000000
96.799995 0.000000 0.000000 0.000000 0.000000
96.900002 0.000000 0.000000 0.000000 0.000000
97.000000 0.000000 0.000000 0.000000 0.000000
97.099998 0.000000 0.000000 0.000000 0.000000
97.199997 0.000000 0.000000 0.000000 0.000000
97.299995 0.000000 0.000000 0.000000 0.000000
97.400002 0.000000 0.000000 0.000000 0.000000
97.500000 0.000000 0.000000 0.000000 0.000000
97.599998 0.000000 0.000000 0.000000 0.000000
97.699997 0.000000 0.000000 0.000000 0.000000
97.799995 0.000000 0.000000 0.000000 0.000000
97.900002 0.000000 0.000000 0.000000 0.000000
98.000000 0.000000 0.000000 0.000000 0.000000
98.099998 0.000000 0.000000 0.000000 0.000000
98.199997 0.000000 0.000000 0.000000 0.000000
98.299995 0.000000 0.000000 0.000000 0.000000
98.400002 0.000000 0.000000 0.000000 0.000000
98.500000 0.000000 0.000000 0.000000 0.000000
98.599998 0.000000 0.000000 0.000000 0.000000
98.699997 0.000000 0.000000 0.000000 0.000000
98.799995 0.000000 0.000000 0.000000 0.000000
98.900002 0.000000 0.000000 0.000000 0.000000
99.000000 0.000000 0.000000 0.000000 0.000000
99.099998 0.000000 0.000000 0.000000 0.000000
99.199997 0.000000 0.000000 0.000000 0.000000
99.299995 0.000000 0.000000 0.000000 0.000000
99.400002 0.000000 0.000000 0.000000 0.000000
99.500000 0.000000 0.000000 0.000000 0.000000
99.599998 0.000000 0.000000 0.000000 0.000000
99.699997 0.000000 0.000000 0.000000 0.000000
99.799995 0.000000 0.000000 0.000000 0.000000
99.900002 0.000000 0.000000 0.000000 0.000000
100.000000 0.000000 0.000000 0.000000 0.000000
100.099998 0.000000 0.000000 0.000000 0.000000
100.199997 0.000000 0.000000 0.000000 0.000000
100.299995 0.000000 0.000000 0.000000 0.000000
100.400002 0.000000 0.000000 0.000000 0.000000
100.500000 0.000000 0.000000 0.000000 0.000000
100.599998 0.000000 0.000000 0.000000 0.000000
100.699997 0.000000 0.000000 0.000000 0.000000
100.799995 0.000000 0.000000 0.000000 0.000000
100.900002 0.000000 0.000000 0.000000 0.000000
101.000000 0.000000 0.000000 0.000000 0.000000
