0.000000 0.999900 7.999499 1.000000 0.999700
0.100000 0.999200 7.993801 0.999200 0.998700
0.200000 0.998800 7.985900 0.998700 0.997500
0.300000 0.997698 7.980285 0.997398 0.996197
0.400000 0.996703 7.974523 0.996503 0.996203
0.500000 0.995702 7.969812 0.994902 0.994602
0.600000 0.994798 7.966590 0.993498 0.994298
0.700000 0.992801 7.954704 0.992201 0.991801
0.800000 0.992208 7.951648 0.991209 0.991309
0.900000 0.991793 7.958963 0.990491 0.992093
1.000000 0.990192 7.954663 0.989892 0.990893
1.100000 0.989399 7.955696 0.989899 0.990499
1.200000 0.987519 7.940989 0.987419 0.990414
1.300000 0.986407 7.928136 0.985707 0.988406
1.400000 0.989404 7.948620 0.989004 0.990504
1.500000 0.988486 7.946636 0.987185 0.989587
1.600000 0.987511 7.943651 0.987611 0.988910
1.700000 0.986314 7.940360 0.987413 0.988512
1.800000 0.984994 7.941576 0.987395 0.988295
1.900000 0.983232 7.928336 0.983332 0.986426
2.000000 0.984383 7.937732 0.984183 0.987787
2.100000 0.983300 7.939300 0.982700 0.987100
2.200000 0.982198 7.938294 0.983498 0.986399
2.300000 0.982022 7.937474 0.983520 0.985517
2.400000 0.981624 7.934485 0.982722 0.986617
2.500000 0.981391 7.936568 0.982091 0.986293
2.600000 0.980817 7.934858 0.981816 0.986812
2.700000 0.980900 7.934200 0.981000 0.985800
2.800000 0.980076 7.931318 0.981978 0.985382
2.900000 0.978706 7.929221 0.980506 0.985404
3.000000 0.977787 7.928557 0.979288 0.985491
3.100000 0.977121 7.928164 0.978819 0.985313
3.200000 0.976519 7.926159 0.978217 0.985412
3.300000 0.975158 7.925072 0.976961 0.984373
3.400000 0.973016 7.920648 0.974915 0.983910
3.500000 0.974615 7.926544 0.977414 0.984209
3.600000 0.973371 7.923616 0.976875 0.983282
3.700000 0.972314 7.925238 0.975212 0.983108
3.800000 0.972381 7.924547 0.974282 0.983589
3.900000 0.971088 7.925369 0.972189 0.981793
4.000000 0.971009 7.927422 0.970409 0.982605
4.100000 0.968822 7.920156 0.965724 0.982512
4.200000 0.968381 7.924055 0.968081 0.983790
4.300000 0.967752 7.924887 0.967151 0.983075
4.400000 0.966510 7.924822 0.964511 0.983605
4.500000 0.966217 7.926936 0.963018 0.984008
4.600000 0.966280 7.927657 0.962678 0.984391
4.700000 0.965786 7.926270 0.962185 0.984394
4.800000 0.965128 7.917766 0.959832 0.983313
4.900000 0.966134 7.925974 0.959640 0.984216
5.000000 0.964811 7.918724 0.957713 0.982005
5.100000 0.965710 7.928621 0.958812 0.983005
5.200000 0.964457 7.921205 0.955346 0.981278
5.300000 0.963440 7.915993 0.953152 0.979223
5.400000 0.964153 7.929809 0.953840 0.980475
5.500000 0.963052 7.928001 0.951867 0.981226
5.600000 0.963263 7.929429 0.951451 0.981481
5.700000 0.961477 7.916049 0.950170 0.979988
5.800000 0.962192 7.925185 0.948790 0.980396
5.900000 0.962381 7.925163 0.947874 0.980490
6.000000 0.961327 7.925158 0.943793 0.979561
6.100000 0.960661 7.925826 0.941942 0.980280
6.200000 0.959243 7.923994 0.941618 0.978971
6.300000 0.958625 7.925045 0.941335 0.979812
6.400000 0.957247 7.925182 0.938068 0.979822
6.500000 0.958062 7.926034 0.940146 0.979381
6.600000 0.959112 7.926722 0.940518 0.981006
6.700000 0.959163 7.926734 0.941948 0.980382
6.800000 0.958100 7.917200 0.939600 0.978900
6.900000 0.956591 7.912483 0.940288 0.976895
7.000000 0.957592 7.921784 0.942789 0.979996
7.100000 0.952995 7.895689 0.937694 0.977898
7.200000 0.955931 7.919956 0.939342 0.981813
7.300000 0.955851 7.918210 0.939233 0.981480
7.400000 0.955813 7.922523 0.940618 0.980706
7.500000 0.956256 7.921021 0.937838 0.980581
7.600000 0.955280 7.920043 0.935217 0.980735
7.700000 0.955709 7.919916 0.934113 0.979004
7.800000 0.954386 7.917575 0.932780 0.979494
7.900000 0.953809 7.916017 0.932913 0.979504
8.000000 0.953760 7.918206 0.934285 0.979327
8.099999 0.951871 7.913648 0.935862 0.978987
8.200000 0.951590 7.911882 0.936287 0.978696
8.300000 0.952905 7.914409 0.935506 0.979902
8.400000 0.952880 7.915344 0.936408 0.980333
8.500000 0.953395 7.916091 0.933693 0.980898
8.599999 0.952624 7.914543 0.932334 0.980710
8.700000 0.952271 7.914149 0.931159 0.982890
8.800000 0.950966 7.910738 0.927449 0.982188
8.900000 0.952390 7.918183 0.925385 0.983097
9.000000 0.951447 7.915007 0.922915 0.983382
9.099999 0.949629 7.911476 0.918987 0.983377
9.200000 0.949510 7.913417 0.917716 0.984303
9.300000 0.950314 7.913000 0.916592 0.983338
9.400000 0.949254 7.910419 0.914823 0.982684
9.500000 0.947979 7.906063 0.913465 0.981192
9.599999 0.947905 7.910009 0.912609 0.981902
9.700000 0.946984 7.904371 0.911073 0.981595
9.800000 0.947005 7.908509 0.909209 0.982602
9.900000 0.946921 7.908637 0.906737 0.983407
10.000000 0.945973 7.907554 0.907554 0.983692
10.099999 0.944389 7.893679 0.905281 0.981696
10.200000 0.946273 7.906854 0.908154 0.983592
10.300000 0.945916 7.905428 0.910027 0.983705
10.400000 0.945027 7.906747 0.909045 0.983908
10.500000 0.943389 7.903281 0.907982 0.983597
10.599999 0.943794 7.905791 0.908491 0.983698
10.700000 0.941817 7.898730 0.904229 0.983205
10.800000 0.937300 7.857700 0.896300 0.979300
10.900000 0.944350 7.903113 0.898108 0.985087
11.000000 0.943889 7.901680 0.894879 0.984897
11.099999 0.942717 7.900630 0.895831 0.985104
11.200000 0.942246 7.900780 0.896183 0.985312
11.300000 0.942169 7.893228 0.890531 0.984419
11.400000 0.942571 7.899049 0.892446 0.985193
11.500000 0.943077 7.902962 0.887955 0.984894
11.599999 0.944106 7.904509 0.885211 0.985601
11.700000 0.943639 7.905366 0.885480 0.985210
11.800000 0.941748 7.903213 0.884196 0.985487
11.900000 0.943628 7.902549 0.884358 0.985008
12.000000 0.942729 7.898751 0.882959 0.983408
12.099999 0.942829 7.898450 0.882959 0.981809
12.200000 0.942717 7.895831 0.884035 0.980506
12.300000 0.943372 7.901651 0.884742 0.980890
12.400000 0.943377 7.903461 0.882753 0.979692
12.500000 0.940917 7.895554 0.878630 0.978270
12.599999 0.941848 7.906116 0.876689 0.979982
12.700000 0.942323 7.905038 0.875650 0.980108
12.799999 0.942488 7.905982 0.873575 0.979196
12.900000 0.943544 7.906006 0.871672 0.978579
13.000000 0.942212 7.903219 0.874025 0.979004
13.099999 0.942231 7.902483 0.874249 0.979075
13.200000 0.940965 7.899111 0.871342 0.979722
13.299999 0.940564 7.885431 0.868321 0.977787
13.400000 0.941735 7.901259 0.868379 0.979312
13.500000 0.941583 7.892367 0.864959 0.978994
13.599999 0.942148 7.900911 0.863177 0.978981
13.700000 0.942365 7.901441 0.864118 0.979488
13.799999 0.942294 7.901990 0.862386 0.979998
13.900000 0.941053 7.899620 0.861189 0.980384
14.000000 0.939137 7.887268 0.857486 0.977713
14.099999 0.940324 7.904438 0.861855 0.979208
14.200000 0.941423 7.906237 0.858357 0.979808
14.299999 0.940476 7.903862 0.859544 0.978491
14.400000 0.940853 7.905585 0.858627 0.977420
14.500000 0.940994 7.904529 0.860649 0.979363
14.599999 0.939388 7.907481 0.859872 0.979096
14.700000 0.939752 7.906726 0.860388 0.979984
14.799999 0.938119 7.907528 0.860742 0.980206
14.900000 0.937913 7.906369 0.859003 0.980473
15.000000 0.938531 7.907246 0.859770 0.979910
15.099999 0.938087 7.907729 0.857499 0.980827
15.200000 0.939900 7.910100 0.855500 0.981100
15.299999 0.939742 7.908064 0.852903 0.982812
15.400000 0.940030 7.908346 0.854773 0.983208
15.500000 0.937694 7.888389 0.851985 0.979198
15.599999 0.939088 7.905581 0.854571 0.980996
15.700000 0.937544 7.905715 0.856671 0.980583
15.799999 0.938526 7.901282 0.857529 0.981478
15.900000 0.937331 7.898450 0.859670 0.981509
16.000000 0.937974 7.896025 0.855973 0.982721
16.100000 0.938069 7.896948 0.855828 0.983892
16.199999 0.937231 7.896652 0.854373 0.983108
16.299999 0.937387 7.896980 0.853071 0.981896
16.400000 0.937231 7.896652 0.851774 0.982209
16.500000 0.937487 7.896580 0.850870 0.982997
16.600000 0.937975 7.897460 0.852841 0.983393
16.699999 0.936194 7.896990 0.851285 0.983198
16.799999 0.935174 7.889156 0.847639 0.981092
16.900000 0.934159 7.896393 0.850135 0.982516
17.000000 0.933520 7.893032 0.845746 0.982105
17.100000 0.934933 7.896352 0.842179 0.981409
17.199999 0.931973 7.880152 0.836635 0.980592
17.299999 0.934580 7.897470 0.838452 0.982295
17.400000 0.931138 7.882394 0.836653 0.979682
17.500000 0.932627 7.898741 0.836066 0.981907
17.600000 0.932954 7.899380 0.832034 0.981914
17.699999 0.933153 7.897928 0.831382 0.982588
17.799999 0.932366 7.898949 0.832516 0.982591
17.900000 0.930748 7.898870 0.830918 0.982912
18.000000 0.931538 7.899810 0.830648 0.984086
18.100000 0.929949 7.899570 0.828620 0.984111
18.199999 0.930486 7.897980 0.821864 0.983697
18.299999 0.927178 7.879264 0.821246 0.981294
18.400000 0.928114 7.893221 0.823235 0.983203
18.500000 0.927029 7.893342 0.824170 0.984306
18.600000 0.926137 7.892254 0.824788 0.983908
18.699999 0.924895 7.890547 0.823052 0.983176
18.799999 0.921384 7.877676 0.820564 0.981996
18.900000 0.921516 7.892521 0.817037 0.984303
19.000000 0.921900 7.894000 0.819700 0.984400
19.100000 0.920755 7.876287 0.819127 0.982113
19.199999 0.923254 7.891895 0.820158 0.984370
19.299999 0.923008 7.892111 0.817018 0.984102
19.400000 0.922347 7.893864 0.815611 0.983710
19.500000 0.921978 7.890210 0.817183 0.983217
19.600000 0.921653 7.885732 0.816890 0.983090
19.699999 0.917425 7.860242 0.812256 0.979906
19.799999 0.919700 7.884200 0.814100 0.983000
19.900000 0.916875 7.876815 0.813020 0.982674
20.000000 0.919964 7.890588 0.812150 0.984412
20.100000 0.920160 7.890619 0.811876 0.983333
20.199999 0.922153 7.894537 0.809486 0.982590
20.299999 0.922985 7.896214 0.803017 0.982819
20.400000 0.923676 7.899500 0.798102 0.982817
20.500000 0.922938 7.899620 0.799239 0.982586
20.600000 0.924762 7.899049 0.794397 0.982191
20.699999 0.925085 7.898580 0.795359 0.982396
20.799999 0.924630 7.898141 0.791483 0.982507
20.900000 0.924870 7.899360 0.789616 0.981993
21.000000 0.924555 7.900940 0.788773 0.981389
21.100000 0.924285 7.899980 0.787157 0.981096
21.199999 0.924023 7.899330 0.783065 0.981606
21.299999 0.924808 7.894211 0.782522 0.981802
21.400000 0.925050 7.897305 0.780240 0.983034
21.500000 0.925403 7.894964 0.771603 0.983278
21.600000 0.925152 7.893175 0.769162 0.983611
21.699999 0.926126 7.894394 0.767568 0.983383
21.799999 0.923700 7.879600 0.763800 0.981400
21.900000 0.923653 7.891676 0.763266 0.983911
22.000000 0.924094 7.894753 0.761366 0.984278
22.100000 0.925670 7.886855 0.755502 0.983493
22.199999 0.926697 7.892450 0.757460 0.982776
22.299999 0.927870 7.894810 0.757263 0.982468
22.400000 0.928842 7.893813 0.754890 0.982934
22.500000 0.927036 7.891354 0.755822 0.982309
22.600000 0.927507 7.893210 0.759324 0.981902
22.699999 0.926641 7.893816 0.762610 0.980484
22.799999 0.926563 7.893147 0.761781 0.979590
22.900000 0.923977 7.876363 0.761528 0.978494
23.000000 0.925778 7.893569 0.765930 0.979594
23.100000 0.925807 7.893410 0.763824 0.979102
23.199999 0.926866 7.891597 0.761515 0.979119
23.299999 0.923615 7.887123 0.765647 0.977904
23.400000 0.921830 7.874987 0.762987 0.976379
23.500000 0.923023 7.889333 0.762671 0.977507
23.600000 0.921747 7.887768 0.765940 0.978213
23.699999 0.921421 7.887488 0.761962 0.979179
23.799999 0.918310 7.859245 0.759435 0.975873
23.900000 0.919724 7.877037 0.760872 0.978406
24.000000 0.921263 7.878197 0.757094 0.978917
24.100000 0.921945 7.882917 0.754728 0.980386
24.199999 0.920955 7.884181 0.751974 0.980514
24.299999 0.920356 7.884481 0.747876 0.979514
24.400000 0.921892 7.885689 0.749175 0.979598
24.500000 0.920824 7.881835 0.748875 0.979306
24.600000 0.920632 7.888545 0.746202 0.979908
24.699999 0.919768 7.886655 0.743898 0.980892
24.799999 0.917025 7.880336 0.743377 0.979206
24.900000 0.919189 7.890520 0.743083 0.981021
25.000000 0.918467 7.884654 0.741597 0.981393
25.100000 0.920508 7.887811 0.746925 0.982202
25.199999 0.920452 7.887433 0.752351 0.982289
25.299999 0.917775 7.868260 0.750525 0.979894
25.400000 0.920508 7.883911 0.747525 0.981802
25.500000 0.919200 7.887801 0.746700 0.982000
25.599998 0.921356 7.886549 0.743806 0.981743
25.699999 0.919536 7.877903 0.740793 0.979384
25.799999 0.922123 7.887333 0.741078 0.979706
25.900000 0.921784 7.888477 0.738848 0.980196
26.000000 0.921830 7.887599 0.731158 0.980883
26.099998 0.921045 7.888122 0.728010 0.980186
26.199999 0.922061 7.886443 0.728364 0.980490
26.299999 0.920652 7.882329 0.729938 0.981889
26.400000 0.918851 7.881729 0.729137 0.982389
26.500000 0.919520 7.883584 0.728428 0.982082
26.599998 0.918916 7.881024 0.727654 0.982104
26.699999 0.919308 7.881512 0.726027 0.981402
26.799999 0.920436 7.884808 0.721377 0.981585
26.900000 0.921245 7.883519 0.722306 0.981787
27.000000 0.920360 7.883742 0.715458 0.982191
27.099998 0.919268 7.866646 0.714786 0.979292
27.199999 0.923246 7.886621 0.717802 0.980286
27.299999 0.923408 7.884562 0.719563 0.981478
27.400000 0.922623 7.881036 0.718085 0.980806
27.500000 0.924130 7.882447 0.716413 0.980608
27.599998 0.923608 7.884412 0.716028 0.980702
27.699999 0.922808 7.879712 0.712629 0.980202
27.799999 0.922469 7.884353 0.716387 0.980592
27.900000 0.922522 7.884935 0.720056 0.980555
28.000000 0.923031 7.887553 0.720986 0.981159
28.099998 0.922261 7.887244 0.718659 0.980190
28.199999 0.922461 7.886343 0.717259 0.980090
28.299999 0.922547 7.889211 0.716040 0.980138
28.400000 0.923008 7.889511 0.716328 0.979602
28.500000 0.921984 7.884176 0.717243 0.978296
28.599998 0.920516 7.872526 0.712258 0.975905
28.699999 0.924808 7.886611 0.709629 0.977902
28.799999 0.925489 7.887435 0.713444 0.978326
28.900000 0.926288 7.890531 0.713744 0.978825
29.000000 0.922016 7.868226 0.708758 0.976705
29.099998 0.924277 7.883065 0.710813 0.977993
29.199999 0.927151 7.895273 0.706505 0.980014
29.299999 0.926968 7.894942 0.706375 0.979846
29.400000 0.925193 7.890289 0.708871 0.978298
29.500000 0.927680 7.896514 0.702128 0.978823
29.599998 0.926407 7.893311 0.703130 0.978702
29.699999 0.926971 7.896958 0.702481 0.979292
29.799999 0.928135 7.899410 0.703833 0.979381
29.900000 0.927335 7.897408 0.708438 0.979281
30.000000 0.926927 7.895695 0.712713 0.979680
30.099998 0.928593 7.899331 0.716069 0.980625
30.199999 0.929472 7.899660 0.716186 0.980892
30.299999 0.929642 7.895762 0.714971 0.981411
30.400000 0.930184 7.903016 0.714443 0.981922
30.500000 0.930272 7.902461 0.715686 0.981493
30.599998 0.930465 7.900751 0.717659 0.981691
30.699999 0.931262 7.899890 0.712858 0.982116
30.799999 0.928864 7.886243 0.708554 0.980690
30.900000 0.930679 7.896569 0.707912 0.981795
31.000000 0.931307 7.897011 0.707129 0.982602
31.099998 0.931720 7.896331 0.710187 0.982305
31.199999 0.929944 7.893214 0.714071 0.982186
31.299999 0.931589 7.897832 0.713972 0.982822
31.400000 0.932513 7.896320 0.711758 0.983203
31.500000 0.932200 7.895200 0.715200 0.983400
31.599998 0.932500 7.896200 0.710400 0.984500
31.699999 0.930972 7.896859 0.712885 0.984694
31.799999 0.930483 7.896325 0.711346 0.984818
31.900000 0.929951 7.896427 0.715701 0.984389
32.000000 0.925145 7.858485 0.709874 0.979412
32.099998 0.928643 7.890813 0.709768 0.982886
32.200001 0.927672 7.888911 0.705594 0.982817
32.299999 0.927265 7.887102 0.702867 0.983715
32.399998 0.925422 7.876337 0.706288 0.982605
32.500000 0.927664 7.889044 0.700850 0.983692
32.599998 0.924753 7.876886 0.702508 0.981813
32.700001 0.926312 7.883060 0.703044 0.982379
32.799999 0.925615 7.883123 0.700360 0.981904
32.899998 0.926144 7.880772 0.701279 0.980512
33.000000 0.926600 7.882400 0.695800 0.981200
33.099998 0.926449 7.878515 0.699189 0.981987
33.200001 0.926863 7.883742 0.699750 0.981991
33.299999 0.927039 7.883821 0.702865 0.981435
33.399998 0.929100 7.886600 0.699300 0.981600
33.500000 0.928814 7.886922 0.701260 0.979904
33.599998 0.925455 7.877627 0.700420 0.979288
33.700001 0.926270 7.884454 0.703181 0.981693
33.799999 0.926559 7.886391 0.702838 0.982114
33.899998 0.924830 7.870152 0.698021 0.979808
34.000000 0.927078 7.883765 0.702011 0.981695
34.099998 0.929028 7.885547 0.702119 0.982107
34.200001 0.929572 7.883453 0.704982 0.982593
34.299999 0.929712 7.882288 0.703375 0.983826
34.399998 0.928928 7.880948 0.702619 0.983307
34.500000 0.927364 7.870035 0.700450 0.982691
34.599998 0.926622 7.880536 0.699590 0.984405
34.700001 0.925933 7.882495 0.700831 0.984086
34.799999 0.926152 7.883882 0.698611 0.983711
34.899998 0.926707 7.883312 0.698230 0.985501
35.000000 0.926278 7.886266 0.699010 0.984595
35.099998 0.926763 7.887544 0.699050 0.984192
35.200001 0.923977 7.862459 0.693908 0.981595
35.299999 0.925481 7.881310 0.696014 0.984976
35.399998 0.924655 7.879428 0.691115 0.985091
35.500000 0.925003 7.877541 0.687093 0.985181
35.599998 0.924139 7.880504 0.682346 0.985588
35.700001 0.925240 7.880304 0.682946 0.986589
35.799999 0.925600 7.878900 0.677100 0.985100
35.899998 0.918443 7.841389 0.671270 0.980086
36.000000 0.922431 7.876349 0.675730 0.985206
36.099998 0.921745 7.879516 0.673471 0.986791
36.200001 0.922554 7.881483 0.671330 0.985510
36.299999 0.923077 7.880664 0.666900 0.986796
36.399998 0.920276 7.868461 0.670301 0.984495
36.500000 0.921310 7.881266 0.669263 0.985321
36.599998 0.920663 7.878198 0.664369 0.983713
36.700001 0.919089 7.861752 0.657776 0.982120
36.799999 0.922308 7.880612 0.655834 0.984802
36.899998 0.923069 7.878809 0.657508 0.984114
37.000000 0.922654 7.876526 0.658095 0.984090
37.099998 0.922161 7.877139 0.658729 0.985093
37.200001 0.921614 7.868055 0.657523 0.983181
37.299999 0.920316 7.858728 0.654069 0.982503
37.399998 0.923223 7.876937 0.653804 0.983805
37.500000 0.923808 7.877012 0.648335 0.982802
37.599998 0.922608 7.873577 0.647094 0.982425
37.700001 0.923976 7.874625 0.649151 0.982817
37.799999 0.922546 7.873011 0.648954 0.982788
37.899998 0.921600 7.872000 0.647000 0.983600
38.000000 0.918984 7.852270 0.644829 0.981296
38.099998 0.917566 7.854616 0.646583 0.982014
38.200001 0.919600 7.873500 0.649000 0.984300
38.299999 0.920640 7.875062 0.648376 0.983908
38.399998 0.920560 7.875838 0.650725 0.983092
38.500000 0.919588 7.876237 0.650784 0.983918
38.599998 0.917949 7.874675 0.650610 0.984809
38.700001 0.919340 7.875962 0.646877 0.984308
38.799999 0.920096 7.876039 0.648343 0.984079
38.899998 0.919387 7.875326 0.644602 0.983577
39.000000 0.921594 7.876348 0.641930 0.983420
39.099998 0.923323 7.878178 0.641241 0.984284
39.200001 0.923615 7.876524 0.645871 0.983703
39.299999 0.923578 7.877604 0.645733 0.983874
39.399998 0.922016 7.875125 0.645971 0.982603
39.500000 0.921163 7.878198 0.645184 0.981815
39.599998 0.919672 7.878510 0.648816 0.981617
39.700001 0.915534 7.856957 0.651240 0.979708
39.799999 0.915875 7.856557 0.651595 0.980194
39.899998 0.919556 7.875587 0.650645 0.982113
40.000000 0.919808 7.874799 0.654471 0.981355
40.099998 0.918282 7.871828 0.657043 0.981718
40.200001 0.916617 7.870326 0.661468 0.982004
40.299999 0.916383 7.868374 0.662733 0.982597
40.399998 0.916425 7.870439 0.662901 0.982505
40.500000 0.917494 7.877193 0.662857 0.982356
40.599998 0.917292 7.876488 0.659766 0.983098
40.700001 0.916117 7.876125 0.661068 0.982603
40.799999 0.916217 7.876225 0.659568 0.983203
40.899998 0.915283 7.865773 0.657632 0.982096
41.000000 0.914936 7.869409 0.655851 0.982927
41.099998 0.914930 7.872345 0.649945 0.983544
41.200001 0.912991 7.862387 0.650765 0.982798
41.299999 0.914585 7.867533 0.646354 0.983417
41.399998 0.913369 7.869104 0.648381 0.984013
41.500000 0.915734 7.871251 0.646741 0.983607
41.599998 0.916384 7.870929 0.647053 0.984216
41.700001 0.915749 7.860217 0.643086 0.982790
41.799999 0.918033 7.873151 0.645242 0.985506
41.899998 0.916066 7.868647 0.646459 0.984294
42.000000 0.915566 7.870149 0.647459 0.985494
42.099998 0.915516 7.864064 0.640440 0.984384
42.200001 0.916216 7.872072 0.639940 0.985285
42.299999 0.915925 7.873138 0.637209 0.984405
42.399998 0.916417 7.868926 0.636973 0.983703
42.500000 0.916367 7.868748 0.636955 0.982893
42.599998 0.916608 7.871666 0.634475 0.982722
42.700001 0.916400 7.870855 0.637335 0.982121
42.799999 0.914517 7.851930 0.635873 0.979204
42.899998 0.917341 7.870665 0.638481 0.981309
43.000000 0.916908 7.871113 0.641436 0.981702
43.099998 0.914417 7.858628 0.637073 0.980104
43.200001 0.916433 7.871351 0.631048 0.981607
43.299999 0.917383 7.871429 0.627473 0.981219
43.399998 0.919784 7.874675 0.624725 0.980696
43.500000 0.919360 7.874738 0.621911 0.980690
43.599998 0.919708 7.875513 0.623638 0.979402
43.700001 0.920464 7.876499 0.622702 0.978118
43.799999 0.920144 7.879315 0.623136 0.978585
43.899998 0.919076 7.882665 0.625188 0.978594
44.000000 0.919856 7.882583 0.623963 0.979414
44.099998 0.918175 7.876963 0.625488 0.980594
44.200001 0.917501 7.877653 0.626051 0.980376
44.299999 0.916608 7.876012 0.627937 0.979602
44.399998 0.915824 7.875788 0.628566 0.980182
44.500000 0.915292 7.875288 0.622362 0.980598
44.599998 0.915317 7.874725 0.625675 0.980404
44.700001 0.913897 7.868542 0.620845 0.978975
44.799999 0.914340 7.874012 0.622736 0.979586
44.899998 0.913604 7.875050 0.618458 0.979824
45.000000 0.914066 7.873950 0.617947 0.979492
45.099998 0.913100 7.875600 0.611600 0.978500
45.200001 0.913187 7.876523 0.610090 0.979421
45.299999 0.910236 7.860856 0.605858 0.980108
45.399998 0.913026 7.873538 0.606518 0.980106
45.500000 0.911391 7.870687 0.605961 0.978998
45.599998 0.910127 7.869839 0.607718 0.978906
45.700001 0.908582 7.865121 0.609052 0.978120
45.799999 0.909127 7.865192 0.609388 0.978883
45.899998 0.908809 7.864714 0.609939 0.979102
46.000000 0.909473 7.864059 0.609783 0.977693
46.099998 0.908991 7.862584 0.607497 0.978651
46.200001 0.910427 7.862841 0.601520 0.978906
46.299999 0.909763 7.862096 0.600380 0.978015
46.399998 0.908709 7.859014 0.605539 0.978702
46.500000 0.908864 7.861244 0.604742 0.979092
46.599998 0.909082 7.859527 0.601958 0.978619
46.700001 0.908809 7.862563 0.604404 0.980280
46.799999 0.909209 7.862864 0.605773 0.981522
46.899998 0.908755 7.863482 0.608035 0.981411
47.000000 0.907400 7.866300 0.606500 0.982100
47.099998 0.906028 7.848946 0.605918 0.978806
47.200001 0.906816 7.858373 0.604244 0.980482
47.299999 0.907030 7.856400 0.608248 0.982325
47.399998 0.907872 7.860058 0.608182 0.981995
47.500000 0.908691 7.860639 0.607792 0.982517
47.599998 0.908518 7.860975 0.604044 0.981483
47.700001 0.909382 7.859872 0.600020 0.981596
47.799999 0.911229 7.861789 0.595176 0.981185
47.899998 0.912760 7.860878 0.588642 0.982171
48.000000 0.911735 7.841663 0.582667 0.978109
48.099998 0.913569 7.859912 0.588329 0.979416
48.200001 0.915425 7.860342 0.590723 0.978706
48.299999 0.915017 7.857829 0.589382 0.977205
48.399998 0.915034 7.857757 0.587265 0.975310
48.500000 0.916359 7.861697 0.586090 0.975817
48.599998 0.915884 7.861039 0.588012 0.976424
48.700001 0.915208 7.856614 0.595041 0.975802
48.799999 0.913117 7.857028 0.591082 0.977205
48.899998 0.913526 7.862941 0.591423 0.977907
49.000000 0.911418 7.861228 0.593081 0.977704
49.099998 0.911236 7.859356 0.591263 0.978808
49.200001 0.910519 7.837354 0.585327 0.976479
49.299999 0.913731 7.860589 0.586469 0.979884
49.399998 0.911553 7.848391 0.583750 0.978113
49.500000 0.909300 7.838078 0.582959 0.976226
49.599998 0.912106 7.858570 0.584399 0.978426
49.700001 0.912644 7.861469 0.585707 0.979610
49.799999 0.913821 7.863192 0.580887 0.979229
49.899998 0.913209 7.859014 0.577342 0.981002
50.000000 0.913139 7.856299 0.571800 0.981487
50.099998 0.909609 7.853615 0.574043 0.980802
50.200001 0.909018 7.854229 0.572585 0.980004
50.299999 0.908855 7.853588 0.569758 0.981711
50.399998 0.910109 7.857115 0.566343 0.981802
50.500000 0.910336 7.859356 0.567273 0.981607
50.599998 0.910716 7.861880 0.567362 0.982523
50.700001 0.911673 7.860558 0.560268 0.982595
50.799999 0.911541 7.861751 0.559908 0.982569
50.899998 0.913361 7.865084 0.555188 0.983273
51.000000 0.913869 7.864309 0.553357 0.982614
51.099998 0.911665 7.851340 0.551421 0.980792
51.199997 0.914609 7.869713 0.553545 0.983402
51.299999 0.915473 7.866800 0.555333 0.983475
51.399998 0.914866 7.864546 0.555922 0.982293
51.500000 0.915383 7.864273 0.558912 0.981096
51.599998 0.916683 7.860240 0.556244 0.981019
51.699997 0.918633 7.864954 0.554978 0.982907
51.799999 0.919952 7.861317 0.554132 0.983790
51.899998 0.918473 7.860526 0.556499 0.984014
52.000000 0.919160 7.860631 0.555378 0.983592
52.099998 0.918592 7.857285 0.553855 0.984098
52.199997 0.917918 7.857758 0.552152 0.983584
52.299999 0.914609 7.840816 0.548445 0.981202
52.399998 0.916542 7.853998 0.552587 0.981587
52.500000 0.913609 7.847315 0.557144 0.981302
52.599998 0.916442 7.859938 0.554957 0.983728
52.699997 0.917933 7.862255 0.556877 0.983007
52.799999 0.915400 7.859100 0.553600 0.981500
52.899998 0.914651 7.858984 0.550670 0.981911
53.000000 0.913131 7.848679 0.552642 0.981885
53.099998 0.914409 7.860514 0.547445 0.982102
53.199997 0.911071 7.848821 0.545164 0.981515
53.299999 0.913391 7.857486 0.543954 0.982998
53.399998 0.913640 7.855999 0.543080 0.981687
53.500000 0.913539 7.852797 0.540078 0.982388
53.599998 0.912826 7.854243 0.535139 0.981905
53.699997 0.912652 7.854587 0.537477 0.981811
53.799999 0.913257 7.855628 0.534467 0.982591
53.899998 0.913977 7.854731 0.528524 0.983615
54.000000 0.914845 7.854947 0.526205 0.983129
54.099998 0.913065 7.855542 0.529512 0.982893
54.199997 0.915325 7.860342 0.534040 0.984605
54.299999 0.912268 7.856585 0.534902 0.984677
54.399998 0.913048 7.855113 0.536422 0.984591
54.500000 0.913783 7.856772 0.535407 0.984197
54.599998 0.913435 7.853659 0.534086 0.983407
54.699997 0.912353 7.854287 0.533380 0.984010
54.799999 0.912804 7.856743 0.529783 0.983682
54.899998 0.911809 7.856415 0.528847 0.982602
55.000000 0.913760 7.859998 0.528230 0.982312
55.099998 0.913391 7.856786 0.527253 0.984598
55.199997 0.912983 7.855271 0.526105 0.983097
55.299999 0.913753 7.855054 0.525794 0.983171
55.399998 0.906334 7.803463 0.522065 0.975983
55.500000 0.913448 7.859116 0.524615 0.984191
55.599998 0.913395 7.860353 0.525422 0.985116
55.699997 0.913404 7.857571 0.526568 0.984019
55.799999 0.914449 7.858115 0.527316 0.984191
55.899998 0.913674 7.854456 0.523657 0.983695
56.000000 0.914169 7.858413 0.526779 0.984912
56.099998 0.914151 7.859084 0.519688 0.985109
56.199997 0.914074 7.854656 0.521556 0.983895
56.299999 0.915427 7.858712 0.516126 0.985821
56.399998 0.914560 7.851105 0.517038 0.985011
56.500000 0.914834 7.855358 0.518692 0.985806
56.599998 0.915992 7.855959 0.514234 0.985716
56.699997 0.913501 7.841936 0.512980 0.983061
56.799999 0.915566 7.859644 0.516707 0.983994
56.899998 0.916092 7.860653 0.517131 0.983418
57.000000 0.914943 7.860070 0.513043 0.983208
57.099998 0.915651 7.863082 0.512792 0.984509
57.199997 0.916383 7.865473 0.511502 0.983897
57.299999 0.917475 7.870161 0.512054 0.982895
57.399998 0.917133 7.871952 0.507697 0.980908
57.500000 0.917808 7.871913 0.509749 0.980402
57.599998 0.916017 7.869727 0.508998 0.979604
57.699997 0.918555 7.873740 0.507236 0.979838
57.799999 0.918976 7.874662 0.503951 0.981494
57.899998 0.919960 7.870935 0.505153 0.982191
58.000000 0.921037 7.872898 0.502502 0.982986
58.099998 0.920080 7.872809 0.508162 0.982774
58.199997 0.921631 7.877549 0.505598 0.982007
58.299999 0.920968 7.877551 0.503702 0.981793
58.399998 0.922846 7.874712 0.504153 0.981987
58.500000 0.922638 7.870997 0.505004 0.981585
58.599998 0.921953 7.870522 0.505103 0.981089
58.699997 0.921429 7.871685 0.510559 0.980082
58.799999 0.916383 7.832466 0.505401 0.975095
58.899998 0.919448 7.867779 0.507595 0.980312
59.000000 0.914057 7.825413 0.502851 0.976488
59.099998 0.918282 7.863737 0.500400 0.981319
59.199997 0.916225 7.861475 0.500050 0.980482
59.299999 0.915742 7.865467 0.503248 0.980610
59.399998 0.915151 7.866281 0.502998 0.980212
59.500000 0.914331 7.859688 0.506005 0.979884
59.599998 0.914534 7.868853 0.507697 0.980708
59.699997 0.916233 7.875100 0.510608 0.981685
59.799999 0.917091 7.875437 0.509140 0.981520
59.899998 0.916358 7.866734 0.508254 0.980790
60.000000 0.917726 7.873486 0.511460 0.982084
60.099998 0.918365 7.873501 0.507594 0.982514
60.199997 0.917367 7.875050 0.507603 0.982093
60.299999 0.917708 7.876812 0.507149 0.983102
60.399998 0.917368 7.875801 0.504107 0.982472
60.500000 0.917016 7.870881 0.505592 0.982325
60.599998 0.916008 7.864513 0.506949 0.982002
60.699997 0.917166 7.875998 0.505096 0.984412
60.799999 0.913148 7.841404 0.498799 0.980688
60.899998 0.915205 7.867695 0.500351 0.983963
61.000000 0.915017 7.856029 0.499500 0.981904
61.099998 0.915600 7.870200 0.500700 0.984000
61.199997 0.915624 7.872685 0.499449 0.983585
61.299999 0.915493 7.870142 0.501548 0.982919
61.399998 0.914306 7.870658 0.497247 0.981580
61.500000 0.915642 7.876862 0.499950 0.981209
61.599998 0.914666 7.867947 0.497899 0.981192
61.699997 0.913239 7.875213 0.498549 0.982087
61.799999 0.913983 7.870975 0.499200 0.981596
61.899998 0.916191 7.871033 0.496045 0.979573
62.000000 0.917491 7.877934 0.497353 0.982519
62.099998 0.917600 7.876200 0.501400 0.981900
62.199997 0.916958 7.874837 0.501251 0.982391
62.299999 0.916217 7.871625 0.497501 0.982004
62.399998 0.916041 7.872411 0.494446 0.981387
62.500000 0.916650 7.872424 0.497599 0.983090
62.599998 0.917058 7.873888 0.499151 0.983512
62.699997 0.917116 7.872079 0.496705 0.983024
62.799999 0.916850 7.873176 0.499800 0.982511
62.899998 0.918633 7.873851 0.499400 0.983007
63.000000 0.920605 7.875451 0.508510 0.982379
63.099998 0.919605 7.874463 0.509937 0.982423
63.199997 0.918543 7.858701 0.510958 0.980586
63.299999 0.919908 7.875412 0.518748 0.983302
63.399998 0.920500 7.875100 0.516000 0.982400
63.500000 0.921084 7.875675 0.521704 0.982497
63.599998 0.918997 7.868158 0.526568 0.982121
63.699997 0.921261 7.877639 0.524062 0.982591
63.799999 0.920292 7.874588 0.522452 0.981798
63.899998 0.920468 7.880052 0.526110 0.982793
64.000000 0.921631 7.878448 0.534386 0.982807
64.099998 0.921063 7.868505 0.528078 0.981115
64.199997 0.923262 7.879740 0.527264 0.982891
64.299995 0.922884 7.874311 0.520381 0.981272
64.400002 0.922499 7.875938 0.526685 0.982577
64.500000 0.923877 7.878863 0.530359 0.982195
64.599998 0.925077 7.880164 0.528058 0.980494
64.699997 0.923822 7.880991 0.529353 0.980431
64.799995 0.923524 7.873474 0.527728 0.979079
64.900002 0.923300 7.884750 0.526416 0.980226
65.000000 0.922692 7.875788 0.524752 0.978998
65.099998 0.921394 7.873152 0.525270 0.978825
65.199997 0.921431 7.880847 0.526789 0.978709
65.299995 0.921390 7.882435 0.528940 0.979371
65.400002 0.921361 7.882041 0.528664 0.978889
65.500000 0.917000 7.863800 0.527200 0.977200
65.599998 0.918522 7.877983 0.530205 0.979331
65.699997 0.918208 7.879712 0.530647 0.979602
65.799995 0.917851 7.873925 0.526516 0.977687
65.900002 0.917966 7.885592 0.525979 0.979017
66.000000 0.917233 7.877250 0.523391 0.978309
66.099998 0.916858 7.874188 0.523334 0.977816
66.199997 0.918732 7.885322 0.523427 0.979031
66.299995 0.918765 7.884192 0.522982 0.978417
66.400002 0.917959 7.883442 0.517859 0.978589
66.500000 0.919000 7.884700 0.511800 0.978900
66.599998 0.917969 7.883814 0.509215 0.979167
66.699997 0.917851 7.881329 0.507505 0.979788
66.799995 0.919157 7.884980 0.506545 0.979115
66.900002 0.916058 7.870234 0.503852 0.978289
67.000000 0.918064 7.880539 0.503593 0.979641
67.099998 0.917575 7.881965 0.505352 0.978393
67.199997 0.917417 7.882582 0.504404 0.978278
67.299995 0.917527 7.886561 0.506163 0.978755
67.400002 0.916783 7.884677 0.509402 0.978696
67.500000 0.916483 7.883177 0.511002 0.978896
67.599998 0.916483 7.880276 0.514703 0.979196
67.699997 0.913431 7.862690 0.513511 0.977182
67.799995 0.916258 7.879440 0.509255 0.979490
67.900002 0.913980 7.877128 0.507110 0.977669
68.000000 0.914574 7.873962 0.504651 0.978293
68.099998 0.915841 7.875113 0.506054 0.978885
68.199997 0.916108 7.873312 0.504650 0.978702
68.299995 0.916883 7.874775 0.503601 0.979296
68.400002 0.914609 7.870013 0.498350 0.978902
68.500000 0.914234 7.876849 0.497901 0.980708
68.599998 0.914317 7.875225 0.499700 0.981204
68.699997 0.911500 7.854500 0.498600 0.977800
68.799995 0.914440 7.876213 0.500650 0.981387
68.900002 0.913457 7.868034 0.496948 0.979990
69.000000 0.914791 7.874187 0.495950 0.980998
69.099998 0.912878 7.852833 0.494455 0.978320
69.199997 0.915901 7.874650 0.492809 0.981622
69.299995 0.917217 7.876125 0.492302 0.982304
69.400002 0.918008 7.876712 0.493751 0.981902
69.500000 0.917392 7.874288 0.496450 0.981898
69.599998 0.917117 7.876625 0.496401 0.981104
69.699997 0.918126 7.878290 0.501952 0.981283
69.799995 0.919373 7.878310 0.506444 0.982316
69.900002 0.917816 7.873625 0.504099 0.981504
70.000000 0.918390 7.878633 0.504145 0.982519
70.099998 0.919121 7.881178 0.501048 0.982127
70.199997 0.920248 7.882370 0.498501 0.982910
70.299995 0.922300 7.881000 0.496300 0.982400
70.400002 0.923323 7.883135 0.494852 0.983705
70.500000 0.921408 7.874813 0.495850 0.982602
70.599998 0.923929 7.884397 0.491864 0.983029
70.699997 0.918524 7.851145 0.491353 0.978307
70.799995 0.922685 7.883577 0.497499 0.980996
70.900002 0.923231 7.883095 0.498449 0.981383
71.000000 0.923546 7.882718 0.500150 0.980186
71.099998 0.923531 7.879648 0.500100 0.979808
71.199997 0.923462 7.882241 0.501551 0.980790
71.299995 0.920124 7.874138 0.500450 0.978606
71.400002 0.918210 7.863950 0.499650 0.976274
71.500000 0.918924 7.881935 0.494052 0.980406
71.599998 0.920104 7.882952 0.497353 0.981025
71.699997 0.919476 7.876263 0.497449 0.981294
71.799995 0.920212 7.881366 0.500000 0.982025
71.900002 0.920876 7.882065 0.500550 0.980994
72.000000 0.919844 7.880217 0.503552 0.979686
72.099998 0.919568 7.878751 0.506903 0.980292
72.199997 0.921992 7.880988 0.507751 0.980098
72.299995 0.921786 7.879532 0.506842 0.980821
72.400002 0.921237 7.877703 0.506605 0.980484
72.500000 0.920892 7.867987 0.509051 0.979798
72.599998 0.921730 7.877190 0.508057 0.980482
72.699997 0.922708 7.877172 0.508189 0.981126
72.799995 0.924146 7.877074 0.508395 0.980112
72.900002 0.921763 7.864708 0.505396 0.977918
73.000000 0.923877 7.876062 0.502251 0.977593
73.099998 0.922731 7.869652 0.501499 0.976010
73.199997 0.922724 7.876697 0.498003 0.977037
73.299995 0.923123 7.875737 0.504249 0.978606
73.400002 0.918908 7.850115 0.502650 0.976002
73.500000 0.919924 7.875338 0.504049 0.978706
73.599998 0.919149 7.875675 0.504897 0.978813
73.699997 0.920048 7.878172 0.500500 0.979412
73.799995 0.919413 7.878271 0.494907 0.979629
73.900002 0.919612 7.876764 0.492141 0.979377
74.000000 0.918382 7.881019 0.489610 0.981219
74.099998 0.913565 7.839235 0.491297 0.976190
74.199997 0.917934 7.878803 0.489392 0.980985
74.299995 0.914426 7.866340 0.489153 0.980506
74.400002 0.914632 7.876701 0.491994 0.983086
74.500000 0.917024 7.878782 0.491563 0.983325
74.599998 0.915999 7.874850 0.491790 0.982679
74.699997 0.913462 7.860577 0.491286 0.980268
74.799995 0.916200 7.875400 0.491500 0.982200
74.900002 0.914900 7.872000 0.487200 0.981900
75.000000 0.914091 7.869587 0.488349 0.980298
75.099998 0.914760 7.873788 0.490756 0.981613
75.199997 0.911018 7.852329 0.486903 0.979504
75.299995 0.913061 7.869991 0.483761 0.981913
75.400002 0.912887 7.872334 0.482427 0.981376
75.500000 0.911847 7.865319 0.481889 0.980788
75.599998 0.911835 7.858757 0.488005 0.980808
75.699997 0.913326 7.870939 0.483955 0.980806
75.799995 0.911458 7.864884 0.480869 0.979567
75.900002 0.913048 7.875325 0.481289 0.980188
76.000000 0.909782 7.851670 0.483697 0.978196
76.099998 0.914226 7.879836 0.484555 0.981406
76.199997 0.914783 7.877975 0.485697 0.981996
76.299995 0.914809 7.877812 0.483252 0.982702
76.400002 0.915700 7.878900 0.482200 0.982300
76.500000 0.916333 7.876801 0.477082 0.980885
76.599998 0.917658 7.876786 0.475067 0.980813
76.699997 0.916442 7.878961 0.475962 0.980810
76.799995 0.916692 7.878488 0.471147 0.981198
76.900002 0.915242 7.874463 0.468166 0.982209
77.000000 0.914600 7.872000 0.472900 0.981200
77.099998 0.913438 7.866214 0.475938 0.981230
77.199997 0.916074 7.875413 0.474912 0.981873
77.299995 0.912722 7.852208 0.473237 0.978430
77.400002 0.913977 7.869618 0.472974 0.981517
77.500000 0.911071 7.867806 0.480715 0.980815
77.599998 0.910700 7.867300 0.480900 0.981000
77.699997 0.911747 7.867721 0.484591 0.980188
77.799995 0.910328 7.869295 0.481685 0.979584
77.900002 0.910929 7.868895 0.482186 0.980184
78.000000 0.911500 7.872100 0.479400 0.980800
78.099998 0.912144 7.873363 0.480360 0.982309
78.199997 0.911418 7.865227 0.480204 0.982903
78.299995 0.913836 7.879070 0.476305 0.983769
78.400002 0.914031 7.881306 0.481085 0.983887
78.500000 0.912691 7.880488 0.480248 0.984398
78.599998 0.913257 7.879940 0.477039 0.983492
78.699997 0.913026 7.878936 0.475457 0.983705
78.799995 0.913057 7.875538 0.475038 0.983392
78.900002 0.913765 7.878951 0.475390 0.983493
79.000000 0.914140 7.880216 0.472931 0.983689
79.099998 0.912883 7.873074 0.470794 0.983597
79.199997 0.913840 7.880116 0.469929 0.983388
79.299995 0.915242 7.881559 0.468366 0.982809
79.400002 0.915759 7.883281 0.471470 0.982412
79.500000 0.915011 7.872266 0.471887 0.981424
79.599998 0.917358 7.882183 0.474368 0.981613
79.699997 0.915824 7.874787 0.471024 0.980082
79.799995 0.915334 7.882547 0.471811 0.980608
79.900002 0.916325 7.883896 0.469923 0.981583
80.000000 0.916325 7.877637 0.468559 0.980706
80.099998 0.916517 7.880080 0.468569 0.980080
80.199997 0.913986 7.868531 0.465435 0.978821
80.299995 0.917108 7.886847 0.465195 0.981924
80.400002 0.917726 7.884596 0.463117 0.982785
80.500000 0.918249 7.883670 0.463522 0.982810
80.599998 0.919062 7.885429 0.462774 0.982236
80.699997 0.918476 7.880764 0.459438 0.981194
80.799995 0.918167 7.886455 0.458283 0.982593
80.900002 0.915607 7.877965 0.453399 0.982481
81.000000 0.916375 7.881565 0.448935 0.983495
81.099998 0.917700 7.884800 0.450900 0.983600
81.199997 0.916558 7.881240 0.447424 0.981891
81.299995 0.913326 7.864341 0.448865 0.980306
81.400002 0.914457 7.883542 0.444922 0.982391
81.500000 0.915651 7.886068 0.443634 0.983210
81.599998 0.915041 7.884219 0.448514 0.984089
81.699997 0.915200 7.884000 0.451500 0.983500
81.799995 0.912535 7.854958 0.453818 0.979908
81.900002 0.916650 7.884831 0.455573 0.983490
82.000000 0.916733 7.886909 0.452762 0.984187
82.099998 0.918259 7.885443 0.452526 0.984492
82.199997 0.918584 7.884577 0.450790 0.984897
82.299995 0.917941 7.879560 0.445577 0.984708
82.400002 0.918325 7.883135 0.442667 0.985104
82.500000 0.919792 7.883788 0.444544 0.984899
82.599998 0.920416 7.881724 0.446611 0.984003
82.699997 0.919508 7.875812 0.440356 0.983102
82.799995 0.919776 7.879463 0.435731 0.982395
82.900002 0.921061 7.880941 0.439620 0.983692
83.000000 0.921161 7.887144 0.437719 0.983592
83.099998 0.922539 7.887656 0.438581 0.982009
83.199997 0.921376 7.881965 0.443233 0.980994
83.299995 0.920860 7.884842 0.442021 0.980790
83.400002 0.920016 7.879724 0.440812 0.981204
83.500000 0.922800 7.888200 0.437500 0.980900
83.599998 0.922408 7.882412 0.439556 0.980902
83.699997 0.923277 7.886313 0.434166 0.981119
83.799995 0.924383 7.885926 0.433723 0.980621
83.900002 0.923930 7.887045 0.430728 0.981308
84.000000 0.923707 7.884562 0.429199 0.981126
84.099998 0.923862 7.887444 0.432016 0.982291
84.199997 0.924900 7.888401 0.431900 0.981300
84.299995 0.923554 7.889233 0.433460 0.980788
84.400002 0.922469 7.882253 0.433173 0.980192
84.500000 0.922546 7.875613 0.427799 0.977985
84.599998 0.924517 7.888477 0.427370 0.979177
84.699997 0.926233 7.889997 0.425135 0.978638
84.799995 0.923830 7.871652 0.423231 0.977609
84.900002 0.922262 7.873501 0.420863 0.978617
85.000000 0.924415 7.886423 0.416817 0.979804
85.099998 0.925400 7.890000 0.413600 0.980900
85.199997 0.919900 7.857100 0.407100 0.976800
85.299995 0.923146 7.883219 0.413489 0.980186
85.400002 0.920036 7.874000 0.410328 0.978683
85.500000 0.919248 7.873176 0.410254 0.977414
85.599998 0.920308 7.883811 0.408859 0.979302
85.699997 0.922431 7.884246 0.405938 0.979308
85.799995 0.920860 7.877539 0.404302 0.978789
85.900002 0.921955 7.883881 0.399221 0.980414
86.000000 0.922177 7.883065 0.400120 0.980694
86.099998 0.922062 7.884492 0.396383 0.980316
86.199997 0.920076 7.870461 0.396819 0.978293
86.299995 0.918784 7.867673 0.395379 0.978196
86.400002 0.918908 7.864114 0.397660 0.978202
86.500000 0.921886 7.883029 0.396963 0.981221
86.599998 0.923285 7.887477 0.403081 0.982096
86.699997 0.922022 7.883683 0.406106 0.982583
86.799995 0.919840 7.870564 0.401899 0.980410
86.900002 0.917699 7.862065 0.401818 0.978226
87.000000 0.919316 7.882723 0.404419 0.981704
87.099998 0.918543 7.880116 0.400781 0.983789
87.199997 0.917625 7.878036 0.400580 0.983405
87.299995 0.918427 7.876189 0.405965 0.983785
87.400002 0.917939 7.875212 0.404213 0.982929
87.500000 0.917408 7.876012 0.399760 0.982702
87.599998 0.918051 7.876726 0.405843 0.981789
87.699997 0.918427 7.878391 0.408167 0.982284
87.799995 0.919424 7.879536 0.407878 0.983005
87.900002 0.918865 7.880495 0.405775 0.982214
88.000000 0.918676 7.878263 0.401620 0.981595
88.099998 0.918659 7.881040 0.403202 0.981391
88.199997 0.918808 7.883012 0.401860 0.979702
88.299995 0.918000 7.876800 0.400700 0.979500
88.400002 0.919852 7.882429 0.404743 0.979688
88.500000 0.920579 7.883716 0.405495 0.979920
88.599998 0.920360 7.885643 0.405603 0.978989
88.699997 0.919252 7.876626 0.395437 0.977086
88.799995 0.921074 7.885016 0.395132 0.977865
88.900002 0.918418 7.872272 0.394595 0.976677
89.000000 0.920716 7.882723 0.395321 0.978804
89.099998 0.919149 7.872477 0.393764 0.978513
89.199997 0.918968 7.884354 0.392757 0.978591
89.299995 0.918492 7.881288 0.391339 0.978198
89.400002 0.917925 7.883035 0.388383 0.979506
89.500000 0.917751 7.881729 0.384431 0.979788
89.599998 0.918543 7.880617 0.390774 0.979586
89.699997 0.915649 7.866920 0.393336 0.977386
89.799995 0.918724 7.881935 0.396381 0.979006
89.900002 0.919832 7.885846 0.398641 0.980608
90.000000 0.919487 7.877729 0.403665 0.980573
90.099998 0.920419 7.884473 0.402596 0.981727
90.199997 0.920940 7.887756 0.402399 0.981909
90.299995 0.922000 7.882500 0.398000 0.982400
90.400002 0.923354 7.889133 0.391935 0.982389
90.500000 0.922329 7.889657 0.393967 0.982061
90.599998 0.920603 7.889443 0.390992 0.980725
90.699997 0.914351 7.848091 0.388767 0.976514
90.799995 0.916925 7.873538 0.385284 0.979506
90.900002 0.917350 7.882629 0.384631 0.981389
91.000000 0.916084 7.870829 0.391808 0.980120
91.099998 0.918102 7.883761 0.393072 0.982179
91.199997 0.918832 7.883946 0.393043 0.983307
91.299995 0.918335 7.883907 0.395717 0.983987
91.400002 0.918015 7.882464 0.391252 0.982824
91.500000 0.920200 7.881397 0.387631 0.982943
91.599998 0.918822 7.875986 0.389416 0.981927
91.699997 0.919276 7.882565 0.389717 0.982395
91.799995 0.918922 7.879081 0.389416 0.981528
91.900002 0.918149 7.874776 0.390266 0.980911
92.000000 0.919224 7.879236 0.385884 0.980606
92.099998 0.917851 7.878226 0.386432 0.980088
92.199997 0.917417 7.877724 0.384223 0.979504
92.299995 0.917782 7.876124 0.384815 0.977822
92.400002 0.916975 7.870261 0.381614 0.977893
92.500000 0.918492 7.878588 0.382638 0.978698
92.599998 0.918041 7.878761 0.381509 0.978811
92.699997 0.917642 7.878615 0.383669 0.978785
92.799995 0.917333 7.873851 0.382147 0.978209
92.900002 0.918943 7.879115 0.380767 0.978885
93.000000 0.918832 7.879748 0.380248 0.978908
93.099998 0.919011 7.875263 0.378516 0.978576
93.199997 0.917849 7.875875 0.376674 0.980112
93.299995 0.919384 7.879676 0.376675 0.979996
93.400002 0.918878 7.878068 0.375674 0.979246
93.500000 0.918608 7.876212 0.374763 0.978602
93.599998 0.918343 7.875213 0.375963 0.978585
93.699997 0.916725 7.856143 0.377287 0.975007
93.799995 0.917167 7.871649 0.373850 0.976691
93.900002 0.915441 7.868207 0.373562 0.976984
94.000000 0.915917 7.869825 0.376625 0.976905
94.099998 0.915817 7.869326 0.376825 0.977305
94.199997 0.915707 7.868055 0.375713 0.978476
94.299995 0.915600 7.869300 0.376700 0.978600
94.400002 0.913509 7.859914 0.379462 0.976702
94.500000 0.912956 7.860631 0.376588 0.977589
94.599998 0.912591 7.863687 0.369437 0.978798
94.699997 0.911553 7.863482 0.367979 0.979712
94.799995 0.912135 7.864454 0.367253 0.978808
94.900002 0.910090 7.856843 0.362138 0.977722
95.000000 0.911750 7.868677 0.362416 0.979265
95.099998 0.912218 7.870126 0.367427 0.980004
95.199997 0.911835 7.868853 0.367453 0.981308
95.299995 0.910993 7.870746 0.374750 0.981177
95.400002 0.909837 7.868007 0.372861 0.980686
95.500000 0.910128 7.868995 0.375300 0.981485
95.599998 0.909155 7.866833 0.373787 0.980690
95.699997 0.907837 7.858956 0.376050 0.978509
95.799995 0.909318 7.863127 0.371726 0.978804
95.900002 0.909427 7.868584 0.370282 0.979129
96.000000 0.911306 7.869157 0.373052 0.979125
96.099998 0.912726 7.870539 0.374888 0.981106
96.199997 0.913465 7.872549 0.376150 0.981192
96.299995 0.910898 7.870442 0.371192 0.981820
96.400002 0.911162 7.869592 0.372839 0.981413
96.500000 0.912756 7.872237 0.373287 0.980990
96.599998 0.910343 7.849641 0.365415 0.977536
96.699997 0.911653 7.869778 0.364082 0.981011
96.799995 0.911164 7.872249 0.362045 0.981192
96.900002 0.910882 7.867974 0.357572 0.980696
97.000000 0.908173 7.859113 0.355715 0.979017
97.099998 0.909927 7.871139 0.356293 0.980306
97.199997 0.910146 7.862917 0.350510 0.979388
97.299995 0.910588 7.869674 0.351063 0.980840
97.400002 0.910300 7.867900 0.353900 0.980900
97.500000 0.911011 7.864865 0.355255 0.980480
97.599998 0.909954 7.855187 0.354787 0.979113
97.699997 0.910400 7.852100 0.352700 0.977600
97.799995 0.911788 7.864635 0.357842 0.979121
97.900002 0.908182 7.841767 0.353571 0.974395
98.000000 0.910645 7.859071 0.354723 0.977012
98.099998 0.910989 7.862338 0.352847 0.977922
98.199997 0.910227 7.860142 0.350295 0.975207
98.299995 0.910700 7.862300 0.345100 0.976000
98.400002 0.910218 7.856429 0.342831 0.976005
98.500000 0.911302 7.866253 0.345480 0.976474
98.599998 0.910400 7.857400 0.344800 0.975800
98.699997 0.912197 7.865049 0.346819 0.976825
98.799995 0.910743 7.864517 0.347843 0.975839
98.900002 0.909636 7.864154 0.348161 0.975210
99.000000 0.909264 7.864346 0.353241 0.976591
99.099998 0.908592 7.863687 0.356352 0.976948
99.199997 0.908262 7.861893 0.355033 0.978067
99.299995 0.908873 7.863159 0.358408 0.977493
99.400002 0.909391 7.865238 0.359331 0.979175
99.500000 0.912074 7.869461 0.354506 0.979894
99.599998 0.911264 7.867847 0.353041 0.980492
99.699997 0.910693 7.860833 0.355226 0.978574
99.799995 0.908400 7.865699 0.353700 0.980200
99.900002 0.907691 7.867087 0.351935 0.980698
100.000000 0.907945 7.861217 0.352812 0.980488
100.099998 0.907946 7.865567 0.353523 0.983108
100.199997 0.907172 7.849555 0.350305 0.981695
100.299995 0.909236 7.862854 0.347261 0.983906
100.400002 0.908727 7.848146 0.344097 0.981606
100.500000 0.910063 7.860298 0.340961 0.981813
100.599998 0.904290 7.824282 0.337434 0.977498
100.699997 0.907056 7.852888 0.338397 0.980212
100.799995 0.909691 7.866887 0.340134 0.981098
100.900002 0.907535 7.852997 0.334134 0.979386
101.000000 0.910682 7.871374 0.332967 0.980196
101.099998 0.911903 7.874362 0.328662 0.981079
101.199997 0.910065 7.876215 0.329394 0.979870
101.299995 0.910418 7.873626 0.328934 0.980204
101.400002 0.907491 7.866887 0.331433 0.980498
101.500000 0.909999 7.873339 0.332834 0.980422
101.599998 0.910511 7.872772 0.332132 0.980080
101.699997 0.912709 7.875012 0.339366 0.979802
101.799995 0.912109 7.875712 0.340166 0.980302
101.900002 0.910900 7.873500 0.337500 0.979900
102.000000 0.912309 7.877612 0.334467 0.980402
102.099998 0.914626 7.878337 0.336199 0.980906
102.199997 0.914962 7.878331 0.337459 0.980737
102.299995 0.913900 7.874599 0.338900 0.981500
102.399994 0.913217 7.876225 0.337433 0.980804
102.500000 0.912787 7.874925 0.338462 0.980719
102.599998 0.913196 7.876352 0.339407 0.980076
102.699997 0.915925 7.876437 0.338298 0.979506
102.799995 0.915976 7.874013 0.338595 0.979518
102.899994 0.915324 7.877190 0.339405 0.980783
103.000000 0.915667 7.876499 0.338529 0.980915
103.099998 0.914843 7.876162 0.333533 0.980710
103.199997 0.914409 7.875512 0.333367 0.980602
103.299995 0.912635 7.867053 0.336565 0.980108
103.399994 0.912126 7.861542 0.335499 0.979506
103.500000 0.913539 7.878015 0.336636 0.981087
103.599998 0.914226 7.879436 0.337399 0.981106
103.699997 0.911571 7.864708 0.338229 0.979416
103.799995 0.912635 7.873351 0.336365 0.980208
103.899994 0.912044 7.878661 0.334933 0.981309
104.000000 0.911865 7.878751 0.332233 0.981393
104.099998 0.911588 7.878222 0.335964 0.981718
104.199997 0.912191 7.879788 0.336734 0.981098
104.299995 0.912118 7.878824 0.338532 0.980004
104.399994 0.909682 7.876475 0.344069 0.980096
104.500000 0.910862 7.878585 0.345558 0.980713
104.599998 0.911118 7.878924 0.343231 0.982104
104.699997 0.910273 7.878664 0.342303 0.981795
104.799995 0.910337 7.880316 0.341639 0.981387
104.899994 0.910563 7.879484 0.342360 0.981213
105.000000 0.903858 7.827304 0.340596 0.975715
105.099998 0.908437 7.873451 0.343463 0.982107
105.199997 0.906581 7.868774 0.343069 0.980996
105.299995 0.906119 7.862827 0.347331 0.980104
105.399994 0.908455 7.873076 0.339596 0.981411
105.500000 0.906900 7.874200 0.341400 0.981400
105.599998 0.906128 7.867440 0.341098 0.980806
105.699997 0.907837 7.874050 0.339964 0.981108
105.799995 0.904062 7.862746 0.340236 0.978391
105.899994 0.904733 7.872111 0.338037 0.980386
106.000000 0.904710 7.866613 0.340066 0.979102
106.099998 0.906635 7.868408 0.339738 0.980386
106.199997 0.905162 7.862545 0.340036 0.980192
106.299995 0.907372 7.867860 0.341002 0.980194
106.399994 0.905491 7.865986 0.341034 0.979698
106.500000 0.905081 7.865573 0.339268 0.979596
106.599998 0.905315 7.861576 0.339706 0.980683
106.699997 0.905128 7.862341 0.338199 0.980006
106.799995 0.905396 7.854940 0.336770 0.978476
106.899994 0.906565 7.860398 0.339962 0.980014
107.000000 0.904195 7.861347 0.339273 0.980579
107.099998 0.903161 7.863445 0.340336 0.981393
107.199997 0.903171 7.861058 0.334900 0.982495
107.299995 0.903019 7.862628 0.331034 0.982903
107.399994 0.903413 7.859774 0.331699 0.982484
107.500000 0.904481 7.858972 0.331666 0.982597
107.599998 0.903039 7.863655 0.328069 0.982807
107.699997 0.901401 7.846647 0.327928 0.980581
107.799995 0.900370 7.859199 0.326272 0.982912
107.899994 0.901230 7.863141 0.327402 0.982905
108.000000 0.900690 7.862686 0.324932 0.982398
108.099998 0.901269 7.863196 0.329569 0.983012
108.199997 0.899820 7.860828 0.332034 0.981404
108.299995 0.897902 7.860839 0.326773 0.981319
108.399994 0.899030 7.859742 0.324803 0.981106
108.500000 0.898939 7.855813 0.327797 0.980488
108.599998 0.899600 7.858142 0.331768 0.980120
108.699997 0.899700 7.860340 0.330270 0.980919
108.799995 0.900400 7.861562 0.328529 0.980080
108.899994 0.900590 7.857586 0.329733 0.981298
109.000000 0.900120 7.856072 0.324810 0.980623
109.099998 0.895515 7.828489 0.320947 0.976426
109.199997 0.899370 7.859357 0.322397 0.980394
109.299995 0.898680 7.857771 0.325965 0.980796
109.399994 0.898141 7.844962 0.324970 0.978409
109.500000 0.898339 7.840304 0.327496 0.978787
109.599998 0.901620 7.859928 0.330134 0.980904
109.699997 0.900500 7.853400 0.330600 0.981800
109.799995 0.900110 7.857414 0.329467 0.982402
109.899994 0.902307 7.858256 0.327739 0.982519
110.000000 0.900690 7.858486 0.325333 0.982098
110.099998 0.902629 7.861142 0.328601 0.983105
110.199997 0.902736 7.857799 0.326842 0.983223
110.299995 0.906062 7.858043 0.328031 0.983193
110.399994 0.905815 7.860374 0.326194 0.983585
110.500000 0.907235 7.862304 0.326929 0.984189
110.599998 0.905766 7.853502 0.324973 0.982312
110.699997 0.903219 7.853129 0.325635 0.983003
110.799995 0.905922 7.861680 0.326376 0.984021
110.899994 0.906291 7.859686 0.327133 0.982998
111.000000 0.906544 7.857114 0.329698 0.983890
111.099998 0.905802 7.850786 0.329592 0.983165
111.199997 0.904386 7.857329 0.330003 0.983715
111.299995 0.905966 7.857400 0.330868 0.983711
111.399994 0.903886 7.838346 0.331602 0.981017
111.500000 0.906209 7.846315 0.331867 0.982002
111.599998 0.908126 7.858487 0.332966 0.982486
111.699997 0.907718 7.857129 0.328734 0.983303
111.799995 0.906403 7.854160 0.330037 0.981720
111.899994 0.905014 7.859868 0.331702 0.981322
112.000000 0.903042 7.854312 0.333100 0.981489
112.099998 0.904182 7.859867 0.332568 0.981236
112.199997 0.899000 7.832400 0.330500 0.977400
112.299995 0.902736 7.860496 0.330338 0.981426
112.399994 0.904924 7.862090 0.331465 0.980885
112.500000 0.903910 7.859714 0.330167 0.980602
112.599998 0.903829 7.856743 0.330901 0.981606
112.699997 0.904457 7.858685 0.325005 0.981011
112.799995 0.905856 7.860084 0.324006 0.980812
112.899994 0.907402 7.859455 0.320348 0.980721
113.000000 0.905186 7.855727 0.323388 0.981177
113.099998 0.904443 7.853013 0.323894 0.981889
113.199997 0.905653 7.856528 0.318759 0.981991
113.299995 0.906491 7.857285 0.317532 0.982298
113.399994 0.904333 7.853197 0.320024 0.982188
113.500000 0.903287 7.854630 0.318713 0.982216
113.599998 0.901871 7.858058 0.314594 0.981494
113.699997 0.901259 7.857985 0.315611 0.981311
113.799995 0.902363 7.857100 0.313038 0.981875
113.899994 0.903555 7.860691 0.315373 0.981072
114.000000 0.902412 7.860675 0.319688 0.981383
114.099998 0.902451 7.858430 0.323562 0.980590
114.199997 0.903026 7.857885 0.322081 0.980026
114.299995 0.902429 7.858742 0.316505 0.979106
114.399994 0.902907 7.859255 0.319249 0.979922
114.500000 0.899880 7.844769 0.320164 0.977796
114.599998 0.901121 7.850080 0.315853 0.978483
114.699997 0.900990 7.840784 0.311331 0.976698
114.799995 0.900470 7.854957 0.314594 0.979094
114.899994 0.897957 7.836270 0.313439 0.977368
115.000000 0.898691 7.857728 0.313218 0.980817
115.099998 0.900050 7.852126 0.312156 0.980890
115.199997 0.899370 7.856001 0.312381 0.982212
115.299995 0.899320 7.856029 0.310838 0.982004
115.399994 0.898970 7.853256 0.305892 0.981995
115.500000 0.898789 7.852138 0.311342 0.982080
115.599998 0.899050 7.845477 0.309745 0.979910
115.699997 0.897441 7.836565 0.311176 0.979308
115.799995 0.898591 7.848337 0.309222 0.982216
115.899994 0.902202 7.850851 0.311612 0.982983
116.000000 0.902402 7.856157 0.309309 0.982783
116.099998 0.901759 7.851589 0.310414 0.982810
116.199997 0.902041 7.848810 0.309586 0.982289
116.299995 0.900491 7.850536 0.314346 0.982280
116.399994 0.900920 7.852930 0.315537 0.983103
116.500000 0.901610 7.852115 0.312769 0.983802
116.599998 0.901199 7.853148 0.315684 0.984216
116.699997 0.901129 7.853790 0.315989 0.984021
116.799995 0.900450 7.853074 0.314343 0.983608
116.899994 0.898909 7.849364 0.316185 0.983685
117.000000 0.899050 7.847924 0.315858 0.983092
117.099998 0.898630 7.850745 0.313306 0.983605
117.199997 0.899059 7.847887 0.314741 0.983277
117.299995 0.895806 7.839155 0.310179 0.983185
117.399994 0.897451 7.849775 0.311144 0.983908
117.500000 0.896531 7.838848 0.311906 0.983405
117.599998 0.896731 7.847745 0.315505 0.984505
117.699997 0.897772 7.849505 0.314480 0.984511
117.799995 0.899071 7.851005 0.311682 0.984211
117.899994 0.898581 7.853917 0.313549 0.983813
118.000000 0.898200 7.853300 0.312200 0.984200
118.099998 0.899750 7.856328 0.315258 0.984392
118.199997 0.898241 7.843362 0.314174 0.982707
118.299995 0.898169 7.845453 0.318396 0.983495
118.399994 0.901000 7.855400 0.321100 0.983600
118.500000 0.901520 7.852929 0.319636 0.982204
118.599998 0.901431 7.850095 0.316221 0.981487
118.699997 0.902788 7.854331 0.316415 0.982915
118.799995 0.902022 7.855284 0.316253 0.982986
118.899994 0.902739 7.854259 0.313874 0.982907
119.000000 0.903300 7.849700 0.312600 0.983300
119.099998 0.904338 7.848560 0.315974 0.984806
119.199997 0.903519 7.848930 0.310638 0.985703
119.299995 0.903919 7.848430 0.309838 0.985503
119.399994 0.904457 7.848691 0.311113 0.983510
119.500000 0.905453 7.847324 0.312656 0.983892
119.599998 0.906072 7.846954 0.311894 0.983395
119.699997 0.906509 7.848115 0.311769 0.983302
119.799995 0.906521 7.850594 0.309897 0.983921
119.899994 0.905109 7.850215 0.309469 0.983902
120.000000 0.906225 7.849980 0.311849 0.983687
120.099998 0.907407 7.850952 0.310711 0.983584
120.199997 0.905881 7.835967 0.307562 0.981696
120.299995 0.906416 7.850165 0.307577 0.983785
120.399994 0.907176 7.852181 0.306917 0.983431
120.500000 0.908290 7.853024 0.307669 0.982279
120.599998 0.908410 7.853076 0.308430 0.982121
120.699997 0.907572 7.841952 0.307892 0.980694
120.799995 0.908827 7.845846 0.307508 0.980106
120.899994 0.908491 7.844884 0.307331 0.980298
121.000000 0.907835 7.846993 0.304013 0.978985
121.099998 0.908373 7.848155 0.302791 0.977993
121.199997 0.907992 7.847753 0.302398 0.978322
121.299995 0.907365 7.842411 0.297592 0.977716
121.399994 0.905481 7.838468 0.303161 0.977495
121.500000 0.904990 7.848785 0.301130 0.979198
121.599998 0.904329 7.848445 0.298311 0.980006
121.699997 0.905419 7.853829 0.300040 0.980104
121.799995 0.905809 7.856914 0.298370 0.979702
121.899994 0.905681 7.854671 0.299960 0.979296
122.000000 0.905847 7.855672 0.300450 0.980310
122.099998 0.906412 7.856872 0.301338 0.979624
122.199997 0.907330 7.854903 0.301578 0.978730
122.299995 0.908291 7.854686 0.305131 0.979398
122.399994 0.909710 7.853354 0.303103 0.978879
122.500000 0.910655 7.852426 0.308554 0.978589
122.599998 0.909327 7.844376 0.307546 0.976982
122.699997 0.911218 7.854030 0.309938 0.979004
122.799995 0.910691 7.853086 0.309331 0.978898
122.899994 0.910589 7.849950 0.308092 0.979321
123.000000 0.909800 7.847900 0.303400 0.980500
123.099998 0.909327 7.845077 0.302842 0.980284
123.199997 0.909173 7.848221 0.303457 0.980316
123.299995 0.907582 7.845069 0.302160 0.980396
123.399994 0.907545 7.840104 0.300680 0.977987
123.500000 0.907489 7.845414 0.301262 0.979075
123.599998 0.909209 7.837816 0.305869 0.978002
123.699997 0.909064 7.846408 0.301689 0.979215
123.799995 0.903000 7.807300 0.299900 0.975500
123.899994 0.906823 7.836990 0.304178 0.979661
124.000000 0.907146 7.845177 0.303748 0.981409
124.099998 0.907691 7.845385 0.305030 0.980598
124.199997 0.906553 7.846724 0.308354 0.980390
124.299995 0.906191 7.846185 0.302630 0.980198
124.399994 0.903890 7.834884 0.303330 0.979198
124.500000 0.900990 7.813781 0.301230 0.977398
124.599998 0.904004 7.847748 0.300701 0.981281
124.699997 0.901798 7.843356 0.299800 0.981219
124.799995 0.901010 7.844915 0.300370 0.981402
124.899994 0.904277 7.848022 0.299760 0.982514
125.000000 0.900460 7.825604 0.297721 0.980212
125.099998 0.901810 7.849415 0.300770 0.982002
125.199997 0.903177 7.850919 0.299960 0.982314
125.299995 0.904610 7.850315 0.299370 0.982002
125.399994 0.903690 7.847385 0.297330 0.982398
125.500000 0.904686 7.850934 0.300130 0.982516
125.599998 0.901001 7.830130 0.294094 0.979980
125.699997 0.903052 7.848324 0.296148 0.980290
125.799995 0.904424 7.853990 0.295016 0.980226
125.899994 0.902836 7.844119 0.293889 0.979229
126.000000 0.905228 7.855543 0.296111 0.980406
126.099998 0.904443 7.853220 0.298852 0.980130
126.199997 0.904129 7.855743 0.297311 0.981406
126.299995 0.900561 7.853095 0.294913 0.981374
126.399994 0.900400 7.850649 0.299600 0.980719
126.500000 0.901048 7.853720 0.302746 0.980829
126.599998 0.900991 7.850735 0.306137 0.981179
126.699997 0.901541 7.852612 0.302782 0.982790
126.799995 0.902948 7.852674 0.301649 0.982409
126.899994 0.903677 7.857115 0.302658 0.982214
127.000000 0.904215 7.860468 0.300040 0.981722
127.099998 0.903838 7.860956 0.301679 0.981207
127.199997 0.906156 7.861683 0.300520 0.980012
127.299995 0.907274 7.861811 0.295863 0.978617
127.399994 0.906325 7.847378 0.295637 0.976781
127.500000 0.910802 7.863550 0.296326 0.979177
127.599998 0.910463 7.856500 0.297292 0.978615
127.699997 0.909972 7.851619 0.299760 0.978018
127.799995 0.910406 7.868003 0.302404 0.979048
127.899994 0.913452 7.868879 0.301119 0.980012
128.000000 0.915049 7.870022 0.297879 0.979488
128.099991 0.916300 7.868600 0.297300 0.979700
128.199997 0.915883 7.870374 0.295259 0.980796
128.300003 0.914817 7.869926 0.293941 0.980104
128.399994 0.915190 7.871833 0.293982 0.978873
128.500000 0.911491 7.846985 0.295530 0.975798
128.599991 0.917159 7.867434 0.294947 0.978789
128.699997 0.917516 7.869726 0.297540 0.979404
128.800003 0.915766 7.866847 0.297519 0.980092
128.899994 0.915607 7.858144 0.293022 0.977876
129.000000 0.916125 7.866380 0.291462 0.979782
129.099991 0.916450 7.866180 0.289426 0.980212
129.199997 0.916658 7.865694 0.289697 0.979814
129.300003 0.916517 7.865427 0.291842 0.980404
129.399994 0.915925 7.865941 0.292012 0.980006
129.500000 0.914103 7.863763 0.295545 0.980124
129.599991 0.912517 7.861428 0.294041 0.980004
129.699997 0.913740 7.861503 0.297008 0.979886
129.800003 0.915266 7.863245 0.295918 0.980392
129.899994 0.915051 7.863182 0.299620 0.980612
130.000000 0.914594 7.861952 0.297273 0.981820
130.099991 0.914077 7.860026 0.298331 0.981716
130.199997 0.914083 7.858372 0.299760 0.981596
130.300003 0.913800 7.853500 0.302200 0.981300
130.399994 0.912926 7.852944 0.302809 0.982605
130.500000 0.912265 7.852642 0.302621 0.982093
130.599991 0.912630 7.850981 0.306545 0.981485
130.699997 0.912400 7.854700 0.301100 0.980400
130.800003 0.911007 7.853076 0.296045 0.981522
130.899994 0.911909 7.853415 0.290471 0.982002
131.000000 0.908446 7.824188 0.289855 0.978511
131.099991 0.910855 7.854328 0.289545 0.982591
131.199997 0.909964 7.847039 0.287215 0.980492
131.300003 0.909500 7.854740 0.287316 0.980979
131.399994 0.909992 7.857629 0.288446 0.978775
131.500000 0.909791 7.855085 0.287929 0.979898
131.599991 0.908491 7.850385 0.285929 0.980598
131.699997 0.907837 7.847561 0.282587 0.982107
131.800003 0.906663 7.845838 0.284414 0.984394
131.899994 0.905728 7.844747 0.280216 0.984205
132.000000 0.905443 7.844306 0.279568 0.985792
132.099991 0.903810 7.823018 0.272873 0.981902
132.199997 0.907865 7.847008 0.272409 0.984611
132.300003 0.907144 7.843406 0.267661 0.985691
132.399994 0.905747 7.832484 0.270365 0.984308
132.500000 0.907645 7.846909 0.270963 0.985491
132.599991 0.909945 7.850075 0.268666 0.985607
132.699997 0.908854 7.851826 0.263632 0.985493
132.800003 0.909764 7.849440 0.264806 0.984994
132.899994 0.911053 7.849491 0.264941 0.984809
133.000000 0.911444 7.851174 0.268166 0.983808
133.099991 0.911741 7.848427 0.266981 0.983771
133.199997 0.911227 7.844147 0.271419 0.982305
133.300003 0.909464 7.834233 0.263705 0.980692
133.399994 0.910391 7.846385 0.268427 0.981998
133.500000 0.911262 7.851604 0.271710 0.980114
133.599991 0.911176 7.852794 0.271080 0.980373
133.699997 0.912209 7.853014 0.274473 0.980602
133.800003 0.913803 7.854475 0.272673 0.981322
133.899994 0.912774 7.849955 0.269881 0.980894
134.000000 0.912151 7.851347 0.267956 0.981869
134.099991 0.912605 7.856372 0.267179 0.982421
134.199997 0.913309 7.855615 0.269673 0.982102
134.300003 0.912356 7.858029 0.271236 0.983192
134.399994 0.912365 7.856943 0.268607 0.982493
134.500000 0.910762 7.855301 0.269811 0.981913
134.599991 0.911253 7.855187 0.271437 0.981811
134.699997 0.911053 7.851489 0.270238 0.981211
134.800003 0.911027 7.851545 0.270519 0.979806
134.899994 0.913752 7.859384 0.270038 0.979113
135.000000 0.914806 7.864151 0.269897 0.978476
135.099991 0.913517 7.862927 0.265947 0.979204
135.199997 0.914143 7.864368 0.274363 0.979410
135.300003 0.911629 7.856185 0.270917 0.978483
135.399994 0.910545 7.855671 0.269365 0.977811
135.500000 0.912544 7.862469 0.271864 0.978611
135.599991 0.911418 7.862728 0.271246 0.977605
135.699997 0.912739 7.861703 0.274192 0.977985
135.800003 0.912670 7.862610 0.275080 0.977518
135.899994 0.911191 7.861586 0.276928 0.977398
136.000000 0.911415 7.866074 0.274543 0.978029
136.099991 0.911136 7.862556 0.272191 0.978409
136.199997 0.910646 7.864819 0.273064 0.979388
136.300003 0.909209 7.858514 0.274773 0.978602
136.399994 0.909910 7.859560 0.276877 0.977377
136.500000 0.910627 7.863841 0.275017 0.977207
136.599991 0.909900 7.862600 0.273400 0.978800
136.699997 0.910491 7.863586 0.275728 0.977698
136.800003 0.910228 7.861790 0.277822 0.977182
136.899994 0.909473 7.859658 0.278183 0.978494
137.000000 0.910027 7.858442 0.275817 0.978406
137.099991 0.910527 7.857243 0.274318 0.977107
137.199997 0.910745 7.850675 0.274463 0.976612
137.300003 0.910563 7.857299 0.276007 0.977316
137.399994 0.911553 7.856886 0.274835 0.977913
137.500000 0.912683 7.852571 0.272655 0.976695
137.599991 0.913317 7.853430 0.275045 0.977704
137.699997 0.914517 7.857129 0.270746 0.978604
137.800003 0.914066 7.856743 0.271809 0.979692
137.899994 0.915175 7.857657 0.269081 0.979894
138.000000 0.915825 7.858142 0.266920 0.979606
138.099991 0.915351 7.859084 0.266940 0.980012
138.199997 0.916259 7.861797 0.268912 0.979514
138.300003 0.916608 7.862613 0.264374 0.979102
138.399994 0.913100 7.842000 0.263900 0.976200
138.500000 0.917067 7.862945 0.264806 0.979092
138.599991 0.916600 7.858100 0.266400 0.978400
138.699997 0.916417 7.862328 0.266747 0.979004
138.800003 0.916642 7.858940 0.268643 0.979535
138.899994 0.917933 7.861555 0.266993 0.980108
139.000000 0.917283 7.862973 0.270354 0.978696
139.099991 0.915492 7.853486 0.269827 0.977698
139.199997 0.916758 7.863232 0.271236 0.979990
139.300003 0.917050 7.868279 0.276034 0.979712
139.399994 0.917025 7.870483 0.275648 0.980182
139.500000 0.918500 7.867100 0.280500 0.981600
139.599991 0.917841 7.866367 0.282359 0.980210
139.699997 0.918884 7.869274 0.281256 0.980196
139.800003 0.917358 7.869291 0.281103 0.979614
139.899994 0.918157 7.868892 0.283402 0.980913
140.000000 0.920905 7.869644 0.287145 0.980276
140.099991 0.919068 7.859944 0.288916 0.978191
140.199997 0.918408 7.867013 0.287571 0.978702
140.300003 0.918741 7.867466 0.283858 0.979810
140.399994 0.915642 7.850675 0.286257 0.977511
140.500000 0.916467 7.859944 0.285114 0.978691
140.599991 0.917216 7.865688 0.285900 0.978830
140.699997 0.916775 7.850655 0.283785 0.976593
140.800003 0.919041 7.863568 0.285057 0.978211
140.899994 0.920000 7.857700 0.289400 0.977900
141.000000 0.919732 7.862655 0.291084 0.978309
141.099991 0.916675 7.845739 0.293136 0.976921
141.199997 0.920224 7.866240 0.291912 0.979806
141.300003 0.917558 7.845508 0.291296 0.976317
141.399994 0.919608 7.867014 0.293271 0.979002
141.500000 0.919748 7.869578 0.295423 0.979612
141.599991 0.920924 7.873538 0.297911 0.979206
141.699997 0.920108 7.873913 0.298370 0.979102
141.800003 0.919656 7.875587 0.294894 0.979814
141.899994 0.920180 7.877116 0.293440 0.980371
142.000000 0.919868 7.878051 0.297119 0.980492
142.099991 0.919968 7.874650 0.302421 0.981493
142.199997 0.918784 7.875775 0.299260 0.981896
142.300003 0.918249 7.875375 0.297322 0.982011
142.399994 0.918424 7.865540 0.294412 0.980706
142.500000 0.918714 7.872678 0.293289 0.982924
142.599991 0.919708 7.873813 0.293671 0.982402
142.699997 0.921239 7.876162 0.291154 0.981609
142.800003 0.922407 7.879856 0.292952 0.982179
142.899994 0.921516 7.876625 0.294941 0.982204
143.000000 0.921537 7.877902 0.292934 0.983287
143.099991 0.920136 7.879103 0.295136 0.983287
143.199997 0.921113 7.881470 0.290520 0.983682
143.300003 0.917233 7.871851 0.287085 0.982007
143.399994 0.917609 7.877265 0.289819 0.983382
143.500000 0.919775 7.878560 0.287004 0.983454
143.599991 0.919872 7.877110 0.285043 0.983715
143.699997 0.920713 7.877765 0.287316 0.984383
143.800003 0.919624 7.873338 0.286814 0.983905
143.899994 0.917442 7.870109 0.284199 0.984389
144.000000 0.915532 7.860788 0.283327 0.983287
144.099991 0.915849 7.873873 0.282008 0.984172
144.199997 0.916483 7.870474 0.280256 0.983197
144.300003 0.917226 7.869927 0.277683 0.984668
144.399994 0.917075 7.868918 0.284744 0.983315
144.500000 0.917025 7.869139 0.279016 0.984105
144.599991 0.916817 7.868627 0.280444 0.984803
144.699997 0.917533 7.867453 0.282887 0.983607
144.800003 0.918308 7.868213 0.283072 0.983702
144.899994 0.917574 7.866520 0.282046 0.984414
145.000000 0.916158 7.866533 0.280340 0.984192
145.099991 0.914717 7.869626 0.278944 0.984703
145.199997 0.915642 7.873264 0.279260 0.984208
145.300003 0.916725 7.874238 0.279016 0.983605
145.399994 0.915342 7.861369 0.284258 0.981409
145.500000 0.918084 7.875475 0.282757 0.981796
145.599991 0.917943 7.875513 0.285200 0.982888
145.699997 0.917751 7.877727 0.287673 0.982590
145.800003 0.914020 7.852906 0.288296 0.978930
145.899994 0.917067 7.878251 0.289916 0.981793
146.000000 0.917508 7.878713 0.287971 0.981602
146.099991 0.916667 7.876303 0.288962 0.979968
146.199997 0.917591 7.876936 0.294376 0.979423
146.300003 0.918194 7.878242 0.292981 0.980675
146.399994 0.919232 7.878849 0.291783 0.980108
146.500000 0.914509 7.847215 0.289271 0.976402
146.599991 0.917342 7.873611 0.287902 0.979185
146.699997 0.917990 7.873039 0.286285 0.978823
146.800003 0.916850 7.870322 0.283270 0.978387
146.899994 0.917407 7.870469 0.282633 0.978328
147.000000 0.913300 7.848000 0.286000 0.975800
147.099991 0.915034 7.859956 0.283786 0.978109
147.199997 0.916034 7.865554 0.283187 0.977709
147.300003 0.916667 7.872102 0.284972 0.978417
147.399994 0.916308 7.871813 0.282272 0.978902
147.500000 0.915283 7.873475 0.283157 0.978596
147.599991 0.914183 7.873475 0.281656 0.978496
147.699997 0.914909 7.873612 0.281172 0.977402
147.800003 0.916184 7.876324 0.277622 0.976424
147.899994 0.916208 7.872413 0.279472 0.976902
148.000000 0.916325 7.873085 0.284756 0.978080
148.099991 0.917175 7.866120 0.282945 0.977720
148.199997 0.917608 7.871813 0.282972 0.978802
148.300003 0.918681 7.873127 0.282418 0.978222
148.399994 0.918741 7.872264 0.276362 0.978911
148.500000 0.919704 7.874149 0.282038 0.979576
148.599991 0.918225 7.874038 0.282015 0.980106
148.699997 0.916241 7.873812 0.281297 0.979386
148.800003 0.917951 7.876026 0.283070 0.979788
148.899994 0.917626 7.872185 0.281153 0.978180
149.000000 0.918549 7.879872 0.278333 0.979712
149.099991 0.917183 7.869174 0.277656 0.979796
149.199997 0.916317 7.870226 0.275445 0.979904
149.300003 0.916850 7.877221 0.273408 0.980236
149.399994 0.917458 7.878884 0.272209 0.979714
149.500000 0.915708 7.879212 0.277672 0.981202
149.599991 0.915484 7.877023 0.277822 0.981718
149.699997 0.915559 7.875587 0.279804 0.981613
149.800003 0.913997 7.876752 0.279736 0.981878
149.899994 0.914449 7.878127 0.281669 0.982189
150.000000 0.913905 7.876464 0.280809 0.981880
150.099991 0.914157 7.874837 0.279640 0.981991
150.199997 0.913291 7.873087 0.282028 0.981698
150.300003 0.912618 7.877625 0.284643 0.981404
150.399994 0.912696 7.880432 0.285786 0.981121
150.500000 0.910654 7.876674 0.286428 0.981011
150.599991 0.908118 7.860528 0.283143 0.977804
150.699997 0.906849 7.854532 0.284145 0.976937
150.800003 0.911373 7.877264 0.286686 0.980094
150.899994 0.909555 7.867933 0.289345 0.978789
151.000000 0.908682 7.879476 0.292559 0.979996
151.099991 0.905815 7.856871 0.293064 0.976879
151.199997 0.909409 7.879079 0.293594 0.980380
151.300003 0.909554 7.872977 0.290826 0.980212
151.399994 0.912026 7.880236 0.285114 0.979706
151.500000 0.912891 7.878588 0.284828 0.981098
151.599991 0.914334 7.879948 0.281088 0.980208
151.699997 0.912188 7.874725 0.277922 0.979520
151.800003 0.914117 7.879324 0.279744 0.979404
151.899994 0.911765 7.874650 0.279912 0.980492
152.000000 0.912770 7.878098 0.279576 0.980715
152.099991 0.913877 7.880208 0.279848 0.981417
152.199997 0.912865 7.882853 0.280312 0.981593
152.300003 0.912295 7.871846 0.281137 0.980076
152.399994 0.913474 7.878064 0.284585 0.981194
152.500000 0.913013 7.872865 0.283032 0.981125
152.599991 0.913974 7.871662 0.282885 0.981294
152.699997 0.913826 7.873038 0.279616 0.980706
152.800003 0.914083 7.873775 0.279156 0.980496
152.899994 0.913843 7.873564 0.281059 0.980010
153.000000 0.911491 7.856486 0.279428 0.978198
153.099991 0.913834 7.871351 0.282487 0.980008
153.199997 0.915632 7.871397 0.280925 0.981185
153.300003 0.916159 7.864995 0.283901 0.980314
153.399994 0.916866 7.868263 0.280040 0.980938
153.500000 0.914691 7.855185 0.281028 0.978998
153.599991 0.913426 7.861542 0.283315 0.978406
153.699997 0.913091 7.871987 0.279428 0.977298
153.800003 0.912097 7.875137 0.279792 0.977525
153.899994 0.911894 7.871647 0.281237 0.976272
154.000000 0.914043 7.874862 0.280260 0.975812
154.099991 0.915375 7.868561 0.279884 0.975293
154.199997 0.916375 7.868561 0.281985 0.973292
154.300003 0.913339 7.840889 0.280096 0.970679
154.399994 0.915666 7.869848 0.284814 0.974390
154.500000 0.916091 7.871233 0.284069 0.974166
154.599991 0.916667 7.873001 0.284173 0.973421
154.699997 0.917399 7.876049 0.278166 0.973732
154.800003 0.918849 7.879372 0.274235 0.975315
154.899994 0.918133 7.879648 0.270892 0.975510
155.000000 0.916083 7.875875 0.269454 0.975195
155.099991 0.914080 7.875426 0.264771 0.975966
155.199997 0.913670 7.875012 0.264397 0.975563
155.300003 0.915341 7.878515 0.263284 0.974682
155.399994 0.913457 7.875938 0.258929 0.974187
155.500000 0.914048 7.875726 0.264158 0.974885
155.599991 0.913791 7.873588 0.262226 0.975098
155.699997 0.913526 7.874337 0.263821 0.975807
155.800003 0.914123 7.873286 0.266840 0.977079
155.899994 0.913283 7.867774 0.268554 0.976395
156.000000 0.914200 7.876000 0.269800 0.978500
156.099991 0.916783 7.881219 0.273027 0.978921
156.199997 0.916650 7.877274 0.271237 0.979412
156.300003 0.916783 7.878521 0.273027 0.979720
156.399994 0.917167 7.875550 0.274010 0.980192
156.500000 0.916966 7.875199 0.273881 0.981015
156.599991 0.915866 7.872049 0.273109 0.980292
156.699997 0.917383 7.871274 0.272855 0.981196
156.800003 0.918865 7.876299 0.274580 0.981914
156.899994 0.918759 7.875237 0.271736 0.981691
157.000000 0.915926 7.857214 0.271493 0.978832
157.099991 0.914609 7.852914 0.270673 0.977702
157.199997 0.918559 7.873237 0.268534 0.981791
157.300003 0.918235 7.875901 0.264512 0.981685
157.399994 0.918433 7.879448 0.264694 0.982207
157.500000 0.918984 7.878476 0.264653 0.982396
157.599991 0.917693 7.879344 0.262942 0.982577
157.699997 0.918592 7.881088 0.258226 0.981398
157.800003 0.919540 7.882459 0.258071 0.980310
157.899994 0.918824 7.872338 0.259722 0.978107
158.000000 0.918235 7.876101 0.256705 0.978082
158.099991 0.921176 7.879564 0.251876 0.978193
158.199997 0.920549 7.876165 0.249975 0.978960
158.300003 0.918957 7.865994 0.247926 0.976716
158.399994 0.918443 7.858301 0.246172 0.976283
158.500000 0.918803 7.854626 0.250300 0.976272
158.599991 0.922340 7.875324 0.249152 0.978838
158.699997 0.920668 7.877251 0.245798 0.978491
158.800003 0.920953 7.878227 0.243946 0.978587
158.899994 0.921624 7.880236 0.235629 0.977307
159.000000 0.921308 7.879812 0.236676 0.976702
159.099991 0.920460 7.878539 0.239920 0.976888
159.199997 0.918684 7.862473 0.238348 0.974295
159.300003 0.918768 7.872649 0.241997 0.975590
159.399994 0.919564 7.874102 0.241607 0.976918
159.500000 0.918174 7.867120 0.245379 0.976121
159.599991 0.919976 7.873162 0.245674 0.979094
159.699997 0.919100 7.872800 0.247900 0.978500
159.800003 0.919300 7.871000 0.244800 0.978600
159.899994 0.918995 7.871132 0.242215 0.979573
160.000000 0.919605 7.869769 0.240288 0.979527
160.099991 0.921116 7.872226 0.235153 0.978404
160.199997 0.920144 7.871510 0.237967 0.977684
160.300003 0.919964 7.871603 0.238110 0.976918
160.399994 0.919696 7.870255 0.240412 0.975629
160.500000 0.920040 7.867966 0.239980 0.976012
160.599991 0.916059 7.857000 0.238733 0.975217
160.699997 0.916500 7.866300 0.239100 0.974000
160.800003 0.916300 7.862900 0.235200 0.974000
160.899994 0.914643 7.862868 0.231784 0.974013
161.000000 0.915775 7.865660 0.233470 0.974092
161.099991 0.914623 7.866780 0.234511 0.974577
161.199997 0.913974 7.866660 0.234270 0.974292
161.300003 0.911856 7.862431 0.234817 0.974087
161.399994 0.911073 7.860559 0.236671 0.973992
161.500000 0.911465 7.860145 0.238395 0.974290
161.599991 0.912474 7.864159 0.239172 0.975193
161.699997 0.913061 7.869491 0.240332 0.975117
161.800003 0.914289 7.868830 0.240112 0.974367
161.899994 0.913752 7.868979 0.239656 0.974215
162.000000 0.913009 7.867513 0.238776 0.973503
162.099991 0.913287 7.866927 0.239912 0.974867
162.199997 0.912335 7.864454 0.236006 0.974910
162.300003 0.912135 7.860956 0.234806 0.973511
162.399994 0.911997 7.866347 0.237838 0.974328
162.500000 0.913335 7.866853 0.237605 0.974610
162.599991 0.913669 7.868404 0.232714 0.975220
162.699997 0.914483 7.871074 0.232446 0.976095
162.800003 0.915425 7.873938 0.231830 0.976107
162.899994 0.914066 7.867247 0.234594 0.976190
163.000000 0.913988 7.873837 0.234705 0.978973
163.099991 0.913917 7.875925 0.238352 0.978604
163.199997 0.915300 7.877500 0.239400 0.979200
163.300003 0.913974 7.873162 0.240972 0.979594
163.399994 0.914668 7.878397 0.236311 0.980116
163.500000 0.914934 7.881047 0.239204 0.979808
163.599991 0.915358 7.882041 0.242921 0.980190
163.699997 0.913443 7.872864 0.243778 0.979310
163.800003 0.912179 7.871516 0.241483 0.979818
163.899994 0.913717 7.879323 0.236753 0.981104
164.000000 0.911049 7.861665 0.235200 0.980867
164.099991 0.912556 7.877538 0.239120 0.982891
164.199997 0.911926 7.874537 0.239628 0.982205
164.300003 0.911191 7.876288 0.244824 0.982298
164.399994 0.911891 7.877888 0.243724 0.981398
164.500000 0.910847 7.874225 0.243346 0.980488
164.599991 0.911512 7.878378 0.239740 0.980480
164.699997 0.911853 7.878173 0.241855 0.980712
164.800003 0.906716 7.831548 0.238114 0.975978
164.899994 0.910000 7.869200 0.235600 0.979800
165.000000 0.908709 7.867267 0.236436 0.978378
165.099991 0.909600 7.874900 0.238500 0.978800
165.199997 0.909291 7.868342 0.240489 0.977673
165.300003 0.911865 7.878751 0.235294 0.976591
165.399994 0.912153 7.875275 0.235459 0.977813
165.500000 0.911535 7.872551 0.233906 0.980108
165.599991 0.909064 7.870749 0.233193 0.978591
165.699997 0.910729 7.874599 0.230284 0.979484
165.800003 0.910328 7.874299 0.229984 0.979384
165.899994 0.908627 7.874638 0.225532 0.978207
166.000000 0.907917 7.869483 0.225203 0.977280
166.099991 0.909891 7.872487 0.221622 0.977398
166.199997 0.909945 7.869965 0.222089 0.977012
166.300003 0.910291 7.872787 0.224322 0.975798
166.399994 0.909409 7.872513 0.223178 0.976202
166.500000 0.908400 7.870000 0.222500 0.975600
166.599991 0.908527 7.868495 0.225681 0.975280
166.699997 0.908773 7.869261 0.223567 0.976793
166.800003 0.906672 7.859758 0.222267 0.976293
166.899994 0.906644 7.866320 0.224335 0.976686
167.000000 0.905634 7.863705 0.224357 0.976984
167.099991 0.906081 7.865173 0.226145 0.976995
167.199997 0.905253 7.866633 0.228014 0.976888
167.300003 0.907002 7.866746 0.226551 0.977924
167.399994 0.906912 7.867659 0.223432 0.978326
167.500000 0.906863 7.866247 0.222789 0.978691
167.599991 0.907963 7.864546 0.228291 0.978391
167.699997 0.908518 7.864378 0.223601 0.977179
167.800003 0.907279 7.858315 0.222189 0.976570
167.899994 0.908891 7.867987 0.222822 0.977198
168.000000 0.909382 7.869631 0.226595 0.977170
168.099991 0.909018 7.866680 0.227004 0.977680
168.199997 0.908646 7.858071 0.224688 0.977012
168.300003 0.910099 7.871142 0.222655 0.978723
168.399994 0.910909 7.870413 0.224678 0.978602
168.500000 0.910182 7.871274 0.225745 0.978196
168.599991 0.910811 7.872272 0.219119 0.978579
168.699997 0.910643 7.871006 0.217153 0.978534
168.800003 0.911480 7.869718 0.216405 0.977920
168.899994 0.909600 7.860500 0.215300 0.978500
169.000000 0.908909 7.862963 0.216316 0.979479
169.099991 0.909573 7.860058 0.215465 0.979894
169.199997 0.907918 7.860728 0.215057 0.981304
169.300003 0.906835 7.858902 0.212649 0.980787
169.399994 0.907463 7.860044 0.212285 0.981893
169.500000 0.908201 7.856658 0.209669 0.981021
169.599991 0.907202 7.862252 0.207971 0.983318
169.699997 0.906537 7.852759 0.206317 0.982407
169.800003 0.905481 7.845669 0.204641 0.981596
169.899994 0.908126 7.861689 0.205765 0.984588
170.000000 0.908109 7.861914 0.207079 0.984702
170.099991 0.907200 7.854599 0.203800 0.984100
170.199997 0.905709 7.847615 0.202080 0.983702
170.300003 0.908172 7.858358 0.201761 0.985896
170.399994 0.907609 7.844815 0.205379 0.982902
170.500000 0.908745 7.862518 0.204223 0.984691
170.599991 0.908028 7.860542 0.204339 0.984105
170.699997 0.908025 7.860034 0.204188 0.983869
170.800003 0.906874 7.858913 0.203937 0.984412
170.899994 0.903986 7.851933 0.204516 0.983415
171.000000 0.904686 7.848017 0.203444 0.982679
171.099991 0.906688 7.861234 0.202443 0.982679
171.199997 0.906085 7.861025 0.199920 0.982716
171.300003 0.904638 7.860756 0.204318 0.983307
171.399994 0.904467 7.858499 0.201159 0.983412
171.500000 0.905315 7.861375 0.201882 0.983485
171.599991 0.905647 7.858271 0.198701 0.983108
171.699997 0.906432 7.863054 0.197856 0.982268
171.800003 0.906450 7.861278 0.199219 0.982171
171.899994 0.902059 7.827304 0.199180 0.978513
172.000000 0.905034 7.860302 0.198139 0.982087
172.099991 0.904152 7.860029 0.196298 0.979890
172.199997 0.904429 7.856643 0.195941 0.978606
172.300003 0.904333 7.847894 0.198339 0.979085
172.399994 0.904119 7.856829 0.200460 0.980204
172.500000 0.903019 7.854929 0.200260 0.980304
172.599991 0.900770 7.853857 0.202161 0.980294
172.699997 0.900150 7.854281 0.202203 0.980371
172.800003 0.900560 7.855042 0.203882 0.980992
172.899994 0.900410 7.850515 0.199880 0.980102
173.000000 0.900831 7.856700 0.204143 0.980286
173.099991 0.903294 7.858644 0.201321 0.979277
173.199997 0.904367 7.857300 0.201659 0.978115
173.300003 0.905019 7.857828 0.200560 0.979004
173.399994 0.906172 7.859859 0.199160 0.978994
173.500000 0.907128 7.863441 0.198041 0.978706
173.599991 0.901641 7.838903 0.196818 0.975785
173.699997 0.903823 7.863091 0.195256 0.978983
173.800003 0.904249 7.865350 0.194295 0.979054
173.899994 0.903519 7.864327 0.196761 0.978304
174.000000 0.902593 7.862750 0.201922 0.978777
174.099991 0.903110 7.859114 0.200880 0.978502
174.199997 0.899940 7.822694 0.200020 0.974785
174.300003 0.905019 7.863927 0.199860 0.979304
174.399994 0.906144 7.864919 0.202622 0.978187
174.500000 0.903910 7.862713 0.201280 0.977202
174.599991 0.904167 7.863296 0.201759 0.977416
174.699997 0.906621 7.864576 0.203236 0.977729
174.800003 0.906769 7.865611 0.202383 0.978270
174.899994 0.906763 7.861344 0.208183 0.978191
175.000000 0.902322 7.849480 0.205364 0.977682
175.099991 0.904399 7.864014 0.207636 0.977853
175.199997 0.906728 7.864740 0.205638 0.978506
175.300003 0.909564 7.867446 0.202681 0.977991
175.399994 0.911377 7.869461 0.204890 0.978842
175.500000 0.909127 7.852144 0.205438 0.977407
175.599991 0.912600 7.870800 0.206000 0.980300
175.699997 0.913400 7.872400 0.204200 0.979800
175.800003 0.912326 7.871739 0.205838 0.979106
175.899994 0.911627 7.867140 0.206038 0.978007
176.000000 0.912144 7.863369 0.205097 0.978211
176.099991 0.911721 7.866480 0.205985 0.978881
176.199997 0.910754 7.860983 0.209174 0.977713
176.300003 0.911859 7.871695 0.211839 0.977965
176.399994 0.911435 7.871051 0.207317 0.977809
176.500000 0.912509 7.874212 0.207079 0.979802
176.599991 0.912618 7.870326 0.204159 0.980404
176.699997 0.913535 7.870652 0.202519 0.980008
176.800003 0.907181 7.846069 0.204441 0.978696
176.899994 0.910584 7.869230 0.200761 0.982377
177.000000 0.912274 7.871361 0.200160 0.980994
177.099991 0.911553 7.866880 0.200680 0.980012
177.199997 0.910019 7.857371 0.201481 0.978481
177.300003 0.908782 7.863274 0.203293 0.980140
177.399994 0.908627 7.866493 0.203163 0.980484
177.500000 0.906256 7.863182 0.205677 0.978413
177.599991 0.906160 7.866726 0.207647 0.979535
177.699997 0.905366 7.860598 0.207355 0.980014
177.800003 0.907444 7.865019 0.209125 0.981089
177.899994 0.904629 7.845246 0.205738 0.977707
178.000000 0.904557 7.861982 0.206076 0.979612
178.099991 0.904681 7.861872 0.206541 0.980696
178.199997 0.905647 7.863169 0.208396 0.980510
178.300003 0.907565 7.863595 0.209254 0.981013
178.399994 0.906681 7.862573 0.214643 0.979696
178.500000 0.905919 7.863927 0.211158 0.980004
178.599991 0.901090 7.837883 0.210021 0.976498
178.699997 0.905700 7.867000 0.211800 0.980300
178.800003 0.904333 7.866006 0.210948 0.979586
178.899994 0.905166 7.871390 0.215049 0.978415
179.000000 0.903929 7.868239 0.211936 0.978007
179.099991 0.901480 7.867874 0.208142 0.977395
179.199997 0.900769 7.867625 0.209644 0.977239
179.300003 0.900110 7.866014 0.208479 0.976802
179.399994 0.900300 7.866366 0.208208 0.976476
179.500000 0.900540 7.865554 0.205918 0.975910
179.599991 0.900860 7.862945 0.206683 0.975290
179.699997 0.899030 7.860442 0.205838 0.976407
179.800003 0.897710 7.848315 0.203280 0.975802
179.899994 0.899900 7.859719 0.201403 0.978056
180.000000 0.897939 7.845107 0.202522 0.976786
180.099991 0.900840 7.859157 0.200820 0.978808
180.199997 0.900340 7.856614 0.204723 0.978687
180.300003 0.901142 7.855469 0.201723 0.977664
180.399994 0.900730 7.854444 0.203939 0.978806
180.500000 0.902349 7.859571 0.204997 0.979310
180.599991 0.902961 7.858543 0.203081 0.980292
180.699997 0.902341 7.851611 0.203422 0.980288
180.800003 0.903661 7.857843 0.201781 0.980692
180.899994 0.904976 7.860219 0.198358 0.980675
181.000000 0.905853 7.861130 0.198099 0.978789
181.099991 0.902690 7.844985 0.201120 0.976798
181.199997 0.901539 7.850261 0.196721 0.977909
181.300003 0.902483 7.856728 0.198138 0.979676
181.399994 0.899580 7.852771 0.198740 0.979796
181.500000 0.899020 7.837733 0.199160 0.977704
181.599991 0.899420 7.839071 0.201261 0.979083
181.699997 0.900540 7.844762 0.201919 0.979008
181.800003 0.897641 7.839365 0.201419 0.977709
181.899994 0.897812 7.843173 0.203676 0.977425
182.000000 0.897690 7.841384 0.203220 0.978298
182.099991 0.898999 7.844144 0.202603 0.978779
182.199997 0.899650 7.845977 0.204598 0.978111
182.300003 0.899900 7.848000 0.200900 0.980400
182.399994 0.898860 7.837335 0.200380 0.979992
182.500000 0.903148 7.850574 0.199500 0.980810
182.599991 0.904895 7.856643 0.198318 0.981980
182.699997 0.904900 7.844101 0.202100 0.979800
182.800003 0.906881 7.858571 0.199340 0.981496
182.899994 0.907237 7.857757 0.200420 0.981008
183.000000 0.907646 7.855072 0.202899 0.981909
183.099991 0.909082 7.859026 0.202817 0.982416
183.199997 0.910589 7.856844 0.202997 0.982517
183.300003 0.904890 7.830639 0.201297 0.980040
183.399994 0.909728 7.854383 0.201361 0.982286
183.500000 0.909555 7.857429 0.201401 0.981791
183.599991 0.910119 7.854870 0.203583 0.981183
183.699997 0.910720 7.855470 0.206286 0.980182
183.800003 0.908800 7.844871 0.200879 0.979922
183.899994 0.911044 7.853573 0.199600 0.980810
184.000000 0.912347 7.849609 0.202622 0.980488
184.099991 0.913313 7.851593 0.204334 0.980525
184.199997 0.914634 7.856857 0.203818 0.980908
184.300003 0.914251 7.854387 0.201179 0.980512
184.399994 0.915076 7.856429 0.196823 0.980318
184.500000 0.914691 7.855785 0.191019 0.980998
184.599991 0.914489 7.857014 0.189546 0.980174
184.699997 0.909309 7.822918 0.187481 0.976202
184.800003 0.914440 7.856699 0.186931 0.980787
184.899994 0.908864 7.832333 0.189576 0.977691
185.000000 0.911662 7.856700 0.190267 0.980614
185.099991 0.912552 7.857586 0.190586 0.981011
185.199997 0.910600 7.850500 0.194900 0.980800
185.300003 0.909972 7.855016 0.192746 0.981715
185.399994 0.909928 7.853383 0.194055 0.980785
185.500000 0.908091 7.844985 0.195520 0.979098
185.599991 0.909901 7.855041 0.194614 0.980479
185.699997 0.909446 7.844007 0.198519 0.978887
185.800003 0.911682 7.853471 0.198240 0.979496
185.899994 0.912548 7.852311 0.201721 0.979588
186.000000 0.914391 7.856285 0.202720 0.980698
186.099991 0.916892 7.859886 0.203920 0.981098
186.199997 0.917208 7.860181 0.198442 0.980725
186.300003 0.917475 7.858858 0.195959 0.979994
186.399994 0.915575 7.857157 0.199260 0.979994
186.500000 0.917967 7.859745 0.200780 0.981293
186.599991 0.918884 7.860072 0.203941 0.980896
186.699997 0.915468 7.842826 0.204936 0.978417
186.800003 0.914660 7.852803 0.206555 0.980014
186.899994 0.913509 7.858614 0.205479 0.980602
187.000000 0.914183 7.864473 0.204641 0.981896
187.099991 0.911982 7.850870 0.206241 0.978996
187.199997 0.914140 7.865606 0.207345 0.979886
187.300003 0.909164 7.846908 0.209254 0.977116
187.399994 0.911018 7.859628 0.204859 0.978404
187.500000 0.912544 7.865068 0.205897 0.979310
187.599991 0.912423 7.863291 0.210306 0.979429
187.699997 0.912544 7.864068 0.209695 0.979510
187.800003 0.913500 7.865200 0.209900 0.979100
187.899994 0.915684 7.868232 0.204995 0.979121
188.000000 0.916325 7.866340 0.208937 0.979406
188.099991 0.915508 7.864913 0.209879 0.978202
188.199997 0.914640 7.859502 0.207946 0.977384
188.300003 0.915176 7.863923 0.208313 0.977920
188.399994 0.914840 7.862504 0.209547 0.977684
188.500000 0.914454 7.858954 0.209024 0.978139
188.599991 0.915559 7.859798 0.210553 0.977716
188.699997 0.913609 7.848815 0.208379 0.975902
188.800003 0.914617 7.864227 0.209158 0.977704
188.899994 0.914403 7.863763 0.206352 0.976828
189.000000 0.915766 7.864246 0.204582 0.976391
189.099991 0.913235 7.853559 0.205718 0.975210
189.199997 0.912412 7.864364 0.203303 0.976076
189.300003 0.912253 7.857086 0.200580 0.974815
189.399994 0.914460 7.867992 0.199560 0.976017
189.500000 0.915007 7.868055 0.197517 0.975573
189.599991 0.916467 7.868047 0.200680 0.975690
189.699997 0.916384 7.866134 0.202198 0.975624
189.800003 0.916784 7.865712 0.203084 0.975666
189.899994 0.917501 7.866640 0.203845 0.976171
190.000000 0.918216 7.869226 0.200960 0.976705
190.099991 0.920495 7.871355 0.202257 0.974930
190.199997 0.920800 7.872600 0.200600 0.974900
190.300003 0.919612 7.864952 0.204525 0.975173
190.399994 0.921076 7.870361 0.203261 0.976193
190.500000 0.922477 7.869661 0.202061 0.976893
190.599991 0.922808 7.861014 0.199280 0.977002
190.699997 0.921916 7.868026 0.198860 0.978204
190.800003 0.921353 7.866820 0.200320 0.979288
190.899994 0.921994 7.867060 0.198662 0.980623
191.000000 0.923261 7.870404 0.198941 0.979916
191.099991 0.923315 7.868626 0.199960 0.979804
191.199997 0.923830 7.873051 0.197921 0.979408
191.300003 0.923692 7.871687 0.195920 0.980898
191.399994 0.923215 7.869726 0.196061 0.981304
191.500000 0.922823 7.871039 0.196841 0.981905
191.599991 0.922539 7.873763 0.198601 0.982609
191.699997 0.923693 7.874725 0.198979 0.982375
191.800003 0.923924 7.874475 0.198198 0.983083
191.899994 0.923077 7.876963 0.194958 0.983595
192.000000 0.922154 7.875587 0.194264 0.983711
192.099991 0.921639 7.876761 0.192404 0.984308
192.199997 0.921400 7.872700 0.195700 0.984100
192.300003 0.920324 7.874138 0.193042 0.985104
192.399994 0.917708 7.859214 0.188081 0.983702
192.500000 0.917484 7.869774 0.186137 0.983997
192.599991 0.918010 7.870858 0.189508 0.985184
192.699997 0.918365 7.870703 0.186950 0.986211
192.800003 0.916958 7.866593 0.184771 0.984411
192.899994 0.915266 7.851440 0.184274 0.982193
193.000000 0.916450 7.860384 0.187288 0.981811
193.099991 0.914751 7.863682 0.186488 0.982111
193.199997 0.915208 7.864814 0.185781 0.982002
193.300003 0.914432 7.863690 0.185649 0.979984
193.399994 0.914964 7.861278 0.185897 0.980569
193.500000 0.914057 7.859829 0.189095 0.981291
193.599991 0.913674 7.847654 0.186756 0.978994
193.699997 0.911053 7.835399 0.186088 0.978013
193.800003 0.911673 7.854356 0.186956 0.979394
193.899994 0.913274 7.859858 0.187456 0.979594
194.000000 0.914240 7.861303 0.190333 0.978385
194.099991 0.913357 7.851326 0.187494 0.978089
194.199997 0.914574 7.858358 0.187556 0.979094
194.300003 0.912809 7.856914 0.187981 0.979502
194.399994 0.911953 7.856486 0.191085 0.979113
194.500000 0.912161 7.853302 0.187169 0.978515
194.599991 0.913274 7.854656 0.188957 0.979094
194.699997 0.912300 7.843599 0.188000 0.978300
194.800003 0.913335 7.852959 0.185626 0.978709
194.899994 0.913977 7.859027 0.188830 0.979518
195.000000 0.914466 7.857543 0.191277 0.979192
195.099991 0.912186 7.857414 0.193752 0.979073
195.199997 0.911718 7.854730 0.191462 0.979604
195.300003 0.912035 7.859856 0.189824 0.979908
195.399994 0.912335 7.861556 0.191323 0.980708
195.500000 0.910955 7.862031 0.188294 0.980990
195.599991 0.909865 7.855884 0.186680 0.980671
195.699997 0.910729 7.859188 0.187650 0.980484
195.800003 0.909227 7.856986 0.183847 0.978983
195.899994 0.910336 7.863055 0.184726 0.980208
196.000000 0.909736 7.864654 0.188725 0.980808
196.099991 0.908627 7.853583 0.188551 0.979484
196.199997 0.910018 7.860528 0.187662 0.980904
196.300003 0.908609 7.862014 0.189481 0.981502
196.399994 0.909509 7.861814 0.185381 0.980702
196.500000 0.910109 7.860014 0.181282 0.980002
196.599991 0.908255 7.842995 0.182291 0.978213
196.699997 0.909900 7.855999 0.184300 0.981900
196.800003 0.909726 7.857899 0.183743 0.981426
196.899994 0.909855 7.859429 0.180190 0.979690
197.000000 0.911340 7.863053 0.177219 0.980665
197.099991 0.910410 7.864164 0.177978 0.980080
197.199997 0.908563 7.862845 0.175170 0.980492
197.300003 0.909673 7.866861 0.170551 0.980994
197.399994 0.911662 7.868892 0.167183 0.980314
197.500000 0.908063 7.840336 0.164966 0.977491
197.599991 0.913838 7.868311 0.162640 0.980331
197.699997 0.914034 7.868052 0.162535 0.980808
197.800003 0.912258 7.857656 0.166999 0.980236
197.899994 0.911856 7.862531 0.164382 0.981691
198.000000 0.912804 7.866052 0.164381 0.981980
198.099991 0.913431 7.866093 0.160028 0.981785
198.199997 0.913061 7.866394 0.159089 0.983012
198.300003 0.913026 7.870839 0.156953 0.983905
198.399994 0.912256 7.864832 0.155578 0.982591
198.500000 0.912556 7.870735 0.155378 0.983792
198.599991 0.910673 7.859558 0.154646 0.983395
198.699997 0.911267 7.866700 0.151928 0.984777
198.800003 0.911594 7.867241 0.152984 0.985282
198.899994 0.912156 7.866833 0.154077 0.985393
199.000000 0.911921 7.866780 0.152237 0.985187
199.099991 0.912391 7.867387 0.152915 0.985999
199.199997 0.909837 7.863505 0.148204 0.986390
199.300003 0.907702 7.842673 0.148936 0.983918
199.399994 0.909182 7.855771 0.147930 0.985097
199.500000 0.909109 7.864414 0.148885 0.987301
199.599991 0.908236 7.863805 0.151406 0.986190
199.699997 0.910654 7.869379 0.147412 0.986608
199.800003 0.911682 7.869473 0.147229 0.986597
199.899994 0.910736 7.869252 0.150040 0.986305
