0.000000 0.999800 7.999599 0.999800 0.999900
0.100000 0.999101 7.992008 0.998801 0.999301
0.200000 0.996897 7.978576 0.996596 0.997898
0.300000 0.995702 7.976610 0.995902 0.997501
0.400000 0.994799 7.970394 0.993999 0.996899
0.500000 0.993402 7.965710 0.992502 0.996301
0.600000 0.993491 7.962548 0.991789 0.995494
0.700000 0.992206 7.954137 0.990508 0.994904
0.800000 0.991598 7.955991 0.989498 0.995399
0.900000 0.990895 7.950571 0.987292 0.994497
1.000000 0.990896 7.949780 0.987095 0.993097
1.100000 0.990098 7.945389 0.986697 0.992098
1.200000 0.987206 7.927836 0.984608 0.989605
1.300000 0.988000 7.940700 0.985600 0.991100
1.400000 0.987397 7.937588 0.985297 0.991598
1.500000 0.985198 7.936594 0.984098 0.990999
1.600000 0.984827 7.935416 0.983130 0.990617
1.700000 0.984292 7.932967 0.981991 0.989395
1.800000 0.984213 7.934453 0.981315 0.989109
1.900000 0.983711 7.934246 0.979914 0.988908
2.000000 0.982381 7.934728 0.979778 0.987686
2.100000 0.981480 7.932226 0.978677 0.987186
2.200000 0.981483 7.929437 0.976579 0.986588
2.300000 0.980612 7.927643 0.975415 0.987108
2.400000 0.980018 7.930063 0.975022 0.986212
2.500000 0.978581 7.930537 0.973476 0.985287
2.600000 0.977798 7.931893 0.972397 0.986599
2.700000 0.977114 7.927243 0.970917 0.986508
2.800000 0.976314 7.928843 0.971317 0.987308
2.900000 0.975105 7.930614 0.971506 0.985903
3.000000 0.974755 7.931076 0.968644 0.985574
3.100000 0.974087 7.931566 0.966583 0.985393
3.200000 0.972486 7.926464 0.963082 0.984092
3.300000 0.971675 7.930737 0.962366 0.985987
3.400000 0.971188 7.931773 0.960984 0.985894
3.500000 0.970194 7.931986 0.959992 0.984597
3.600000 0.970003 7.931807 0.958704 0.984702
3.700000 0.968991 7.929079 0.958988 0.984795
3.800000 0.968119 7.927543 0.957525 0.985209
3.900000 0.966144 7.919205 0.954559 0.983721
4.000000 0.967290 7.927478 0.955787 0.985996
4.100000 0.966733 7.929970 0.953946 0.985415
4.200000 0.965742 7.927277 0.953220 0.985575
4.300000 0.965003 7.931307 0.954305 0.986201
4.400000 0.962493 7.928685 0.952591 0.985997
4.500000 0.962493 7.930086 0.951590 0.985497
4.600000 0.961738 7.931269 0.949850 0.984715
4.700000 0.961970 7.929744 0.948759 0.983787
4.800000 0.960208 7.931114 0.947810 0.983903
4.900000 0.959788 7.931880 0.945984 0.984295
5.000000 0.961296 7.931293 0.944094 0.983998
5.100000 0.960240 7.931668 0.940859 0.984416
5.200000 0.960712 7.929022 0.939318 0.984305
5.300000 0.957738 7.912878 0.934859 0.981217
5.400000 0.960384 7.930472 0.935874 0.983994
5.500000 0.961496 7.929893 0.932393 0.982898
5.600000 0.960873 7.928050 0.931352 0.983188
5.700000 0.960084 7.927671 0.930572 0.983293
5.800000 0.959496 7.910591 0.928593 0.980398
5.900000 0.960324 7.929642 0.926944 0.981911
6.000000 0.958816 7.926229 0.925030 0.982107
6.100000 0.958000 7.925700 0.925300 0.981300
6.200000 0.957074 7.923454 0.924855 0.980588
6.300000 0.955473 7.920753 0.925856 0.979988
6.400000 0.955018 7.923731 0.927829 0.980208
6.500000 0.954505 7.923508 0.926107 0.980202
6.600000 0.953267 7.920144 0.923546 0.979686
6.700000 0.953686 7.920877 0.922977 0.979694
6.800000 0.952414 7.915025 0.923323 0.979006
6.900000 0.951595 7.919792 0.923292 0.980198
7.000000 0.951405 7.919008 0.922308 0.980702
7.100000 0.951342 7.920204 0.921406 0.979676
7.200000 0.951505 7.920708 0.922108 0.979702
7.300000 0.952262 7.923300 0.921502 0.978628
7.400000 0.950150 7.909191 0.918981 0.977722
7.500000 0.948990 7.906681 0.917684 0.977696
7.600000 0.952824 7.923338 0.920540 0.980510
7.700000 0.951095 7.907991 0.919092 0.978698
7.800000 0.950646 7.917710 0.919011 0.980979
7.900000 0.949510 7.918217 0.920716 0.980604
8.000000 0.947521 7.913135 0.921631 0.980508
8.099999 0.946411 7.917316 0.920716 0.980504
8.200000 0.944489 7.912183 0.920884 0.980396
8.300000 0.944444 7.918765 0.918865 0.979816
8.400000 0.944683 7.920176 0.918175 0.980194
8.500000 0.942589 7.916183 0.914983 0.978996
8.599999 0.942806 7.920208 0.914809 0.980102
8.700000 0.942106 7.922208 0.917208 0.979502
8.800000 0.941988 7.921484 0.918184 0.979596
8.900000 0.941659 7.919544 0.915041 0.979786
9.000000 0.940477 7.918506 0.911915 0.980126
9.099999 0.937256 7.896493 0.908882 0.979319
9.200000 0.937069 7.915257 0.909755 0.981491
9.300000 0.937681 7.914411 0.911016 0.981824
9.400000 0.935061 7.910046 0.910146 0.981389
9.500000 0.935726 7.912935 0.908337 0.982207
9.599999 0.936787 7.913082 0.904781 0.980096
9.700000 0.937156 7.914840 0.901431 0.979986
9.800000 0.937375 7.915901 0.897823 0.980024
9.900000 0.938263 7.917050 0.895837 0.980488
10.000000 0.938369 7.919259 0.893347 0.980990
10.099999 0.937719 7.916825 0.888833 0.980906
10.200000 0.937219 7.916225 0.886834 0.980306
10.300000 0.936251 7.914868 0.884692 0.980915
10.400000 0.936157 7.914477 0.882406 0.980118
10.500000 0.935526 7.912535 0.881647 0.979308
10.599999 0.931707 7.890211 0.878512 0.977302
10.700000 0.931775 7.900809 0.880531 0.978624
10.800000 0.932573 7.907763 0.881052 0.978992
10.900000 0.931293 7.908290 0.880688 0.979798
11.000000 0.930170 7.908092 0.879121 0.980020
11.099999 0.928928 7.904238 0.879148 0.979808
11.200000 0.927936 7.903449 0.880560 0.980210
11.300000 0.928486 7.904481 0.875675 0.980196
11.400000 0.928600 7.902600 0.874800 0.980700
11.500000 0.929301 7.903565 0.871620 0.980272
11.599999 0.928521 7.898931 0.871439 0.979806
11.700000 0.929214 7.907918 0.869126 0.981704
11.800000 0.929984 7.906612 0.868757 0.982221
11.900000 0.930207 7.907809 0.866313 0.982302
12.000000 0.927473 7.892508 0.865135 0.980519
12.099999 0.927251 7.906965 0.866294 0.982412
12.200000 0.927894 7.905622 0.868571 0.982323
12.300000 0.926678 7.903972 0.865360 0.983095
12.400000 0.925848 7.903032 0.864205 0.983889
12.500000 0.924717 7.899590 0.865152 0.983882
12.599999 0.925022 7.899530 0.865640 0.983905
12.700000 0.925215 7.890621 0.864427 0.983503
12.799999 0.922846 7.876774 0.865481 0.980911
12.900000 0.924279 7.895333 0.866787 0.983373
13.000000 0.924908 7.895011 0.862914 0.982702
13.099999 0.923562 7.895148 0.861931 0.982591
13.200000 0.924262 7.895348 0.861631 0.981891
13.299999 0.924155 7.894237 0.859115 0.981289
13.400000 0.925603 7.896365 0.856814 0.981576
13.500000 0.924070 7.889856 0.854742 0.981192
13.599999 0.926200 7.895900 0.856100 0.982600
13.700000 0.925811 7.897577 0.860433 0.980477
13.799999 0.922746 7.876075 0.857885 0.979013
13.900000 0.919100 7.853100 0.856100 0.975600
14.000000 0.921316 7.874425 0.858828 0.977105
14.099999 0.923686 7.898948 0.859089 0.980070
14.200000 0.923500 7.899900 0.857900 0.980200
14.299999 0.923885 7.899580 0.859372 0.978596
14.400000 0.924161 7.898881 0.860811 0.979616
14.500000 0.923261 7.898981 0.859712 0.980715
14.599999 0.924101 7.901372 0.859918 0.981075
14.700000 0.923853 7.899570 0.859398 0.980713
14.799999 0.921216 7.891022 0.856629 0.979004
14.900000 0.921730 7.895406 0.854169 0.980783
15.000000 0.921400 7.896300 0.852000 0.981900
15.099999 0.922316 7.897720 0.848830 0.982104
15.200000 0.922031 7.898840 0.844562 0.981907
15.299999 0.921891 7.898157 0.842279 0.981674
15.400000 0.921753 7.897639 0.836602 0.981889
15.500000 0.921745 7.894126 0.831282 0.982288
15.599999 0.922685 7.895615 0.832584 0.982719
15.700000 0.922577 7.895769 0.829849 0.982695
15.799999 0.921203 7.893935 0.828571 0.982356
15.900000 0.921110 7.895146 0.829838 0.981825
16.000000 0.922962 7.887690 0.825040 0.979716
16.100000 0.923415 7.898453 0.829656 0.980030
16.199999 0.923701 7.895965 0.827576 0.978973
16.299999 0.921908 7.894911 0.827417 0.979102
16.400000 0.920847 7.890865 0.827104 0.977813
16.500000 0.923815 7.895321 0.825235 0.978004
16.600000 0.924677 7.894768 0.827948 0.978293
16.699999 0.924517 7.892682 0.829212 0.978576
16.799999 0.926622 7.891532 0.827852 0.977607
16.900000 0.925548 7.889022 0.827079 0.977084
17.000000 0.925530 7.889844 0.824570 0.977209
17.100000 0.925593 7.890289 0.824983 0.978398
17.199999 0.926312 7.890769 0.825991 0.978374
17.299999 0.923853 7.878385 0.821225 0.976816
17.400000 0.917708 7.845115 0.813219 0.975003
17.500000 0.921745 7.886020 0.815771 0.980887
17.600000 0.921592 7.890289 0.817182 0.981598
17.699999 0.921318 7.881577 0.814578 0.980330
17.799999 0.924615 7.894921 0.816137 0.982903
17.900000 0.924239 7.896017 0.816653 0.983887
18.000000 0.927215 7.900120 0.816137 0.984203
18.100000 0.927117 7.897963 0.813498 0.983427
18.199999 0.923554 7.878585 0.807535 0.981113
18.299999 0.927229 7.895942 0.809376 0.981807
18.400000 0.926352 7.889277 0.801139 0.981013
18.500000 0.928414 7.898720 0.799740 0.980704
18.600000 0.927480 7.895715 0.797523 0.979323
18.699999 0.926788 7.890031 0.795246 0.979325
18.799999 0.926951 7.896972 0.796942 0.980614
18.900000 0.927271 7.897460 0.797719 0.980292
19.000000 0.925993 7.891489 0.790779 0.979398
19.100000 0.927743 7.898960 0.789326 0.980911
19.199999 0.926274 7.900599 0.791708 0.981219
19.299999 0.927707 7.898710 0.795620 0.980102
19.400000 0.927336 7.896152 0.789705 0.980310
19.500000 0.926356 7.895537 0.791975 0.979588
19.600000 0.927600 7.893700 0.792400 0.979500
19.699999 0.926929 7.896142 0.789684 0.978808
19.799999 0.927307 7.895010 0.788321 0.980002
19.900000 0.928014 7.898178 0.785643 0.980276
20.000000 0.927886 7.895179 0.785457 0.978196
20.100000 0.928878 7.894516 0.783039 0.977325
20.199999 0.927335 7.893204 0.782204 0.977680
20.299999 0.928007 7.891011 0.781422 0.977602
20.400000 0.928557 7.892486 0.781663 0.977856
20.500000 0.928850 7.894874 0.783851 0.978315
20.600000 0.928186 7.893827 0.783460 0.978626
20.699999 0.926263 7.892146 0.780090 0.978789
20.799999 0.923400 7.877300 0.776300 0.977500
20.900000 0.926463 7.891246 0.783192 0.978389
21.000000 0.926030 7.888945 0.779888 0.979408
21.100000 0.926497 7.886341 0.776788 0.979271
21.199999 0.926734 7.886498 0.776199 0.979682
21.299999 0.926659 7.888289 0.772882 0.980216
21.400000 0.926844 7.888167 0.773836 0.979812
21.500000 0.926473 7.887613 0.768132 0.979620
21.600000 0.924508 7.888711 0.766223 0.980102
21.699999 0.923869 7.886801 0.765011 0.979319
21.799999 0.924063 7.888399 0.766580 0.979163
21.900000 0.923146 7.881471 0.769938 0.977314
22.000000 0.924101 7.884750 0.767798 0.978873
22.100000 0.923408 7.882212 0.765823 0.978902
22.199999 0.923791 7.881042 0.761986 0.978925
22.299999 0.923261 7.884392 0.754896 0.978617
22.400000 0.922044 7.880961 0.755611 0.977455
22.500000 0.922045 7.882018 0.751126 0.977684
22.600000 0.920587 7.873639 0.749675 0.975627
22.699999 0.921837 7.881805 0.753703 0.976681
22.799999 0.922839 7.882259 0.752124 0.977111
22.900000 0.923531 7.881248 0.755198 0.976709
23.000000 0.923085 7.880976 0.749450 0.976295
23.100000 0.922877 7.882765 0.747324 0.974692
23.199999 0.919400 7.869300 0.747200 0.972000
23.299999 0.921547 7.885169 0.746952 0.974615
23.400000 0.920252 7.885031 0.746048 0.976086
23.500000 0.917199 7.854475 0.744007 0.972932
23.600000 0.919804 7.880857 0.742591 0.975471
23.699999 0.921500 7.888101 0.744900 0.977400
23.799999 0.921316 7.888422 0.747251 0.977205
23.900000 0.920308 7.887111 0.746425 0.976802
24.000000 0.920852 7.887133 0.742646 0.978687
24.100000 0.919792 7.886189 0.746075 0.978798
24.199999 0.921962 7.888089 0.747402 0.978617
24.299999 0.920492 7.874088 0.748775 0.976398
24.400000 0.923315 7.890322 0.752350 0.978304
24.500000 0.922854 7.890534 0.750250 0.976586
24.600000 0.920800 7.890200 0.749900 0.977600
24.699999 0.920605 7.885362 0.746095 0.977873
24.799999 0.920076 7.885866 0.751625 0.977393
24.900000 0.920408 7.890410 0.750725 0.977802
25.000000 0.918724 7.886234 0.750775 0.978806
25.100000 0.917792 7.885688 0.749075 0.978898
25.199999 0.918602 7.888566 0.748198 0.979075
25.299999 0.917291 7.887824 0.748477 0.978424
25.400000 0.917292 7.888689 0.750475 0.979698
25.500000 0.917808 7.888911 0.749625 0.980002
25.599998 0.918225 7.888833 0.746176 0.980706
25.699999 0.915225 7.865041 0.744177 0.978606
25.799999 0.919860 7.890846 0.749675 0.980390
25.900000 0.917749 7.889466 0.747551 0.980212
26.000000 0.916359 7.886779 0.749076 0.981213
26.099998 0.915925 7.884735 0.740078 0.981905
26.199999 0.916617 7.882623 0.740752 0.981304
26.299999 0.918300 7.885100 0.741900 0.981200
26.400000 0.915992 7.872540 0.744381 0.979922
26.500000 0.917208 7.883611 0.750825 0.982102
26.599998 0.918716 7.885923 0.747950 0.981904
26.699999 0.917574 7.876611 0.747527 0.981716
26.799999 0.916201 7.876748 0.749101 0.982421
26.900000 0.917541 7.885357 0.752824 0.983708
27.000000 0.918665 7.886091 0.750999 0.985012
27.099998 0.918633 7.885746 0.748700 0.984906
27.199999 0.918681 7.883018 0.747552 0.984515
27.299999 0.915967 7.858613 0.745304 0.981415
27.400000 0.919200 7.876800 0.750800 0.983400
27.500000 0.920124 7.878137 0.748675 0.983405
27.599998 0.918292 7.878588 0.749075 0.982898
27.699999 0.917860 7.880898 0.746269 0.983873
27.799999 0.918084 7.879976 0.748050 0.982196
27.900000 0.917250 7.879628 0.750050 0.981389
28.000000 0.917658 7.880184 0.751274 0.980414
28.099998 0.918341 7.877861 0.749025 0.980710
28.199999 0.917268 7.876302 0.751002 0.980168
28.299999 0.916317 7.863927 0.744151 0.978504
28.400000 0.917840 7.877309 0.746631 0.982031
28.500000 0.920652 7.883130 0.744747 0.981989
28.599998 0.921063 7.885691 0.742206 0.981015
28.699999 0.921421 7.884184 0.743644 0.981081
28.799999 0.921055 7.886380 0.745378 0.981113
28.900000 0.920847 7.884969 0.747751 0.982011
29.000000 0.920460 7.877738 0.745473 0.981191
29.099998 0.920524 7.882435 0.743677 0.981006
29.199999 0.919232 7.884346 0.745202 0.980108
29.299999 0.918292 7.884588 0.747375 0.979498
29.400000 0.916725 7.875437 0.744577 0.978207
29.500000 0.917925 7.882135 0.746076 0.980106
29.599998 0.916051 7.883410 0.746656 0.979637
29.699999 0.916475 7.881322 0.747021 0.980771
29.799999 0.913374 7.879364 0.748525 0.980994
29.900000 0.912709 7.880512 0.750625 0.982002
30.000000 0.914005 7.881970 0.749324 0.982180
30.099998 0.913969 7.879596 0.752698 0.982614
30.199999 0.914794 7.883328 0.753471 0.982919
30.299999 0.915690 7.885551 0.749975 0.983479
30.400000 0.916092 7.882789 0.755976 0.984298
30.500000 0.914906 7.882571 0.758334 0.984183
30.599998 0.914077 7.882306 0.759017 0.984514
30.699999 0.913152 7.881970 0.761143 0.984209
30.799999 0.914260 7.880983 0.757370 0.985011
30.900000 0.914500 7.876100 0.756600 0.983100
31.000000 0.914574 7.880264 0.753326 0.984295
31.099998 0.914314 7.876877 0.754555 0.983383
31.199999 0.914857 7.874737 0.750075 0.980690
31.299999 0.913974 7.873062 0.746924 0.980794
31.400000 0.914657 7.866933 0.741671 0.979890
31.500000 0.913169 7.867406 0.742206 0.980316
31.599998 0.913535 7.868253 0.736605 0.981407
31.699999 0.913474 7.868561 0.735821 0.981494
31.799999 0.912852 7.866780 0.735859 0.980911
31.900000 0.912221 7.870082 0.736563 0.981183
32.000000 0.911691 7.870587 0.732673 0.980698
32.099998 0.912047 7.874725 0.732339 0.981489
32.200001 0.912391 7.875187 0.734173 0.981598
32.299999 0.911520 7.875487 0.734661 0.980883
32.399998 0.910709 7.862314 0.732627 0.979302
32.500000 0.912544 7.871964 0.734233 0.979910
32.599998 0.913169 7.872602 0.733613 0.980615
32.700001 0.912991 7.872387 0.729973 0.979898
32.799999 0.914926 7.875138 0.726782 0.978506
32.899998 0.915358 7.873637 0.729265 0.976888
33.000000 0.914768 7.874200 0.730815 0.975619
33.099998 0.915334 7.876350 0.730508 0.976409
33.200001 0.912817 7.872226 0.732753 0.976105
33.299999 0.912978 7.869917 0.733340 0.975222
33.399998 0.910964 7.862245 0.727991 0.974790
33.500000 0.912023 7.869282 0.725984 0.976133
33.599998 0.910707 7.864462 0.727627 0.974730
33.700001 0.909427 7.868240 0.723583 0.974208
33.799999 0.908727 7.868939 0.727182 0.974708
33.899998 0.908518 7.866527 0.728154 0.974405
34.000000 0.908591 7.861486 0.726273 0.974097
34.099998 0.906735 7.857901 0.725008 0.973281
34.200001 0.908446 7.867666 0.724538 0.975012
34.299999 0.908718 7.867080 0.724252 0.974577
34.399998 0.909391 7.865135 0.721678 0.974326
34.500000 0.908292 7.859241 0.720480 0.974625
34.599998 0.908645 7.868821 0.719131 0.976686
34.700001 0.908564 7.867493 0.717698 0.978115
34.799999 0.907400 7.853300 0.716300 0.976600
34.899998 0.911162 7.873388 0.715599 0.977716
35.000000 0.911974 7.872762 0.715515 0.977393
35.099998 0.911991 7.868687 0.713671 0.978998
35.200001 0.913326 7.872038 0.713786 0.979306
35.299999 0.911000 7.866600 0.706900 0.978700
35.399998 0.911053 7.866480 0.704177 0.977114
35.500000 0.908973 7.852355 0.704511 0.974993
35.599998 0.910109 7.862614 0.704430 0.976002
35.700001 0.911373 7.864259 0.705612 0.975593
35.799999 0.910902 7.860447 0.704675 0.976174
35.899998 0.912449 7.858141 0.699810 0.976839
36.000000 0.914685 7.862039 0.699401 0.975824
36.099998 0.915042 7.861769 0.695652 0.976012
36.200001 0.912913 7.863063 0.694595 0.976276
36.299999 0.914066 7.864246 0.695278 0.976190
36.399998 0.913409 7.863413 0.693031 0.977802
36.500000 0.911956 7.862731 0.694647 0.977189
36.599998 0.913531 7.863892 0.695056 0.976882
36.700001 0.914609 7.864314 0.696230 0.978002
36.799999 0.915034 7.867853 0.696621 0.978709
36.899998 0.915400 7.867100 0.698500 0.979400
37.000000 0.915667 7.863109 0.698241 0.979816
37.099998 0.915325 7.863841 0.700890 0.980706
37.200001 0.915793 7.871741 0.702327 0.980621
37.299999 0.914617 7.861028 0.703459 0.979704
37.399998 0.914026 7.860741 0.703689 0.980406
37.500000 0.915608 7.872912 0.701630 0.981402
37.599998 0.915610 7.873564 0.692799 0.981224
37.700001 0.914383 7.873275 0.689838 0.981496
37.799999 0.915690 7.873636 0.688195 0.981977
37.899998 0.913952 7.861583 0.683290 0.980112
38.000000 0.916117 7.876125 0.687562 0.981404
38.099998 0.916350 7.876125 0.688513 0.981589
38.200001 0.915375 7.876463 0.685706 0.981595
38.299999 0.913500 7.866900 0.686600 0.979700
38.399998 0.913013 7.867768 0.686186 0.978378
38.500000 0.914043 7.871264 0.687056 0.979310
38.599998 0.913943 7.879260 0.679760 0.980510
38.700001 0.913122 7.879091 0.680512 0.979682
38.799999 0.912296 7.880132 0.683648 0.979223
38.899998 0.910498 7.878334 0.684647 0.979822
39.000000 0.909882 7.878275 0.683637 0.980796
39.099998 0.908355 7.865681 0.686688 0.978713
39.200001 0.908536 7.868408 0.687181 0.978885
39.299999 0.907920 7.870269 0.684610 0.980026
39.399998 0.909890 7.871829 0.679620 0.980120
39.500000 0.910555 7.872336 0.679240 0.980890
39.599998 0.909536 7.872551 0.677529 0.980408
39.700001 0.910128 7.871097 0.672238 0.979684
39.799999 0.911391 7.874187 0.673967 0.979998
39.899998 0.911111 7.874775 0.674474 0.980280
40.000000 0.912822 7.877390 0.672705 0.981583
40.099998 0.911826 7.873138 0.671099 0.981006
40.200001 0.914477 7.876611 0.669098 0.981617
40.299999 0.915734 7.878848 0.663834 0.982907
40.399998 0.914140 7.876614 0.664465 0.983689
40.500000 0.914326 7.876037 0.662701 0.982505
40.599998 0.914066 7.874550 0.663565 0.981793
40.700001 0.914409 7.874713 0.665833 0.981902
40.799999 0.915283 7.874075 0.665233 0.981696
40.899998 0.914717 7.872526 0.660968 0.982004
41.000000 0.914717 7.875925 0.664067 0.981104
41.099998 0.914440 7.874712 0.667968 0.982388
41.200001 0.914183 7.873875 0.668134 0.983297
41.299999 0.912740 7.872904 0.670228 0.983926
41.399998 0.914194 7.870643 0.670962 0.984217
41.500000 0.913230 7.870194 0.676385 0.984324
41.599998 0.913365 7.871943 0.679709 0.983232
41.700001 0.913278 7.866021 0.677290 0.984014
41.799999 0.912165 7.856142 0.678571 0.981793
41.899998 0.913209 7.868513 0.679632 0.982202
42.000000 0.912970 7.868305 0.679656 0.980915
42.099998 0.910654 7.856586 0.677094 0.978913
42.200001 0.912878 7.868718 0.676491 0.980917
42.299999 0.914334 7.867853 0.674530 0.979508
42.399998 0.912874 7.871061 0.676603 0.979594
42.500000 0.911527 7.860742 0.673298 0.978307
42.599998 0.911974 7.871061 0.676403 0.978894
42.700001 0.912356 7.870035 0.675038 0.977589
42.799999 0.910829 7.850380 0.670236 0.975881
42.899998 0.913797 7.867041 0.671906 0.978274
43.000000 0.912182 7.864173 0.670934 0.977996
43.099998 0.911738 7.863904 0.668068 0.977885
43.200001 0.911080 7.865821 0.670197 0.977720
43.299999 0.911482 7.865774 0.670934 0.977596
43.399998 0.908028 7.842847 0.667200 0.976207
43.500000 0.911420 7.861675 0.666600 0.979081
43.599998 0.912391 7.858986 0.662566 0.977798
43.700001 0.911509 7.863614 0.663434 0.977902
43.799999 0.910927 7.865041 0.664301 0.976707
43.899998 0.908818 7.862627 0.666167 0.976305
44.000000 0.908155 7.861983 0.663902 0.976914
44.099998 0.910618 7.863127 0.668066 0.976605
44.200001 0.911680 7.863822 0.665201 0.975822
44.299999 0.912470 7.864308 0.665967 0.976319
44.399998 0.913917 7.865427 0.664367 0.977005
44.500000 0.912922 7.866980 0.667801 0.978681
44.599998 0.912326 7.863941 0.665700 0.978906
44.700001 0.911064 7.848239 0.664066 0.977491
44.799999 0.910773 7.856156 0.661198 0.978894
44.899998 0.911906 7.857971 0.663803 0.979225
45.000000 0.912987 7.865135 0.659341 0.979421
45.099998 0.915041 7.867307 0.656960 0.980486
45.200001 0.916500 7.868300 0.654700 0.979900
45.299999 0.913683 7.852870 0.654831 0.979096
45.399998 0.914704 7.863787 0.655808 0.981257
45.500000 0.914717 7.864828 0.658768 0.981704
45.599998 0.914091 7.863386 0.661166 0.981898
45.700001 0.914226 7.867240 0.662601 0.982605
45.799999 0.912622 7.866986 0.661674 0.982824
45.899998 0.909936 7.858156 0.659436 0.980808
46.000000 0.907402 7.852662 0.659974 0.980821
46.099998 0.908109 7.845515 0.657134 0.979902
46.200001 0.911429 7.863691 0.660729 0.981685
46.299999 0.911138 7.861003 0.663264 0.981187
46.399998 0.910958 7.866686 0.664864 0.982071
46.500000 0.910600 7.865799 0.665500 0.981300
46.599998 0.910643 7.870207 0.667033 0.981430
46.700001 0.909664 7.871749 0.667267 0.981593
46.799999 0.907717 7.861776 0.666900 0.981683
46.899998 0.909409 7.870413 0.664834 0.982602
47.000000 0.909881 7.870417 0.661405 0.983315
47.099998 0.907437 7.849260 0.656138 0.980908
47.200001 0.909754 7.867980 0.661003 0.982511
47.299999 0.910437 7.868108 0.657260 0.984389
47.399998 0.911338 7.863705 0.655559 0.983488
47.500000 0.912735 7.869253 0.655638 0.983507
47.599998 0.912996 7.871641 0.653381 0.983918
47.700001 0.914271 7.873553 0.651697 0.984830
47.799999 0.916076 7.874713 0.651014 0.985713
47.899998 0.916408 7.866313 0.650335 0.983602
48.000000 0.916100 7.869400 0.648800 0.984800
48.099998 0.916817 7.869227 0.648270 0.984803
48.200001 0.918398 7.870855 0.647723 0.985218
48.299999 0.917508 7.868614 0.646335 0.986401
48.399998 0.915741 7.867007 0.642250 0.985590
48.500000 0.915909 7.866673 0.638670 0.984620
48.599998 0.917268 7.866587 0.636819 0.984776
48.700001 0.915524 7.862277 0.634071 0.984486
48.799999 0.916134 7.866254 0.632047 0.985806
48.899998 0.915975 7.865760 0.630089 0.984295
49.000000 0.912695 7.856328 0.628354 0.983480
49.099998 0.913295 7.866446 0.625412 0.985416
49.200001 0.913491 7.868086 0.621262 0.984598
49.299999 0.913626 7.869339 0.620314 0.984105
49.399998 0.915278 7.869175 0.623690 0.983435
49.500000 0.913514 7.848549 0.615415 0.979880
49.599998 0.917008 7.873213 0.616838 0.982602
49.700001 0.916442 7.871020 0.620745 0.981831
49.799999 0.916583 7.872675 0.619624 0.981196
49.899998 0.912643 7.852535 0.614907 0.979363
50.000000 0.913183 7.857872 0.613223 0.980296
50.099998 0.915208 7.871614 0.613639 0.981002
50.200001 0.915458 7.872536 0.613607 0.980890
50.299999 0.916950 7.874925 0.616170 0.980889
50.399998 0.915625 7.868939 0.613316 0.979106
50.500000 0.915000 7.862300 0.610400 0.976200
50.599998 0.914349 7.869722 0.614869 0.977486
50.700001 0.914343 7.875462 0.616292 0.977411
50.799999 0.914768 7.875200 0.615508 0.977318
50.899998 0.915925 7.877237 0.615615 0.977007
51.000000 0.914589 7.864924 0.619105 0.975568
51.099998 0.914902 7.874750 0.618857 0.977926
51.199997 0.913331 7.856085 0.621197 0.974780
51.299999 0.912756 7.858929 0.622111 0.974387
51.399998 0.911318 7.847031 0.618676 0.972805
51.500000 0.911856 7.860130 0.618509 0.974487
51.599998 0.913517 7.869426 0.623075 0.975905
51.699997 0.911429 7.856585 0.620697 0.974179
51.799999 0.912778 7.867915 0.620669 0.975966
51.899998 0.912365 7.870948 0.621849 0.975890
52.000000 0.912722 7.870282 0.619533 0.975634
52.099998 0.912365 7.870749 0.618347 0.977291
52.199997 0.912826 7.871738 0.617915 0.977607
52.299999 0.913635 7.870951 0.619252 0.978309
52.399998 0.913943 7.869765 0.622889 0.977411
52.500000 0.913305 7.867654 0.619682 0.976975
52.599998 0.913565 7.865646 0.618047 0.977391
52.699997 0.913195 7.865048 0.622515 0.977625
52.799999 0.912326 7.865940 0.616315 0.978107
52.899998 0.910564 7.856643 0.616547 0.976791
53.000000 0.912970 7.864309 0.617906 0.976519
53.099998 0.911938 7.863605 0.621835 0.977184
53.199997 0.911847 7.862517 0.618371 0.977687
53.299999 0.912000 7.855000 0.619200 0.978400
53.399998 0.912909 7.858215 0.617738 0.978902
53.500000 0.910873 7.854957 0.617085 0.978193
53.599998 0.909881 7.857228 0.619942 0.977420
53.699997 0.909327 7.858442 0.617515 0.978307
53.799999 0.908745 7.856356 0.617550 0.978363
53.899998 0.907281 7.846469 0.616823 0.977395
54.000000 0.907745 7.852912 0.623374 0.978587
54.099998 0.909427 7.856102 0.622528 0.979329
54.199997 0.908018 7.856629 0.627575 0.980004
54.299999 0.908327 7.856184 0.630004 0.979484
54.399998 0.908192 7.855444 0.632168 0.978821
54.500000 0.908218 7.856528 0.635273 0.978804
54.599998 0.910027 7.856943 0.629011 0.979206
54.699997 0.911027 7.856544 0.627512 0.979106
54.799999 0.911629 7.855985 0.625200 0.980584
54.899998 0.911202 7.848633 0.621684 0.981079
55.000000 0.911750 7.852048 0.620755 0.982671
55.099998 0.913705 7.854339 0.620282 0.981480
55.199997 0.913983 7.855772 0.620324 0.981096
55.299999 0.914486 7.857442 0.616084 0.981419
55.399998 0.917458 7.856101 0.605276 0.981513
55.500000 0.916458 7.847724 0.600300 0.980490
55.599998 0.918392 7.856486 0.599560 0.981998
55.699997 0.917684 7.854771 0.598520 0.981896
55.799999 0.919092 7.856685 0.590759 0.982598
55.899998 0.918326 7.858973 0.591432 0.982084
56.000000 0.918551 7.857514 0.586652 0.981889
56.099998 0.920236 7.865793 0.585468 0.982286
56.199997 0.920837 7.867494 0.586169 0.981785
56.299999 0.919840 7.864568 0.582109 0.982109
56.399998 0.917884 7.866573 0.581816 0.982597
56.500000 0.918098 7.869556 0.583000 0.982821
56.599998 0.918702 7.869444 0.579195 0.982179
56.699997 0.920320 7.874174 0.575776 0.981882
56.799999 0.918484 7.874875 0.578916 0.982497
56.899998 0.916650 7.871078 0.581951 0.981911
57.000000 0.916400 7.871155 0.584099 0.981822
57.099998 0.916850 7.874175 0.584449 0.983310
57.199997 0.915109 7.873513 0.579842 0.982702
57.299999 0.915759 7.871390 0.582692 0.983611
57.399998 0.916725 7.870794 0.582227 0.982726
57.500000 0.914917 7.869526 0.585083 0.982404
57.599998 0.915217 7.870826 0.588482 0.982004
57.699997 0.914817 7.863227 0.586883 0.980104
57.799999 0.916159 7.870491 0.587189 0.980514
57.899998 0.915393 7.866946 0.586055 0.981420
58.000000 0.915376 7.868718 0.581377 0.981916
58.099998 0.915051 7.868379 0.585449 0.982710
58.199997 0.915283 7.871174 0.586317 0.982096
58.299999 0.915090 7.871733 0.581957 0.982778
58.399998 0.914609 7.869713 0.580542 0.983002
58.500000 0.912674 7.859159 0.575873 0.980694
58.599998 0.911844 7.869165 0.578211 0.982009
58.699997 0.908345 7.864919 0.583350 0.981089
58.799999 0.906147 7.859670 0.581609 0.979510
58.899998 0.906965 7.855302 0.585390 0.978215
59.000000 0.908628 7.864090 0.582684 0.979828
59.099998 0.905324 7.844576 0.580965 0.976581
59.199997 0.908363 7.864746 0.579932 0.979492
59.299999 0.903633 7.834384 0.575303 0.975883
59.399998 0.906926 7.859988 0.576561 0.979684
59.500000 0.905519 7.860328 0.571586 0.980604
59.599998 0.907072 7.860758 0.568771 0.981795
59.699997 0.908764 7.864346 0.568227 0.981192
59.799999 0.909337 7.863605 0.565196 0.981787
59.899998 0.909055 7.866980 0.565561 0.982411
60.000000 0.907209 7.859014 0.565643 0.982202
60.099998 0.908273 7.871161 0.573272 0.983995
60.199997 0.909009 7.869669 0.570671 0.984484
60.299999 0.909200 7.870842 0.567875 0.984517
60.399998 0.904810 7.846116 0.559644 0.980302
60.500000 0.907963 7.874149 0.563625 0.983894
60.599998 0.906409 7.860614 0.562244 0.982402
60.699997 0.907219 7.871726 0.559688 0.984203
60.799999 0.907119 7.860127 0.558088 0.983003
60.899998 0.908227 7.862590 0.557246 0.983987
61.000000 0.909145 7.871705 0.556110 0.985323
61.099998 0.906695 7.866707 0.555422 0.984466
61.199997 0.909136 7.872351 0.554578 0.984306
61.299999 0.906453 7.870436 0.548274 0.984192
61.399998 0.906900 7.870800 0.544400 0.984000
61.500000 0.908936 7.872851 0.541883 0.983107
61.599998 0.910482 7.875676 0.542709 0.982997
61.699997 0.909218 7.860328 0.545391 0.980704
61.799999 0.912044 7.876862 0.547726 0.982609
61.899998 0.911435 7.878649 0.545082 0.981807
62.000000 0.912323 7.877771 0.547933 0.982724
62.099998 0.912344 7.869565 0.545727 0.981409
62.199997 0.910716 7.878558 0.551183 0.982223
62.299999 0.908827 7.875600 0.548038 0.981185
62.399998 0.909828 7.877101 0.550340 0.980584
62.500000 0.908982 7.875512 0.549705 0.980617
62.599998 0.908373 7.874400 0.547062 0.981115
62.699997 0.909963 7.876886 0.544719 0.981513
62.799999 0.911211 7.875475 0.539740 0.983183
62.899998 0.912635 7.872951 0.540384 0.982007
63.000000 0.912935 7.873351 0.539284 0.981407
63.099998 0.911918 7.868026 0.539292 0.980104
63.199997 0.911520 7.869884 0.538184 0.979782
63.299999 0.911406 7.872853 0.540052 0.980623
63.399998 0.910746 7.870222 0.539023 0.980088
63.500000 0.911273 7.866760 0.537361 0.979394
63.599998 0.911606 7.868757 0.539153 0.981722
63.699997 0.910384 7.867428 0.538400 0.981676
63.799999 0.910909 7.870413 0.536046 0.982502
63.899998 0.910762 7.869392 0.534426 0.983112
64.000000 0.910847 7.871523 0.532319 0.983890
64.099998 0.910163 7.868093 0.542121 0.983711
64.199997 0.911444 7.866366 0.539530 0.983908
64.299995 0.912197 7.868844 0.536909 0.984117
64.400002 0.910809 7.846715 0.537946 0.981402
64.500000 0.912783 7.861473 0.539108 0.984197
64.599998 0.910836 7.851859 0.534886 0.983107
64.699997 0.912409 7.869113 0.534347 0.985601
64.799995 0.910938 7.865406 0.538977 0.985290
64.900002 0.912044 7.859070 0.538731 0.983808
65.000000 0.907945 7.823094 0.535721 0.979187
65.099998 0.912109 7.862014 0.543146 0.983702
65.199997 0.909218 7.847831 0.541192 0.982204
65.299995 0.910055 7.845623 0.538269 0.981891
65.400002 0.911835 7.862755 0.538585 0.984106
65.500000 0.909900 7.861100 0.539700 0.984300
65.599998 0.907592 7.858142 0.543756 0.984815
65.699997 0.908273 7.858458 0.546864 0.984195
65.799995 0.904867 7.840176 0.545664 0.982275
65.900002 0.907383 7.857029 0.551204 0.984214
66.000000 0.906809 7.858815 0.542346 0.983802
66.099998 0.906428 7.858643 0.539538 0.984205
66.199997 0.908382 7.859626 0.543711 0.982416
66.299995 0.907646 7.859371 0.545727 0.982609
66.400002 0.905300 7.855200 0.543700 0.981300
66.500000 0.904371 7.844253 0.543963 0.979694
66.599998 0.906372 7.856557 0.541763 0.982795
66.699997 0.907746 7.851274 0.543128 0.981509
66.799995 0.910609 7.859314 0.541446 0.979602
66.900002 0.911018 7.859328 0.541992 0.978804
67.000000 0.910882 7.861772 0.541808 0.979096
67.099998 0.913543 7.864568 0.541729 0.979510
67.199997 0.911409 7.848815 0.541046 0.977502
67.299995 0.915025 7.866540 0.539738 0.980606
67.400002 0.914585 7.865035 0.542757 0.980020
67.500000 0.914400 7.866900 0.543400 0.980100
67.599998 0.914674 7.866460 0.536761 0.979794
67.699997 0.915273 7.870706 0.536505 0.978868
67.799995 0.918100 7.876300 0.535100 0.979200
67.900002 0.918216 7.865327 0.528594 0.980104
68.000000 0.919756 7.880584 0.524233 0.983212
68.099998 0.921784 7.881476 0.524205 0.982697
68.199997 0.922685 7.875775 0.520504 0.980996
68.299995 0.921869 7.880652 0.523209 0.980692
68.400002 0.921531 7.880148 0.525090 0.979608
68.500000 0.919716 7.877425 0.524495 0.980404
68.599998 0.919324 7.871238 0.522943 0.981006
68.699997 0.919392 7.872587 0.519252 0.980298
68.799995 0.919108 7.868413 0.516748 0.979602
68.900002 0.913274 7.844253 0.513354 0.976393
69.000000 0.915019 7.868284 0.512582 0.979229
69.099998 0.916192 7.876688 0.519752 0.980098
69.199997 0.915000 7.870500 0.520000 0.979100
69.299995 0.910518 7.851830 0.521996 0.977305
69.400002 0.911726 7.863041 0.527442 0.978007
69.500000 0.913583 7.875675 0.527406 0.979396
69.599998 0.914657 7.876939 0.527764 0.979890
69.699997 0.914843 7.874562 0.532634 0.979210
69.799995 0.914600 7.862400 0.531900 0.976900
69.900002 0.915825 7.868939 0.531840 0.978706
70.000000 0.916159 7.870891 0.527631 0.979315
70.099998 0.915042 7.862669 0.523838 0.977811
70.199997 0.916758 7.868934 0.524562 0.978689
70.299995 0.915225 7.858142 0.523643 0.976607
70.400002 0.916100 7.869400 0.522300 0.978900
70.500000 0.914666 7.870248 0.518007 0.978892
70.599998 0.913087 7.870930 0.514186 0.980320
70.699997 0.914906 7.873260 0.512964 0.981580
70.799995 0.915518 7.873178 0.515179 0.980727
70.900002 0.914800 7.870500 0.517000 0.981000
71.000000 0.911947 7.855914 0.515309 0.979888
71.099998 0.913035 7.865054 0.511995 0.981707
71.199997 0.912326 7.866340 0.505448 0.981406
71.299995 0.913174 7.867660 0.503251 0.981094
71.400002 0.912170 7.866807 0.499001 0.980815
71.500000 0.911506 7.871954 0.504694 0.979824
71.599998 0.910536 7.871551 0.505898 0.979408
71.699997 0.910847 7.873024 0.505503 0.978587
71.799995 0.910682 7.872574 0.501700 0.976695
71.900002 0.910457 7.872496 0.498498 0.978466
72.000000 0.908718 7.866380 0.493644 0.977680
72.099998 0.909628 7.876201 0.491493 0.977682
72.199997 0.909118 7.876760 0.490363 0.978228
72.299995 0.909527 7.877037 0.488553 0.978806
72.400002 0.907209 7.873412 0.489851 0.978902
72.500000 0.909055 7.877138 0.490245 0.978989
72.599998 0.909327 7.874638 0.490653 0.976707
72.699997 0.910137 7.878015 0.491544 0.977885
72.799995 0.911162 7.877785 0.492155 0.978615
72.900002 0.912909 7.876913 0.486051 0.978302
73.000000 0.908982 7.857371 0.484197 0.977896
73.099998 0.909236 7.873151 0.484506 0.979208
73.199997 0.908428 7.874876 0.483623 0.980128
73.299995 0.904848 7.852873 0.480260 0.977511
73.400002 0.904609 7.871443 0.481062 0.980962
73.500000 0.904833 7.870709 0.477334 0.982288
73.599998 0.903139 7.870751 0.475910 0.981907
73.699997 0.904410 7.872713 0.476552 0.981402
73.799995 0.901569 7.859498 0.473469 0.979115
73.900002 0.902359 7.872376 0.474116 0.980712
74.000000 0.901920 7.873526 0.477604 0.980504
74.099998 0.902041 7.871923 0.476486 0.980088
74.199997 0.902100 7.871800 0.479100 0.980000
74.299995 0.901361 7.869648 0.478892 0.979592
74.400002 0.902813 7.870383 0.481834 0.978881
74.500000 0.901130 7.871639 0.480456 0.978806
74.599998 0.901761 7.871849 0.479092 0.979492
74.699997 0.900240 7.858915 0.474585 0.977687
74.799995 0.900869 7.872589 0.471770 0.979714
74.900002 0.901751 7.866934 0.475838 0.978189
75.000000 0.900530 7.863141 0.476657 0.979006
75.099998 0.897520 7.849930 0.476405 0.977105
75.199997 0.898759 7.865046 0.480092 0.979092
75.299995 0.897561 7.855987 0.480812 0.976914
75.400002 0.897428 7.852097 0.476033 0.976383
75.500000 0.898429 7.865106 0.475433 0.978385
75.599998 0.898420 7.867426 0.480604 0.978104
75.699997 0.896686 7.863150 0.479527 0.978276
75.799995 0.896887 7.864151 0.480228 0.979177
75.900002 0.895625 7.847084 0.481322 0.977427
76.000000 0.898620 7.865327 0.487902 0.980104
76.099998 0.897364 7.863518 0.488119 0.980032
76.199997 0.896704 7.852119 0.492436 0.979261
76.299995 0.897782 7.866307 0.491607 0.980815
76.400002 0.899072 7.865728 0.492563 0.981232
76.500000 0.899820 7.868227 0.491102 0.982703
76.599998 0.901047 7.868329 0.492668 0.981546
76.699997 0.900320 7.869157 0.494706 0.981622
76.799995 0.900989 7.870017 0.495654 0.981417
76.900002 0.901501 7.865365 0.498799 0.981181
77.000000 0.900899 7.855744 0.495604 0.979820
77.099998 0.903284 7.872647 0.496195 0.981978
77.199997 0.905572 7.873662 0.498149 0.982895
77.299995 0.906284 7.875513 0.501049 0.982316
77.400002 0.904595 7.858344 0.498548 0.979077
77.500000 0.907520 7.876561 0.501947 0.982123
77.599998 0.907337 7.873850 0.498401 0.981308
77.699997 0.907335 7.875914 0.491044 0.980186
77.799995 0.908546 7.878761 0.488856 0.982509
77.900002 0.909264 7.877551 0.484694 0.982393
78.000000 0.908809 7.872813 0.482652 0.982102
78.099998 0.908490 7.879256 0.480877 0.982980
78.199997 0.907363 7.863746 0.480692 0.981793
78.299995 0.909999 7.872041 0.479473 0.982919
78.400002 0.912144 7.876962 0.478261 0.983608
78.500000 0.912488 7.875425 0.480519 0.983616
78.599998 0.913803 7.877548 0.476229 0.983320
78.699997 0.913774 7.869561 0.471742 0.982395
78.799995 0.910845 7.856572 0.471764 0.980010
78.900002 0.913917 7.877824 0.473105 0.983903
79.000000 0.913461 7.875287 0.471470 0.984111
79.099998 0.912874 7.873262 0.468941 0.982695
79.199997 0.913078 7.878709 0.468279 0.982716
79.299995 0.915657 7.879595 0.470199 0.982570
79.400002 0.915366 7.877551 0.473089 0.981793
79.500000 0.915692 7.882589 0.475548 0.982098
79.599998 0.914751 7.880971 0.475615 0.982211
79.699997 0.915153 7.879118 0.471651 0.982132
79.799995 0.912156 7.873637 0.470535 0.982191
79.900002 0.913374 7.879264 0.464939 0.983895
80.000000 0.912470 7.878897 0.469924 0.982714
80.099998 0.913109 7.878512 0.471953 0.981902
80.199997 0.913091 7.874487 0.474947 0.981398
80.299995 0.913409 7.880012 0.469353 0.981502
80.400002 0.914785 7.881519 0.467632 0.982118
80.500000 0.915434 7.884146 0.462415 0.981707
80.599998 0.916225 7.887534 0.463561 0.981106
80.699997 0.914826 7.875338 0.455663 0.979006
80.799995 0.916600 7.883739 0.459349 0.980623
80.900002 0.919016 7.887122 0.458008 0.981204
81.000000 0.916183 7.874075 0.456491 0.979596
81.099998 0.917050 7.887967 0.454128 0.980712
81.199997 0.918375 7.886766 0.454936 0.981094
81.299995 0.915800 7.885400 0.453400 0.980900
81.400002 0.913722 7.869483 0.449304 0.978280
81.500000 0.916025 7.884135 0.449465 0.980206
81.599998 0.916267 7.887156 0.453081 0.980692
81.699997 0.915385 7.885414 0.441259 0.980420
81.799995 0.914909 7.884312 0.436956 0.980702
81.900002 0.914377 7.882306 0.433710 0.981317
82.000000 0.914945 7.882500 0.430768 0.981132
82.099998 0.915792 7.886289 0.432443 0.981798
82.199997 0.916125 7.884396 0.434991 0.980983
82.299995 0.915415 7.884685 0.433433 0.980881
82.400002 0.915707 7.884172 0.437281 0.980078
82.500000 0.915075 7.882764 0.437831 0.980594
82.599998 0.915068 7.871004 0.433553 0.979217
82.699997 0.914214 7.871672 0.437638 0.978278
82.799995 0.914077 7.878310 0.438805 0.980318
82.900002 0.914009 7.879712 0.440556 0.980002
83.000000 0.915366 7.879152 0.438976 0.979192
83.099998 0.915002 7.877048 0.445965 0.980523
83.199997 0.914383 7.872375 0.447089 0.979296
83.299995 0.916608 7.877913 0.445955 0.979502
83.400002 0.916367 7.876750 0.443377 0.981293
83.500000 0.917417 7.876824 0.444511 0.981604
83.599998 0.916450 7.875774 0.440836 0.981911
83.699997 0.914911 7.874663 0.434335 0.982023
83.799995 0.914774 7.869561 0.432430 0.981194
83.900002 0.915315 7.876876 0.433433 0.982783
84.000000 0.914131 7.860389 0.427042 0.979384
84.099998 0.917276 7.882324 0.428743 0.983175
84.199997 0.915934 7.882747 0.431228 0.983407
84.299995 0.916850 7.878026 0.433060 0.982489
84.400002 0.917575 7.879064 0.424427 0.981494
84.500000 0.918673 7.882705 0.423719 0.983015
84.599998 0.917475 7.883665 0.423927 0.982495
84.699997 0.917265 7.890020 0.424251 0.983433
84.799995 0.917459 7.885643 0.423012 0.982391
84.900002 0.919440 7.885957 0.420590 0.983708
85.000000 0.919216 7.883624 0.417017 0.984603
85.099998 0.920384 7.880676 0.408782 0.983197
85.199997 0.921176 7.885166 0.408523 0.983895
85.299995 0.921931 7.885246 0.410036 0.981907
85.400002 0.921484 7.883177 0.409082 0.983097
85.500000 0.921232 7.882946 0.410136 0.981407
85.599998 0.920264 7.884592 0.409073 0.980815
85.699997 0.918492 7.875288 0.407641 0.979498
85.799995 0.920244 7.884419 0.410487 0.980086
85.900002 0.916908 7.860114 0.409959 0.977902
86.000000 0.921439 7.885757 0.408496 0.980010
86.099998 0.918565 7.874200 0.407174 0.978817
86.199997 0.919580 7.883916 0.404196 0.979520
86.299995 0.920552 7.884931 0.402942 0.978987
86.400002 0.920667 7.881149 0.404950 0.978246
86.500000 0.921105 7.882459 0.402984 0.977773
86.599998 0.920084 7.879976 0.401780 0.977696
86.699997 0.920552 7.882830 0.398639 0.977587
86.799995 0.919476 7.866860 0.401520 0.976693
86.900002 0.920792 7.881088 0.405441 0.980998
87.000000 0.919376 7.877663 0.408423 0.980694
87.099998 0.917833 7.878448 0.404038 0.980808
87.199997 0.918614 7.878370 0.403635 0.981426
87.299995 0.917682 7.875525 0.402098 0.981419
87.400002 0.915166 7.871849 0.401761 0.981593
87.500000 0.914457 7.868034 0.405803 0.981191
87.599998 0.913997 7.871646 0.401882 0.981878
87.699997 0.913257 7.869534 0.399600 0.980890
87.799995 0.914602 7.870156 0.399121 0.981422
87.900002 0.914726 7.871739 0.400080 0.980406
88.000000 0.913526 7.872138 0.398580 0.980406
88.099998 0.914214 7.872272 0.402603 0.980180
88.199997 0.914751 7.870278 0.405856 0.981211
88.299995 0.911202 7.848534 0.401842 0.978576
88.400002 0.913812 7.865575 0.403276 0.980725
88.500000 0.914617 7.875725 0.401620 0.982603
88.599998 0.914885 7.877423 0.402398 0.982318
88.699997 0.913204 7.877347 0.402117 0.981422
88.799995 0.914843 7.879760 0.400700 0.979310
88.900002 0.915266 7.882653 0.398259 0.979392
89.000000 0.915976 7.884305 0.399041 0.978519
89.099998 0.917416 7.884162 0.402437 0.978230
89.199997 0.917241 7.881859 0.402999 0.978511
89.299995 0.916034 7.883047 0.410236 0.980108
89.400002 0.917400 7.883101 0.408700 0.979400
89.500000 0.918167 7.882953 0.407563 0.979792
89.599998 0.918857 7.884081 0.408714 0.980214
89.699997 0.917266 7.885092 0.404576 0.980216
89.799995 0.917957 7.887878 0.400020 0.979814
89.900002 0.919476 7.889967 0.395719 0.979394
90.000000 0.919948 7.889666 0.396362 0.979312
90.099998 0.919724 7.888134 0.394982 0.978506
90.199997 0.918375 7.871761 0.389417 0.975993
90.299995 0.921437 7.883907 0.386709 0.978783
90.400002 0.921663 7.883594 0.383193 0.979716
90.500000 0.921970 7.884403 0.385753 0.981017
90.599998 0.922854 7.885731 0.385531 0.981189
90.699997 0.921339 7.880859 0.382709 0.979910
90.799995 0.920732 7.881147 0.381847 0.979708
90.900002 0.920971 7.879309 0.379458 0.978819
91.000000 0.921853 7.883730 0.376326 0.979688
91.099998 0.919796 7.875839 0.377290 0.978672
91.199997 0.918008 7.882012 0.377862 0.981502
91.299995 0.916575 7.876163 0.380214 0.981194
91.400002 0.916958 7.879784 0.387429 0.980614
91.500000 0.917715 7.878171 0.386060 0.980527
91.599998 0.918335 7.879104 0.384508 0.979384
91.699997 0.917117 7.878924 0.380224 0.981004
91.799995 0.917367 7.875151 0.374750 0.980692
91.900002 0.917418 7.875727 0.368410 0.982061
92.000000 0.919216 7.874625 0.368526 0.981904
92.099998 0.918433 7.874050 0.366853 0.981807
92.199997 0.917810 7.873161 0.369006 0.983282
92.299995 0.919332 7.872051 0.368453 0.982907
92.400002 0.922145 7.877214 0.365356 0.982288
92.500000 0.923154 7.878386 0.363146 0.982612
92.599998 0.923900 7.878600 0.367000 0.983100
92.699997 0.923715 7.878024 0.367926 0.983403
92.799995 0.924070 7.877551 0.368948 0.982893
92.900002 0.925270 7.875550 0.365546 0.982793
93.000000 0.926559 7.875699 0.364209 0.982514
93.099998 0.926252 7.878085 0.361447 0.982712
93.199997 0.927814 7.880324 0.359928 0.983203
93.299995 0.926400 7.872700 0.357200 0.982500
93.400002 0.925581 7.877905 0.360377 0.984275
93.500000 0.924938 7.877461 0.360920 0.983808
93.599998 0.925445 7.875475 0.361383 0.983810
93.699997 0.925822 7.879236 0.359192 0.984105
93.799995 0.924455 7.874825 0.357815 0.982690
93.900002 0.924092 7.876688 0.360836 0.984798
94.000000 0.921823 7.853643 0.355093 0.982605
94.099998 0.922692 7.869187 0.352535 0.984899
94.199997 0.922808 7.876513 0.356064 0.985501
94.299995 0.923553 7.877146 0.357585 0.984830
94.400002 0.923924 7.875676 0.354655 0.983884
94.500000 0.923539 7.874099 0.355885 0.983187
94.599998 0.922977 7.873962 0.357107 0.983395
94.699997 0.921763 7.873102 0.352918 0.982914
94.799995 0.920832 7.873451 0.348860 0.982107
94.900002 0.923308 7.873813 0.348765 0.981102
95.000000 0.921808 7.873112 0.346965 0.978602
95.099998 0.920900 7.864300 0.349500 0.978200
95.199997 0.917150 7.845193 0.348791 0.975515
95.299995 0.919677 7.873079 0.352724 0.979445
95.400002 0.919856 7.874288 0.355251 0.979614
95.500000 0.921792 7.874487 0.356936 0.978898
95.599998 0.920460 7.874437 0.359680 0.978789
95.699997 0.918049 7.867280 0.361583 0.978413
95.799995 0.918108 7.873413 0.362264 0.977502
95.900002 0.916292 7.859586 0.360736 0.976198
96.000000 0.918059 7.871136 0.356778 0.977589
96.099998 0.913239 7.836986 0.352847 0.973581
96.199997 0.913826 7.851345 0.352194 0.976607
96.299995 0.915125 7.865840 0.349995 0.977507
96.400002 0.915516 7.867067 0.353654 0.978979
96.500000 0.915424 7.866880 0.355220 0.979081
96.599998 0.914420 7.867286 0.357100 0.979629
96.699997 0.914109 7.870113 0.360664 0.979502
96.799995 0.913526 7.868239 0.359692 0.979206
96.900002 0.912717 7.870128 0.359856 0.980058
97.000000 0.912739 7.871510 0.359051 0.979386
97.099998 0.912805 7.865861 0.357970 0.978026
97.199997 0.913800 7.868900 0.359100 0.980300
97.299995 0.915576 7.869018 0.363373 0.979319
97.400002 0.914923 7.870082 0.362827 0.978280
97.500000 0.914314 7.869370 0.361261 0.978579
97.599998 0.914289 7.869731 0.363072 0.979974
97.699997 0.912648 7.867620 0.363918 0.978787
97.799995 0.911311 7.860661 0.362663 0.978078
97.900002 0.912147 7.869822 0.363818 0.978187
98.000000 0.913487 7.871029 0.359141 0.978222
98.099998 0.913265 7.869848 0.363946 0.978992
98.199997 0.913283 7.869473 0.369974 0.978896
98.299995 0.913122 7.867186 0.369882 0.979529
98.400002 0.910155 7.855728 0.371586 0.978589
98.500000 0.911853 7.866280 0.373176 0.980112
98.599998 0.912426 7.857643 0.373088 0.978606
98.699997 0.913757 7.866333 0.372886 0.980190
98.799995 0.914400 7.870600 0.370300 0.980400
98.900002 0.914283 7.869074 0.367473 0.980296
99.000000 0.913609 7.867214 0.363264 0.979502
99.099998 0.912770 7.868405 0.359412 0.980416
99.199997 0.911918 7.869326 0.362028 0.979104
99.299995 0.912374 7.870361 0.364909 0.980094
99.400002 0.913431 7.870196 0.367194 0.980284
99.500000 0.913013 7.869169 0.368669 0.981281
99.599998 0.910621 7.854309 0.367936 0.979659
99.699997 0.912179 7.864422 0.370367 0.980817
99.799995 0.910862 7.868691 0.369541 0.981613
99.900002 0.911294 7.870445 0.371746 0.981578
100.000000 0.911162 7.869391 0.370840 0.980614
100.099998 0.913243 7.872164 0.372714 0.980810
100.199997 0.912830 7.874299 0.368995 0.980284
100.299995 0.913757 7.874036 0.365683 0.980590
100.400002 0.914417 7.874425 0.363727 0.981404
100.500000 0.912365 7.868147 0.365346 0.981393
100.599998 0.910580 7.863823 0.369467 0.981317
100.699997 0.909863 7.866893 0.368442 0.979914
100.799995 0.909127 7.862190 0.368094 0.978683
100.900002 0.912103 7.869156 0.366203 0.979978
101.000000 0.913209 7.870712 0.369263 0.978402
101.099998 0.912878 7.869917 0.371466 0.977420
101.199997 0.910548 7.861264 0.374437 0.976159
101.299995 0.912661 7.869492 0.373638 0.977116
101.400002 0.912970 7.870504 0.373601 0.976819
101.500000 0.913840 7.872511 0.374462 0.977885
101.599998 0.911970 7.868804 0.373801 0.977318
101.699997 0.913448 7.874625 0.372924 0.978387
101.799995 0.910090 7.851149 0.369630 0.976324
101.900002 0.912505 7.873452 0.369956 0.978925
102.000000 0.913957 7.874837 0.369285 0.978089
102.099998 0.913083 7.874174 0.367473 0.978396
102.199997 0.912565 7.870148 0.370448 0.978391
102.299995 0.910382 7.865573 0.369274 0.977596
102.399994 0.911900 7.866400 0.371400 0.977700
102.500000 0.914702 7.874051 0.372653 0.978226
102.599998 0.913840 7.874112 0.375763 0.977284
102.699997 0.914103 7.871854 0.376948 0.977727
102.799995 0.913287 7.870130 0.374725 0.978122
102.899994 0.912844 7.868266 0.374713 0.978211
103.000000 0.909382 7.866374 0.373775 0.978896
103.099998 0.910300 7.865499 0.373800 0.978900
103.199997 0.907937 7.850760 0.369152 0.977109
103.299995 0.906403 7.857457 0.372191 0.978224
103.399994 0.906881 7.866173 0.374475 0.978196
103.500000 0.907817 7.866981 0.376439 0.977980
103.599998 0.907274 7.869904 0.377698 0.977618
103.699997 0.907219 7.870026 0.381124 0.977305
103.799995 0.907489 7.869844 0.380457 0.976772
103.899994 0.903581 7.852170 0.378576 0.975595
104.000000 0.906109 7.869013 0.376462 0.977602
104.099998 0.904929 7.868639 0.375187 0.978506
104.199997 0.900750 7.853627 0.376288 0.976988
104.299995 0.900520 7.862528 0.375525 0.978304
104.399994 0.900330 7.867041 0.375087 0.978107
104.500000 0.903200 7.869700 0.374300 0.978200
104.599998 0.902829 7.870939 0.373988 0.978606
104.699997 0.902200 7.873600 0.373500 0.978900
104.799995 0.902580 7.875175 0.369374 0.979096
104.899994 0.902278 7.876299 0.370404 0.979317
105.000000 0.902590 7.875688 0.370237 0.980998
105.099998 0.903525 7.875861 0.366124 0.980226
105.199997 0.901710 7.869413 0.365363 0.980102
105.299995 0.900869 7.870291 0.363745 0.981113
105.399994 0.901159 7.873276 0.362682 0.981611
105.500000 0.900450 7.865367 0.367216 0.979910
105.599998 0.901051 7.873436 0.367784 0.981091
105.699997 0.901602 7.871471 0.365766 0.979580
105.799995 0.901110 7.869513 0.362664 0.979502
105.899994 0.901490 7.869587 0.366137 0.979798
106.000000 0.903636 7.871481 0.358509 0.981268
106.099998 0.902220 7.868426 0.361028 0.981104
106.199997 0.903938 7.870752 0.360356 0.981507
106.299995 0.901839 7.868752 0.360356 0.981308
106.399994 0.901939 7.862255 0.362155 0.980708
106.500000 0.902575 7.871830 0.366241 0.981933
106.599998 0.903329 7.876237 0.364991 0.980806
106.699997 0.902810 7.869313 0.366063 0.979102
106.799995 0.903933 7.873812 0.367857 0.980486
106.899994 0.903552 7.875138 0.365683 0.980790
107.000000 0.901971 7.852555 0.362609 0.976993
107.099998 0.904900 7.874300 0.358600 0.980200
107.199997 0.902439 7.874350 0.357757 0.980208
107.299995 0.902337 7.872678 0.355702 0.980427
107.399994 0.901633 7.873685 0.360513 0.980266
107.500000 0.901451 7.875738 0.360280 0.979890
107.599998 0.902112 7.877289 0.364928 0.979882
107.699997 0.903239 7.875150 0.363455 0.977809
107.799995 0.901469 7.866893 0.364345 0.976516
107.899994 0.901179 7.879396 0.366807 0.978317
108.000000 0.903558 7.881971 0.371577 0.979013
108.099998 0.902153 7.880921 0.373761 0.979569
108.199997 0.902063 7.881734 0.373423 0.980272
108.299995 0.902968 7.880883 0.369541 0.980614
108.399994 0.902761 7.874749 0.366847 0.979792
108.500000 0.902732 7.875813 0.364355 0.980586
108.599998 0.902910 7.877112 0.366363 0.979502
108.699997 0.899820 7.868227 0.368526 0.977405
108.799995 0.899099 7.875276 0.371071 0.978579
108.899994 0.899321 7.874850 0.373552 0.980623
109.000000 0.899500 7.873427 0.374326 0.980519
109.099998 0.898500 7.872400 0.375700 0.981500
109.199997 0.899240 7.872724 0.375025 0.982289
109.299995 0.898832 7.870368 0.377010 0.982423
109.399994 0.896879 7.857171 0.372775 0.981096
109.500000 0.900842 7.868959 0.372368 0.981452
109.599998 0.900100 7.869269 0.369670 0.980781
109.699997 0.900180 7.867774 0.368174 0.979896
109.799995 0.899950 7.866033 0.365683 0.979690
109.899994 0.902990 7.869087 0.368837 0.979598
110.000000 0.901011 7.853668 0.371835 0.978381
110.099998 0.897731 7.840948 0.371589 0.976607
110.199997 0.900969 7.864995 0.375537 0.980314
110.299995 0.900830 7.866241 0.373788 0.980306
110.399994 0.900440 7.862355 0.371152 0.981207
110.500000 0.898590 7.862386 0.367637 0.980798
110.599998 0.896979 7.863772 0.366573 0.980296
110.699997 0.894858 7.861745 0.370348 0.978591
110.799995 0.894832 7.861042 0.368090 0.977907
110.899994 0.893325 7.861303 0.366957 0.978685
111.000000 0.892129 7.862665 0.365961 0.979525
111.099998 0.890034 7.862818 0.364219 0.978887
111.199997 0.892011 7.866113 0.367463 0.979402
111.299995 0.890998 7.866720 0.365371 0.979918
111.399994 0.893547 7.867233 0.365783 0.980790
111.500000 0.894616 7.866193 0.364392 0.980885
111.599998 0.894521 7.867326 0.363327 0.980804
111.699997 0.893564 7.868179 0.364481 0.981211
111.799995 0.893985 7.868805 0.363809 0.980915
111.899994 0.894126 7.866207 0.364355 0.979285
112.000000 0.891768 7.848955 0.359508 0.975293
112.099998 0.892065 7.862483 0.361283 0.977713
112.199997 0.890567 7.859658 0.361208 0.979094
112.299995 0.889823 7.850495 0.360252 0.978385
112.399994 0.893864 7.863981 0.355886 0.980012
112.500000 0.894521 7.863728 0.360128 0.981204
112.599998 0.891024 7.840188 0.361953 0.977484
112.699997 0.893475 7.859898 0.362047 0.980214
112.799995 0.894237 7.860017 0.362518 0.981089
112.899994 0.894558 7.860845 0.360444 0.981593
113.000000 0.893704 7.854969 0.361025 0.980983
113.099998 0.893253 7.853074 0.366617 0.979110
113.199997 0.893379 7.854271 0.370374 0.979596
113.299995 0.895152 7.854073 0.371214 0.979810
113.399994 0.895373 7.853004 0.371340 0.980314
113.500000 0.895110 7.854315 0.367863 0.979602
113.599998 0.895315 7.856158 0.368195 0.978923
113.699997 0.892825 7.847894 0.367557 0.977885
113.799995 0.894379 7.852470 0.361172 0.977796
113.899994 0.893643 7.853259 0.364054 0.979508
114.000000 0.894953 7.854373 0.369315 0.980010
114.099998 0.894494 7.845445 0.370170 0.979079
114.199997 0.896038 7.854713 0.369722 0.980488
114.299995 0.895794 7.855031 0.369767 0.979918
114.399994 0.895433 7.855869 0.371595 0.978666
114.500000 0.896400 7.854500 0.369800 0.976800
114.599998 0.898251 7.861469 0.371614 0.976812
114.699997 0.897920 7.861228 0.370326 0.976605
114.799995 0.898000 7.861100 0.371100 0.978700
114.899994 0.898341 7.859356 0.369952 0.979108
115.000000 0.899490 7.858186 0.371637 0.979098
115.099998 0.899370 7.859698 0.371140 0.978315
115.199997 0.894842 7.838664 0.371152 0.975510
115.299995 0.898363 7.858826 0.374101 0.978235
115.399994 0.897138 7.853512 0.372323 0.977787
115.500000 0.896090 7.854486 0.372837 0.978398
115.599998 0.895142 7.853659 0.370552 0.979008
115.699997 0.895010 7.848616 0.378262 0.977602
115.799995 0.897628 7.856499 0.380767 0.977284
115.899994 0.897951 7.858970 0.384008 0.977711
116.000000 0.898059 7.858043 0.386655 0.978491
116.099998 0.898290 7.861086 0.384338 0.978498
116.199997 0.897931 7.858842 0.382385 0.979606
116.299995 0.896969 7.854156 0.376913 0.980794
116.399994 0.898059 7.857543 0.377551 0.981393
116.500000 0.899650 7.855572 0.377411 0.981009
116.599998 0.899610 7.855858 0.375087 0.980921
116.699997 0.899420 7.855528 0.371426 0.981104
116.799995 0.895095 7.824325 0.369570 0.977277
116.899994 0.899219 7.851782 0.365592 0.980985
117.000000 0.899370 7.850255 0.364309 0.981595
117.099998 0.900020 7.854574 0.365861 0.981522
117.199997 0.894916 7.826261 0.368895 0.977482
117.299995 0.894969 7.846854 0.368911 0.980994
117.399994 0.891389 7.830983 0.364336 0.978398
117.500000 0.894111 7.850615 0.367163 0.981702
117.599998 0.896517 7.855084 0.370296 0.982186
117.699997 0.897971 7.855001 0.370541 0.983611
117.799995 0.895914 7.835581 0.369194 0.980322
117.899994 0.898899 7.859459 0.369269 0.982783
118.000000 0.898020 7.856528 0.362727 0.982404
118.099998 0.896507 7.840656 0.361425 0.980583
118.199997 0.898459 7.855442 0.365846 0.982393
118.299995 0.897113 7.856158 0.363101 0.982519
118.399994 0.892632 7.828551 0.360492 0.979006
118.500000 0.894626 7.835896 0.361766 0.980124
118.599998 0.895785 7.855341 0.360897 0.982681
118.699997 0.895862 7.852189 0.362283 0.983110
118.799995 0.896721 7.861028 0.362727 0.984603
118.899994 0.895758 7.847139 0.361545 0.982593
119.000000 0.896652 7.858671 0.361219 0.983708
119.099998 0.895521 7.858129 0.360728 0.983603
119.199997 0.897462 7.860084 0.357286 0.983410
119.299995 0.899071 7.860298 0.360248 0.984311
119.399994 0.898752 7.859111 0.357264 0.984224
119.500000 0.898171 7.858999 0.358249 0.984011
119.599998 0.897539 7.856614 0.362017 0.981689
119.699997 0.896779 7.857071 0.363973 0.981196
119.799995 0.892197 7.832251 0.361275 0.979419
119.899994 0.895727 7.857300 0.355549 0.982188
120.000000 0.895606 7.856871 0.350916 0.981784
120.099998 0.895979 7.857271 0.348370 0.981096
120.199997 0.892964 7.844893 0.347891 0.979812
120.299995 0.895100 7.854800 0.345900 0.980300
120.399994 0.894684 7.851120 0.344924 0.980915
120.500000 0.889344 7.814874 0.338365 0.976409
120.599998 0.893989 7.856686 0.338734 0.981898
120.699997 0.892140 7.849695 0.335764 0.980725
120.799995 0.890642 7.838610 0.334465 0.979127
120.899994 0.889834 7.836001 0.333400 0.979788
121.000000 0.889913 7.845037 0.333367 0.979966
121.099998 0.890953 7.852207 0.331436 0.981626
121.199997 0.890556 7.843237 0.329832 0.980292
121.299995 0.893168 7.851155 0.331800 0.981795
121.399994 0.891154 7.847277 0.327936 0.980210
121.500000 0.888134 7.838849 0.330001 0.980506
121.599998 0.890445 7.847724 0.328264 0.981291
121.699997 0.892650 7.847114 0.331236 0.981726
121.799995 0.893789 7.849885 0.328233 0.980998
121.899994 0.893472 7.849519 0.326392 0.981478
122.000000 0.893425 7.850595 0.324927 0.982688
122.099998 0.889511 7.814019 0.319068 0.978502
122.199997 0.892954 7.834982 0.319640 0.981909
122.299995 0.893679 7.844869 0.316363 0.983997
122.399994 0.893347 7.849925 0.316558 0.984192
122.500000 0.894700 7.844599 0.317600 0.983400
122.599998 0.894789 7.847585 0.315732 0.983898
122.699997 0.893257 7.836434 0.313726 0.981793
122.799995 0.895300 7.848400 0.316800 0.982700
122.899994 0.894300 7.838100 0.316300 0.981400
123.000000 0.896173 7.847406 0.314580 0.983711
123.099998 0.895615 7.831885 0.312956 0.981121
123.199997 0.899890 7.849235 0.313618 0.983115
123.299995 0.900529 7.849596 0.313093 0.983821
123.399994 0.900010 7.840816 0.310569 0.981802
123.500000 0.900941 7.840904 0.309085 0.980989
123.599998 0.901249 7.846776 0.310145 0.982109
123.699997 0.903003 7.849850 0.314615 0.982783
123.799995 0.901910 7.849115 0.312769 0.983802
123.899994 0.901620 7.851429 0.307039 0.983403
124.000000 0.900950 7.855972 0.308346 0.982309
124.099998 0.901610 7.858513 0.304570 0.982902
124.199997 0.902368 7.853004 0.301789 0.982013
124.299995 0.901558 7.855831 0.301518 0.982328
124.399994 0.900990 7.853486 0.303930 0.982898
124.500000 0.902249 7.855672 0.303348 0.984108
124.599998 0.901602 7.855855 0.297498 0.984084
124.699997 0.902642 7.854913 0.298879 0.984591
124.799995 0.904085 7.856028 0.296656 0.983480
124.899994 0.904314 7.855771 0.295466 0.983485
125.000000 0.905928 7.854444 0.298111 0.983505
125.099998 0.906253 7.847824 0.296248 0.982291
125.199997 0.908809 7.858558 0.289790 0.981582
125.299995 0.908746 7.859271 0.288656 0.982809
125.399994 0.909645 7.861869 0.287856 0.984008
125.500000 0.908537 7.860256 0.286685 0.985106
125.599998 0.907645 7.861017 0.282870 0.985491
125.699997 0.907091 7.853385 0.284528 0.985299
125.799995 0.907481 7.854471 0.283457 0.986097
125.899994 0.906998 7.852638 0.284012 0.986085
126.000000 0.905143 7.833900 0.277066 0.984691
126.099998 0.907221 7.850994 0.278538 0.986418
126.199997 0.908063 7.853341 0.277611 0.986895
126.299995 0.908282 7.846569 0.272254 0.985297
126.399994 0.909654 7.853788 0.272736 0.986308
126.500000 0.909091 7.856028 0.266320 0.986684
126.599998 0.909227 7.854244 0.269119 0.986604
126.699997 0.910816 7.855887 0.268351 0.986118
126.799995 0.911362 7.856400 0.269012 0.986809
126.899994 0.911009 7.849015 0.263174 0.985401
127.000000 0.910666 7.856985 0.266299 0.985979
127.099998 0.909909 7.854115 0.269473 0.986101
127.199997 0.911091 7.855586 0.272927 0.985899
127.299995 0.910511 7.857357 0.272172 0.984985
127.399994 0.910036 7.855958 0.273191 0.985206
127.500000 0.909409 7.855215 0.272673 0.986401
127.599998 0.909273 7.850555 0.271982 0.985596
127.699997 0.907672 7.841453 0.271782 0.983795
127.799995 0.907953 7.847757 0.274639 0.984675
127.899994 0.909027 7.849980 0.276521 0.983587
128.000000 0.909563 7.851105 0.279804 0.984411
128.099991 0.911191 7.845184 0.283928 0.982998
128.199997 0.911211 7.850651 0.283183 0.983283
128.300003 0.911025 7.853005 0.283303 0.982524
128.399994 0.911862 7.850804 0.280404 0.983312
128.500000 0.911091 7.840284 0.275928 0.981098
128.599991 0.914000 7.852000 0.274900 0.982800
128.699997 0.909800 7.841401 0.274100 0.981200
128.800003 0.910308 7.843887 0.274870 0.982621
128.899994 0.910564 7.849040 0.273309 0.982993
129.000000 0.911624 7.851508 0.276213 0.982524
129.099991 0.908600 7.842400 0.273900 0.980300
129.199997 0.908782 7.852034 0.272255 0.982016
129.300003 0.908610 7.855873 0.273472 0.981822
129.399994 0.908864 7.857399 0.273409 0.981413
129.500000 0.906981 7.846369 0.270254 0.980496
129.599991 0.908236 7.859302 0.269188 0.980887
129.699997 0.906653 7.858730 0.268734 0.979090
129.800003 0.907572 7.858957 0.266780 0.979894
129.899994 0.908609 7.860614 0.268773 0.979202
130.000000 0.906760 7.857787 0.269604 0.978768
130.099991 0.907411 7.862565 0.268678 0.978526
130.199997 0.908128 7.864941 0.270519 0.979106
130.300003 0.905623 7.849495 0.268251 0.976131
130.399994 0.909718 7.865327 0.266447 0.978404
130.500000 0.910573 7.866961 0.267880 0.978594
130.599991 0.911338 7.866207 0.268288 0.980486
130.699997 0.911600 7.864100 0.263900 0.980800
130.800003 0.910190 7.863536 0.263636 0.981119
130.899994 0.909391 7.862886 0.262826 0.981398
131.000000 0.910627 7.867040 0.261721 0.981606
131.099991 0.911826 7.870539 0.260122 0.981905
131.199997 0.912470 7.866507 0.258094 0.980815
131.300003 0.909400 7.847367 0.259614 0.977625
131.399994 0.913760 7.870990 0.257020 0.981313
131.500000 0.912948 7.869021 0.254052 0.981589
131.599991 0.912006 7.868358 0.253196 0.980923
131.699997 0.905796 7.831815 0.257383 0.976174
131.800003 0.909837 7.870110 0.255379 0.980486
131.899994 0.910001 7.865752 0.257683 0.980579
132.000000 0.910655 7.866834 0.255628 0.979390
132.099991 0.910218 7.865527 0.258848 0.978104
132.199997 0.911656 7.868234 0.258629 0.977889
132.300003 0.912500 7.865000 0.255800 0.979600
132.399994 0.912887 7.865225 0.255132 0.979573
132.500000 0.911056 7.860130 0.250825 0.978089
132.599991 0.910246 7.852511 0.249550 0.977787
132.699997 0.910773 7.863059 0.254476 0.979294
132.800003 0.910655 7.861430 0.258829 0.979790
132.899994 0.910489 7.856344 0.258242 0.980719
133.000000 0.909473 7.849955 0.258177 0.979594
133.099991 0.908518 7.838632 0.258748 0.976505
133.199997 0.909991 7.857986 0.257226 0.978398
133.300003 0.909810 7.858258 0.255155 0.976877
133.399994 0.911264 7.858344 0.249900 0.976291
133.500000 0.912235 7.859756 0.247301 0.976509
133.599991 0.911209 7.851515 0.249275 0.976402
133.699997 0.905675 7.813749 0.245703 0.973321
133.800003 0.912665 7.858243 0.247799 0.979592
133.899994 0.913564 7.862362 0.245933 0.980637
134.000000 0.908290 7.838407 0.248899 0.977873
134.099991 0.909792 7.854225 0.249700 0.982078
134.199997 0.908991 7.845654 0.249351 0.981519
134.300003 0.908663 7.851741 0.246399 0.982593
134.399994 0.910366 7.862294 0.246370 0.982774
134.500000 0.909491 7.857786 0.247225 0.981698
134.599991 0.906902 7.845270 0.244731 0.979323
134.699997 0.908138 7.859610 0.243734 0.981028
134.800003 0.909082 7.865573 0.244149 0.981496
134.899994 0.908337 7.864754 0.246002 0.982507
135.000000 0.908200 7.864700 0.246400 0.982400
135.099991 0.909045 7.863868 0.245377 0.982809
135.199997 0.909618 7.864727 0.242052 0.984403
135.300003 0.910364 7.867347 0.239996 0.984594
135.399994 0.908900 7.858555 0.238138 0.983019
135.500000 0.909927 7.867940 0.234230 0.985204
135.599991 0.908909 7.870170 0.237237 0.983984
135.699997 0.908946 7.867367 0.236882 0.983408
135.800003 0.908800 7.868245 0.236240 0.983418
135.899994 0.910145 7.868765 0.233983 0.984108
136.000000 0.910627 7.871139 0.233630 0.985804
136.099991 0.909727 7.870039 0.232730 0.985504
136.199997 0.909718 7.868226 0.233453 0.984503
136.300003 0.909946 7.868021 0.232439 0.983790
136.399994 0.911389 7.868032 0.230869 0.984715
136.500000 0.911815 7.864476 0.231399 0.984320
136.599991 0.911480 7.860725 0.230493 0.982815
136.699997 0.913204 7.861267 0.229624 0.983220
136.800003 0.912805 7.862065 0.228925 0.982421
136.899994 0.912526 7.861941 0.231930 0.982205
137.000000 0.912032 7.864004 0.232751 0.981528
137.099991 0.910554 7.857985 0.234159 0.980412
137.199997 0.910791 7.863687 0.238524 0.980498
137.300003 0.913335 7.868652 0.236505 0.980208
137.399994 0.913056 7.870833 0.234478 0.980535
137.500000 0.911712 7.872072 0.229429 0.979379
137.599991 0.909428 7.856685 0.225981 0.979183
137.699997 0.911080 7.868518 0.227096 0.981317
137.800003 0.909155 7.863682 0.228863 0.981011
137.899994 0.909346 7.862018 0.231739 0.980388
138.000000 0.908218 7.847930 0.230554 0.978404
138.099991 0.909309 7.861414 0.234577 0.978702
138.199997 0.909964 7.860744 0.232593 0.978391
138.300003 0.910637 7.861703 0.228860 0.978285
138.399994 0.910925 7.863591 0.227581 0.978930
138.500000 0.909127 7.852482 0.226381 0.978082
138.599991 0.909954 7.864381 0.228263 0.980412
138.699997 0.908454 7.863132 0.228614 0.981891
138.800003 0.908173 7.862810 0.228317 0.981415
138.899994 0.908410 7.862665 0.230324 0.981822
139.000000 0.908309 7.863414 0.228377 0.982502
139.099991 0.907237 7.857957 0.230208 0.982507
139.199997 0.910018 7.864727 0.227954 0.983303
139.300003 0.911102 7.865653 0.226349 0.984483
139.399994 0.912379 7.864722 0.225497 0.984014
139.500000 0.911124 7.860295 0.225384 0.982425
139.599991 0.912409 7.865613 0.227977 0.983902
139.699997 0.912186 7.867828 0.226995 0.983879
139.800003 0.910947 7.867521 0.227637 0.983990
139.899994 0.909573 7.853556 0.223167 0.982995
140.000000 0.910210 7.868568 0.221021 0.985085
140.099991 0.910407 7.867959 0.221534 0.983120
140.199997 0.905991 7.846185 0.222722 0.979998
140.300003 0.909473 7.870061 0.222867 0.982895
140.399994 0.909382 7.871416 0.222999 0.982216
140.500000 0.910882 7.872575 0.224145 0.983097
140.599991 0.910364 7.872448 0.226991 0.982993
140.699997 0.910473 7.872362 0.224167 0.981895
140.800003 0.909300 7.868400 0.221600 0.982500
140.899994 0.908809 7.850415 0.215578 0.980602
141.000000 0.910091 7.866686 0.214721 0.982798
141.099991 0.909391 7.868686 0.215422 0.982898
141.199997 0.909645 7.871764 0.215092 0.982509
141.300003 0.909055 7.873137 0.213407 0.981791
141.399994 0.909855 7.871036 0.216908 0.981891
141.500000 0.909055 7.869878 0.215471 0.979812
141.599991 0.908882 7.863973 0.215443 0.979896
141.699997 0.907433 7.869365 0.216089 0.979764
141.800003 0.906006 7.853053 0.212713 0.976977
141.899994 0.908828 7.873877 0.210505 0.979029
142.000000 0.909590 7.873827 0.216983 0.980020
142.099991 0.909109 7.871813 0.215878 0.979002
142.199997 0.909628 7.870655 0.212103 0.980864
142.300003 0.908291 7.869788 0.215122 0.982198
142.399994 0.908755 7.871477 0.213872 0.982211
142.500000 0.908273 7.872262 0.217265 0.981795
142.599991 0.907283 7.876011 0.216605 0.982716
142.699997 0.906191 7.857086 0.217422 0.979798
142.800003 0.905862 7.855543 0.216787 0.978191
142.899994 0.905760 7.869822 0.216232 0.979734
143.000000 0.905872 7.871662 0.216665 0.979994
143.099991 0.906600 7.873100 0.215700 0.979200
143.199997 0.905775 7.872303 0.217626 0.979317
143.300003 0.905177 7.873736 0.214679 0.980475
143.399994 0.900870 7.851356 0.214864 0.977893
143.500000 0.900889 7.870516 0.217205 0.981017
143.599991 0.900450 7.871436 0.220510 0.980990
143.699997 0.898970 7.865860 0.216865 0.980194
143.800003 0.897931 7.869838 0.214836 0.981306
143.899994 0.897628 7.867607 0.213850 0.980787
144.000000 0.897551 7.867967 0.210495 0.981809
144.099991 0.898651 7.865268 0.208896 0.981509
144.199997 0.902368 7.869192 0.210553 0.980913
144.300003 0.902600 7.867100 0.209000 0.981200
144.399994 0.902012 7.861475 0.210890 0.981383
144.500000 0.901470 7.857357 0.206462 0.980794
144.599991 0.903410 7.866613 0.207379 0.981802
144.699997 0.901790 7.865687 0.208421 0.980798
144.800003 0.902166 7.868722 0.211041 0.980833
144.899994 0.902913 7.865379 0.208688 0.981483
145.000000 0.904090 7.866486 0.202220 0.981098
145.099991 0.904867 7.867715 0.201682 0.980473
145.199997 0.904900 7.869800 0.201400 0.980200
145.300003 0.905415 7.867681 0.200681 0.980482
145.399994 0.904662 7.867647 0.201381 0.980292
145.500000 0.904348 7.867367 0.199000 0.980110
145.599991 0.904404 7.869069 0.200701 0.980380
145.699997 0.904062 7.869247 0.201080 0.981493
145.800003 0.902922 7.869395 0.200460 0.982586
145.899994 0.905401 7.868524 0.197916 0.983666
146.000000 0.904752 7.863331 0.197399 0.982191
146.099991 0.900190 7.846284 0.191719 0.980598
146.199997 0.904552 7.867434 0.191696 0.982191
146.300003 0.904238 7.870552 0.186425 0.981108
146.399994 0.903048 7.869565 0.190105 0.980910
146.500000 0.906493 7.870629 0.189011 0.980719
146.599991 0.907265 7.872689 0.191766 0.981213
146.699997 0.906535 7.873812 0.193836 0.981887
146.800003 0.906209 7.872713 0.194581 0.981502
146.899994 0.906428 7.867140 0.193742 0.981805
147.000000 0.907128 7.857942 0.192942 0.980806
147.099991 0.908200 7.861500 0.192500 0.982000
147.199997 0.909354 7.868679 0.194483 0.982311
147.300003 0.907237 7.865154 0.190324 0.982007
147.399994 0.905228 7.859042 0.191343 0.981805
147.500000 0.904629 7.865840 0.190643 0.981206
147.599991 0.904210 7.866413 0.192381 0.980302
147.699997 0.903848 7.867366 0.190805 0.980610
147.800003 0.902997 7.862638 0.192607 0.981319
147.899994 0.901551 7.859830 0.196498 0.981091
148.000000 0.900040 7.856814 0.194116 0.980088
148.099991 0.900630 7.852297 0.192935 0.980086
148.199997 0.900920 7.862328 0.192462 0.980604
148.300003 0.899470 7.860198 0.188668 0.980414
148.399994 0.897200 7.852600 0.187100 0.979600
148.500000 0.896738 7.855013 0.190514 0.979588
148.599991 0.897582 7.858713 0.192346 0.980016
148.699997 0.896641 7.858856 0.194122 0.979708
148.800003 0.896772 7.849805 0.195363 0.978215
148.899994 0.894963 7.859185 0.195583 0.979412
149.000000 0.894280 7.859638 0.197364 0.980234
149.099991 0.893225 7.851696 0.196137 0.980086
149.199997 0.894416 7.852782 0.194856 0.979283
149.300003 0.894136 7.856814 0.190915 0.980989
149.399994 0.893462 7.859518 0.193351 0.980375
149.500000 0.892325 7.847593 0.193535 0.978585
149.599991 0.893947 7.856428 0.195198 0.979890
149.699997 0.894189 7.841384 0.192719 0.978698
149.800003 0.894289 7.854485 0.189419 0.980098
149.899994 0.892178 7.837468 0.189638 0.978896
150.000000 0.890035 7.836555 0.190986 0.979369
150.099991 0.892911 7.854215 0.195880 0.981302
150.199997 0.893385 7.852018 0.191946 0.981815
150.300003 0.894032 7.852045 0.192142 0.982005
150.399994 0.894468 7.853657 0.189857 0.981795
150.500000 0.894989 7.850085 0.189019 0.981098
150.599991 0.895804 7.855545 0.185514 0.980919
150.699997 0.897718 7.859187 0.186649 0.981785
150.800003 0.899091 7.861025 0.187631 0.982016
150.899994 0.899990 7.856130 0.185533 0.981217
151.000000 0.900981 7.862635 0.187725 0.983680
151.099991 0.901251 7.862031 0.189095 0.984892
151.199997 0.901140 7.848461 0.188225 0.982907
151.300003 0.898849 7.837919 0.189595 0.981591
151.399994 0.899219 7.848278 0.192254 0.982586
151.500000 0.900800 7.860500 0.192500 0.983500
151.599991 0.899730 7.855944 0.196341 0.981905
151.699997 0.898341 7.854058 0.193922 0.982707
151.800003 0.901720 7.860628 0.190062 0.983003
151.899994 0.900870 7.860258 0.189957 0.982995
152.000000 0.901739 7.859157 0.190624 0.982807
152.099991 0.901741 7.853012 0.188313 0.982590
152.199997 0.899760 7.835599 0.190386 0.981211
152.300003 0.902600 7.854300 0.191100 0.983400
152.399994 0.901929 7.850545 0.190543 0.984605
152.500000 0.900340 7.842806 0.189614 0.984090
152.599991 0.902151 7.855628 0.186293 0.984492
152.699997 0.901511 7.854169 0.189170 0.984586
152.800003 0.900060 7.851589 0.190686 0.983710
152.899994 0.900880 7.853871 0.192539 0.982296
153.000000 0.899421 7.850979 0.196364 0.983120
153.099991 0.899081 7.842026 0.196942 0.981215
153.199997 0.903155 7.857586 0.198097 0.982774
153.300003 0.903010 7.858814 0.200880 0.983202
153.399994 0.900580 7.849520 0.198541 0.981515
153.500000 0.900540 7.856058 0.198621 0.982607
153.599991 0.899399 7.856457 0.197698 0.981381
153.699997 0.899180 7.859472 0.196239 0.981296
153.800003 0.898840 7.839264 0.195222 0.978009
153.899994 0.902807 7.865349 0.194386 0.983019
154.000000 0.902710 7.862614 0.196480 0.982402
154.099991 0.904552 7.867634 0.197199 0.983492
154.199997 0.902090 7.851985 0.195420 0.981898
154.300003 0.903606 7.864450 0.193787 0.982419
154.399994 0.902551 7.857328 0.192096 0.982391
154.500000 0.902810 7.861614 0.191881 0.982002
154.599991 0.901019 7.860767 0.189972 0.982221
154.699997 0.896990 7.839883 0.189919 0.980198
154.800003 0.899200 7.858000 0.191300 0.981500
154.899994 0.896797 7.860260 0.187688 0.980781
155.000000 0.895773 7.863297 0.184871 0.981213
155.099991 0.894905 7.853869 0.181864 0.980883
155.199997 0.893632 7.855343 0.183845 0.980306
155.300003 0.895052 7.864268 0.183508 0.980110
155.399994 0.894342 7.865154 0.183127 0.979208
155.500000 0.893132 7.852944 0.183145 0.977807
155.599991 0.896690 7.867387 0.181318 0.978098
155.699997 0.894637 7.866320 0.179808 0.977987
155.800003 0.893050 7.865111 0.179952 0.978169
155.899994 0.893211 7.863113 0.180482 0.978502
156.000000 0.892957 7.863445 0.176571 0.979392
156.099991 0.892689 7.858186 0.175418 0.979698
156.199997 0.892386 7.862110 0.176359 0.980715
156.300003 0.890101 7.861375 0.177260 0.980482
156.399994 0.891533 7.860542 0.176747 0.980506
156.500000 0.892603 7.863277 0.176159 0.981683
156.599991 0.892993 7.861549 0.177980 0.982032
156.699997 0.893125 7.863004 0.176924 0.982888
156.800003 0.892032 7.847246 0.173248 0.980606
156.899994 0.889533 7.849845 0.174548 0.981406
157.000000 0.891033 7.857443 0.175147 0.983205
157.099991 0.889489 7.856957 0.172873 0.982883
157.199997 0.889534 7.853080 0.167952 0.982374
157.300003 0.889233 7.853045 0.166750 0.982305
157.399994 0.888389 7.853318 0.164269 0.981715
157.500000 0.889378 7.858871 0.166233 0.981696
157.599991 0.890789 7.859686 0.168117 0.981198
157.699997 0.891533 7.860441 0.168349 0.979306
157.800003 0.890246 7.853094 0.163829 0.979872
157.899994 0.890824 7.855499 0.162214 0.979986
158.000000 0.890958 7.856213 0.163412 0.979373
158.099991 0.891789 7.858186 0.166017 0.980198
158.199997 0.893789 7.858986 0.164816 0.980998
158.300003 0.895727 7.861603 0.163915 0.981387
158.399994 0.894453 7.859271 0.164818 0.980810
158.500000 0.894047 7.854928 0.165883 0.980290
158.599991 0.896027 7.856099 0.164115 0.980787
158.699997 0.894427 7.844487 0.167099 0.977926
158.800003 0.897241 7.861856 0.168033 0.980108
158.899994 0.897882 7.861910 0.167566 0.980516
159.000000 0.896600 7.863100 0.168500 0.982000
159.099991 0.896828 7.865106 0.167417 0.981487
159.199997 0.894989 7.840184 0.165517 0.978398
159.300003 0.899289 7.865352 0.167084 0.980579
159.399994 0.900869 7.866127 0.165718 0.980833
159.500000 0.900950 7.865932 0.165583 0.981291
159.599991 0.897851 7.845078 0.166417 0.979510
159.699997 0.899890 7.863623 0.171745 0.981017
159.800003 0.899960 7.864981 0.173296 0.980512
159.899994 0.899880 7.865607 0.172162 0.981115
160.000000 0.900130 7.864005 0.175723 0.980386
160.099991 0.900430 7.862804 0.172020 0.980186
160.199997 0.895027 7.833283 0.172421 0.976183
160.300003 0.899039 7.862918 0.171603 0.979688
160.399994 0.897751 7.861070 0.173513 0.980210
160.500000 0.898459 7.861045 0.171669 0.980192
160.599991 0.897812 7.860254 0.170812 0.979822
160.699997 0.898520 7.862028 0.175065 0.980204
160.800003 0.897780 7.859872 0.175635 0.981196
160.899994 0.898020 7.859928 0.175865 0.982004
161.000000 0.897469 7.853356 0.171351 0.981895
161.099991 0.897282 7.858113 0.171363 0.981914
161.199997 0.897479 7.858072 0.172134 0.981696
161.300003 0.896828 7.853898 0.173922 0.981387
161.399994 0.898308 7.862977 0.175158 0.980683
161.500000 0.896759 7.860344 0.174670 0.980492
161.599991 0.895479 7.857272 0.175135 0.980496
161.699997 0.895867 7.858525 0.176617 0.980331
161.800003 0.896069 7.859758 0.175253 0.980394
161.899994 0.896042 7.855758 0.175230 0.980608
162.000000 0.897377 7.859431 0.175911 0.980176
162.099991 0.898020 7.855929 0.173265 0.979804
162.199997 0.897082 7.851418 0.174560 0.979516
162.300003 0.897451 7.854373 0.175512 0.979810
162.399994 0.896193 7.853333 0.174343 0.978120
162.500000 0.895942 7.853059 0.173331 0.977909
162.599991 0.896827 7.852324 0.173518 0.978747
162.699997 0.896300 7.841300 0.172200 0.976900
162.800003 0.896148 7.853226 0.171986 0.977789
162.899994 0.898541 7.852559 0.174230 0.978009
163.000000 0.897659 7.853942 0.175070 0.978892
163.099991 0.897582 7.851718 0.174361 0.978817
163.199997 0.898331 7.851645 0.173348 0.978107
163.300003 0.897351 7.846976 0.169715 0.976612
163.399994 0.897861 7.849591 0.167300 0.978013
163.500000 0.897769 7.851555 0.168851 0.977493
163.599991 0.894789 7.831983 0.166917 0.975698
163.699997 0.895500 7.846400 0.165800 0.978000
163.800003 0.892800 7.835800 0.161600 0.976500
163.899994 0.893300 7.844800 0.160800 0.978300
164.000000 0.894858 7.847939 0.161064 0.978091
164.099991 0.894237 7.848009 0.156794 0.978287
164.199997 0.894026 7.848094 0.161013 0.978385
164.300003 0.895032 7.848646 0.166550 0.978906
164.399994 0.891435 7.814088 0.166100 0.976386
164.500000 0.896131 7.854544 0.166250 0.980506
164.599991 0.896600 7.853400 0.164000 0.981000
164.699997 0.895737 7.852811 0.165299 0.980288
164.800003 0.895917 7.848579 0.163731 0.979884
164.899994 0.898280 7.852771 0.162533 0.979896
165.000000 0.896290 7.847785 0.159616 0.979698
165.099991 0.897100 7.857500 0.156600 0.979800
165.199997 0.899500 7.859200 0.155000 0.980400
165.300003 0.900550 7.860031 0.154177 0.981291
165.399994 0.901929 7.860042 0.151455 0.981506
165.500000 0.901951 7.859129 0.152776 0.980890
165.599991 0.901621 7.856586 0.156825 0.981185
165.699997 0.905124 7.860488 0.157326 0.982786
165.800003 0.901572 7.843196 0.154100 0.980475
165.899994 0.903122 7.855184 0.151321 0.982786
166.000000 0.902249 7.849176 0.151524 0.982809
166.099991 0.903881 7.856671 0.153031 0.984497
166.199997 0.900970 7.835851 0.150845 0.982895
166.300003 0.903181 7.852270 0.151230 0.983797
166.399994 0.903777 7.850520 0.153177 0.984113
166.500000 0.902341 7.846508 0.153392 0.982690
166.599991 0.904438 7.850659 0.151239 0.983707
166.699997 0.906363 7.855742 0.150060 0.983493
166.800003 0.907172 7.859057 0.149545 0.984395
166.899994 0.906779 7.861019 0.151998 0.986282
167.000000 0.906856 7.861383 0.150410 0.985309
167.099991 0.905931 7.856341 0.146263 0.985073
167.199997 0.907046 7.860870 0.145327 0.985307
167.300003 0.908317 7.863627 0.145992 0.986473
167.399994 0.908773 7.865659 0.145544 0.986396
167.500000 0.908517 7.862325 0.146092 0.986473
167.599991 0.909893 7.865290 0.143430 0.985868
167.699997 0.910109 7.864913 0.143586 0.985501
167.800003 0.909856 7.865385 0.141526 0.985176
167.899994 0.908673 7.870161 0.138442 0.984495
168.000000 0.909863 7.872389 0.137604 0.984211
168.099991 0.909863 7.872789 0.136804 0.982612
168.199997 0.909601 7.868054 0.135249 0.981279
168.300003 0.909654 7.870678 0.139316 0.980512
168.399994 0.908437 7.858956 0.140844 0.978709
168.500000 0.910920 7.868281 0.142328 0.979381
168.599991 0.908292 7.854546 0.143956 0.978322
168.699997 0.904566 7.844682 0.145704 0.976367
168.800003 0.906669 7.860905 0.149609 0.977969
168.899994 0.903800 7.836600 0.147200 0.974000
169.000000 0.908727 7.863091 0.149620 0.977382
169.099991 0.904362 7.826730 0.148259 0.974590
169.199997 0.905505 7.855957 0.148348 0.976977
169.300003 0.907216 7.856671 0.147433 0.977580
169.399994 0.906919 7.854729 0.149270 0.977105
169.500000 0.906147 7.852374 0.150825 0.976712
169.599991 0.906363 7.852141 0.151261 0.977391
169.699997 0.906078 7.853610 0.152498 0.977371
169.800003 0.906902 7.855759 0.150235 0.977525
169.899994 0.907491 7.853685 0.147115 0.975498
170.000000 0.907582 7.858572 0.147830 0.976595
170.099991 0.907812 7.856730 0.146962 0.976354
170.199997 0.905715 7.858072 0.149334 0.977179
170.300003 0.903790 7.851785 0.153215 0.975998
170.399994 0.904300 7.857000 0.153700 0.977600
170.500000 0.905409 7.859715 0.154585 0.977702
170.599991 0.904062 7.854342 0.154362 0.976591
170.699997 0.903667 7.860897 0.155491 0.975817
170.800003 0.903132 7.858901 0.155409 0.976383
170.899994 0.901880 7.858772 0.154731 0.978596
171.000000 0.902751 7.859430 0.154577 0.978189
171.099991 0.903985 7.861434 0.155086 0.978074
171.199997 0.906366 7.861097 0.158689 0.976916
171.300003 0.906172 7.863159 0.156847 0.975193
171.399994 0.906363 7.861145 0.157163 0.976291
171.500000 0.907920 7.858384 0.160991 0.976930
171.599991 0.907537 7.861255 0.158737 0.977509
171.699997 0.906784 7.850735 0.158757 0.975022
171.800003 0.908391 7.860986 0.160516 0.976898
171.899994 0.910953 7.860484 0.158505 0.976414
172.000000 0.911362 7.859398 0.157590 0.975917
172.099991 0.913396 7.860433 0.151582 0.976672
172.199997 0.912030 7.849780 0.151821 0.976781
172.300003 0.911029 7.850080 0.150821 0.977282
172.399994 0.913009 7.859814 0.152385 0.977602
172.500000 0.913431 7.861189 0.149820 0.977082
172.599991 0.913148 7.861817 0.149890 0.978887
172.699997 0.913400 7.862000 0.150500 0.978900
172.800003 0.914491 7.863486 0.151115 0.979898
172.899994 0.915025 7.869240 0.147856 0.980506
173.000000 0.913526 7.867240 0.147456 0.979606
173.099991 0.913152 7.865380 0.147711 0.980212
173.199997 0.906593 7.826074 0.148052 0.975724
173.300003 0.910434 7.860609 0.147579 0.980629
173.399994 0.909727 7.859342 0.145656 0.980906
173.500000 0.909200 7.854900 0.145200 0.980800
173.599991 0.909136 7.856599 0.143000 0.981987
173.699997 0.910964 7.857043 0.140956 0.980592
173.800003 0.910191 7.854885 0.135014 0.980898
173.899994 0.908818 7.841082 0.131363 0.978357
174.000000 0.909945 7.850675 0.135732 0.979210
174.099991 0.911894 7.858831 0.132960 0.980477
174.199997 0.914066 7.861344 0.131853 0.978992
174.300003 0.912374 7.843653 0.133140 0.977093
174.399994 0.913760 7.860598 0.132207 0.979414
174.500000 0.913152 7.858585 0.130122 0.978613
174.599991 0.913061 7.862596 0.132507 0.978115
174.699997 0.912274 7.863759 0.131940 0.977593
174.800003 0.909263 7.845678 0.130365 0.975145
174.899994 0.911627 7.863541 0.130461 0.976607
175.000000 0.913030 7.862806 0.129606 0.976635
175.099991 0.913817 7.862827 0.130474 0.975905
175.199997 0.914777 7.864921 0.130083 0.975622
175.300003 0.914209 7.865314 0.129087 0.976302
175.399994 0.914383 7.868473 0.128926 0.976695
175.500000 0.912869 7.857285 0.129594 0.976365
175.599991 0.914143 7.860469 0.130135 0.975812
175.699997 0.915308 7.866113 0.132387 0.975502
175.800003 0.913017 7.849430 0.130674 0.975005
175.899994 0.912731 7.846830 0.132202 0.975637
176.000000 0.918367 7.865046 0.132353 0.977091
176.099991 0.916742 7.868408 0.132593 0.977784
176.199997 0.917150 7.866380 0.132520 0.977713
176.300003 0.916134 7.867112 0.130092 0.976937
176.399994 0.915127 7.865602 0.129805 0.976935
176.500000 0.917925 7.869439 0.129861 0.978107
176.599991 0.916575 7.864759 0.132540 0.977093
176.699997 0.917900 7.867900 0.131100 0.976900
176.800003 0.919041 7.865467 0.128736 0.976012
176.899994 0.920092 7.869087 0.125813 0.975998
177.000000 0.921500 7.872700 0.124900 0.976400
177.099991 0.921702 7.873465 0.124538 0.976031
177.199997 0.920808 7.857014 0.127687 0.974503
177.300003 0.922969 7.874449 0.126651 0.976491
177.399994 0.922315 7.876064 0.126339 0.976774
177.500000 0.921184 7.876675 0.128026 0.976795
177.599991 0.920300 7.868999 0.126300 0.975200
177.699997 0.922100 7.870500 0.127800 0.975400
177.800003 0.923077 7.875163 0.127738 0.974792
177.899994 0.923469 7.879552 0.128551 0.975590
178.000000 0.924660 7.880496 0.130196 0.976619
178.099991 0.924600 7.883800 0.131000 0.977000
178.199997 0.924651 7.884531 0.131936 0.978044
178.300003 0.925312 7.885871 0.132202 0.978732
178.399994 0.924291 7.884738 0.130144 0.977227
178.500000 0.925741 7.883006 0.127302 0.976381
178.599991 0.926900 7.883400 0.125400 0.975400
178.699997 0.929179 7.884866 0.127838 0.975993
178.800003 0.928657 7.884830 0.129077 0.976486
178.899994 0.928178 7.884265 0.128339 0.974592
179.000000 0.927599 7.881034 0.127378 0.974464
179.099991 0.925063 7.868734 0.125663 0.973487
179.199997 0.926093 7.878788 0.126013 0.975098
179.300003 0.925726 7.878778 0.128428 0.975075
179.399994 0.924385 7.870874 0.127826 0.975495
179.500000 0.925545 7.875375 0.130322 0.976614
179.599991 0.923169 7.855342 0.131052 0.973489
179.699997 0.926189 7.873452 0.131342 0.976029
179.800003 0.927042 7.868995 0.131705 0.977282
179.899994 0.925911 7.860733 0.133060 0.975771
180.000000 0.926734 7.867781 0.136523 0.976679
180.099991 0.923146 7.854687 0.136418 0.975015
180.199997 0.924983 7.866647 0.141145 0.978024
180.300003 0.924168 7.866320 0.138875 0.977820
180.399994 0.924762 7.866234 0.141271 0.979690
180.500000 0.922500 7.862500 0.139900 0.979000
180.599991 0.924555 7.868121 0.139684 0.978287
180.699997 0.921755 7.866893 0.141801 0.978315
180.800003 0.921624 7.866640 0.142557 0.978207
180.899994 0.921113 7.868555 0.141656 0.977876
181.000000 0.923192 7.867787 0.144014 0.978498
181.099991 0.924077 7.869161 0.143843 0.979194
181.199997 0.922823 7.866967 0.139439 0.980280
181.300003 0.922391 7.863208 0.138894 0.981174
181.399994 0.923077 7.861558 0.138742 0.981995
181.500000 0.922555 7.857285 0.137325 0.981836
181.599991 0.923977 7.864460 0.137741 0.981595
181.699997 0.923853 7.863396 0.137903 0.981113
181.800003 0.923023 7.857643 0.138159 0.979506
181.899994 0.924683 7.864249 0.138448 0.980422
182.000000 0.921492 7.841384 0.138214 0.978598
182.099991 0.925243 7.866119 0.139293 0.981361
182.199997 0.924037 7.867538 0.141745 0.981234
182.300003 0.924479 7.869091 0.145032 0.980869
182.399994 0.925404 7.871080 0.146295 0.980627
182.500000 0.925345 7.869079 0.148711 0.981711
182.599991 0.925700 7.869200 0.146800 0.981000
182.699997 0.926211 7.872491 0.146380 0.979930
182.800003 0.926122 7.873938 0.151455 0.978806
182.899994 0.925318 7.860547 0.150666 0.975573
183.000000 0.927215 7.877625 0.149870 0.977605
183.099991 0.925697 7.878158 0.145111 0.978628
183.199997 0.925667 7.876711 0.146668 0.979718
183.300003 0.925493 7.879289 0.147515 0.980498
183.399994 0.926281 7.877734 0.145240 0.980721
183.500000 0.925822 7.879636 0.145856 0.979806
183.599991 0.926729 7.880748 0.144642 0.978808
183.699997 0.926156 7.879327 0.145787 0.977587
183.800003 0.926841 7.879904 0.146717 0.978483
183.899994 0.923292 7.853886 0.144014 0.975598
184.000000 0.925422 7.881936 0.144257 0.978307
184.099991 0.924245 7.878373 0.142614 0.978313
184.199997 0.924423 7.878637 0.143457 0.978706
184.300003 0.925697 7.878857 0.143513 0.979327
184.399994 0.925963 7.880440 0.143572 0.979990
184.500000 0.926690 7.879720 0.144617 0.980671
184.599991 0.925252 7.876886 0.147297 0.980614
184.699997 0.922969 7.867976 0.148452 0.978463
184.800003 0.923968 7.880008 0.147967 0.979518
184.899994 0.925607 7.882612 0.147285 0.979402
185.000000 0.927649 7.886220 0.148004 0.980787
185.099991 0.927087 7.884039 0.147922 0.980823
185.199997 0.927478 7.885065 0.148945 0.981094
185.300003 0.929186 7.883977 0.152330 0.981496
185.399994 0.930910 7.885251 0.151998 0.982077
185.500000 0.931827 7.885446 0.151839 0.982407
185.599991 0.933387 7.885077 0.151330 0.982597
185.699997 0.930672 7.878551 0.153361 0.980692
185.800003 0.930900 7.890100 0.157100 0.982200
185.899994 0.930442 7.883270 0.155407 0.982710
186.000000 0.931518 7.888165 0.155887 0.983680
186.099991 0.931659 7.885731 0.160296 0.984090
186.199997 0.931568 7.886713 0.158741 0.985315
186.300003 0.931245 7.883307 0.156825 0.985188
186.399994 0.928936 7.882094 0.155140 0.985187
186.500000 0.930244 7.886509 0.153423 0.984688
186.599991 0.931121 7.886934 0.153454 0.983205
186.699997 0.931604 7.888544 0.150611 0.982375
186.800003 0.933060 7.887632 0.149490 0.983090
186.899994 0.933061 7.887270 0.146249 0.984338
187.000000 0.931759 7.887332 0.145187 0.983790
187.099991 0.931484 7.884304 0.141941 0.982170
187.199997 0.931211 7.885751 0.140983 0.982477
187.300003 0.932600 7.888200 0.146500 0.983600
187.399994 0.931873 7.886855 0.146158 0.983693
187.500000 0.931727 7.884646 0.148241 0.982307
187.599991 0.931248 7.884780 0.145898 0.983112
187.699997 0.929444 7.867795 0.143715 0.981785
187.800003 0.930016 7.874149 0.143472 0.982379
187.899994 0.932859 7.885960 0.143301 0.984568
188.000000 0.933187 7.884877 0.143729 0.984897
188.099991 0.930500 7.869800 0.140100 0.983100
188.199997 0.928872 7.869548 0.143457 0.983193
188.300003 0.929387 7.882011 0.148037 0.985577
188.399994 0.930845 7.884507 0.146217 0.985488
188.500000 0.929379 7.875963 0.147044 0.983995
188.599991 0.929043 7.883707 0.146317 0.984287
188.699997 0.930379 7.880964 0.145144 0.983995
188.800003 0.931709 7.883586 0.145068 0.984525
188.899994 0.930600 7.872000 0.143900 0.982800
189.000000 0.927793 7.853085 0.142614 0.979898
189.099991 0.931382 7.877147 0.146025 0.982920
189.199997 0.932127 7.880748 0.145542 0.983607
189.300003 0.931614 7.880024 0.145471 0.983303
189.399994 0.930721 7.878736 0.147956 0.983105
189.500000 0.930435 7.876562 0.144928 0.984008
189.599991 0.929593 7.864987 0.147515 0.982598
189.699997 0.930251 7.875914 0.146603 0.982688
189.800003 0.927362 7.853421 0.143473 0.980663
189.899994 0.929786 7.871574 0.142328 0.982096
190.000000 0.927814 7.869426 0.142771 0.982404
190.099991 0.927034 7.871484 0.142929 0.981483
190.199997 0.926844 7.874076 0.142614 0.981511
190.300003 0.926266 7.873614 0.144070 0.980118
190.399994 0.924868 7.858627 0.146268 0.977420
190.500000 0.925588 7.879118 0.147521 0.979069
190.599991 0.923662 7.877239 0.147274 0.978589
190.699997 0.922761 7.878839 0.149275 0.978689
190.800003 0.921116 7.877025 0.147071 0.978204
190.899994 0.920592 7.873487 0.147415 0.977798
191.000000 0.920148 7.881471 0.148611 0.978813
191.099991 0.918997 7.874950 0.146624 0.977227
191.199997 0.920863 7.883093 0.149680 0.978217
191.300003 0.919880 7.883816 0.147353 0.978122
191.399994 0.919576 7.884165 0.146544 0.977493
191.500000 0.919132 7.883247 0.147841 0.977109
191.599991 0.919400 7.882000 0.149500 0.976000
191.699997 0.919192 7.882188 0.144814 0.976298
191.800003 0.916134 7.875250 0.143043 0.974510
191.899994 0.918325 7.883335 0.146156 0.974108
192.000000 0.919035 7.884108 0.146517 0.974179
192.099991 0.918251 7.884431 0.147088 0.975285
192.199997 0.917493 7.878142 0.143487 0.975268
192.300003 0.917033 7.880691 0.139876 0.976338
192.399994 0.917600 7.882900 0.138300 0.977800
192.500000 0.918259 7.881841 0.137769 0.976388
192.599991 0.919344 7.883018 0.138997 0.977084
192.699997 0.918484 7.874274 0.140928 0.976495
192.800003 0.919888 7.882629 0.139047 0.977525
192.899994 0.920468 7.881853 0.141657 0.977691
193.000000 0.922962 7.880295 0.143785 0.978617
193.099991 0.922792 7.882884 0.144991 0.978041
193.199997 0.921331 7.882047 0.145142 0.977809
193.300003 0.919640 7.882059 0.142329 0.977111
193.399994 0.917375 7.871761 0.144343 0.975093
193.500000 0.919084 7.887077 0.142529 0.976695
193.599991 0.920280 7.886514 0.141558 0.977922
193.699997 0.917400 7.869300 0.140900 0.975900
193.800003 0.919405 7.886148 0.141516 0.977329
193.899994 0.919524 7.888134 0.144357 0.977307
194.000000 0.920656 7.889577 0.143599 0.977716
194.099991 0.919392 7.882988 0.142714 0.976698
194.199997 0.921255 7.890677 0.143300 0.977716
194.300003 0.921576 7.889267 0.142043 0.975993
194.399994 0.922062 7.889788 0.140787 0.976319
194.500000 0.921171 7.886902 0.138875 0.977820
194.599991 0.920384 7.882977 0.139728 0.977395
194.699997 0.919892 7.888289 0.139114 0.976698
194.800003 0.919700 7.888000 0.139700 0.976500
194.899994 0.920608 7.889011 0.139586 0.976202
195.000000 0.919524 7.873438 0.139358 0.975207
195.099991 0.916458 7.857001 0.139602 0.973918
195.199997 0.918492 7.866187 0.139714 0.975798
195.300003 0.920372 7.889200 0.137376 0.977820
195.399994 0.918738 7.882599 0.139862 0.978337
195.500000 0.920852 7.888733 0.140184 0.979087
195.599991 0.921100 7.889100 0.139800 0.980200
195.699997 0.920052 7.872724 0.142586 0.978587
195.800003 0.919600 7.887900 0.143000 0.981000
195.899994 0.919100 7.885201 0.147000 0.981400
196.000000 0.917957 7.886779 0.147597 0.980014
196.099991 0.916066 7.879152 0.143657 0.981593
196.199997 0.916558 7.877885 0.143400 0.981813
196.300003 0.917892 7.886388 0.141814 0.983698
196.399994 0.917792 7.882088 0.141214 0.982798
196.500000 0.917625 7.887333 0.141957 0.983905
196.599991 0.917050 7.884831 0.140584 0.982690
196.699997 0.917584 7.885577 0.139728 0.982196
196.800003 0.917541 7.885057 0.139930 0.982509
196.899994 0.916792 7.886625 0.139646 0.981920
197.000000 0.916225 7.887234 0.138858 0.980706
197.099991 0.916091 7.888656 0.140282 0.980975
197.199997 0.914885 7.887612 0.139760 0.981618
197.300003 0.914798 7.885763 0.135663 0.981177
197.399994 0.914626 7.880836 0.136159 0.981106
197.500000 0.916084 7.881418 0.135465 0.981219
197.599991 0.916300 7.884539 0.136536 0.981722
197.699997 0.914643 7.868365 0.134133 0.980610
197.800003 0.917050 7.884330 0.138283 0.982890
197.899994 0.918543 7.882118 0.137897 0.982488
198.000000 0.918903 7.882859 0.139968 0.982679
198.099991 0.917616 7.879924 0.138472 0.982104
198.199997 0.917033 7.880148 0.142143 0.983007
198.300003 0.914643 7.863868 0.144028 0.981009
198.399994 0.917474 7.876112 0.146368 0.980717
198.500000 0.915834 7.877249 0.145242 0.981207
198.599991 0.914634 7.877049 0.145542 0.980508
198.699997 0.913909 7.872913 0.143986 0.979802
198.800003 0.911447 7.875425 0.142886 0.979087
198.899994 0.911794 7.876652 0.140769 0.979676
199.000000 0.910118 7.863027 0.138972 0.977105
199.099991 0.911389 7.875225 0.139461 0.978022
199.199997 0.911136 7.877849 0.139344 0.978808
199.300003 0.910673 7.875162 0.139242 0.977493
199.399994 0.909899 7.872640 0.139147 0.977125
199.500000 0.911382 7.881777 0.136427 0.978996
199.599991 0.911062 7.881283 0.134006 0.980414
199.699997 0.913391 7.884789 0.135014 0.980398
199.800003 0.912983 7.887078 0.133527 0.980596
199.899994 0.914423 7.889601 0.130417 0.980382
