0.000000 0.999900 7.999500 1.000000 0.999700
0.100000 0.999200 7.992597 0.999400 0.998399
0.200000 0.998000 7.983200 0.998300 0.997500
0.300000 0.997101 7.978406 0.997201 0.996801
0.400000 0.995694 7.975366 0.995394 0.996095
0.500000 0.995101 7.969110 0.993902 0.995901
0.600000 0.994605 7.964832 0.992906 0.994605
0.700000 0.994399 7.961292 0.992699 0.992799
0.800000 0.993296 7.955173 0.992395 0.990694
0.900000 0.992408 7.955345 0.991508 0.989910
1.000000 0.991515 7.951388 0.991415 0.989219
1.100000 0.990989 7.949739 0.989187 0.987885
1.200000 0.989801 7.947405 0.988801 0.987701
1.300000 0.989299 7.943795 0.988499 0.987599
1.400000 0.988503 7.940818 0.987004 0.987204
1.500000 0.984809 7.918049 0.984010 0.984909
1.600000 0.986315 7.935871 0.986415 0.986315
1.700000 0.983685 7.921229 0.982885 0.984086
1.800000 0.984814 7.934059 0.983415 0.986512
1.900000 0.983992 7.935067 0.981791 0.986493
2.000000 0.981420 7.920588 0.979922 0.984517
2.100000 0.982102 7.926708 0.979602 0.985002
2.200000 0.979796 7.911482 0.975595 0.982096
2.300000 0.977900 7.908800 0.976500 0.981400
2.400000 0.978481 7.924833 0.978280 0.983085
2.500000 0.976507 7.921623 0.977307 0.981206
2.600000 0.977682 7.932547 0.978183 0.982486
2.700000 0.976912 7.933233 0.975412 0.982109
2.800000 0.976124 7.932368 0.976623 0.982318
2.900000 0.975383 7.932153 0.975883 0.981787
3.000000 0.973871 7.927620 0.974572 0.980879
3.100000 0.972481 7.927649 0.973882 0.981887
3.200000 0.971789 7.915866 0.972089 0.981092
3.300000 0.972000 7.922999 0.972300 0.982300
3.400000 0.971197 7.922892 0.972697 0.983198
3.500000 0.970000 7.923100 0.971200 0.982300
3.600000 0.969382 7.925655 0.970782 0.981589
3.700000 0.962822 7.867779 0.963522 0.974715
3.800000 0.970103 7.918509 0.968803 0.981402
3.900000 0.970233 7.921087 0.966537 0.981520
4.000000 0.970227 7.919073 0.966230 0.980418
4.100000 0.969275 7.923339 0.964972 0.980584
4.200000 0.968376 7.924282 0.962590 0.982143
4.300000 0.966297 7.928293 0.961596 0.982598
4.400000 0.965510 7.925523 0.961212 0.982605
4.500000 0.964572 7.924740 0.961169 0.981185
4.600000 0.960244 7.913295 0.958046 0.980521
4.700000 0.960900 7.924800 0.956100 0.983300
4.800000 0.961535 7.923069 0.954741 0.983715
4.900000 0.960204 7.925208 0.951605 0.983802
5.000000 0.958930 7.925874 0.949113 0.983071
5.100000 0.957304 7.925008 0.949505 0.982602
5.200000 0.956031 7.922254 0.949036 0.981413
5.300000 0.953982 7.911665 0.945678 0.980692
5.400000 0.955418 7.929228 0.945922 0.982507
5.500000 0.954177 7.923062 0.944172 0.980790
5.600000 0.954900 7.929300 0.944500 0.980500
5.700000 0.953995 7.919792 0.941994 0.980098
5.800000 0.955464 7.926742 0.944255 0.980785
5.900000 0.948226 7.870765 0.937131 0.973213
6.000000 0.954746 7.924409 0.942731 0.979475
6.100000 0.954923 7.925337 0.940530 0.978611
6.200000 0.953419 7.926129 0.938025 0.978609
6.300000 0.952110 7.923715 0.935413 0.977904
6.400000 0.952400 7.921200 0.934800 0.979100
6.500000 0.950910 7.920416 0.935113 0.979804
6.600000 0.950095 7.919492 0.936894 0.979598
6.700000 0.950055 7.922085 0.935871 0.980022
6.800000 0.950020 7.918933 0.934926 0.979508
6.900000 0.947495 7.914092 0.936494 0.978598
7.000000 0.947684 7.918476 0.935981 0.979994
7.100000 0.948052 7.918382 0.937463 0.981019
7.200000 0.947400 7.918000 0.936000 0.982300
7.300000 0.946305 7.918908 0.932407 0.981602
7.400000 0.945311 7.913118 0.928914 0.980604
7.500000 0.943845 7.913370 0.928657 0.982014
7.600000 0.940324 7.896042 0.924730 0.980308
7.700000 0.942929 7.916941 0.926737 0.981609
7.800000 0.942317 7.917524 0.927122 0.981306
7.900000 0.942529 7.917641 0.926237 0.981309
8.000000 0.942617 7.920324 0.925322 0.982205
8.099999 0.941852 7.916075 0.925967 0.981816
8.200000 0.937725 7.893542 0.923730 0.979808
8.300000 0.940736 7.919448 0.926044 0.983710
8.400000 0.940188 7.915983 0.925385 0.982497
8.500000 0.940782 7.913174 0.925178 0.983195
8.599999 0.939270 7.909555 0.925963 0.982391
8.700000 0.938674 7.911806 0.925190 0.982721
8.800000 0.938151 7.910328 0.921737 0.982386
8.900000 0.938667 7.912197 0.919189 0.982619
9.000000 0.938937 7.911553 0.920548 0.983110
9.099999 0.937725 7.912436 0.920032 0.981807
9.200000 0.937999 7.911841 0.918231 0.982528
9.300000 0.938531 7.911244 0.919140 0.981709
9.400000 0.934976 7.889390 0.918746 0.979160
9.500000 0.938469 7.908354 0.920160 0.981391
9.599999 0.937800 7.909600 0.917000 0.980800
9.700000 0.938068 7.911298 0.916891 0.979822
9.800000 0.936513 7.910318 0.916917 0.979704
9.900000 0.936051 7.912870 0.916966 0.980516
10.000000 0.935119 7.911526 0.916725 0.979606
10.099999 0.934467 7.908955 0.916458 0.979890
10.200000 0.933280 7.904671 0.915975 0.978794
10.300000 0.933340 7.909855 0.915451 0.980911
10.400000 0.931193 7.894389 0.913291 0.979198
10.500000 0.931875 7.890321 0.909899 0.978624
10.599999 0.933587 7.908682 0.915083 0.980696
10.700000 0.935316 7.910383 0.913488 0.981476
10.800000 0.935758 7.908083 0.914377 0.980917
10.900000 0.934935 7.902302 0.912513 0.979780
11.000000 0.933480 7.904715 0.915102 0.980424
11.099999 0.933826 7.905038 0.913335 0.980208
11.200000 0.931279 7.882365 0.908973 0.978393
11.300000 0.934518 7.904572 0.909563 0.980735
11.400000 0.936394 7.903690 0.908591 0.981898
11.500000 0.935304 7.901657 0.907847 0.980531
11.599999 0.934952 7.901679 0.906675 0.979716
11.700000 0.934580 7.900070 0.905572 0.980194
11.800000 0.934861 7.902241 0.906344 0.981189
11.900000 0.931293 7.885488 0.902290 0.979098
12.000000 0.933054 7.903277 0.905675 0.981415
12.099999 0.932520 7.904628 0.903329 0.980906
12.200000 0.932027 7.904238 0.902139 0.982807
12.300000 0.930986 7.895380 0.901780 0.981596
12.400000 0.932720 7.902429 0.899130 0.982305
12.500000 0.933127 7.903683 0.898792 0.983531
12.599999 0.932827 7.901940 0.896341 0.983806
12.700000 0.932953 7.900431 0.893826 0.984489
12.799999 0.929872 7.874750 0.890856 0.981092
12.900000 0.932227 7.896242 0.895642 0.985006
13.000000 0.932132 7.895996 0.894294 0.985586
13.099999 0.933393 7.897144 0.893249 0.985021
13.200000 0.933699 7.899351 0.892062 0.984124
13.299999 0.933513 7.896721 0.890222 0.984503
13.400000 0.928436 7.855970 0.884196 0.978781
13.500000 0.934213 7.897320 0.890022 0.984603
13.599999 0.933726 7.899240 0.889344 0.985906
13.700000 0.934226 7.900939 0.888545 0.984506
13.799999 0.931425 7.892982 0.887176 0.982881
13.900000 0.932688 7.900229 0.885449 0.983022
14.000000 0.931675 7.898012 0.886525 0.983318
14.099999 0.931331 7.896796 0.884985 0.983483
14.200000 0.932534 7.896951 0.884058 0.983708
14.299999 0.931434 7.894853 0.881359 0.983208
14.400000 0.931732 7.888689 0.883283 0.983083
14.500000 0.933220 7.891933 0.885834 0.982905
14.599999 0.933587 7.890479 0.885777 0.981996
14.700000 0.933560 7.893795 0.885603 0.981617
14.799999 0.933787 7.893579 0.885577 0.979696
14.900000 0.933793 7.893889 0.884388 0.978098
15.000000 0.927422 7.849545 0.879136 0.973208
15.099999 0.932508 7.886082 0.883187 0.978534
15.200000 0.932478 7.884892 0.883290 0.978862
15.299999 0.934046 7.885580 0.880484 0.978515
15.400000 0.932086 7.866073 0.877976 0.975595
15.500000 0.933680 7.885466 0.882365 0.978093
15.599999 0.933260 7.882229 0.880228 0.977386
15.700000 0.934139 7.890366 0.877673 0.979312
15.799999 0.934159 7.894195 0.874013 0.978819
15.900000 0.930693 7.872387 0.871387 0.975898
16.000000 0.931634 7.885657 0.874363 0.977711
16.100000 0.930938 7.892503 0.869182 0.979482
16.199999 0.928686 7.884638 0.869357 0.977327
16.299999 0.928729 7.884547 0.868353 0.976909
16.400000 0.930114 7.894321 0.869926 0.978204
16.500000 0.928600 7.878400 0.866800 0.976600
16.600000 0.930351 7.891024 0.866507 0.978485
16.699999 0.929507 7.889112 0.866713 0.978502
16.799999 0.927029 7.867054 0.863055 0.976709
16.900000 0.929993 7.886788 0.865787 0.978298
17.000000 0.929357 7.886191 0.868405 0.979017
17.100000 0.926863 7.888244 0.865433 0.978389
17.199999 0.924700 7.878600 0.861100 0.976300
17.299999 0.925205 7.883763 0.859696 0.975734
17.400000 0.925793 7.893889 0.858086 0.978498
17.500000 0.924392 7.886589 0.856286 0.978298
17.600000 0.924700 7.890500 0.854500 0.979200
17.699999 0.926301 7.891507 0.853204 0.980748
17.799999 0.924808 7.882812 0.851815 0.978402
17.900000 0.924838 7.887256 0.849575 0.980110
18.000000 0.924725 7.884984 0.846146 0.978979
18.100000 0.923738 7.883958 0.843378 0.979210
18.199999 0.921547 7.885069 0.843294 0.978913
18.299999 0.919732 7.882847 0.845062 0.980108
18.400000 0.920816 7.879124 0.846431 0.979804
18.500000 0.920000 7.878800 0.847300 0.979700
18.600000 0.920476 7.878664 0.847154 0.979694
18.699999 0.919824 7.867040 0.840548 0.978406
18.799999 0.922685 7.880376 0.842068 0.980296
18.900000 0.922269 7.877351 0.839436 0.981192
19.000000 0.922785 7.877875 0.843469 0.982196
19.100000 0.923462 7.880441 0.841821 0.981291
19.199999 0.923585 7.883377 0.841168 0.981696
19.299999 0.923008 7.881911 0.840516 0.981302
19.400000 0.922284 7.880276 0.838768 0.981796
19.500000 0.922446 7.881517 0.836786 0.982588
19.600000 0.921008 7.881312 0.838316 0.982102
19.699999 0.919856 7.877985 0.835015 0.981413
19.799999 0.919944 7.877814 0.829781 0.981287
19.900000 0.920204 7.878655 0.832199 0.981578
20.000000 0.915524 7.857772 0.826644 0.979782
20.100000 0.916259 7.863996 0.824823 0.979514
20.199999 0.919092 7.880588 0.822082 0.981298
20.299999 0.919516 7.880724 0.822336 0.981004
20.400000 0.919952 7.878927 0.821693 0.980688
20.500000 0.919481 7.881119 0.822078 0.981119
20.600000 0.918897 7.880843 0.818418 0.982521
20.699999 0.917584 7.883477 0.816763 0.982196
20.799999 0.918667 7.883554 0.818928 0.982593
20.900000 0.919760 7.881841 0.820010 0.981891
21.000000 0.918367 7.869848 0.814926 0.980992
21.100000 0.918535 7.876902 0.816153 0.981785
21.199999 0.915242 7.854073 0.815992 0.979011
21.299999 0.917890 7.877535 0.820098 0.982120
21.400000 0.918427 7.871284 0.818637 0.981183
21.500000 0.919419 7.879980 0.821021 0.980781
21.600000 0.919368 7.880352 0.824830 0.980492
21.699999 0.919456 7.881283 0.823224 0.980913
21.799999 0.921334 7.881302 0.823201 0.980333
21.900000 0.919868 7.877651 0.823730 0.980092
22.000000 0.922331 7.878349 0.824070 0.979508
22.100000 0.920432 7.875950 0.824370 0.980308
22.199999 0.921492 7.876787 0.826083 0.980098
22.299999 0.922639 7.877561 0.826387 0.980910
22.400000 0.922939 7.877661 0.826387 0.980710
22.500000 0.921369 7.871849 0.821729 0.979892
22.600000 0.922707 7.877453 0.818482 0.979876
22.699999 0.924130 7.880248 0.815674 0.979908
22.799999 0.923123 7.876237 0.812856 0.979606
22.900000 0.922631 7.879148 0.818173 0.979508
23.000000 0.920136 7.873299 0.817554 0.978883
23.100000 0.920900 7.882900 0.816500 0.980100
23.199999 0.922330 7.881494 0.816034 0.980683
23.299999 0.922238 7.883507 0.818054 0.980985
23.400000 0.920572 7.884404 0.814167 0.981017
23.500000 0.919640 7.881859 0.813793 0.982909
23.600000 0.920268 7.878952 0.811825 0.982993
23.699999 0.922154 7.878685 0.807635 0.983611
23.799999 0.921084 7.877975 0.808362 0.984497
23.900000 0.921786 7.877335 0.809709 0.983718
24.000000 0.921508 7.876312 0.808019 0.984702
24.100000 0.919292 7.876287 0.805681 0.984798
24.199999 0.916067 7.866107 0.805655 0.983413
24.299999 0.916184 7.872128 0.802198 0.983117
24.400000 0.915407 7.874062 0.806087 0.982981
24.500000 0.917525 7.875537 0.807258 0.982805
24.600000 0.919016 7.876524 0.808538 0.982304
24.699999 0.920444 7.875914 0.810567 0.982087
24.799999 0.919100 7.872700 0.809100 0.982300
24.900000 0.919636 7.867594 0.806946 0.981185
25.000000 0.919224 7.874538 0.804959 0.982605
25.100000 0.919116 7.874025 0.804539 0.982204
25.199999 0.915734 7.839964 0.803778 0.977309
25.299999 0.919340 7.871864 0.809295 0.980510
25.400000 0.920068 7.874050 0.808323 0.981993
25.500000 0.920408 7.874312 0.809419 0.981702
25.599998 0.922454 7.876586 0.809034 0.981613
25.699999 0.921498 7.873235 0.805547 0.981376
25.799999 0.921563 7.873900 0.801958 0.982014
25.900000 0.921961 7.873736 0.805903 0.981091
26.000000 0.921132 7.874750 0.807177 0.979708
26.099998 0.920348 7.871477 0.805517 0.978713
26.199999 0.919920 7.873173 0.803904 0.979079
26.299999 0.920732 7.875350 0.801080 0.979108
26.400000 0.920400 7.874600 0.801200 0.979900
26.500000 0.917666 7.873501 0.794564 0.981015
26.599998 0.919788 7.875125 0.797316 0.980473
26.699999 0.918651 7.873924 0.798079 0.980288
26.799999 0.919389 7.876436 0.799421 0.980921
26.900000 0.917816 7.866827 0.796541 0.980104
27.000000 0.916267 7.869404 0.797762 0.981715
27.099998 0.915200 7.870000 0.796000 0.982100
27.199999 0.914983 7.869274 0.792358 0.981396
27.299999 0.913691 7.870287 0.790879 0.982098
27.400000 0.915349 7.873524 0.789974 0.982489
27.500000 0.916858 7.876786 0.788348 0.983611
27.599998 0.917076 7.876214 0.785078 0.983275
27.699999 0.916083 7.867815 0.786401 0.980473
27.799999 0.917758 7.871690 0.785250 0.981613
27.900000 0.918106 7.864676 0.781584 0.980026
28.000000 0.918125 7.868939 0.781566 0.981206
28.099998 0.918057 7.871290 0.782952 0.981813
28.199999 0.916433 7.861189 0.781025 0.980284
28.299999 0.918218 7.871772 0.782783 0.981481
28.400000 0.919568 7.874850 0.781413 0.981993
28.500000 0.919852 7.876525 0.778267 0.982189
28.599998 0.920552 7.879929 0.775065 0.981389
28.699999 0.921261 7.876238 0.772286 0.981291
28.799999 0.922577 7.881965 0.767630 0.981795
28.900000 0.920052 7.877526 0.763958 0.981289
29.000000 0.917682 7.868831 0.756543 0.980020
29.099998 0.916767 7.878797 0.755895 0.980815
29.199999 0.920955 7.884181 0.755171 0.981013
29.299999 0.921637 7.886810 0.754904 0.980384
29.400000 0.922739 7.885158 0.755622 0.980510
29.500000 0.922132 7.883698 0.759309 0.980833
29.599998 0.922100 7.884099 0.756800 0.981200
29.699999 0.920603 7.883152 0.754020 0.979427
29.799999 0.919440 7.879760 0.754423 0.978911
29.900000 0.919640 7.879760 0.752524 0.977911
30.000000 0.919612 7.879968 0.751627 0.979177
30.099998 0.919208 7.881712 0.753025 0.978302
30.199999 0.918614 7.878970 0.752946 0.977232
30.299999 0.916808 7.875663 0.749024 0.977375
30.400000 0.917866 7.881595 0.744904 0.978817
30.500000 0.917333 7.882348 0.741703 0.978209
30.599998 0.917049 7.879716 0.739968 0.978738
30.699999 0.917258 7.882582 0.740482 0.979015
30.799999 0.915641 7.879316 0.740118 0.978785
30.900000 0.915710 7.882053 0.739239 0.978029
31.000000 0.916875 7.881665 0.739422 0.977293
31.099998 0.918057 7.882882 0.738583 0.978515
31.199999 0.918184 7.883176 0.738148 0.979696
31.299999 0.919313 7.884761 0.737567 0.980527
31.400000 0.919149 7.883670 0.736658 0.981011
31.500000 0.919076 7.886065 0.736821 0.979494
31.599998 0.919784 7.886778 0.736047 0.979696
31.699999 0.919100 7.885200 0.737500 0.980600
31.799999 0.919704 7.885162 0.736784 0.979976
31.900000 0.920692 7.885288 0.740174 0.980498
32.000000 0.921355 7.883682 0.740182 0.980214
32.099998 0.918749 7.880971 0.740856 0.979612
32.200001 0.918025 7.878037 0.743077 0.977807
32.299999 0.917242 7.862804 0.739017 0.975983
32.399998 0.916333 7.863355 0.734206 0.976409
32.500000 0.917684 7.879376 0.734647 0.977696
32.599998 0.917541 7.877061 0.737631 0.978211
32.700001 0.919816 7.878224 0.741952 0.978604
32.799999 0.920336 7.876602 0.741994 0.978483
32.899998 0.921908 7.879812 0.743026 0.977302
33.000000 0.920208 7.874813 0.739026 0.976802
33.099998 0.919832 7.872251 0.739304 0.976309
33.200001 0.918806 7.877658 0.739139 0.976530
33.299999 0.919587 7.877028 0.736531 0.976467
33.399998 0.917208 7.880812 0.734527 0.975602
33.500000 0.915966 7.882853 0.731293 0.975890
33.599998 0.915451 7.879272 0.731961 0.974615
33.700001 0.915418 7.879069 0.734072 0.973437
33.799999 0.917167 7.880252 0.735794 0.975290
33.899998 0.917608 7.880713 0.733327 0.976202
34.000000 0.917716 7.879924 0.734253 0.975905
34.099998 0.915456 7.874587 0.731744 0.977061
34.200001 0.916083 7.877629 0.728820 0.978270
34.299999 0.915535 7.879493 0.728235 0.978035
34.399998 0.916275 7.877411 0.725947 0.977720
34.500000 0.914991 7.870387 0.722572 0.977198
34.599998 0.915876 7.868119 0.721051 0.975022
34.700001 0.916742 7.877062 0.724338 0.976312
34.799999 0.917200 7.878400 0.721900 0.975200
34.899998 0.917701 7.877052 0.721165 0.975971
35.000000 0.912800 7.850800 0.716400 0.971800
35.099998 0.917000 7.876400 0.718300 0.973800
35.200001 0.917484 7.877128 0.718806 0.974164
35.299999 0.915883 7.878275 0.718144 0.975795
35.399998 0.915441 7.877614 0.720704 0.975283
35.500000 0.914277 7.877610 0.721451 0.975522
35.599998 0.914100 7.878300 0.721200 0.975800
35.700001 0.911765 7.861845 0.722189 0.975290
35.799999 0.913231 7.873699 0.725881 0.976982
35.899998 0.914913 7.877430 0.724895 0.977751
36.000000 0.915144 7.878706 0.724269 0.978237
36.099998 0.913686 7.876623 0.727273 0.978022
36.200001 0.912944 7.876961 0.721139 0.978211
36.299999 0.913731 7.879104 0.718175 0.977682
36.399998 0.914400 7.882700 0.713500 0.977900
36.500000 0.915600 7.885200 0.715300 0.978500
36.599998 0.916008 7.886211 0.708529 0.978202
36.700001 0.917359 7.886843 0.712056 0.977889
36.799999 0.918123 7.888467 0.710135 0.978432
36.899998 0.917416 7.888456 0.713801 0.978830
37.000000 0.916392 7.884989 0.715872 0.977698
37.099998 0.917426 7.882195 0.710539 0.978381
37.200001 0.913017 7.860229 0.710658 0.975905
37.299999 0.916325 7.879537 0.709987 0.977707
37.399998 0.916542 7.878461 0.711144 0.976912
37.500000 0.916083 7.879976 0.709542 0.978196
37.599998 0.913662 7.862580 0.705329 0.976162
37.700001 0.914009 7.879412 0.704130 0.977502
37.799999 0.912517 7.877625 0.702360 0.978004
37.899998 0.913043 7.873564 0.702749 0.978611
38.000000 0.913017 7.867026 0.701660 0.977804
38.099998 0.913191 7.872087 0.702770 0.979198
38.200001 0.914715 7.876577 0.695896 0.979580
38.299999 0.915308 7.876112 0.699130 0.979502
38.399998 0.914962 7.876734 0.702066 0.979040
38.500000 0.914526 7.875937 0.700690 0.979106
38.599998 0.916275 7.876963 0.701410 0.979794
38.700001 0.914711 7.876361 0.705483 0.981125
38.799999 0.914957 7.876039 0.709955 0.981491
38.899998 0.914968 7.877598 0.711731 0.983114
39.000000 0.911879 7.865820 0.707463 0.982016
39.099998 0.915175 7.874362 0.707212 0.983795
39.200001 0.915258 7.869935 0.707354 0.983692
39.299999 0.914777 7.868518 0.710461 0.983515
39.399998 0.914391 7.868887 0.709071 0.984298
39.500000 0.914683 7.871475 0.708142 0.983397
39.599998 0.913683 7.874175 0.705241 0.982797
39.700001 0.913091 7.872787 0.699070 0.982598
39.799999 0.915767 7.874500 0.699341 0.983413
39.899998 0.915675 7.875562 0.698409 0.983495
40.000000 0.915075 7.877163 0.695809 0.982495
40.099998 0.914817 7.871626 0.691362 0.982204
40.200001 0.913791 7.863986 0.693669 0.980998
40.299999 0.915366 7.877551 0.694078 0.981693
40.399998 0.914260 7.876787 0.694214 0.982612
40.500000 0.914877 7.877710 0.688181 0.980917
40.599998 0.914777 7.877710 0.686982 0.981517
40.700001 0.911173 7.848654 0.684805 0.978594
40.799999 0.914374 7.873962 0.687706 0.981795
40.899998 0.914071 7.873109 0.685228 0.982374
41.000000 0.913652 7.871777 0.683690 0.981211
41.099998 0.914269 7.871403 0.685052 0.980016
41.200001 0.914985 7.871129 0.685415 0.980519
41.299999 0.914585 7.871428 0.692208 0.982018
41.399998 0.913769 7.868905 0.688050 0.981914
41.500000 0.913743 7.868066 0.691054 0.981909
41.599998 0.910464 7.850140 0.692377 0.979292
41.700001 0.912926 7.868239 0.696591 0.979606
41.799999 0.911127 7.870139 0.695591 0.978906
41.899998 0.910354 7.868879 0.699480 0.978913
42.000000 0.910282 7.863473 0.698040 0.977796
42.099998 0.909791 7.873287 0.692869 0.979098
42.200001 0.909755 7.868834 0.691646 0.979190
42.299999 0.910272 7.864708 0.695344 0.978717
42.399998 0.911411 7.867367 0.697798 0.979780
42.500000 0.909792 7.866039 0.693432 0.978074
42.599998 0.908900 7.868199 0.693400 0.977400
42.700001 0.910236 7.868652 0.690924 0.979208
42.799999 0.911091 7.871488 0.689069 0.978698
42.899998 0.911253 7.873376 0.685189 0.979312
43.000000 0.911676 7.872522 0.682856 0.979872
43.099998 0.911829 7.869396 0.688451 0.980084
43.200001 0.912556 7.875338 0.686243 0.981491
43.299999 0.911726 7.873838 0.689893 0.981006
43.399998 0.910401 7.872360 0.689358 0.980879
43.500000 0.909091 7.868187 0.686569 0.982098
43.599998 0.909155 7.870535 0.685343 0.982291
43.700001 0.907411 7.861267 0.684878 0.981822
43.799999 0.907928 7.870139 0.684695 0.982205
43.899998 0.909236 7.872551 0.684426 0.982407
44.000000 0.908873 7.873162 0.685806 0.982895
44.099998 0.907865 7.870491 0.682123 0.983212
44.200001 0.908500 7.875700 0.679500 0.983700
44.299999 0.909382 7.875075 0.684037 0.983197
44.399998 0.909309 7.877212 0.680232 0.982602
44.500000 0.906800 7.863600 0.677700 0.982100
44.599998 0.909118 7.875625 0.678364 0.982304
44.700001 0.909837 7.877114 0.676474 0.982788
44.799999 0.910108 7.878745 0.674790 0.983320
44.899998 0.909645 7.879460 0.672764 0.984908
45.000000 0.910693 7.876752 0.671706 0.985382
45.099998 0.910936 7.874550 0.666733 0.985606
45.200001 0.909018 7.865427 0.660568 0.985103
45.299999 0.908991 7.868631 0.655744 0.986314
45.399998 0.909127 7.871038 0.656803 0.986704
45.500000 0.910381 7.871716 0.656909 0.987012
45.599998 0.908072 7.862759 0.655697 0.985196
45.700001 0.907400 7.868600 0.656500 0.985600
45.799999 0.908117 7.868882 0.655890 0.986288
45.899998 0.910144 7.869608 0.654054 0.986022
46.000000 0.910409 7.868213 0.656234 0.986901
46.099998 0.911018 7.866926 0.654569 0.986603
46.200001 0.911016 7.869170 0.652851 0.986917
46.299999 0.911338 7.868808 0.651356 0.987291
46.399998 0.910873 7.867761 0.654496 0.986496
46.500000 0.911324 7.870780 0.655582 0.986219
46.599998 0.912504 7.873762 0.658024 0.984583
46.700001 0.912296 7.874338 0.660573 0.983918
46.799999 0.911812 7.874575 0.660460 0.984484
46.899998 0.912579 7.874912 0.662304 0.983815
47.000000 0.914031 7.875200 0.654924 0.982686
47.099998 0.914643 7.873963 0.652074 0.982409
47.200001 0.914126 7.876737 0.652404 0.982405
47.299999 0.913317 7.875625 0.649870 0.982304
47.399998 0.915841 7.875613 0.652457 0.982788
47.500000 0.917133 7.876450 0.655038 0.981308
47.599998 0.917475 7.875863 0.654496 0.981494
47.700001 0.916625 7.877437 0.657903 0.982105
47.799999 0.914009 7.862914 0.654435 0.981002
47.899998 0.915117 7.875225 0.651070 0.980904
48.000000 0.914191 7.869987 0.647965 0.981098
48.099998 0.916166 7.874450 0.649860 0.981593
48.200001 0.916233 7.877649 0.649240 0.981308
48.299999 0.914217 7.876625 0.652270 0.981904
48.399998 0.912530 7.872398 0.651021 0.981685
48.500000 0.913936 7.872959 0.651939 0.981365
48.599998 0.913257 7.872136 0.652126 0.981491
48.700001 0.913648 7.870422 0.656194 0.981089
48.799999 0.912690 7.866880 0.658982 0.980754
48.899998 0.911800 7.853100 0.659400 0.979000
49.000000 0.912479 7.867020 0.659107 0.981417
49.099998 0.912461 7.868592 0.655941 0.981513
49.200001 0.911191 7.858886 0.651465 0.981198
49.299999 0.911576 7.863608 0.652614 0.980272
49.399998 0.912088 7.865335 0.649151 0.981519
49.500000 0.912709 7.865213 0.650635 0.981902
49.599998 0.913361 7.866094 0.653742 0.981913
49.700001 0.914915 7.866467 0.652152 0.982482
49.799999 0.913969 7.858113 0.650979 0.981515
49.899998 0.915551 7.868379 0.651909 0.982710
50.000000 0.915076 7.868519 0.653112 0.982815
50.099998 0.914574 7.868361 0.656497 0.982395
50.200001 0.914566 7.863245 0.657863 0.980992
50.299999 0.915376 7.870017 0.658108 0.982416
50.399998 0.914781 7.870218 0.657220 0.983777
50.500000 0.913943 7.870165 0.657371 0.984208
50.599998 0.912235 7.853358 0.654838 0.981507
50.700001 0.913543 7.868465 0.654972 0.983208
50.799999 0.913509 7.868913 0.655634 0.982402
50.899998 0.912900 7.850300 0.652900 0.979500
51.000000 0.916050 7.869878 0.655307 0.980512
51.099998 0.916750 7.866920 0.657094 0.980088
51.199997 0.918026 7.870284 0.656090 0.980583
51.299999 0.917142 7.866207 0.653257 0.981487
51.399998 0.915924 7.863377 0.654089 0.980482
51.500000 0.916408 7.867755 0.649815 0.980979
51.599998 0.914131 7.867194 0.646517 0.980384
51.699997 0.912618 7.860628 0.647371 0.981104
51.799999 0.910446 7.844907 0.647188 0.979788
51.899998 0.914020 7.864590 0.649091 0.980727
52.000000 0.913387 7.864336 0.652348 0.981119
52.099998 0.913891 7.864686 0.651065 0.982398
52.199997 0.912883 7.862873 0.651330 0.981396
52.299999 0.913035 7.864754 0.652639 0.980808
52.399998 0.914052 7.869079 0.650710 0.980112
52.500000 0.913691 7.867687 0.650465 0.981098
52.599998 0.913200 7.866900 0.650300 0.980900
52.699997 0.913591 7.870887 0.652365 0.982598
52.799999 0.914234 7.869052 0.655538 0.982207
52.899998 0.911991 7.869487 0.657466 0.981898
53.000000 0.912670 7.869304 0.654976 0.981615
53.099998 0.914366 7.874550 0.653361 0.982193
53.199997 0.913096 7.860232 0.651282 0.981378
53.299999 0.914297 7.873848 0.650180 0.984782
53.399998 0.914785 7.874925 0.648751 0.984116
53.500000 0.914326 7.875537 0.650605 0.983305
53.599998 0.914757 7.875137 0.649825 0.984092
53.699997 0.915933 7.874599 0.650821 0.984388
53.799999 0.916783 7.875225 0.651548 0.984615
53.899998 0.916158 7.872536 0.650225 0.984592
54.000000 0.915549 7.874424 0.645187 0.985091
54.099998 0.915476 7.875512 0.646218 0.984014
54.199997 0.915200 7.872001 0.652100 0.984300
54.299999 0.914317 7.872025 0.652869 0.985203
54.399998 0.917258 7.876687 0.647647 0.986010
54.500000 0.917674 7.876112 0.649615 0.985713
54.599998 0.915217 7.871826 0.645971 0.985203
54.699997 0.915651 7.873776 0.645313 0.984409
54.799999 0.915147 7.872972 0.645261 0.984773
54.899998 0.915166 7.870848 0.649660 0.983693
55.000000 0.913295 7.860154 0.646189 0.982619
55.099998 0.913570 7.865598 0.649374 0.984577
55.199997 0.913704 7.867659 0.653316 0.984618
55.299999 0.911427 7.852544 0.651205 0.981306
55.399998 0.912216 7.868224 0.654575 0.983365
55.500000 0.913135 7.868952 0.652639 0.982707
55.599998 0.912361 7.867593 0.655741 0.982113
55.699997 0.912461 7.870491 0.652543 0.981713
55.799999 0.913209 7.872413 0.653635 0.981702
55.899998 0.913940 7.872811 0.652357 0.981487
56.000000 0.914449 7.874724 0.652792 0.982089
56.099998 0.913139 7.873511 0.651356 0.982788
56.199997 0.912021 7.866981 0.649084 0.981984
56.299999 0.911309 7.870013 0.656034 0.982402
56.399998 0.909118 7.871026 0.654569 0.982404
56.500000 0.909382 7.873214 0.654711 0.981916
56.599998 0.908663 7.872849 0.653962 0.981092
56.699997 0.909346 7.868822 0.654293 0.981689
56.799999 0.909127 7.871297 0.653423 0.980885
56.899998 0.907908 7.872172 0.653453 0.981181
57.000000 0.907946 7.868966 0.647976 0.981709
57.099998 0.907146 7.860270 0.649775 0.980010
57.199997 0.906872 7.868961 0.649195 0.980594
57.299999 0.907745 7.872523 0.652692 0.982089
57.399998 0.904529 7.861142 0.647906 0.980706
57.500000 0.904999 7.866979 0.650334 0.981439
57.599998 0.906106 7.866366 0.652553 0.981682
57.699997 0.906419 7.863127 0.649870 0.980704
57.799999 0.906144 7.864319 0.651591 0.980788
57.899998 0.905453 7.860631 0.650225 0.980790
58.000000 0.906032 7.865289 0.650789 0.982025
58.099998 0.906809 7.865213 0.653535 0.981902
58.199997 0.906607 7.862663 0.651351 0.982082
58.299999 0.907030 7.863891 0.647294 0.981226
58.399998 0.907598 7.862648 0.653118 0.981580
58.500000 0.909054 7.863782 0.657452 0.981070
58.599998 0.908809 7.865265 0.655455 0.981281
58.699997 0.904104 7.824124 0.652152 0.977277
58.799999 0.907437 7.857357 0.646541 0.981407
58.899998 0.908400 7.864100 0.650400 0.982500
59.000000 0.908190 7.863236 0.650280 0.980777
59.099998 0.909173 7.864608 0.646583 0.981315
59.199997 0.908836 7.863754 0.643343 0.981807
59.299999 0.907543 7.862165 0.651508 0.982170
59.399998 0.907646 7.858471 0.650975 0.981809
59.500000 0.905778 7.831181 0.645639 0.978072
59.599998 0.908062 7.856284 0.649174 0.979970
59.699997 0.908545 7.853312 0.649590 0.978087
59.799999 0.909036 7.859501 0.648754 0.978785
59.899998 0.910410 7.861662 0.644745 0.979279
60.000000 0.908555 7.862083 0.644613 0.979912
60.099998 0.910064 7.860644 0.643457 0.979192
60.199997 0.907555 7.861883 0.645013 0.979113
60.299999 0.908254 7.862031 0.647023 0.979890
60.399998 0.907855 7.863982 0.643614 0.978913
60.500000 0.906909 7.865813 0.643036 0.978102
60.599998 0.906188 7.864970 0.644112 0.976946
60.699997 0.905609 7.865414 0.643736 0.976202
60.799999 0.905386 7.864237 0.636063 0.975270
60.899998 0.904652 7.865433 0.637819 0.975188
61.000000 0.905104 7.868145 0.634602 0.974428
61.099998 0.904595 7.860747 0.632496 0.974272
61.199997 0.906303 7.867646 0.634202 0.975827
61.299999 0.904333 7.847494 0.633644 0.973081
61.399998 0.905915 7.867981 0.635172 0.976379
61.500000 0.908109 7.870013 0.635237 0.974903
61.599998 0.908491 7.867233 0.638462 0.974825
61.699997 0.907007 7.865966 0.634935 0.974675
61.799999 0.906735 7.867608 0.633443 0.974182
61.899998 0.905668 7.859904 0.633787 0.973363
62.000000 0.905809 7.869813 0.628437 0.972403
62.099998 0.904710 7.866914 0.623838 0.973103
62.199997 0.905609 7.866313 0.618838 0.973503
62.299999 0.905409 7.862814 0.612339 0.974203
62.399998 0.907389 7.864938 0.614237 0.974469
62.500000 0.908710 7.865461 0.617559 0.975230
62.599998 0.907091 7.860386 0.617162 0.975398
62.699997 0.906788 7.860032 0.617141 0.975871
62.799999 0.908746 7.860769 0.617791 0.976812
62.899998 0.910127 7.863041 0.616515 0.976307
63.000000 0.910564 7.866046 0.615246 0.976891
63.099998 0.910274 7.866814 0.611055 0.975766
63.199997 0.907782 7.857771 0.606321 0.975995
63.299999 0.905071 7.851756 0.605282 0.975593
63.399998 0.905328 7.847246 0.600220 0.974808
63.500000 0.906244 7.860416 0.604062 0.977687
63.599998 0.905415 7.860374 0.603944 0.978381
63.699997 0.904662 7.858143 0.603141 0.977191
63.799999 0.902420 7.854529 0.599180 0.976305
63.899998 0.902502 7.857858 0.598799 0.976577
64.000000 0.904114 7.857972 0.600340 0.976979
64.099998 0.904486 7.857028 0.600759 0.976521
64.199997 0.903829 7.859842 0.597021 0.975607
64.299995 0.903206 7.858756 0.595845 0.975926
64.400002 0.902554 7.856986 0.594892 0.975864
64.500000 0.900190 7.836983 0.594259 0.972497
64.599998 0.902139 7.855958 0.592663 0.974910
64.699997 0.902080 7.860672 0.592619 0.973895
64.799995 0.901549 7.860770 0.593603 0.975112
64.900002 0.900770 7.861159 0.590777 0.975193
65.000000 0.901671 7.858558 0.590677 0.975693
65.099998 0.903339 7.860955 0.589764 0.974410
65.199997 0.904562 7.862745 0.591837 0.973990
65.299995 0.905487 7.861934 0.587505 0.975671
65.400002 0.903800 7.846500 0.587000 0.973600
65.500000 0.908236 7.863404 0.578705 0.974882
65.599998 0.907806 7.864916 0.573304 0.975749
65.699997 0.909418 7.866680 0.579221 0.976279
65.799995 0.908427 7.865440 0.578726 0.974808
65.900002 0.908909 7.867167 0.575576 0.975175
66.000000 0.905528 7.861642 0.577927 0.975207
66.099998 0.904476 7.859212 0.577538 0.976419
66.199997 0.905466 7.862895 0.576097 0.976816
66.299995 0.904533 7.861002 0.574302 0.976684
66.400002 0.905628 7.862341 0.571029 0.977607
66.500000 0.904671 7.851955 0.569171 0.977593
66.599998 0.904529 7.863441 0.564331 0.979506
66.699997 0.901380 7.842769 0.566913 0.976995
66.799995 0.904200 7.858700 0.568100 0.977300
66.900002 0.904819 7.854229 0.563687 0.976405
67.000000 0.907534 7.859147 0.561711 0.977259
67.099998 0.905424 7.858987 0.560649 0.978082
67.199997 0.904000 7.856000 0.561000 0.978200
67.299995 0.904219 7.855129 0.558388 0.978004
67.400002 0.900520 7.833234 0.558488 0.976705
67.500000 0.902771 7.850555 0.564769 0.978594
67.599998 0.903719 7.856628 0.560288 0.979404
67.699997 0.901290 7.842984 0.558156 0.977998
67.799995 0.904058 7.854288 0.562463 0.979812
67.900002 0.905472 7.853556 0.560368 0.978694
68.000000 0.903019 7.855029 0.562188 0.978404
68.099998 0.901761 7.851241 0.562825 0.979092
68.199997 0.898920 7.842731 0.559388 0.978704
68.299995 0.900180 7.853624 0.562575 0.980877
68.400002 0.897003 7.835764 0.568032 0.979820
68.500000 0.899850 7.848976 0.567216 0.982209
68.599998 0.901472 7.846300 0.563833 0.980775
68.699997 0.903781 7.855271 0.566213 0.982997
68.799995 0.903184 7.852223 0.565879 0.984181
68.900002 0.903548 7.855672 0.566717 0.984908
69.000000 0.904462 7.855642 0.567427 0.984194
69.099998 0.905715 7.858573 0.569412 0.985087
69.199997 0.904738 7.855958 0.564974 0.985706
69.299995 0.904348 7.853873 0.565117 0.985707
69.400002 0.904338 7.855857 0.566274 0.985106
69.500000 0.903177 7.858613 0.567946 0.984812
69.599998 0.904105 7.860453 0.566077 0.984917
69.699997 0.904199 7.862411 0.567592 0.983566
69.799995 0.903962 7.861245 0.570528 0.982393
69.900002 0.901680 7.842869 0.573515 0.979696
70.000000 0.903946 7.861078 0.577224 0.980669
70.099998 0.903758 7.860584 0.576254 0.981211
70.199997 0.905909 7.863514 0.575542 0.981302
70.299995 0.905538 7.861755 0.571271 0.981907
70.400002 0.905581 7.866573 0.567914 0.982697
70.500000 0.905209 7.865513 0.569043 0.982302
70.599998 0.907481 7.864673 0.568814 0.981896
70.699997 0.907574 7.866507 0.563149 0.981215
70.799995 0.901090 7.815782 0.555356 0.975598
70.900002 0.904752 7.857229 0.559480 0.980190
71.000000 0.903938 7.864954 0.555578 0.981807
71.099998 0.904104 7.866567 0.551652 0.981882
71.199997 0.905449 7.863582 0.551583 0.981871
71.299995 0.903813 7.862076 0.553698 0.981683
71.400002 0.903881 7.865473 0.557912 0.981396
71.500000 0.904229 7.862541 0.555933 0.980106
71.599998 0.905157 7.862282 0.553468 0.981411
71.699997 0.903742 7.860116 0.552131 0.981489
71.799995 0.905809 7.864813 0.550645 0.981602
71.900002 0.906394 7.865734 0.548751 0.981319
72.000000 0.905696 7.863750 0.551206 0.979778
72.099998 0.906828 7.861542 0.549735 0.979206
72.199997 0.905887 7.860132 0.547157 0.978775
72.299995 0.905713 7.854574 0.545645 0.978726
72.400002 0.904648 7.856672 0.550025 0.979910
72.500000 0.903719 7.854329 0.548390 0.981004
72.599998 0.904105 7.851364 0.554090 0.981321
72.699997 0.902778 7.849221 0.552058 0.981315
72.799995 0.902790 7.851085 0.548855 0.981198
72.900002 0.903777 7.849920 0.550759 0.981715
73.000000 0.904062 7.854042 0.548519 0.983093
73.099998 0.900470 7.834350 0.549165 0.981995
73.199997 0.902410 7.848415 0.547945 0.983102
73.299995 0.900989 7.849136 0.549006 0.983815
73.400002 0.902710 7.850415 0.543746 0.983402
73.500000 0.903000 7.850000 0.548900 0.984000
73.599998 0.903187 7.851734 0.543111 0.984414
73.699997 0.902736 7.851108 0.541941 0.983723
73.799995 0.901929 7.852045 0.543737 0.983905
73.900002 0.901090 7.851085 0.542354 0.982798
74.000000 0.900788 7.849286 0.542469 0.981934
74.099998 0.900550 7.836618 0.538969 0.979890
74.199997 0.900160 7.845493 0.536378 0.981311
74.299995 0.899690 7.850736 0.534488 0.981279
74.400002 0.900440 7.844562 0.533986 0.980408
74.500000 0.901439 7.854558 0.537185 0.983107
74.599998 0.900450 7.850075 0.536832 0.981509
74.699997 0.902639 7.852359 0.533287 0.982407
74.799995 0.903806 7.852762 0.538807 0.982220
74.900002 0.903090 7.850485 0.541854 0.981298
75.000000 0.901743 7.848658 0.541667 0.982472
75.099998 0.901549 7.841779 0.539730 0.982309
75.199997 0.903255 7.850776 0.536004 0.982374
75.299995 0.904200 7.848600 0.535300 0.979800
75.400002 0.903039 7.848761 0.533187 0.980508
75.500000 0.900509 7.836780 0.534812 0.979023
75.599998 0.901511 7.841157 0.537083 0.979281
75.699997 0.901189 7.840544 0.537616 0.978320
75.799995 0.902002 7.844344 0.535536 0.978378
75.900002 0.903800 7.859200 0.534700 0.978200
76.000000 0.904362 7.859244 0.532013 0.976391
76.099998 0.905185 7.859726 0.527925 0.976721
76.199997 0.903852 7.843922 0.527264 0.975488
76.299995 0.901639 7.843563 0.526489 0.976309
76.400002 0.904567 7.858999 0.524733 0.978815
76.500000 0.905286 7.858330 0.521626 0.978474
76.599998 0.906647 7.859770 0.515842 0.977811
76.699997 0.906719 7.863227 0.508998 0.976405
76.799995 0.904848 7.855772 0.501949 0.974013
76.900002 0.905010 7.861713 0.496950 0.973903
77.000000 0.905762 7.864846 0.491797 0.973289
77.099998 0.906500 7.858000 0.487600 0.973100
77.199997 0.906428 7.865941 0.485554 0.974908
77.299995 0.905462 7.860044 0.483193 0.974190
77.400002 0.904347 7.862480 0.484976 0.974159
77.500000 0.905772 7.863159 0.485246 0.973192
77.599998 0.905591 7.854786 0.480748 0.972897
77.699997 0.906166 7.862596 0.476966 0.974818
77.799995 0.905591 7.861986 0.478448 0.975598
77.900002 0.904657 7.865481 0.477314 0.975914
78.000000 0.905853 7.867633 0.475138 0.976688
78.099998 0.904081 7.852871 0.471994 0.975295
78.199997 0.906872 7.863659 0.470941 0.975993
78.299995 0.905300 7.863600 0.467000 0.974200
78.400002 0.903948 7.855072 0.470165 0.974813
78.500000 0.905128 7.863142 0.464661 0.976307
78.599998 0.905304 7.863550 0.467785 0.977525
78.699997 0.907309 7.865613 0.466453 0.978302
78.799995 0.908618 7.864627 0.466507 0.978504
78.900002 0.909127 7.865688 0.469742 0.980028
79.000000 0.908537 7.864503 0.466900 0.979930
79.099998 0.909164 7.864944 0.456379 0.979936
79.199997 0.908235 7.868564 0.453216 0.980565
79.299995 0.907600 7.868900 0.456500 0.981000
79.400002 0.909500 7.873799 0.456900 0.981300
79.500000 0.909981 7.871615 0.455790 0.981117
79.599998 0.910798 7.871941 0.450804 0.981520
79.699997 0.910109 7.873213 0.448255 0.980802
79.799995 0.910636 7.873750 0.443822 0.981207
79.900002 0.910548 7.872884 0.445257 0.981569
80.000000 0.908700 7.867746 0.442713 0.981520
80.099998 0.909082 7.864673 0.443989 0.980496
80.199997 0.908627 7.864392 0.442054 0.980685
80.299995 0.907817 7.861375 0.440496 0.980482
80.400002 0.908418 7.859128 0.438912 0.978504
80.500000 0.910201 7.860546 0.433377 0.978777
80.599998 0.909345 7.857571 0.434983 0.977911
80.699997 0.907846 7.846976 0.440180 0.975412
80.799995 0.907493 7.856843 0.444256 0.977423
80.900002 0.905338 7.855358 0.440324 0.975710
81.000000 0.901959 7.821208 0.439336 0.970718
81.099998 0.906000 7.855499 0.438400 0.977200
81.199997 0.904552 7.853426 0.436918 0.977789
81.299995 0.904424 7.858983 0.428942 0.978228
81.400002 0.904310 7.859114 0.425557 0.979202
81.500000 0.904795 7.861938 0.424875 0.978921
81.599998 0.905019 7.860528 0.423715 0.978004
81.699997 0.902208 7.835881 0.419139 0.974528
81.799995 0.904056 7.859589 0.422133 0.977366
81.900002 0.904900 7.859500 0.420600 0.978200
82.000000 0.904090 7.855385 0.418442 0.978698
82.099998 0.904848 7.856272 0.413193 0.979210
82.199997 0.904538 7.857557 0.411036 0.980008
82.299995 0.904219 7.856429 0.410718 0.981804
82.400002 0.903696 7.847452 0.408392 0.981219
82.500000 0.903571 7.852056 0.412024 0.982095
82.599998 0.904348 7.849375 0.407696 0.981009
82.699997 0.906191 7.853086 0.402240 0.981598
82.799995 0.904296 7.854645 0.403896 0.981419
82.900002 0.905462 7.855142 0.404862 0.981693
83.000000 0.904219 7.852929 0.402819 0.981704
83.099998 0.903790 7.851985 0.405941 0.980398
83.199997 0.903523 7.857686 0.401721 0.981285
83.299995 0.903329 7.856243 0.397081 0.981606
83.400002 0.904533 7.857800 0.393676 0.982288
83.500000 0.904338 7.856358 0.390844 0.982007
83.599998 0.904495 7.855844 0.391708 0.981918
83.699997 0.904381 7.851370 0.394279 0.981196
83.799995 0.906294 7.856244 0.396504 0.982517
83.900002 0.906300 7.855200 0.394500 0.982800
84.000000 0.900780 7.827266 0.391478 0.979496
84.099998 0.904876 7.857714 0.393285 0.982814
84.199997 0.904429 7.856443 0.391183 0.981905
84.299995 0.903693 7.853892 0.393413 0.981038
84.400002 0.904181 7.854270 0.393779 0.981296
84.500000 0.904733 7.856400 0.389973 0.982988
84.599998 0.905562 7.857343 0.390056 0.982093
84.699997 0.903704 7.854655 0.390090 0.980981
84.799995 0.904100 7.855900 0.392100 0.980900
84.900002 0.906281 7.859972 0.391178 0.981796
85.000000 0.907417 7.861375 0.389150 0.981283
85.099998 0.905577 7.859017 0.390608 0.980074
85.199997 0.906056 7.858985 0.393564 0.980412
85.299995 0.905462 7.856042 0.395858 0.980392
85.400002 0.904829 7.857543 0.391982 0.980506
85.500000 0.904390 7.847985 0.391239 0.979398
85.599998 0.904710 7.857915 0.393161 0.982002
85.699997 0.904562 7.859239 0.391734 0.981032
85.799995 0.904871 7.860858 0.394618 0.981595
85.900002 0.904371 7.862159 0.393518 0.982095
86.000000 0.904077 7.861611 0.393086 0.981315
86.099998 0.902241 7.851911 0.390234 0.979488
86.199997 0.903842 7.863918 0.386732 0.980889
86.299995 0.905950 7.866286 0.384014 0.981170
86.400002 0.906874 7.867006 0.387590 0.979516
86.500000 0.905415 7.859573 0.388850 0.979381
86.599998 0.907181 7.864073 0.390478 0.981196
86.699997 0.908700 7.863950 0.393132 0.981179
86.799995 0.908391 7.865886 0.389339 0.981098
86.900002 0.909864 7.864546 0.385554 0.980192
87.000000 0.909719 7.860575 0.385047 0.978981
87.099998 0.906591 7.850686 0.383638 0.977298
87.199997 0.906926 7.863791 0.385909 0.978883
87.299995 0.906140 7.864870 0.386757 0.978063
87.400002 0.907163 7.867847 0.384054 0.977891
87.500000 0.906400 7.866599 0.382000 0.978100
87.599998 0.906141 7.865602 0.376635 0.977134
87.699997 0.906898 7.865252 0.377816 0.978376
87.799995 0.906842 7.865572 0.378744 0.979265
87.900002 0.904929 7.861941 0.377787 0.978706
88.000000 0.906472 7.866260 0.376513 0.979594
88.099998 0.905862 7.864945 0.377551 0.980392
88.199997 0.904219 7.857628 0.375625 0.980504
88.299995 0.905991 7.868087 0.371537 0.981398
88.400002 0.906144 7.866820 0.369822 0.980788
88.500000 0.905395 7.868632 0.370629 0.980120
88.599998 0.905543 7.870522 0.364319 0.980488
88.699997 0.906106 7.872172 0.360360 0.980581
88.799995 0.906737 7.872751 0.358756 0.979308
88.900002 0.907991 7.874987 0.358536 0.978198
89.000000 0.905947 7.856472 0.356922 0.977111
89.099998 0.906935 7.874612 0.357650 0.979285
89.199997 0.905005 7.872041 0.362202 0.979822
89.299995 0.905856 7.866380 0.361783 0.979712
89.400002 0.907191 7.873387 0.365437 0.980198
89.500000 0.908637 7.871792 0.364254 0.981328
89.599998 0.909373 7.872663 0.364409 0.981394
89.699997 0.908773 7.870161 0.361809 0.980294
89.799995 0.907700 7.870700 0.355300 0.980200
89.900002 0.906707 7.867867 0.349750 0.978078
90.000000 0.906965 7.861197 0.348656 0.976217
90.099998 0.908582 7.870974 0.353271 0.976995
90.199997 0.909100 7.869456 0.351186 0.976374
90.299995 0.908717 7.864830 0.352204 0.975852
90.400002 0.905381 7.855571 0.353771 0.976095
90.500000 0.907033 7.864455 0.353236 0.976357
90.599998 0.907084 7.865021 0.353182 0.976321
90.699997 0.907692 7.864835 0.352348 0.977023
90.799995 0.907945 7.868221 0.351211 0.977787
90.900002 0.909200 7.870700 0.354000 0.978000
91.000000 0.909300 7.870342 0.355509 0.978424
91.099998 0.909536 7.870752 0.356757 0.979008
91.199997 0.908000 7.871000 0.356200 0.980100
91.299995 0.908936 7.869709 0.357450 0.980386
91.400002 0.909418 7.867527 0.355829 0.980104
91.500000 0.911729 7.869396 0.351681 0.979984
91.599998 0.910964 7.868947 0.352841 0.979292
91.699997 0.911000 7.869700 0.352000 0.980000
91.799995 0.911444 7.871764 0.349125 0.979910
91.900002 0.910900 7.870100 0.343900 0.980000
92.000000 0.910208 7.870255 0.343688 0.979425
92.099998 0.910337 7.869108 0.340138 0.978585
92.199997 0.909309 7.865213 0.343366 0.979202
92.299995 0.909609 7.864613 0.339466 0.978702
92.400002 0.910445 7.868566 0.334433 0.979210
92.500000 0.909773 7.868061 0.333600 0.979094
92.599998 0.911153 7.867080 0.331901 0.977813
92.699997 0.909345 7.869666 0.332534 0.978111
92.799995 0.910582 7.870874 0.326865 0.977195
92.900002 0.911253 7.872177 0.326604 0.979412
93.000000 0.910493 7.872347 0.329395 0.978574
93.099998 0.908537 7.851259 0.332267 0.977009
93.199997 0.910771 7.866907 0.335132 0.978817
93.299995 0.912261 7.868991 0.332967 0.978215
93.400002 0.909818 7.868027 0.330434 0.977405
93.500000 0.910209 7.865713 0.331967 0.976902
93.599998 0.911779 7.869517 0.337097 0.977520
93.699997 0.911418 7.871726 0.336133 0.978004
93.799995 0.910953 7.870577 0.337398 0.977014
93.900002 0.911018 7.868626 0.333733 0.976905
94.000000 0.911300 7.863600 0.337300 0.976300
94.099998 0.912618 7.868126 0.341432 0.977305
94.199997 0.913322 7.869383 0.339205 0.977780
94.299995 0.912870 7.869104 0.335831 0.976719
94.400002 0.912813 7.865966 0.340040 0.978078
94.500000 0.912470 7.865907 0.339329 0.977618
94.599998 0.909391 7.852085 0.337834 0.975798
94.699997 0.911138 7.861803 0.334734 0.977684
94.799995 0.909791 7.862986 0.335034 0.977698
94.900002 0.910745 7.864767 0.333933 0.978011
95.000000 0.909991 7.865186 0.331833 0.979398
95.099998 0.913126 7.867740 0.335099 0.979506
95.199997 0.913000 7.860500 0.336900 0.979700
95.299995 0.910736 7.853959 0.336365 0.978309
95.400002 0.911264 7.862045 0.340836 0.979092
95.500000 0.912600 7.871400 0.340500 0.980300
95.599998 0.912170 7.870704 0.339029 0.980615
95.699997 0.911424 7.860895 0.339225 0.978330
95.799995 0.914069 7.875500 0.344424 0.979516
95.900002 0.912730 7.876601 0.340673 0.979984
96.000000 0.914426 7.879736 0.338199 0.980506
96.099998 0.913983 7.873875 0.335967 0.979196
96.199997 0.913845 7.875576 0.338409 0.980565
96.299995 0.913500 7.873301 0.340700 0.979000
96.400002 0.913326 7.870139 0.340298 0.979206
96.500000 0.914451 7.873276 0.340196 0.979113
96.599998 0.913535 7.872651 0.342963 0.978908
96.699997 0.915207 7.875162 0.342176 0.979678
96.799995 0.915975 7.875262 0.338502 0.979194
96.900002 0.914834 7.868653 0.336665 0.979708
97.000000 0.911291 7.845685 0.337134 0.977598
97.099998 0.916125 7.871339 0.343397 0.981006
97.199997 0.915468 7.871003 0.344424 0.981615
97.299995 0.916076 7.870716 0.339994 0.981716
97.400002 0.916292 7.862886 0.339334 0.980598
97.500000 0.916284 7.867733 0.338062 0.981519
97.599998 0.912114 7.834415 0.337961 0.976431
97.699997 0.914329 7.870394 0.340989 0.981028
97.799995 0.913400 7.865700 0.343400 0.979500
97.900002 0.915059 7.870491 0.348156 0.980014
98.000000 0.913504 7.871154 0.350380 0.979624
98.099998 0.913357 7.868534 0.350675 0.979690
98.199997 0.911947 7.861217 0.352712 0.979588
98.299995 0.913030 7.866894 0.352282 0.979884
98.400002 0.912335 7.865354 0.355658 0.981108
98.500000 0.912535 7.865054 0.355458 0.981207
98.599998 0.913357 7.868434 0.354677 0.981291
98.699997 0.911921 7.864178 0.353118 0.980683
98.799995 0.914197 7.868203 0.351492 0.980944
98.900002 0.914017 7.867527 0.349130 0.981204
99.000000 0.911429 7.846677 0.349380 0.978283
99.099998 0.911200 7.850600 0.352000 0.979400
99.199997 0.913243 7.863468 0.352824 0.981509
99.299995 0.912744 7.860070 0.353523 0.982209
99.400002 0.913765 7.859244 0.350140 0.982093
99.500000 0.913004 7.852976 0.354075 0.981422
99.599998 0.911809 7.847616 0.352865 0.981402
99.699997 0.911641 7.860249 0.353236 0.981968
99.799995 0.910364 7.862045 0.357043 0.981293
99.900002 0.908982 7.862923 0.355780 0.981317
100.000000 0.905913 7.857871 0.357072 0.981223
100.099998 0.904343 7.847008 0.350110 0.980889
100.199997 0.905691 7.862386 0.352635 0.982898
100.299995 0.906015 7.860174 0.353518 0.982484
100.400002 0.907892 7.864535 0.355544 0.983916
100.500000 0.907674 7.866407 0.357014 0.984013
100.599998 0.908791 7.866139 0.359632 0.983180
100.699997 0.906253 7.850625 0.362581 0.983192
100.799995 0.907500 7.852201 0.365600 0.983300
100.900002 0.909771 7.864956 0.365006 0.985028
101.000000 0.908437 7.854058 0.365054 0.984206
101.099998 0.912000 7.866000 0.364400 0.984900
101.199997 0.910809 7.866414 0.361064 0.984202
101.299995 0.910045 7.867167 0.356722 0.983508
101.400002 0.911491 7.867987 0.356536 0.984198
101.500000 0.910255 7.871135 0.355878 0.983492
101.599998 0.911209 7.871013 0.358564 0.983202
101.699997 0.911042 7.870507 0.358726 0.983127
101.799995 0.909991 7.869887 0.357236 0.982598
101.900002 0.910209 7.866313 0.365363 0.981202
102.000000 0.909273 7.847018 0.366115 0.977845
102.099998 0.911700 7.870400 0.366500 0.980600
102.199997 0.910807 7.870555 0.364463 0.981622
102.299995 0.909364 7.860644 0.361845 0.980092
102.399994 0.906637 7.830268 0.364454 0.977609
102.500000 0.909801 7.867255 0.365802 0.982481
102.599998 0.908663 7.867647 0.365746 0.982593
102.699997 0.908891 7.869143 0.365439 0.982379
102.799995 0.908046 7.868465 0.360920 0.982809
102.899994 0.908618 7.868783 0.360725 0.983285
103.000000 0.910083 7.867929 0.363873 0.984280
103.099998 0.908273 7.867206 0.356715 0.983713
103.199997 0.908736 7.868164 0.356742 0.984472
103.299995 0.906228 7.853044 0.357493 0.983305
103.399994 0.906347 7.863869 0.355522 0.985207
103.500000 0.905772 7.862259 0.351305 0.985296
103.599998 0.904843 7.845607 0.351611 0.982089
103.699997 0.906409 7.862014 0.349765 0.984102
103.799995 0.905513 7.861166 0.348682 0.983020
103.899994 0.905704 7.861852 0.347718 0.982020
104.000000 0.906391 7.860786 0.350335 0.982298
104.099998 0.906647 7.860270 0.344028 0.981709
104.199997 0.905419 7.856329 0.344431 0.982204
104.299995 0.906056 7.860384 0.341595 0.981411
104.399994 0.905172 7.855357 0.341102 0.980594
104.500000 0.903661 7.840336 0.338435 0.980692
104.599998 0.905148 7.852263 0.337740 0.981671
104.699997 0.906419 7.853330 0.338932 0.981004
104.799995 0.905166 7.844809 0.340562 0.980813
104.899994 0.905900 7.850200 0.340600 0.982300
105.000000 0.903852 7.844123 0.341171 0.981291
105.099998 0.902926 7.847299 0.341156 0.981624
105.199997 0.905053 7.846123 0.343172 0.980590
105.299995 0.902703 7.847047 0.342843 0.979980
105.399994 0.901839 7.838065 0.343363 0.978808
105.500000 0.904271 7.845854 0.342103 0.980394
105.599998 0.905700 7.842400 0.339700 0.981500
105.699997 0.904514 7.836553 0.342809 0.981583
105.799995 0.906153 7.846723 0.343972 0.983792
105.899994 0.903890 7.835884 0.344934 0.983098
106.000000 0.904638 7.847460 0.348261 0.984706
106.099998 0.903210 7.834917 0.349365 0.982402
106.199997 0.906528 7.846446 0.350095 0.983105
106.299995 0.905462 7.841136 0.352541 0.982393
106.399994 0.905261 7.845463 0.353000 0.983827
106.500000 0.905615 7.846962 0.350616 0.983585
106.599998 0.905442 7.846530 0.351772 0.983924
106.699997 0.906319 7.849830 0.351130 0.984003
106.799995 0.905843 7.843006 0.347709 0.982389
106.899994 0.906109 7.840617 0.348065 0.981402
107.000000 0.904748 7.845377 0.349425 0.983009
107.099998 0.905962 7.851240 0.350140 0.982793
107.199997 0.897441 7.791084 0.340564 0.975410
107.299995 0.902919 7.849830 0.341932 0.982503
107.399994 0.904590 7.853486 0.344034 0.981498
107.500000 0.903923 7.838671 0.338171 0.978783
107.599998 0.906134 7.849795 0.337136 0.980386
107.699997 0.907146 7.855372 0.331834 0.980110
107.799995 0.908162 7.858287 0.329594 0.981172
107.899994 0.907500 7.859500 0.326100 0.981200
108.000000 0.906981 7.859172 0.326265 0.980896
108.099998 0.908800 7.860947 0.325658 0.981079
108.199997 0.908382 7.860472 0.325965 0.981496
108.299995 0.904881 7.838968 0.324965 0.979496
108.399994 0.906300 7.847100 0.328500 0.979900
108.500000 0.907298 7.857543 0.326860 0.980679
108.599998 0.908200 7.863100 0.325500 0.981100
108.699997 0.906853 7.862531 0.325163 0.980090
108.799995 0.907309 7.864914 0.330467 0.980002
108.899994 0.905243 7.862417 0.328397 0.979688
109.000000 0.903261 7.849239 0.328231 0.978792
109.099998 0.904110 7.856814 0.332267 0.980002
109.199997 0.904805 7.857057 0.335335 0.979179
109.299995 0.904319 7.854029 0.330334 0.979904
109.399994 0.905043 7.852912 0.328897 0.979788
109.500000 0.904719 7.845031 0.328834 0.979804
109.599998 0.904848 7.847876 0.327636 0.980110
109.699997 0.904929 7.851945 0.328701 0.981306
109.799995 0.906022 7.854090 0.338160 0.981924
109.899994 0.904929 7.856343 0.338898 0.981805
110.000000 0.903815 7.856872 0.339393 0.980424
110.099998 0.904134 7.854903 0.338726 0.980028
110.199997 0.901910 7.842115 0.338466 0.977102
110.299995 0.902471 7.857057 0.337201 0.980894
110.399994 0.901823 7.854438 0.336205 0.979663
110.500000 0.901458 7.854333 0.336362 0.979133
110.599998 0.901931 7.853998 0.337336 0.979686
110.699997 0.902278 7.852918 0.337130 0.979317
110.799995 0.901592 7.853138 0.337071 0.979277
110.899994 0.902020 7.854829 0.332533 0.979304
111.000000 0.903532 7.857400 0.332533 0.978585
111.099998 0.904181 7.857071 0.331766 0.979896
111.199997 0.903929 7.862641 0.331601 0.980706
111.299995 0.903326 7.863877 0.329072 0.982223
111.399994 0.902451 7.865932 0.326763 0.983692
111.500000 0.900969 7.861897 0.327271 0.983911
111.599998 0.899840 7.865520 0.328697 0.984591
111.699997 0.899319 7.862953 0.330295 0.984272
111.799995 0.900930 7.868839 0.333200 0.984005
111.899994 0.901220 7.866327 0.335833 0.983703
112.000000 0.901548 7.865602 0.334099 0.983724
112.099998 0.902935 7.865372 0.334869 0.983472
112.199997 0.904229 7.865740 0.337599 0.984005
112.299995 0.904267 7.860598 0.337864 0.983512
112.399994 0.903358 7.858984 0.336298 0.983010
112.500000 0.905672 7.869761 0.337901 0.983195
112.599998 0.905568 7.870419 0.338975 0.983877
112.699997 0.903078 7.855815 0.338529 0.982314
112.799995 0.905043 7.868722 0.341105 0.984591
112.899994 0.903493 7.867265 0.345210 0.984331
113.000000 0.902890 7.862086 0.339734 0.983898
113.099998 0.902886 7.862497 0.341251 0.983263
113.199997 0.902561 7.862545 0.338836 0.984194
113.299995 0.901269 7.860998 0.339962 0.984411
113.399994 0.900170 7.860458 0.337601 0.984195
113.500000 0.900440 7.859356 0.337865 0.984206
113.599998 0.902090 7.858586 0.337934 0.984598
113.699997 0.901420 7.857928 0.338832 0.984203
113.799995 0.898630 7.831950 0.337899 0.981006
113.899994 0.900300 7.853800 0.337800 0.983900
114.000000 0.898470 7.852156 0.337501 0.983495
114.099998 0.899800 7.859300 0.335800 0.983900
114.199997 0.898541 7.859056 0.334166 0.983607
114.299995 0.896248 7.849425 0.334767 0.982691
114.399994 0.897672 7.861697 0.335665 0.983711
114.500000 0.897984 7.860451 0.332701 0.983330
114.599998 0.896810 7.859814 0.330467 0.984002
114.699997 0.896862 7.862083 0.328803 0.983910
114.799995 0.895142 7.861955 0.331867 0.984706
114.899994 0.895965 7.858316 0.328527 0.983979
115.000000 0.896317 7.862790 0.336169 0.985188
115.099998 0.896597 7.858258 0.331632 0.985485
115.199997 0.897162 7.859784 0.334499 0.986508
115.299995 0.899130 7.864241 0.335999 0.986204
115.399994 0.897659 7.853941 0.335534 0.985094
115.500000 0.898840 7.861256 0.336965 0.985706
115.599998 0.897698 7.843843 0.337538 0.983584
115.699997 0.899730 7.859642 0.342197 0.983405
115.799995 0.900320 7.863327 0.342132 0.984103
115.899994 0.901949 7.863968 0.340730 0.983108
116.000000 0.900120 7.862327 0.341432 0.980904
116.099998 0.899200 7.850101 0.337400 0.980800
116.199997 0.900330 7.864105 0.335435 0.982388
116.299995 0.899720 7.863427 0.334233 0.982004
116.399994 0.902151 7.863031 0.335868 0.982691
116.500000 0.902151 7.860030 0.332266 0.981791
116.599998 0.902527 7.866274 0.332767 0.982323
116.699997 0.902661 7.863445 0.335934 0.981893
116.799995 0.902290 7.858186 0.329533 0.981998
116.899994 0.901990 7.865487 0.327033 0.982398
117.000000 0.897951 7.833184 0.323838 0.978211
117.099998 0.899460 7.853088 0.323506 0.981011
117.199997 0.901049 7.862968 0.326637 0.981509
117.299995 0.900020 7.865927 0.331834 0.983003
117.399994 0.903136 7.867885 0.331336 0.982624
117.500000 0.902583 7.867941 0.330797 0.982179
117.599998 0.906219 7.871426 0.329534 0.983203
117.699997 0.906319 7.866326 0.332334 0.982603
117.799995 0.906394 7.861638 0.327872 0.981219
117.899994 0.907433 7.869465 0.323482 0.982368
118.000000 0.909227 7.873638 0.320404 0.982505
118.099998 0.910925 7.871880 0.317156 0.982824
118.199997 0.910564 7.870548 0.323029 0.982593
118.299995 0.910336 7.868453 0.320472 0.982407
118.399994 0.907792 7.856943 0.324476 0.980819
118.500000 0.908891 7.868432 0.321279 0.982418
118.599998 0.909636 7.871651 0.319272 0.981807
118.699997 0.908036 7.860703 0.321125 0.979786
118.799995 0.910736 7.868153 0.325670 0.981607
118.899994 0.911000 7.867800 0.329800 0.980900
119.000000 0.911809 7.867413 0.330567 0.980102
119.099998 0.912652 7.866180 0.331001 0.980212
119.199997 0.910862 7.864594 0.331768 0.981313
119.299995 0.911900 7.867500 0.333100 0.981300
119.399994 0.910528 7.859287 0.335568 0.980985
119.500000 0.911644 7.864267 0.331734 0.982309
119.599998 0.911533 7.864203 0.336196 0.981028
119.699997 0.912761 7.863795 0.335465 0.980813
119.799995 0.913565 7.862545 0.334334 0.981893
119.899994 0.915025 7.862741 0.336399 0.981306
120.000000 0.915251 7.859984 0.338897 0.981311
120.099998 0.913543 7.860170 0.332334 0.982109
120.199997 0.912983 7.859672 0.334567 0.982396
120.299995 0.912456 7.859230 0.333467 0.982791
120.399994 0.910773 7.839152 0.334400 0.982395
120.500000 0.913626 7.857743 0.331101 0.984705
120.599998 0.913096 7.857656 0.332934 0.984018
120.699997 0.914166 7.856843 0.331833 0.983293
120.799995 0.913900 7.856700 0.334500 0.982700
120.899994 0.914048 7.857014 0.334601 0.982790
121.000000 0.914157 7.855428 0.333567 0.982291
121.099998 0.912748 7.843406 0.335601 0.981089
121.199997 0.914806 7.861047 0.338172 0.981780
121.299995 0.916101 7.860068 0.341390 0.982022
121.399994 0.916958 7.865033 0.343372 0.981791
121.500000 0.917108 7.865475 0.342255 0.981025
121.599998 0.915724 7.866179 0.343709 0.981183
121.699997 0.916217 7.866187 0.348512 0.980727
121.799995 0.914847 7.860048 0.344119 0.979964
121.899994 0.910272 7.836532 0.343125 0.976918
122.000000 0.914560 7.869092 0.345058 0.979714
122.099998 0.914640 7.863104 0.339338 0.978785
122.199997 0.915475 7.861959 0.336801 0.978594
122.299995 0.915051 7.873376 0.337697 0.978813
122.399994 0.915892 7.874287 0.338234 0.979598
122.500000 0.915900 7.871600 0.344400 0.977700
122.599998 0.915583 7.873775 0.340868 0.978396
122.699997 0.913626 7.875237 0.341198 0.978706
122.799995 0.914532 7.874800 0.338971 0.978283
122.899994 0.914632 7.873499 0.340172 0.978383
123.000000 0.915024 7.873587 0.336303 0.978180
123.099998 0.914651 7.870278 0.339396 0.978413
123.199997 0.914951 7.874576 0.340396 0.978513
123.299995 0.915600 7.872300 0.341500 0.980100
123.399994 0.913505 7.857644 0.341676 0.979377
123.500000 0.915941 7.870810 0.343440 0.979886
123.599998 0.916575 7.871416 0.345189 0.979918
123.699997 0.918390 7.869444 0.354910 0.981021
123.799995 0.919776 7.866560 0.352106 0.980794
123.899994 0.919696 7.873452 0.347982 0.981422
124.000000 0.920072 7.874113 0.347887 0.980018
124.099998 0.918914 7.872878 0.346615 0.979629
124.199997 0.918341 7.873064 0.346627 0.979410
124.299995 0.920532 7.875750 0.342563 0.978609
124.399994 0.916825 7.850366 0.337203 0.976879
124.500000 0.921016 7.876125 0.340832 0.979104
124.599998 0.921247 7.875175 0.339696 0.979412
124.699997 0.922307 7.873248 0.339808 0.979576
124.799995 0.922045 7.873411 0.338537 0.979185
124.899994 0.921939 7.871564 0.338431 0.978611
125.000000 0.922777 7.873462 0.339702 0.979694
125.099998 0.923454 7.868392 0.336864 0.979015
125.199997 0.925527 7.877508 0.336728 0.979934
125.299995 0.925133 7.878091 0.342008 0.980282
125.399994 0.924192 7.877388 0.339934 0.980098
125.500000 0.925030 7.880847 0.336765 0.979708
125.599998 0.922539 7.865567 0.336032 0.978011
125.699997 0.924908 7.882112 0.339066 0.981302
125.799995 0.925275 7.882318 0.336863 0.981818
125.899994 0.924030 7.882047 0.334966 0.981507
126.000000 0.924030 7.883546 0.334566 0.980308
126.099998 0.923246 7.885019 0.331232 0.980987
126.199997 0.923169 7.888200 0.330103 0.981017
126.299995 0.922378 7.884216 0.330370 0.980220
126.399994 0.919308 7.878413 0.329267 0.980802
126.500000 0.915925 7.854844 0.324603 0.977507
126.599998 0.920532 7.886245 0.326569 0.983407
126.699997 0.918716 7.883423 0.328534 0.982703
126.799995 0.917192 7.874738 0.331331 0.981576
126.899994 0.917292 7.882688 0.333633 0.982698
127.000000 0.916942 7.879061 0.332334 0.982709
127.099998 0.916983 7.883477 0.328566 0.982897
127.199997 0.916717 7.884023 0.332833 0.982903
127.299995 0.917633 7.883147 0.331767 0.983806
127.399994 0.919232 7.885646 0.333167 0.984306
127.500000 0.921210 7.886758 0.332534 0.984522
127.599998 0.921161 7.886844 0.332966 0.982791
127.699997 0.919688 7.863151 0.330337 0.980222
127.799995 0.920679 7.874526 0.328472 0.982617
127.899994 0.923046 7.886721 0.326829 0.984589
128.000000 0.924464 7.889902 0.324985 0.983871
128.099991 0.924640 7.891313 0.327662 0.983487
128.199997 0.925437 7.890455 0.324138 0.983208
128.300003 0.924292 7.889089 0.318832 0.983098
128.399994 0.924315 7.887723 0.312637 0.983403
128.500000 0.921216 7.865426 0.312038 0.979304
128.599991 0.925240 7.887310 0.313651 0.981385
128.699997 0.926119 7.890379 0.314446 0.981079
128.800003 0.927464 7.890045 0.312356 0.980590
128.899994 0.926293 7.890090 0.307231 0.980598
129.000000 0.925215 7.888722 0.306039 0.980504
129.099991 0.924500 7.888000 0.303400 0.980800
129.199997 0.924292 7.886989 0.302630 0.981498
129.300003 0.922423 7.873938 0.302609 0.981106
129.399994 0.924500 7.885799 0.300800 0.982500
129.500000 0.925063 7.886043 0.296148 0.982291
129.599991 0.926093 7.888089 0.297030 0.981398
129.699997 0.926426 7.890090 0.295395 0.981782
129.800003 0.928114 7.889722 0.293241 0.982304
129.899994 0.927629 7.886846 0.292183 0.982007
130.000000 0.925063 7.866933 0.288944 0.979490
130.099991 0.926559 7.883493 0.289269 0.981415
130.199997 0.926126 7.877978 0.289890 0.979980
130.300003 0.925815 7.884523 0.287542 0.980504
130.399994 0.923261 7.879296 0.289069 0.978517
130.500000 0.924430 7.878448 0.289384 0.979408
130.599991 0.926052 7.884068 0.289279 0.980661
130.699997 0.923508 7.881858 0.288246 0.980777
130.800003 0.924460 7.883093 0.287270 0.979217
130.899994 0.924262 7.877939 0.286143 0.977489
131.000000 0.922607 7.872848 0.286644 0.977573
131.099991 0.923576 7.882618 0.287413 0.979620
131.199997 0.921931 7.880848 0.291084 0.978509
131.300003 0.921408 7.873213 0.290971 0.977702
131.399994 0.924155 7.884830 0.287072 0.979688
131.500000 0.923576 7.884216 0.289510 0.981219
131.599991 0.923169 7.873349 0.286315 0.981293
131.699997 0.923531 7.880893 0.288760 0.982184
131.800003 0.923408 7.877312 0.289171 0.982302
131.899994 0.924895 7.877228 0.286000 0.982275
132.000000 0.926044 7.874176 0.285529 0.981311
132.099991 0.926270 7.880752 0.289416 0.982093
132.199997 0.923623 7.870339 0.291712 0.981106
132.300003 0.924400 7.881100 0.288500 0.982900
132.399994 0.924547 7.885220 0.290603 0.981887
132.500000 0.925222 7.882435 0.287114 0.982605
132.599991 0.924830 7.884846 0.281387 0.983007
132.699997 0.923623 7.883635 0.281416 0.984205
132.800003 0.921647 7.878773 0.283630 0.984010
132.899994 0.922985 7.882629 0.284088 0.983718
133.000000 0.922931 7.882694 0.282955 0.982384
133.099991 0.919308 7.865213 0.280372 0.981302
133.199997 0.922216 7.880223 0.282543 0.982404
133.300003 0.921155 7.879184 0.283102 0.981713
133.399994 0.921163 7.882094 0.285671 0.981115
133.500000 0.919944 7.880316 0.284399 0.981787
133.599991 0.920452 7.880328 0.285171 0.981189
133.699997 0.921216 7.872226 0.284543 0.979704
133.800003 0.921292 7.874887 0.282828 0.980198
133.899994 0.922739 7.879560 0.282859 0.980210
134.000000 0.920592 7.869287 0.284128 0.981298
134.099991 0.922716 7.876884 0.289366 0.981827
134.199997 0.921769 7.873049 0.289316 0.981793
134.300003 0.921584 7.875575 0.291558 0.981896
134.399994 0.921947 7.871577 0.293424 0.981911
134.500000 0.922214 7.867855 0.295425 0.981580
134.599991 0.921355 7.869891 0.293395 0.982013
134.699997 0.921358 7.872871 0.295031 0.982869
134.800003 0.921970 7.874013 0.296433 0.983015
134.899994 0.922248 7.873540 0.296437 0.982433
135.000000 0.920468 7.855742 0.294318 0.980292
135.099991 0.918359 7.850825 0.290345 0.979690
135.199997 0.919508 7.873212 0.292971 0.982502
135.300003 0.920140 7.874164 0.297651 0.983009
135.399994 0.919884 7.873274 0.296759 0.982296
135.500000 0.921386 7.876636 0.297073 0.982419
135.599991 0.922546 7.879015 0.295407 0.982188
135.699997 0.922561 7.880040 0.295148 0.982591
135.800003 0.921690 7.876627 0.291608 0.981875
135.899994 0.922169 7.885154 0.292017 0.982293
136.000000 0.921239 7.886956 0.289955 0.981509
136.099991 0.921361 7.883942 0.290945 0.981691
136.199997 0.923492 7.887235 0.291350 0.983120
136.300003 0.921831 7.887145 0.294482 0.981308
136.399994 0.919944 7.884019 0.293706 0.979986
136.500000 0.920148 7.883470 0.292824 0.980412
136.599991 0.920648 7.879373 0.291125 0.979912
136.699997 0.921639 7.873263 0.289755 0.978411
136.800003 0.923254 7.882082 0.288698 0.981213
136.899994 0.922754 7.883931 0.284971 0.982089
137.000000 0.922470 7.883605 0.290339 0.981217
137.099991 0.922647 7.880727 0.289350 0.981136
137.199997 0.921508 7.879212 0.292271 0.982102
137.300003 0.919376 7.865860 0.289387 0.979794
137.399994 0.920300 7.882400 0.286200 0.982200
137.500000 0.920540 7.877461 0.287456 0.981309
137.599991 0.921686 7.877135 0.289482 0.980921
137.699997 0.922900 7.879600 0.283100 0.981600
137.800003 0.921710 7.882665 0.283403 0.979928
137.899994 0.921232 7.884446 0.283087 0.980808
138.000000 0.921184 7.881677 0.285157 0.980096
138.099991 0.921492 7.878788 0.284228 0.979098
138.199997 0.922100 7.886000 0.281900 0.980800
138.300003 0.921082 7.884727 0.281222 0.980771
138.399994 0.921651 7.885282 0.279130 0.980062
138.500000 0.920196 7.883639 0.280064 0.980723
138.599991 0.920668 7.882053 0.274510 0.980092
138.699997 0.920340 7.883258 0.273363 0.981709
138.800003 0.919964 7.876399 0.272982 0.981415
138.899994 0.920968 7.881953 0.271709 0.981393
139.000000 0.922284 7.882977 0.269754 0.981796
139.099991 0.922792 7.880388 0.270927 0.982798
139.199997 0.922554 7.877227 0.274565 0.982790
139.300003 0.921600 7.878099 0.273000 0.982700
139.399994 0.923092 7.880688 0.272627 0.982598
139.500000 0.921947 7.880672 0.270038 0.982311
139.599991 0.921531 7.881947 0.266493 0.981207
139.699997 0.921964 7.884343 0.265942 0.980241
139.800003 0.920408 7.870713 0.262474 0.979902
139.899994 0.923085 7.888278 0.258052 0.982897
140.000000 0.923292 7.885889 0.257726 0.983798
140.099991 0.921471 7.887802 0.257568 0.983015
140.199997 0.919265 7.883993 0.258094 0.983513
140.300003 0.919592 7.883288 0.259526 0.983098
140.399994 0.920659 7.884631 0.259581 0.982236
140.500000 0.921161 7.881841 0.259930 0.983292
140.599991 0.920632 7.866553 0.260496 0.981207
140.699997 0.922562 7.886391 0.258094 0.984213
140.800003 0.922846 7.887168 0.258045 0.983210
140.899994 0.924392 7.888189 0.256626 0.982598
141.000000 0.924146 7.887268 0.259744 0.982810
141.099991 0.924562 7.886844 0.261531 0.981791
141.199997 0.922738 7.877703 0.266313 0.980384
141.300003 0.923400 7.883100 0.265400 0.982900
141.399994 0.924476 7.883317 0.268631 0.982817
141.500000 0.924923 7.884435 0.268120 0.982305
141.599991 0.925233 7.881193 0.268842 0.981583
141.699997 0.922608 7.879212 0.265773 0.981302
141.800003 0.924308 7.883811 0.268773 0.980802
141.899994 0.924291 7.884938 0.266780 0.981522
142.000000 0.924623 7.885834 0.266220 0.981905
142.099991 0.922284 7.883477 0.267053 0.980996
142.199997 0.923231 7.886651 0.268090 0.980357
142.300003 0.924123 7.884934 0.270519 0.981206
142.399994 0.925260 7.880995 0.266587 0.981615
142.500000 0.926851 7.885980 0.267912 0.981213
142.599991 0.926678 7.887966 0.267180 0.982695
142.699997 0.926549 7.885119 0.265686 0.982388
142.800003 0.926166 7.888201 0.267060 0.983215
142.899994 0.926429 7.888445 0.268193 0.984506
143.000000 0.926837 7.883258 0.272064 0.984308
143.099991 0.926385 7.879176 0.270754 0.983497
143.199997 0.926951 7.883482 0.269212 0.982912
143.300003 0.927436 7.884758 0.266167 0.981609
143.399994 0.926771 7.886455 0.265706 0.981593
143.500000 0.926429 7.886645 0.266593 0.981407
143.599991 0.925715 7.877524 0.267547 0.980904
143.699997 0.926441 7.887310 0.260208 0.982186
143.800003 0.926929 7.886246 0.261395 0.980608
143.899994 0.926964 7.891746 0.261431 0.981391
144.000000 0.925822 7.889833 0.260222 0.982405
144.099991 0.927222 7.890933 0.259022 0.983705
144.199997 0.924285 7.879776 0.259252 0.982997
144.300003 0.922700 7.877400 0.257300 0.982700
144.399994 0.923292 7.889689 0.253425 0.984098
144.500000 0.923177 7.884065 0.252676 0.983895
144.599991 0.921461 7.872636 0.254527 0.982992
144.699997 0.922961 7.886443 0.254527 0.984492
144.800003 0.924053 7.889877 0.251924 0.983911
144.899994 0.922208 7.888911 0.252175 0.983702
145.000000 0.921908 7.885111 0.249975 0.982902
145.099991 0.921684 7.889878 0.253751 0.982597
145.199997 0.921045 7.886720 0.248474 0.980686
145.300003 0.922515 7.889379 0.249575 0.982080
145.399994 0.923261 7.888989 0.249700 0.982114
145.500000 0.924245 7.889567 0.243954 0.983410
145.599991 0.925707 7.886811 0.242776 0.982502
145.699997 0.926204 7.889056 0.241814 0.982377
145.800003 0.926137 7.889356 0.238681 0.982509
145.899994 0.924528 7.887691 0.240791 0.982031
146.000000 0.924570 7.891757 0.239296 0.982493
146.099991 0.925345 7.891066 0.241755 0.982710
146.199997 0.921939 7.877961 0.242679 0.980610
146.300003 0.923791 7.887935 0.246504 0.983220
146.399994 0.922508 7.887212 0.247875 0.982502
146.500000 0.921610 7.890354 0.247853 0.981426
146.599991 0.922654 7.888934 0.249650 0.982189
146.699997 0.920695 7.882142 0.247303 0.982421
146.800003 0.921908 7.886611 0.244076 0.983002
146.899994 0.921763 7.883293 0.240907 0.983114
147.000000 0.921584 7.885477 0.242649 0.985097
147.099991 0.922223 7.885135 0.245426 0.984005
147.199997 0.922247 7.887367 0.247551 0.983510
147.300003 0.920232 7.868053 0.244702 0.980708
147.399994 0.923192 7.887189 0.246525 0.983298
147.500000 0.924323 7.891633 0.245826 0.983405
147.599991 0.922431 7.886745 0.249200 0.982407
147.699997 0.922692 7.889189 0.250325 0.982398
147.800003 0.921047 7.881671 0.251849 0.981711
147.899994 0.922062 7.891986 0.251998 0.983413
148.000000 0.920144 7.871210 0.250675 0.979886
148.099991 0.921862 7.888689 0.250000 0.981914
148.199997 0.923462 7.888244 0.250525 0.983392
148.300003 0.922147 7.883270 0.253348 0.982311
148.399994 0.922000 7.889500 0.250000 0.983200
148.500000 0.921931 7.889445 0.252699 0.984906
148.599991 0.923600 7.888100 0.253800 0.984800
148.699997 0.923947 7.887922 0.248974 0.986090
148.800003 0.925666 7.888499 0.245642 0.985374
148.899994 0.925685 7.890678 0.242448 0.985497
149.000000 0.924423 7.890033 0.241428 0.985004
149.099991 0.923770 7.882153 0.240796 0.985194
149.199997 0.925633 7.890501 0.241818 0.986888
149.300003 0.925907 7.889211 0.241476 0.986201
149.399994 0.925467 7.890999 0.242881 0.986212
149.500000 0.926888 7.891530 0.242709 0.985917
149.599991 0.926167 7.890804 0.242537 0.985774
149.699997 0.928350 7.893025 0.240268 0.986290
149.800003 0.925826 7.890591 0.239840 0.985586
149.899994 0.928100 7.890500 0.233900 0.984500
150.000000 0.926802 7.889355 0.235770 0.984322
150.099991 0.926393 7.886189 0.235023 0.984798
150.199997 0.926234 7.888200 0.237314 0.983285
150.300003 0.926259 7.886890 0.239608 0.982414
150.399994 0.927149 7.891623 0.234664 0.982888
150.500000 0.926851 7.891476 0.235535 0.982612
150.599991 0.926537 7.890355 0.233883 0.981409
150.699997 0.926741 7.891313 0.236489 0.981185
150.800003 0.926378 7.892668 0.239772 0.980594
150.899994 0.927178 7.891567 0.243773 0.980394
151.000000 0.926866 7.890899 0.243681 0.979219
151.099991 0.924947 7.875813 0.242870 0.977584
151.199997 0.926507 7.886812 0.241376 0.979802
151.300003 0.927385 7.892579 0.239348 0.979896
151.399994 0.927407 7.895410 0.243976 0.980902
151.500000 0.928671 7.896458 0.244498 0.979892
151.599991 0.929014 7.896621 0.245451 0.979304
151.699997 0.929228 7.896641 0.246102 0.979908
151.800003 0.928208 7.883276 0.245132 0.978932
151.899994 0.927936 7.893553 0.251274 0.980510
152.000000 0.927899 7.896656 0.253855 0.979471
152.099991 0.926766 7.894395 0.253572 0.979918
152.199997 0.927972 7.897202 0.256044 0.979520
152.300003 0.927027 7.897298 0.253053 0.979980
152.399994 0.927007 7.894511 0.250875 0.980202
152.500000 0.928179 7.890920 0.251423 0.981420
152.599991 0.927636 7.893353 0.250175 0.982809
152.699997 0.926722 7.894932 0.252524 0.982905
152.800003 0.927371 7.892157 0.258403 0.982593
152.899994 0.925545 7.888866 0.260344 0.981811
153.000000 0.925900 7.889400 0.260100 0.982000
153.099991 0.926148 7.888522 0.257780 0.980186
153.199997 0.925796 7.886347 0.258963 0.980525
153.300003 0.924640 7.884707 0.256105 0.979584
153.399994 0.925467 7.885203 0.253272 0.979518
153.500000 0.925637 7.884357 0.251174 0.978111
153.599991 0.925095 7.883438 0.253455 0.979371
153.699997 0.924523 7.883535 0.255923 0.979606
153.800003 0.924132 7.882995 0.257131 0.980883
153.899994 0.920500 7.863300 0.256700 0.978100
154.000000 0.923747 7.887221 0.252677 0.980186
154.099991 0.926007 7.888911 0.248175 0.978802
154.199997 0.926493 7.887289 0.250125 0.979498
154.300003 0.924521 7.885683 0.251398 0.979633
154.399994 0.924960 7.885491 0.249001 0.979816
154.500000 0.926688 7.886836 0.251798 0.978925
154.599991 0.926969 7.888399 0.249449 0.979864
154.699997 0.927278 7.884265 0.253676 0.979794
154.800003 0.927153 7.887536 0.256960 0.979543
154.899994 0.925993 7.871287 0.256826 0.976998
155.000000 0.928872 7.883654 0.256403 0.977091
155.099991 0.927850 7.884681 0.256720 0.977716
155.199997 0.927336 7.885757 0.256672 0.978311
155.300003 0.925767 7.874213 0.259267 0.977220
155.399994 0.928236 7.886456 0.257171 0.978411
155.500000 0.927487 7.881442 0.257291 0.977727
155.599991 0.927160 7.883656 0.259429 0.978348
155.699997 0.926266 7.884704 0.262664 0.978120
155.800003 0.924385 7.878176 0.262452 0.976595
155.899994 0.923038 7.870665 0.257871 0.976012
156.000000 0.925145 7.881671 0.260044 0.976814
156.099991 0.924323 7.885435 0.258023 0.977307
156.199997 0.924898 7.884450 0.257266 0.977130
156.300003 0.924925 7.882883 0.253453 0.976476
156.399994 0.926334 7.883495 0.253528 0.977179
156.500000 0.927500 7.884500 0.256000 0.979100
156.599991 0.924077 7.880464 0.257577 0.978393
156.699997 0.925215 7.882123 0.258248 0.978804
156.800003 0.926678 7.877964 0.260178 0.979794
156.899994 0.925355 7.879928 0.261457 0.979988
157.000000 0.923454 7.879528 0.263458 0.979588
157.099991 0.921947 7.877774 0.261143 0.980312
157.199997 0.924255 7.883130 0.261557 0.980488
157.300003 0.923231 7.881893 0.264038 0.980583
157.399994 0.922700 7.880400 0.261500 0.980300
157.500000 0.923300 7.880800 0.259900 0.980000
157.599991 0.922607 7.884962 0.260713 0.980577
157.699997 0.923246 7.888367 0.262243 0.981911
157.800003 0.923631 7.888844 0.266993 0.982007
157.899994 0.924147 7.890423 0.270489 0.982788
158.000000 0.924975 7.886913 0.266833 0.982418
158.099991 0.922347 7.882071 0.267340 0.982111
158.199997 0.923485 7.887477 0.266553 0.981596
158.300003 0.921892 7.888589 0.267327 0.980998
158.399994 0.921139 7.870065 0.263268 0.979410
158.500000 0.922008 7.875313 0.262474 0.981102
158.599991 0.923177 7.887512 0.263237 0.982018
158.699997 0.921853 7.884731 0.262057 0.981989
158.800003 0.921284 7.882676 0.262452 0.981596
158.899994 0.921421 7.883083 0.261461 0.981281
159.000000 0.921884 7.886777 0.257552 0.980296
159.099991 0.922184 7.878976 0.259952 0.979596
159.199997 0.922800 7.886800 0.261700 0.979800
159.300003 0.923877 7.889467 0.259678 0.980294
159.399994 0.923031 7.891444 0.256397 0.980008
159.500000 0.921947 7.887867 0.255747 0.980712
159.599991 0.922092 7.887989 0.254725 0.980198
159.699997 0.919192 7.867287 0.250025 0.977298
159.800003 0.920916 7.882524 0.248850 0.978104
159.899994 0.920284 7.882577 0.247449 0.977395
160.000000 0.920976 7.881764 0.247774 0.977193
160.099991 0.921431 7.883246 0.250900 0.977209
160.199997 0.918484 7.882076 0.250250 0.977095
160.300003 0.916017 7.867427 0.251450 0.976005
160.399994 0.916375 7.871016 0.250774 0.976521
160.500000 0.917217 7.876825 0.251650 0.977704
160.599991 0.917559 7.878439 0.251025 0.977789
160.699997 0.917433 7.876049 0.252799 0.977609
160.800003 0.916308 7.874712 0.250775 0.978402
160.899994 0.915640 7.871356 0.252279 0.978559
161.000000 0.917192 7.873288 0.251525 0.979098
161.099991 0.916292 7.869787 0.255426 0.979098
161.199997 0.918110 7.873260 0.253679 0.979978
161.300003 0.914683 7.858072 0.253851 0.979096
161.399994 0.915300 7.870300 0.251800 0.980700
161.500000 0.914987 7.858611 0.249252 0.979046
161.599991 0.916392 7.870543 0.251124 0.981121
161.699997 0.915168 7.871803 0.252398 0.980516
161.800003 0.915092 7.871487 0.248125 0.979698
161.899994 0.915415 7.871071 0.248849 0.980380
162.000000 0.917066 7.872302 0.247702 0.981115
162.099991 0.916425 7.869539 0.245026 0.980706
162.199997 0.917332 7.872404 0.244209 0.982029
162.300003 0.916533 7.873550 0.243503 0.981607
162.399994 0.916067 7.872801 0.241906 0.982014
162.500000 0.915202 7.871553 0.242010 0.981322
162.599991 0.915042 7.869266 0.233683 0.981609
162.699997 0.914283 7.870474 0.229746 0.981196
162.800003 0.910802 7.860046 0.228251 0.980879
162.899994 0.910518 7.866427 0.232054 0.982004
163.000000 0.909118 7.868326 0.235653 0.982204
163.099991 0.910384 7.869230 0.234104 0.981276
163.199997 0.910955 7.863732 0.230715 0.981291
163.300003 0.907728 7.840447 0.234230 0.978207
163.399994 0.909791 7.862186 0.233923 0.980798
163.500000 0.907274 7.850120 0.232514 0.979416
163.599991 0.907054 7.842422 0.230315 0.977889
163.699997 0.909954 7.870178 0.234659 0.980512
163.800003 0.908518 7.862028 0.234953 0.978604
163.899994 0.908955 7.858285 0.232161 0.978013
164.000000 0.909382 7.869373 0.233347 0.979396
164.099991 0.908009 7.869013 0.233377 0.979302
164.199997 0.908628 7.868684 0.231276 0.980028
164.300003 0.909327 7.868294 0.227782 0.980284
164.399994 0.909064 7.861544 0.227091 0.979092
164.500000 0.908710 7.863864 0.222333 0.980623
164.599991 0.909373 7.866860 0.222167 0.981494
164.699997 0.908782 7.868373 0.220544 0.981696
164.800003 0.908546 7.861469 0.220990 0.981109
164.899994 0.909536 7.869052 0.224910 0.982007
165.000000 0.909946 7.868021 0.229438 0.981989
165.099991 0.911262 7.870690 0.230239 0.981513
165.199997 0.910989 7.870829 0.235265 0.981718
165.300003 0.909436 7.869552 0.234006 0.982707
165.399994 0.910264 7.868547 0.232693 0.982393
165.500000 0.911306 7.870356 0.231223 0.982821
165.599991 0.912604 7.870657 0.230654 0.982581
165.699997 0.911360 7.871731 0.228788 0.983829
165.800003 0.913439 7.873711 0.229060 0.983488
165.899994 0.913960 7.873188 0.228140 0.983711
166.000000 0.916241 7.874562 0.230438 0.983869
166.099991 0.916325 7.875388 0.233610 0.983585
166.199997 0.915883 7.873375 0.235347 0.983097
166.300003 0.916750 7.873476 0.236858 0.983410
166.399994 0.915866 7.872449 0.239596 0.984294
166.500000 0.915975 7.875663 0.234770 0.984695
166.599991 0.914226 7.864041 0.231131 0.983505
166.699997 0.916625 7.873938 0.233130 0.984005
166.800003 0.915842 7.873963 0.229785 0.983808
166.899994 0.916216 7.873823 0.231810 0.984065
167.000000 0.914557 7.856929 0.237619 0.982391
167.099991 0.915766 7.871449 0.240396 0.984094
167.199997 0.914694 7.874538 0.240635 0.983019
167.300003 0.912970 7.871703 0.236611 0.984313
167.399994 0.913235 7.875250 0.237105 0.984206
167.500000 0.911453 7.874275 0.235259 0.984609
167.599991 0.911144 7.871664 0.233983 0.983808
167.699997 0.910680 7.872415 0.235388 0.983615
167.800003 0.912365 7.871449 0.237695 0.983493
167.899994 0.912188 7.871029 0.235465 0.983217
168.000000 0.910637 7.869809 0.235565 0.983288
168.099991 0.910645 7.872164 0.235282 0.984008
168.199997 0.912447 7.870622 0.235541 0.984991
168.300003 0.910063 7.870390 0.233736 0.985011
168.399994 0.910164 7.866847 0.231293 0.985594
168.500000 0.909446 7.865419 0.236342 0.985291
168.599991 0.909145 7.865168 0.237981 0.985207
168.699997 0.910777 7.866366 0.238195 0.983960
168.800003 0.911753 7.869378 0.237657 0.984709
168.899994 0.911167 7.869704 0.237256 0.983876
169.000000 0.909892 7.870044 0.239387 0.984581
169.099991 0.909863 7.868792 0.238133 0.984611
169.199997 0.910445 7.867567 0.237181 0.984108
169.300003 0.911162 7.871291 0.235935 0.984011
169.399994 0.910000 7.870400 0.235200 0.984700
169.500000 0.909354 7.870977 0.234060 0.985409
169.599991 0.909345 7.871464 0.232484 0.985807
169.699997 0.908664 7.871790 0.233537 0.986210
169.800003 0.906984 7.869218 0.230293 0.985913
169.899994 0.906288 7.869944 0.225771 0.986083
170.000000 0.905591 7.859786 0.223022 0.985399
170.099991 0.906637 7.867753 0.222311 0.985806
170.199997 0.907335 7.861203 0.221755 0.984689
170.300003 0.908083 7.865621 0.220402 0.984414
170.399994 0.907400 7.863900 0.222500 0.983300
170.500000 0.906209 7.865213 0.222878 0.983202
170.599991 0.903577 7.844325 0.228217 0.979816
170.699997 0.904343 7.855513 0.229338 0.980889
170.800003 0.904633 7.860302 0.229160 0.981687
170.899994 0.903390 7.852085 0.226723 0.980998
171.000000 0.903996 7.861039 0.223576 0.981519
171.099991 0.903996 7.861938 0.221578 0.980320
171.199997 0.906153 7.862432 0.222111 0.981491
171.300003 0.904971 7.859058 0.223467 0.981294
171.399994 0.903487 7.854630 0.221301 0.980917
171.500000 0.904790 7.861286 0.222222 0.981598
171.599991 0.904200 7.860900 0.224000 0.981800
171.699997 0.903400 7.860899 0.224600 0.982200
171.800003 0.904415 7.864563 0.225629 0.981522
171.899994 0.903948 7.864468 0.230185 0.981509
172.000000 0.901927 7.863677 0.228803 0.980226
172.099991 0.902862 7.865763 0.228383 0.979755
172.199997 0.902590 7.864087 0.229123 0.979898
172.300003 0.900920 7.856529 0.232553 0.979504
172.399994 0.901978 7.862510 0.232714 0.979716
172.500000 0.900419 7.860267 0.227327 0.979624
172.599991 0.901523 7.863153 0.226007 0.978862
172.699997 0.901279 7.863509 0.225120 0.979816
172.800003 0.902276 7.862846 0.224196 0.980136
172.899994 0.901702 7.863763 0.223824 0.979780
173.000000 0.901538 7.863292 0.223387 0.980128
173.099991 0.897618 7.844175 0.226681 0.977882
173.199997 0.899561 7.861022 0.228634 0.980331
173.300003 0.898312 7.855758 0.231346 0.980621
173.399994 0.900870 7.862759 0.232370 0.981094
173.500000 0.900170 7.862996 0.234436 0.980414
173.599991 0.899430 7.851196 0.233363 0.978985
173.699997 0.899380 7.861773 0.231246 0.979796
173.800003 0.898899 7.861061 0.235636 0.980180
173.899994 0.897720 7.852530 0.237253 0.978504
174.000000 0.899190 7.866586 0.236724 0.979398
174.099991 0.899111 7.866847 0.239237 0.978024
174.199997 0.900160 7.867080 0.237458 0.978213
174.300003 0.901211 7.869282 0.235112 0.978681
174.399994 0.900260 7.869648 0.235194 0.977891
174.500000 0.903148 7.873862 0.237581 0.979110
174.599991 0.904329 7.875537 0.236729 0.979406
174.699997 0.905859 7.877517 0.234852 0.979369
174.800003 0.902990 7.859986 0.236724 0.977198
174.899994 0.905906 7.874074 0.234034 0.978278
175.000000 0.906256 7.874176 0.230762 0.978813
175.099991 0.905828 7.875537 0.234130 0.978406
175.199997 0.906609 7.875612 0.235476 0.978202
175.300003 0.904790 7.869587 0.236424 0.978698
175.399994 0.906660 7.875212 0.241062 0.976365
175.500000 0.906303 7.870442 0.242034 0.976426
175.599991 0.906837 7.871252 0.243403 0.976409
175.699997 0.906234 7.869608 0.241869 0.976083
175.800003 0.905706 7.862362 0.242643 0.974775
175.899994 0.910037 7.872211 0.244371 0.976984
176.000000 0.911580 7.873614 0.244980 0.976721
176.099991 0.911835 7.868253 0.245202 0.976909
176.199997 0.913626 7.873437 0.245326 0.977407
176.300003 0.914260 7.872590 0.245528 0.978615
176.399994 0.912361 7.858899 0.247627 0.977416
176.500000 0.914785 7.870030 0.243656 0.979920
176.599991 0.909972 7.834632 0.243006 0.973921
176.699997 0.913897 7.869443 0.241189 0.978975
176.800003 0.909881 7.842142 0.237286 0.976921
176.899994 0.913026 7.868440 0.242227 0.980106
177.000000 0.910155 7.851926 0.240420 0.978789
177.099991 0.911064 7.855542 0.241297 0.980492
177.199997 0.909837 7.857200 0.241469 0.981587
177.300003 0.911673 7.869261 0.241973 0.983395
177.399994 0.912370 7.869904 0.240807 0.982814
177.500000 0.911133 7.866400 0.243834 0.982726
177.599991 0.908827 7.865792 0.241994 0.982086
177.699997 0.907635 7.854898 0.236165 0.979886
177.800003 0.906781 7.851470 0.229846 0.979796
177.899994 0.908691 7.864886 0.227923 0.980498
178.000000 0.911262 7.865395 0.226941 0.978615
178.099991 0.911373 7.853556 0.229369 0.976993
178.199997 0.914975 7.865760 0.232870 0.978694
178.300003 0.914086 7.864635 0.229570 0.978422
178.399994 0.913586 7.865434 0.229970 0.980320
178.500000 0.913743 7.865267 0.231184 0.980610
178.599991 0.912218 7.864427 0.230354 0.979804
178.699997 0.910472 7.845524 0.226619 0.977218
178.800003 0.913900 7.863900 0.225100 0.979800
178.899994 0.913657 7.864432 0.221411 0.978689
179.000000 0.914660 7.864995 0.219446 0.978915
179.099991 0.915145 7.865596 0.220461 0.978335
179.199997 0.913065 7.849440 0.221389 0.976391
179.300003 0.916325 7.862541 0.221334 0.977207
179.399994 0.916867 7.865446 0.221289 0.977291
179.500000 0.917600 7.867200 0.218900 0.977000
179.599991 0.917849 7.867980 0.223266 0.976714
179.699997 0.918768 7.869348 0.220588 0.976391
179.800003 0.918018 7.869370 0.221522 0.977277
179.899994 0.920472 7.870916 0.226097 0.976421
180.000000 0.918049 7.858385 0.226464 0.975515
180.099991 0.919392 7.869287 0.229223 0.977698
180.199997 0.915442 7.857671 0.229785 0.975612
180.300003 0.916991 7.872740 0.229048 0.977924
180.399994 0.915058 7.871836 0.226213 0.978089
180.500000 0.913417 7.868227 0.228254 0.977605
180.599991 0.914815 7.874374 0.232032 0.977778
180.699997 0.915408 7.878212 0.233877 0.977602
180.800003 0.915975 7.867160 0.233170 0.976893
180.899994 0.914917 7.873925 0.232553 0.979404
181.000000 0.915582 7.873523 0.236731 0.979772
181.099991 0.913923 7.863177 0.238415 0.980082
181.199997 0.914660 7.863495 0.240332 0.979414
181.300003 0.916800 7.877152 0.239487 0.981177
181.399994 0.917984 7.878075 0.236647 0.980796
181.500000 0.918502 7.879155 0.234982 0.980877
181.599991 0.918151 7.878327 0.231139 0.981189
181.699997 0.918043 7.876814 0.231762 0.981987
181.800003 0.914668 7.876199 0.231415 0.982414
181.899994 0.913465 7.873850 0.233293 0.981693
182.000000 0.914874 7.875262 0.235271 0.981595
182.099991 0.915476 7.877011 0.231592 0.981017
182.199997 0.915283 7.875475 0.230046 0.981296
182.300003 0.913809 7.876912 0.232377 0.981702
182.399994 0.914214 7.875910 0.226534 0.980549
182.500000 0.913955 7.876223 0.227491 0.981733
182.599991 0.913379 7.876127 0.228920 0.981775
182.699997 0.912000 7.874500 0.230100 0.981700
182.800003 0.911653 7.874176 0.228863 0.980212
182.899994 0.907444 7.857514 0.225335 0.979488
183.000000 0.908827 7.872538 0.223633 0.980506
183.099991 0.903406 7.856059 0.223654 0.978424
183.199997 0.905338 7.869952 0.225110 0.980308
183.300003 0.905875 7.876399 0.223921 0.980416
183.399994 0.904624 7.877101 0.220677 0.980384
183.500000 0.901380 7.863873 0.221144 0.979596
183.599991 0.902080 7.874875 0.219344 0.981696
183.699997 0.901080 7.872074 0.217143 0.982296
183.800003 0.899860 7.871949 0.218587 0.982293
183.899994 0.900150 7.873036 0.217209 0.982591
184.000000 0.898210 7.860314 0.217978 0.981402
184.099991 0.899380 7.874675 0.219844 0.983697
184.199997 0.897951 7.873763 0.220190 0.984808
184.300003 0.899399 7.874074 0.222022 0.984785
184.399994 0.898568 7.870532 0.219886 0.985281
184.500000 0.900561 7.871119 0.217705 0.985580
184.599991 0.901010 7.868113 0.216878 0.984901
184.699997 0.900310 7.870112 0.216578 0.985002
184.800003 0.899770 7.870761 0.215365 0.983495
184.899994 0.897451 7.861369 0.217891 0.981509
185.000000 0.896824 7.871554 0.217040 0.982022
185.099991 0.898290 7.871988 0.218822 0.981798
185.199997 0.896548 7.858729 0.219110 0.980890
185.300003 0.897982 7.870005 0.215727 0.981115
185.399994 0.897859 7.869748 0.214486 0.980692
185.500000 0.899400 7.872400 0.213200 0.981000
185.599991 0.897502 7.869431 0.210989 0.978921
185.699997 0.895179 7.855271 0.209142 0.977395
185.800003 0.897172 7.867393 0.205056 0.977016
185.899994 0.897351 7.863169 0.203398 0.975512
186.000000 0.899321 7.867859 0.204654 0.976229
186.099991 0.898541 7.866553 0.205318 0.976210
186.199997 0.900500 7.869200 0.204800 0.975700
186.300003 0.899930 7.870280 0.206751 0.975959
186.399994 0.900630 7.870339 0.203739 0.976207
186.500000 0.902603 7.873073 0.203003 0.975976
186.599991 0.901109 7.866946 0.201478 0.976126
186.699997 0.902261 7.870948 0.197379 0.976891
186.800003 0.902664 7.873123 0.196876 0.977769
186.899994 0.901780 7.870574 0.194139 0.979896
187.000000 0.900060 7.869417 0.191768 0.979571
187.099991 0.897900 7.857000 0.190800 0.979500
187.199997 0.899090 7.868687 0.186819 0.981498
187.300003 0.897820 7.851729 0.185263 0.978104
187.399994 0.895458 7.850640 0.186275 0.978091
187.500000 0.896210 7.866713 0.186281 0.979702
187.599991 0.896621 7.869626 0.186663 0.979504
187.699997 0.897910 7.869413 0.190081 0.980102
187.800003 0.899211 7.861253 0.192588 0.980422
187.899994 0.900640 7.869452 0.190724 0.981507
188.000000 0.900480 7.869504 0.190248 0.980516
188.099991 0.900829 7.869270 0.185759 0.979926
188.199997 0.900040 7.869882 0.183843 0.980527
188.300003 0.895869 7.832150 0.180254 0.975993
188.399994 0.902229 7.868140 0.178446 0.979206
188.500000 0.902771 7.870061 0.179654 0.978694
188.599991 0.902849 7.869265 0.177611 0.978211
188.699997 0.903852 7.870035 0.179990 0.978589
188.800003 0.904295 7.870458 0.177395 0.978576
188.899994 0.904690 7.864486 0.172617 0.977598
189.000000 0.905296 7.869056 0.174892 0.977475
189.099991 0.904233 7.867007 0.174622 0.977985
189.199997 0.903158 7.864981 0.171397 0.977314
189.300003 0.904219 7.863227 0.171266 0.978504
189.399994 0.904338 7.861555 0.167833 0.979408
189.500000 0.905400 7.857400 0.166000 0.978600
189.599991 0.902539 7.842063 0.166034 0.977109
189.699997 0.906019 7.857228 0.163667 0.978404
189.800003 0.905091 7.857886 0.165517 0.978798
189.899994 0.906003 7.863051 0.165218 0.979722
190.000000 0.903767 7.844409 0.162786 0.978515
190.099991 0.907400 7.863500 0.161500 0.980300
190.199997 0.908973 7.864759 0.162649 0.981695
190.300003 0.908054 7.855428 0.160980 0.980590
190.399994 0.909927 7.864041 0.161152 0.980706
190.500000 0.909854 7.864581 0.164701 0.980312
190.599991 0.908636 7.858902 0.162314 0.980186
190.699997 0.907409 7.858014 0.158684 0.979902
190.800003 0.907256 7.865781 0.155807 0.981511
190.899994 0.905519 7.851030 0.157469 0.980204
191.000000 0.905205 7.844244 0.157958 0.979279
191.099991 0.905500 7.853000 0.161400 0.980200
191.199997 0.907418 7.863827 0.158968 0.981004
191.300003 0.908173 7.865108 0.160671 0.980516
191.399994 0.908382 7.862823 0.159357 0.980418
191.500000 0.907156 7.864881 0.155607 0.980812
191.599991 0.905885 7.865322 0.152263 0.980917
191.699997 0.907320 7.864276 0.149905 0.982323
191.800003 0.906616 7.862376 0.149134 0.982484
191.899994 0.906328 7.862341 0.148156 0.983005
192.000000 0.906719 7.859428 0.145171 0.982503
192.099991 0.902232 7.846793 0.147503 0.981687
192.199997 0.903555 7.860791 0.143816 0.982974
192.300003 0.900829 7.844902 0.144412 0.981924
192.399994 0.902907 7.856957 0.142543 0.984317
192.500000 0.901651 7.857029 0.140970 0.983892
192.599991 0.901869 7.856900 0.141401 0.981913
192.699997 0.902719 7.858828 0.141072 0.981104
192.800003 0.902500 7.858900 0.142400 0.981400
192.899994 0.901920 7.858929 0.142372 0.982603
193.000000 0.903087 7.856929 0.144970 0.982616
193.099991 0.902185 7.860994 0.141411 0.982161
193.199997 0.898351 7.833283 0.140430 0.978511
193.300003 0.902120 7.863627 0.134473 0.982104
193.399994 0.902322 7.865593 0.136209 0.981986
193.500000 0.902942 7.867921 0.133680 0.982389
193.599991 0.902990 7.860586 0.133213 0.981398
193.699997 0.903910 7.864213 0.132587 0.982402
193.800003 0.904134 7.862992 0.131915 0.981426
193.899994 0.904243 7.857314 0.131279 0.981089
194.000000 0.905191 7.861686 0.132613 0.981998
194.099991 0.907054 7.862532 0.130565 0.982691
194.199997 0.905600 7.862800 0.130200 0.984100
194.300003 0.904748 7.863667 0.130035 0.983009
194.399994 0.905449 7.863381 0.133213 0.982272
194.500000 0.906944 7.864819 0.134481 0.983290
194.599991 0.907999 7.862849 0.134848 0.983582
194.699997 0.908855 7.868979 0.133820 0.983910
194.800003 0.907135 7.860302 0.130892 0.981287
194.899994 0.907554 7.873636 0.131566 0.981391
195.000000 0.908845 7.872923 0.132880 0.982289
195.099991 0.907928 7.875638 0.130761 0.981905
195.199997 0.909400 7.877400 0.130100 0.982200
195.300003 0.912109 7.875812 0.130087 0.981202
195.399994 0.912209 7.874012 0.135086 0.981302
195.500000 0.913448 7.873624 0.134381 0.980588
195.599991 0.913526 7.872838 0.133360 0.980106
195.699997 0.913960 7.873689 0.135705 0.980414
195.800003 0.911253 7.867080 0.136018 0.979612
195.899994 0.913800 7.873300 0.139300 0.980200
196.000000 0.914651 7.871777 0.138417 0.981511
196.099991 0.913183 7.872675 0.136827 0.981596
196.199997 0.914091 7.874187 0.138814 0.982498
196.300003 0.911418 7.856829 0.138172 0.981704
196.399994 0.913317 7.869425 0.137073 0.984403
196.500000 0.913539 7.865606 0.137196 0.983889
196.599991 0.913474 7.870861 0.134040 0.984895
196.699997 0.915541 7.872110 0.134794 0.983989
196.800003 0.914934 7.871152 0.135946 0.984106
196.899994 0.914206 7.872760 0.134548 0.984883
197.000000 0.914174 7.873462 0.132840 0.985396
197.099991 0.911118 7.854829 0.131874 0.983203
197.199997 0.914171 7.869905 0.131698 0.985278
197.300003 0.913809 7.868113 0.131787 0.985301
197.399994 0.913977 7.867518 0.131582 0.985513
197.500000 0.911653 7.852388 0.131921 0.983510
197.599991 0.914000 7.869800 0.131400 0.986000
197.699997 0.916667 7.870204 0.133293 0.986511
197.800003 0.917384 7.869818 0.131484 0.987082
197.899994 0.916392 7.867887 0.132213 0.986299
198.000000 0.916174 7.866539 0.130252 0.985762
198.099991 0.915966 7.859644 0.128752 0.984194
198.199997 0.918325 7.870139 0.130861 0.984405
198.300003 0.916159 7.856900 0.129509 0.982212
198.399994 0.919516 7.871526 0.130574 0.983303
198.500000 0.921176 7.874162 0.131039 0.983495
198.599991 0.920156 7.872890 0.130808 0.982212
198.699997 0.918573 7.869018 0.129184 0.982216
198.800003 0.917849 7.865480 0.130822 0.981311
198.899994 0.917801 7.872447 0.130757 0.981578
199.000000 0.917959 7.872437 0.130065 0.981091
199.099991 0.918208 7.873413 0.131987 0.981202
199.199997 0.915259 7.856401 0.129110 0.979215
199.300003 0.917425 7.870439 0.130661 0.981306
199.399994 0.914409 7.858014 0.131687 0.980502
199.500000 0.916450 7.866680 0.129822 0.980412
199.599991 0.917041 7.866327 0.128681 0.980633
199.699997 0.917334 7.863491 0.128002 0.980885
199.800003 0.918927 7.865880 0.128516 0.981884
199.899994 0.920364 7.867107 0.128497 0.981515
