0.000000 0.999900 7.999400 0.999900 1.000000
0.100000 0.997101 7.978105 0.997101 0.996801
0.200000 0.997901 7.984806 0.998101 0.998401
0.300000 0.996298 7.977189 0.996898 0.997599
0.400000 0.994897 7.971586 0.995898 0.996698
0.500000 0.994899 7.967293 0.994599 0.996499
0.600000 0.993599 7.963696 0.992599 0.996200
0.700000 0.992195 7.960076 0.991895 0.995497
0.800000 0.991289 7.956744 0.991990 0.994393
0.900000 0.990500 7.954800 0.990600 0.993300
1.000000 0.990413 7.952366 0.990314 0.993110
1.100000 0.988104 7.941518 0.988603 0.990603
1.200000 0.988201 7.948005 0.987401 0.991301
1.300000 0.987299 7.946494 0.985699 0.990999
1.400000 0.986816 7.944667 0.984319 0.990611
1.500000 0.985678 7.941612 0.983475 0.990386
1.600000 0.984595 7.940182 0.982195 0.988997
1.700000 0.982503 7.923215 0.980704 0.986603
1.800000 0.982205 7.925723 0.979906 0.986704
1.900000 0.983000 7.934800 0.978500 0.987100
2.000000 0.982084 7.934341 0.978080 0.987689
2.100000 0.980715 7.934552 0.977918 0.987010
2.200000 0.979504 7.929914 0.976805 0.986103
2.300000 0.980118 7.934259 0.976521 0.987511
2.400000 0.979920 7.934465 0.975524 0.987313
2.500000 0.979404 7.933413 0.975405 0.987503
2.600000 0.977729 7.930191 0.973135 0.988715
2.700000 0.974787 7.914257 0.968484 0.985793
2.800000 0.974877 7.923632 0.969873 0.986888
2.900000 0.975107 7.925822 0.968709 0.986704
3.000000 0.973803 7.923708 0.966203 0.985201
3.100000 0.974108 7.929621 0.966210 0.986004
3.200000 0.974074 7.927227 0.966366 0.985986
3.300000 0.973695 7.925685 0.964493 0.984597
3.400000 0.971897 7.910592 0.961096 0.982698
3.500000 0.972311 7.922231 0.961315 0.984706
3.600000 0.972089 7.922669 0.959384 0.985894
3.700000 0.969818 7.912353 0.959424 0.984209
3.800000 0.970518 7.922347 0.960424 0.985609
3.900000 0.970506 7.920816 0.961008 0.984703
4.000000 0.968809 7.916325 0.960012 0.985204
4.100000 0.969100 7.920700 0.957900 0.985700
4.200000 0.967420 7.920248 0.953828 0.985609
4.300000 0.967077 7.917442 0.951866 0.985390
4.400000 0.967887 7.924770 0.948880 0.986695
4.500000 0.968165 7.925118 0.948343 0.987086
4.600000 0.966407 7.914517 0.945411 0.985703
4.700000 0.966717 7.918341 0.940930 0.985707
4.800000 0.967529 7.926266 0.940753 0.986912
4.900000 0.966797 7.923593 0.938594 0.986499
5.000000 0.965956 7.923300 0.938220 0.985982
5.100000 0.965997 7.923993 0.937194 0.986499
5.200000 0.964711 7.919824 0.937419 0.985904
5.300000 0.963914 7.913634 0.934026 0.985706
5.400000 0.963796 7.917692 0.933493 0.985499
5.500000 0.964064 7.916916 0.932533 0.985886
5.600000 0.964064 7.915915 0.931331 0.986987
5.700000 0.963662 7.917241 0.928821 0.986822
5.800000 0.963725 7.915159 0.928950 0.986909
5.900000 0.963118 7.915342 0.925237 0.987006
6.000000 0.962211 7.914425 0.922523 0.986404
6.100000 0.960988 7.909273 0.921376 0.985396
6.200000 0.960240 7.914985 0.917982 0.985315
6.300000 0.959212 7.912826 0.915825 0.984805
6.400000 0.956635 7.907774 0.913869 0.984812
6.500000 0.957317 7.914134 0.914534 0.984006
6.600000 0.956504 7.906809 0.910709 0.983902
6.700000 0.955569 7.913439 0.907435 0.985290
6.800000 0.955913 7.910926 0.905128 0.985304
6.900000 0.952833 7.903267 0.902768 0.983312
7.000000 0.952676 7.907854 0.903052 0.983792
7.100000 0.952733 7.908964 0.904467 0.983811
7.200000 0.951281 7.903461 0.902561 0.982293
7.300000 0.951500 7.908100 0.898600 0.982200
7.400000 0.949285 7.903271 0.895169 0.982795
7.500000 0.948421 7.908137 0.893243 0.982707
7.600000 0.947900 7.910000 0.890900 0.982400
7.700000 0.946038 7.902169 0.890976 0.981613
7.800000 0.945546 7.903604 0.891291 0.980681
7.900000 0.945746 7.908308 0.892593 0.981682
8.000000 0.946141 7.912304 0.887877 0.983081
8.099999 0.947063 7.909537 0.886020 0.982588
8.200000 0.947721 7.914035 0.884446 0.983207
8.300000 0.947211 7.914017 0.885723 0.982304
8.400000 0.946332 7.914052 0.884869 0.981411
8.500000 0.945835 7.915298 0.882859 0.980677
8.599999 0.939212 7.878824 0.880424 0.974905
8.700000 0.943728 7.914942 0.887356 0.979710
8.800000 0.942329 7.915343 0.883958 0.979710
8.900000 0.942300 7.913400 0.880000 0.978700
9.000000 0.941748 7.912421 0.880793 0.977980
9.099999 0.941235 7.911153 0.881471 0.978213
9.200000 0.941124 7.908736 0.881048 0.978109
9.300000 0.939373 7.905613 0.879944 0.977926
9.400000 0.939043 7.905766 0.876586 0.978715
9.500000 0.936806 7.892311 0.875912 0.976002
9.599999 0.937812 7.906119 0.874325 0.978604
9.700000 0.936657 7.892797 0.870816 0.977820
9.800000 0.937550 7.900280 0.870703 0.978717
9.900000 0.939822 7.907279 0.871533 0.980274
10.000000 0.939884 7.904134 0.871180 0.979529
10.099999 0.939167 7.905105 0.870642 0.978324
10.200000 0.938343 7.906865 0.872989 0.978115
10.300000 0.937837 7.904358 0.873276 0.978513
10.400000 0.937825 7.908637 0.871451 0.978609
10.500000 0.938737 7.908455 0.871977 0.978513
10.599999 0.937331 7.901049 0.869565 0.977811
10.700000 0.935962 7.893636 0.869822 0.977186
10.800000 0.935987 7.907782 0.868774 0.979196
10.900000 0.935084 7.906721 0.872066 0.979527
11.000000 0.933120 7.903384 0.872247 0.980977
11.099999 0.932275 7.900909 0.872940 0.981221
11.200000 0.933473 7.906562 0.870348 0.982993
11.300000 0.932821 7.907268 0.870234 0.982931
11.400000 0.933260 7.907683 0.871016 0.983715
11.500000 0.931593 7.901390 0.870387 0.984098
11.599999 0.931511 7.905978 0.867828 0.986082
11.700000 0.931909 7.907248 0.869509 0.986222
11.800000 0.932241 7.905756 0.868679 0.985409
11.900000 0.931600 7.905500 0.865900 0.986000
12.000000 0.932020 7.906128 0.863041 0.985004
12.099999 0.933580 7.904871 0.864459 0.985896
12.200000 0.933646 7.900070 0.860797 0.986110
12.300000 0.934587 7.906081 0.859572 0.987798
12.400000 0.934334 7.901802 0.853754 0.986386
12.500000 0.933220 7.901330 0.852944 0.987804
12.599999 0.933120 7.903985 0.852523 0.987185
12.700000 0.934426 7.903838 0.853559 0.987605
12.799999 0.933340 7.896263 0.853388 0.985709
12.900000 0.932680 7.898670 0.852456 0.985696
13.000000 0.931300 7.901000 0.849600 0.985200
13.099999 0.929600 7.891300 0.849500 0.984000
13.200000 0.929544 7.895617 0.847478 0.984087
13.299999 0.930072 7.900661 0.848840 0.983593
13.400000 0.930437 7.901511 0.848864 0.984086
13.500000 0.929802 7.901162 0.847687 0.984078
13.599999 0.929200 7.903600 0.846100 0.983600
13.700000 0.929092 7.901727 0.844003 0.983022
13.799999 0.925837 7.877562 0.846577 0.980310
13.900000 0.927460 7.900619 0.846039 0.982239
14.000000 0.928028 7.900400 0.845245 0.982282
14.099999 0.927051 7.897972 0.844609 0.981113
14.200000 0.927549 7.903032 0.844191 0.982388
14.299999 0.926739 7.903085 0.842898 0.981835
14.400000 0.926927 7.901902 0.842142 0.981181
14.500000 0.927385 7.903481 0.840768 0.979896
14.599999 0.926471 7.894557 0.842637 0.977791
14.700000 0.927935 7.901711 0.847863 0.979181
14.799999 0.927562 7.902014 0.844905 0.978659
14.900000 0.927049 7.899129 0.844591 0.978085
15.000000 0.927378 7.898870 0.842553 0.979794
15.099999 0.929014 7.900920 0.839632 0.978004
15.200000 0.926778 7.899270 0.838652 0.976793
15.299999 0.927061 7.898908 0.840497 0.977357
15.400000 0.926311 7.898851 0.841837 0.977534
15.500000 0.926905 7.897467 0.841594 0.977571
15.599999 0.927429 7.896941 0.846062 0.976210
15.700000 0.927064 7.893447 0.843622 0.976088
15.799999 0.926593 7.891689 0.838084 0.973597
15.900000 0.928285 7.899840 0.838842 0.974259
16.000000 0.927957 7.897539 0.835801 0.975785
16.100000 0.926812 7.895675 0.834902 0.976572
16.199999 0.927107 7.895310 0.834617 0.977502
16.299999 0.928000 7.895100 0.834000 0.977800
16.400000 0.928107 7.892510 0.830117 0.977302
16.500000 0.928871 7.893507 0.831269 0.977423
16.600000 0.928892 7.895336 0.829921 0.978328
16.699999 0.928771 7.894505 0.825574 0.976224
16.799999 0.923715 7.862528 0.820036 0.971906
16.900000 0.926637 7.895352 0.824388 0.975912
17.000000 0.926263 7.897749 0.824712 0.977089
17.100000 0.926563 7.895447 0.825413 0.977289
17.199999 0.926226 7.889990 0.823824 0.976677
17.299999 0.926949 7.891624 0.825278 0.978285
17.400000 0.925915 7.887623 0.821436 0.977904
17.500000 0.926048 7.888422 0.822376 0.976784
17.600000 0.925135 7.888700 0.821022 0.975744
17.699999 0.926490 7.889134 0.816925 0.975663
17.799999 0.928186 7.893779 0.816963 0.975895
17.900000 0.929742 7.893464 0.815711 0.977414
18.000000 0.927671 7.883554 0.815926 0.976791
18.100000 0.928900 7.891949 0.816944 0.977468
18.199999 0.929921 7.891232 0.813456 0.977807
18.299999 0.930128 7.888745 0.811875 0.978808
18.400000 0.931259 7.890335 0.811487 0.978987
18.500000 0.928343 7.876302 0.808947 0.976882
18.600000 0.929265 7.891446 0.808304 0.979390
18.699999 0.929307 7.889511 0.808719 0.979702
18.799999 0.927779 7.889222 0.809809 0.979223
18.900000 0.926163 7.886643 0.804402 0.980090
19.000000 0.925944 7.889066 0.807815 0.980712
19.100000 0.927264 7.883042 0.806703 0.979990
19.199999 0.928507 7.882447 0.802443 0.978973
19.299999 0.927929 7.876450 0.799680 0.979408
19.400000 0.928693 7.878358 0.797164 0.978228
19.500000 0.928051 7.881249 0.795330 0.979044
19.600000 0.928400 7.880800 0.797300 0.979100
19.699999 0.926695 7.880655 0.794967 0.979626
19.799999 0.927213 7.881458 0.796356 0.980276
19.900000 0.927999 7.880132 0.798017 0.980773
20.000000 0.925830 7.874650 0.796082 0.981207
20.100000 0.924076 7.876024 0.793706 0.981618
20.199999 0.922153 7.876225 0.787272 0.980288
20.299999 0.919592 7.857386 0.783478 0.977698
20.400000 0.920660 7.870234 0.785693 0.980190
20.500000 0.920600 7.866700 0.785800 0.978900
20.600000 0.919584 7.858772 0.783257 0.977696
20.699999 0.920244 7.872111 0.784149 0.979185
20.799999 0.919620 7.870871 0.781482 0.979379
20.900000 0.918077 7.865298 0.783375 0.977867
21.000000 0.920180 7.876024 0.781019 0.979820
21.100000 0.920096 7.876248 0.783060 0.979425
21.199999 0.921331 7.877549 0.785186 0.978409
21.299999 0.920436 7.873899 0.783927 0.977682
21.400000 0.918455 7.867652 0.780717 0.975447
21.500000 0.918066 7.877698 0.781775 0.977518
21.600000 0.919160 7.878439 0.782491 0.977589
21.699999 0.917949 7.865980 0.783630 0.975015
21.799999 0.920648 7.878673 0.782930 0.976914
21.900000 0.920411 7.876873 0.778510 0.977332
22.000000 0.918832 7.876749 0.774690 0.978509
22.100000 0.918351 7.879728 0.772664 0.980288
22.199999 0.918992 7.878188 0.770077 0.980598
22.299999 0.914855 7.848042 0.763197 0.976560
22.400000 0.917491 7.880132 0.764759 0.980122
22.500000 0.915484 7.882019 0.768332 0.980619
22.600000 0.916017 7.882223 0.771946 0.980704
22.699999 0.917916 7.886222 0.772546 0.981404
22.799999 0.918759 7.887243 0.774587 0.980790
22.900000 0.918776 7.886166 0.776533 0.981294
23.000000 0.914902 7.858370 0.771474 0.977926
23.100000 0.917649 7.883870 0.769638 0.981511
23.199999 0.918916 7.882923 0.768146 0.981704
23.299999 0.918141 7.882058 0.763218 0.981409
23.400000 0.918714 7.882665 0.761334 0.982125
23.500000 0.914877 7.862224 0.763613 0.978919
23.600000 0.917800 7.885799 0.767100 0.982100
23.699999 0.916617 7.868826 0.765147 0.979104
23.799999 0.919940 7.889455 0.765018 0.982309
23.900000 0.919016 7.887322 0.761948 0.982803
24.000000 0.919076 7.880264 0.755627 0.981494
24.100000 0.920419 7.887868 0.754968 0.982426
24.199999 0.920660 7.888544 0.754977 0.981891
24.299999 0.921814 7.891180 0.757133 0.981480
24.400000 0.920348 7.885269 0.757046 0.982011
24.500000 0.921920 7.892252 0.757141 0.983362
24.600000 0.920868 7.888455 0.757803 0.984194
24.699999 0.919073 7.878909 0.755520 0.982216
24.799999 0.919572 7.884504 0.756319 0.981716
24.900000 0.919049 7.881271 0.757446 0.981511
25.000000 0.920476 7.882265 0.758027 0.980894
25.100000 0.914849 7.851311 0.751851 0.978287
25.199999 0.919456 7.881284 0.751674 0.982412
25.299999 0.916408 7.861114 0.749225 0.980002
25.400000 0.917367 7.874150 0.749200 0.980792
25.500000 0.919460 7.882241 0.750675 0.979990
25.599998 0.919816 7.882623 0.745951 0.980004
25.699999 0.919848 7.877774 0.745353 0.979912
25.799999 0.917541 7.863668 0.743328 0.977911
25.900000 0.918968 7.880652 0.747099 0.979292
26.000000 0.919065 7.881295 0.746403 0.978917
26.099998 0.919992 7.881288 0.750575 0.978798
26.199999 0.918733 7.877449 0.747901 0.978709
26.299999 0.917768 7.873298 0.746494 0.978866
26.400000 0.916625 7.859974 0.744370 0.976979
26.500000 0.922016 7.878924 0.745951 0.978504
26.599998 0.919376 7.876163 0.746324 0.978794
26.699999 0.919165 7.877997 0.743205 0.977718
26.799999 0.917793 7.877541 0.741965 0.977270
26.900000 0.916484 7.876024 0.739560 0.977223
27.000000 0.915566 7.878851 0.740796 0.977791
27.099998 0.916942 7.877614 0.737816 0.978785
27.199999 0.916775 7.874562 0.736221 0.978494
27.299999 0.911791 7.837884 0.728673 0.974197
27.400000 0.916166 7.869048 0.729092 0.979092
27.500000 0.917609 7.876164 0.729202 0.979277
27.599998 0.917567 7.875650 0.727191 0.979692
27.699999 0.917183 7.878576 0.725045 0.980796
27.799999 0.917408 7.881212 0.724927 0.981302
27.900000 0.920332 7.883646 0.726909 0.982307
28.000000 0.919111 7.870458 0.720392 0.981480
28.099998 0.919732 7.881247 0.720512 0.983007
28.199999 0.918959 7.883842 0.719160 0.983692
28.299999 0.916650 7.883110 0.715612 0.981833
28.400000 0.916500 7.882017 0.717121 0.982157
28.500000 0.916483 7.883576 0.719944 0.981896
28.599998 0.914926 7.877737 0.718884 0.980906
28.699999 0.917808 7.880312 0.718528 0.981802
28.799999 0.916642 7.881259 0.720240 0.983208
28.900000 0.916225 7.878336 0.718784 0.982305
29.000000 0.915400 7.865700 0.717100 0.981200
29.099998 0.915883 7.873274 0.714643 0.982797
29.199999 0.914517 7.875325 0.714857 0.982903
29.299999 0.915241 7.880816 0.712299 0.982888
29.400000 0.914851 7.873876 0.714271 0.983210
29.500000 0.913448 7.880529 0.712728 0.982890
29.599998 0.915208 7.880812 0.709129 0.983202
29.699999 0.915053 7.881612 0.707127 0.982432
29.799999 0.915568 7.883393 0.709832 0.982014
29.900000 0.915293 7.884028 0.711018 0.981420
30.000000 0.914206 7.886275 0.709080 0.980178
30.099998 0.913531 7.884908 0.711869 0.981385
30.199999 0.913709 7.885411 0.709729 0.981102
30.299999 0.913883 7.885177 0.706541 0.979996
30.400000 0.913900 7.882700 0.703800 0.979500
30.500000 0.914183 7.872875 0.703741 0.978196
30.599998 0.914112 7.881054 0.703685 0.978828
30.699999 0.913709 7.879012 0.701630 0.979402
30.799999 0.910345 7.851075 0.694153 0.974713
30.900000 0.912686 7.878041 0.696005 0.977671
31.000000 0.912100 7.879400 0.698600 0.977500
31.099998 0.911841 7.878095 0.703175 0.979034
31.199999 0.912182 7.876775 0.702040 0.978596
31.299999 0.912091 7.873888 0.695370 0.978798
31.400000 0.911738 7.873111 0.697688 0.978585
31.500000 0.911821 7.874687 0.696927 0.979181
31.599998 0.912730 7.873499 0.700761 0.978483
31.699999 0.911709 7.871313 0.700230 0.977402
31.799999 0.909846 7.869722 0.703122 0.976986
31.900000 0.908118 7.869726 0.698960 0.977105
32.000000 0.907717 7.857672 0.698228 0.976179
32.099998 0.909909 7.871313 0.697730 0.975702
32.200001 0.910355 7.871436 0.697049 0.975488
32.299999 0.907411 7.860567 0.695366 0.973632
32.399998 0.908254 7.872336 0.699850 0.974787
32.500000 0.907654 7.872036 0.698549 0.975488
32.599998 0.907265 7.870390 0.698811 0.975917
32.700001 0.905562 7.868647 0.699680 0.975990
32.799999 0.904819 7.869426 0.693861 0.976205
32.899998 0.905509 7.870413 0.692431 0.977302
33.000000 0.905809 7.870214 0.690731 0.978002
33.099998 0.907044 7.869822 0.684311 0.976886
33.200001 0.905802 7.869125 0.681832 0.978154
33.299999 0.904638 7.857157 0.683427 0.977709
33.399998 0.906353 7.867133 0.682441 0.978689
33.500000 0.905628 7.865641 0.683295 0.978806
33.599998 0.904462 7.864646 0.680172 0.978491
33.700001 0.905000 7.851600 0.680400 0.977500
33.799999 0.909091 7.868542 0.685623 0.979175
33.899998 0.910962 7.869691 0.684721 0.979614
34.000000 0.912713 7.873765 0.684710 0.981424
34.099998 0.912774 7.874763 0.682905 0.981795
34.200001 0.912826 7.872838 0.686894 0.981406
34.299999 0.913530 7.871193 0.685871 0.980929
34.399998 0.915036 7.874301 0.686002 0.980831
34.500000 0.913039 7.864005 0.692485 0.980086
34.599998 0.912139 7.855699 0.690183 0.979486
34.700001 0.910836 7.851360 0.690324 0.978509
34.799999 0.913157 7.857529 0.689245 0.979090
34.899998 0.915300 7.868000 0.690700 0.980900
35.000000 0.915841 7.859201 0.688282 0.979786
35.099998 0.917308 7.872713 0.682932 0.981502
35.200001 0.913805 7.856342 0.683452 0.978576
35.299999 0.912735 7.860156 0.683327 0.979808
35.399998 0.913383 7.864673 0.678736 0.979896
35.500000 0.912570 7.865708 0.677658 0.978817
35.599998 0.911520 7.865378 0.675008 0.979081
35.700001 0.911300 7.863700 0.674600 0.977700
35.799999 0.910909 7.863113 0.674633 0.977202
35.899998 0.910145 7.861769 0.671464 0.977111
36.000000 0.908008 7.858158 0.674174 0.976276
36.099998 0.909245 7.867212 0.671426 0.977336
36.200001 0.909127 7.867949 0.672678 0.978659
36.299999 0.908955 7.869134 0.669535 0.979290
36.399998 0.910482 7.868373 0.669734 0.979296
36.500000 0.910454 7.873176 0.668199 0.979812
36.599998 0.910755 7.869235 0.671036 0.979890
36.700001 0.911264 7.872549 0.671869 0.981793
36.799999 0.912456 7.871336 0.668434 0.980490
36.899998 0.911638 7.854698 0.664265 0.977684
37.000000 0.914026 7.871038 0.667000 0.979906
37.099998 0.914726 7.872238 0.666000 0.978506
37.200001 0.913831 7.867794 0.664832 0.977282
37.299999 0.912640 7.867612 0.666633 0.977536
37.399998 0.912053 7.873876 0.669198 0.977613
37.500000 0.911673 7.874063 0.663699 0.977893
37.599998 0.910554 7.870577 0.660604 0.978613
37.700001 0.909737 7.856600 0.660162 0.976684
37.799999 0.911638 7.870810 0.656159 0.978585
37.899998 0.912112 7.872973 0.654354 0.977177
38.000000 0.913526 7.872638 0.658302 0.977307
38.099998 0.911909 7.858214 0.654835 0.975602
38.200001 0.913977 7.875712 0.656110 0.978020
38.299999 0.913578 7.875213 0.655710 0.977520
38.399998 0.913591 7.877688 0.653265 0.977898
38.500000 0.914237 7.875965 0.647330 0.976656
38.599998 0.914066 7.877651 0.643858 0.977291
38.700001 0.912465 7.875250 0.643457 0.977391
38.799999 0.913722 7.875388 0.642178 0.976879
38.899998 0.913339 7.867207 0.646152 0.977184
39.000000 0.914409 7.876313 0.645835 0.978702
39.099998 0.914188 7.876840 0.644938 0.977771
39.200001 0.911991 7.859886 0.651165 0.975898
39.299999 0.914751 7.875675 0.653808 0.978813
39.399998 0.912956 7.859329 0.657929 0.977889
39.500000 0.914560 7.875687 0.658139 0.980014
39.599998 0.915725 7.878337 0.659202 0.981106
39.700001 0.915166 7.878551 0.657463 0.982093
39.799999 0.915044 7.880004 0.654987 0.982929
39.899998 0.913769 7.872102 0.655276 0.982414
40.000000 0.915966 7.873249 0.655862 0.983093
40.099998 0.913391 7.866386 0.656266 0.982298
40.200001 0.914694 7.877735 0.659275 0.984018
40.299999 0.912079 7.867919 0.659407 0.982716
40.399998 0.915767 7.879896 0.657874 0.984912
40.500000 0.909718 7.845431 0.657169 0.980204
40.599998 0.914100 7.879400 0.661200 0.984500
40.700001 0.914057 7.880240 0.665433 0.984292
40.799999 0.912983 7.858272 0.665333 0.980096
40.899998 0.910782 7.849670 0.665333 0.980296
41.000000 0.915558 7.878940 0.666233 0.983692
41.099998 0.914600 7.875000 0.664100 0.983100
41.200001 0.914802 7.878546 0.660707 0.982721
41.299999 0.915466 7.877151 0.662865 0.983493
41.399998 0.915842 7.878161 0.662569 0.983009
41.500000 0.915141 7.879916 0.664865 0.982488
41.599998 0.911809 7.861914 0.662134 0.980102
41.700001 0.915400 7.879200 0.656900 0.982200
41.799999 0.914377 7.878309 0.657009 0.982316
41.899998 0.910309 7.851715 0.654535 0.978502
42.000000 0.911944 7.875662 0.655072 0.981109
42.099998 0.910845 7.875263 0.653073 0.981209
42.200001 0.909473 7.871562 0.654296 0.980494
42.299999 0.910118 7.873825 0.647670 0.981004
42.399998 0.911291 7.875288 0.645865 0.980598
42.500000 0.910009 7.875313 0.643736 0.980602
42.599998 0.909355 7.874337 0.644822 0.980690
42.700001 0.910361 7.876822 0.645338 0.979836
42.799999 0.909928 7.875801 0.647318 0.980084
42.899998 0.909774 7.873622 0.647507 0.982075
43.000000 0.908682 7.876075 0.650030 0.982697
43.099998 0.909601 7.873961 0.645010 0.981880
43.200001 0.909791 7.872687 0.644064 0.982298
43.299999 0.910018 7.873225 0.640272 0.982603
43.399998 0.911076 7.873724 0.643601 0.982475
43.500000 0.911482 7.872174 0.643329 0.981296
43.599998 0.913279 7.871119 0.640897 0.980973
43.700001 0.911970 7.866007 0.640887 0.980715
43.799999 0.913352 7.872077 0.644513 0.981311
43.899998 0.914377 7.872015 0.643021 0.981217
44.000000 0.912286 7.865025 0.641935 0.981376
44.099998 0.912035 7.871951 0.646042 0.982807
44.200001 0.911480 7.872914 0.646718 0.983215
44.299999 0.910308 7.874451 0.642229 0.982521
44.399998 0.909309 7.871171 0.640140 0.981381
44.500000 0.909518 7.870625 0.636573 0.980404
44.599998 0.910545 7.860570 0.640380 0.978111
44.700001 0.911926 7.875537 0.644607 0.980706
44.799999 0.912640 7.876797 0.635383 0.980731
44.899998 0.912704 7.881770 0.639203 0.981279
45.000000 0.912904 7.880769 0.638102 0.982481
45.099998 0.912574 7.880264 0.631189 0.982795
45.200001 0.912062 7.879684 0.631458 0.983312
45.299999 0.911236 7.870252 0.630248 0.982107
45.399998 0.911471 7.868505 0.628897 0.982314
45.500000 0.913161 7.880383 0.628160 0.983312
45.599998 0.914851 7.882970 0.624026 0.982910
45.700001 0.916159 7.883781 0.623164 0.982712
45.799999 0.917350 7.885468 0.620328 0.981511
45.899998 0.917974 7.884804 0.616445 0.981617
46.000000 0.917441 7.885657 0.615792 0.981709
46.099998 0.918133 7.885046 0.612455 0.983607
46.200001 0.919203 7.883561 0.607629 0.983380
46.299999 0.917900 7.875600 0.610800 0.983000
46.399998 0.918803 7.880256 0.608130 0.983480
46.500000 0.917608 7.879112 0.606439 0.982302
46.599998 0.918251 7.876926 0.599159 0.982189
46.700001 0.918441 7.879461 0.594003 0.981809
46.799999 0.921816 7.881524 0.588382 0.980904
46.899998 0.917908 7.863114 0.585741 0.979802
47.000000 0.917593 7.877641 0.589266 0.981176
47.099998 0.917400 7.876600 0.594900 0.981400
47.200001 0.916900 7.879345 0.598981 0.980224
47.299999 0.913926 7.875237 0.600020 0.980306
47.399998 0.914591 7.877888 0.601360 0.979598
47.500000 0.914632 7.877201 0.604384 0.978583
47.599998 0.913883 7.872075 0.603321 0.979796
47.700001 0.914926 7.872838 0.598720 0.978906
47.799999 0.916316 7.879680 0.598699 0.979079
47.899998 0.915166 7.879151 0.600540 0.978892
48.000000 0.914760 7.879584 0.600680 0.979115
48.099998 0.914291 7.864086 0.597960 0.976498
48.200001 0.915268 7.876599 0.597222 0.977718
48.299999 0.916225 7.879036 0.597021 0.978706
48.399998 0.915159 7.876586 0.598781 0.980314
48.500000 0.914000 7.869101 0.601600 0.979300
48.599998 0.916875 7.878109 0.601858 0.978519
48.700001 0.918808 7.877812 0.601740 0.979102
48.799999 0.918331 7.878195 0.599042 0.978734
48.899998 0.918341 7.873764 0.591604 0.978711
49.000000 0.917591 7.872340 0.592448 0.979023
49.099998 0.919572 7.879109 0.594265 0.980218
49.200001 0.919832 7.880548 0.596062 0.979908
49.299999 0.920380 7.882417 0.597303 0.980020
49.399998 0.920056 7.880683 0.597282 0.980014
49.500000 0.920881 7.882825 0.595593 0.979670
49.599998 0.920752 7.883430 0.593556 0.979588
49.700001 0.921055 7.878585 0.593085 0.977915
49.799999 0.921237 7.882707 0.590973 0.979584
49.899998 0.919844 7.884920 0.594416 0.980286
50.000000 0.919699 7.887619 0.595288 0.980351
50.099998 0.920535 7.885993 0.596985 0.980932
50.200001 0.921161 7.883842 0.599500 0.980590
50.299999 0.922931 7.885197 0.599039 0.980182
50.399998 0.922530 7.879891 0.599239 0.981784
50.500000 0.922615 7.881623 0.600580 0.981204
50.599998 0.921690 7.880332 0.603445 0.981274
50.700001 0.920947 7.872477 0.604937 0.980312
50.799999 0.920611 7.875974 0.609646 0.980627
50.899998 0.922200 7.877400 0.607500 0.982000
51.000000 0.922170 7.880807 0.612749 0.981617
51.099998 0.922646 7.882418 0.613429 0.981287
51.199997 0.920168 7.856143 0.612345 0.978792
51.299999 0.919792 7.868087 0.612761 0.980398
51.399998 0.921095 7.872053 0.612065 0.981322
51.500000 0.922108 7.877613 0.608939 0.981402
51.599998 0.920016 7.874925 0.602979 0.980404
51.699997 0.920132 7.871751 0.599360 0.980208
51.799999 0.920837 7.864991 0.593375 0.978683
51.899998 0.921702 7.875661 0.592030 0.981025
52.000000 0.919988 7.869016 0.587322 0.981274
52.099998 0.921192 7.874088 0.586559 0.983898
52.199997 0.922746 7.878972 0.581751 0.983710
52.299999 0.924630 7.876749 0.578569 0.983007
52.399998 0.925055 7.878627 0.578647 0.981389
52.500000 0.924323 7.875537 0.578327 0.980706
52.599998 0.924438 7.875662 0.580410 0.981709
52.699997 0.923485 7.877776 0.579616 0.982497
52.799999 0.923423 7.882887 0.579373 0.980931
52.899998 0.923085 7.881476 0.575815 0.980496
53.000000 0.922308 7.884811 0.574943 0.981502
53.099998 0.922915 7.884223 0.576885 0.981904
53.199997 0.919724 7.850445 0.568230 0.977407
53.299999 0.923715 7.886123 0.572186 0.981504
53.399998 0.923223 7.886981 0.572883 0.981030
53.500000 0.924362 7.884043 0.571586 0.981391
53.599998 0.923516 7.883072 0.575533 0.981780
53.699997 0.923308 7.881212 0.573843 0.980902
53.799999 0.923023 7.880536 0.570029 0.980406
53.899998 0.922538 7.880104 0.570657 0.980885
54.000000 0.922654 7.881029 0.565739 0.980688
54.099998 0.923177 7.880364 0.566670 0.979194
54.199997 0.921124 7.878036 0.566230 0.978307
54.299999 0.920963 7.883193 0.565747 0.978018
54.399998 0.920963 7.884392 0.560751 0.978717
54.500000 0.918075 7.872062 0.562069 0.977193
54.599998 0.918851 7.880328 0.561337 0.978487
54.699997 0.918908 7.879211 0.560244 0.979202
54.799999 0.919340 7.881060 0.563718 0.978611
54.899998 0.919273 7.869418 0.565391 0.976621
55.000000 0.919564 7.879296 0.564448 0.978317
55.099998 0.919892 7.879989 0.559856 0.977998
55.199997 0.919100 7.882600 0.561100 0.978400
55.299999 0.917551 7.880229 0.561637 0.978287
55.399998 0.916725 7.880992 0.562506 0.977480
55.500000 0.914928 7.880579 0.562756 0.977434
55.599998 0.915066 7.882454 0.564426 0.979492
55.699997 0.915383 7.883077 0.562012 0.980596
55.799999 0.916125 7.885897 0.559003 0.980082
55.899998 0.916183 7.885077 0.559112 0.979496
56.000000 0.916217 7.882664 0.554024 0.980128
56.099998 0.914483 7.868774 0.549410 0.978396
56.199997 0.915575 7.869361 0.554866 0.977993
56.299999 0.916717 7.877225 0.551490 0.978504
56.399998 0.918722 7.880280 0.551373 0.980529
56.500000 0.917841 7.874763 0.553923 0.979210
56.599998 0.918533 7.878249 0.555578 0.980108
56.699997 0.917016 7.883363 0.555123 0.979129
56.799999 0.914700 7.883800 0.554300 0.978600
56.899998 0.913909 7.870013 0.552945 0.975502
57.000000 0.914715 7.881682 0.555255 0.978278
57.099998 0.914088 7.881046 0.553720 0.979273
57.199997 0.912609 7.870413 0.554245 0.977102
57.299999 0.915784 7.884416 0.556244 0.979321
57.399998 0.910800 7.861200 0.556500 0.977000
57.500000 0.913500 7.882700 0.558900 0.979100
57.599998 0.912778 7.886402 0.557998 0.980617
57.699997 0.911691 7.887088 0.552955 0.981098
57.799999 0.912987 7.886613 0.546054 0.980120
57.899998 0.913043 7.888656 0.546927 0.980410
58.000000 0.913760 7.888978 0.545018 0.981713
58.099998 0.913278 7.885503 0.543511 0.980218
58.199997 0.911618 7.883124 0.542791 0.980904
58.299999 0.913152 7.884404 0.541921 0.980867
58.399998 0.913035 7.871151 0.537485 0.980208
58.500000 0.914046 7.884596 0.533094 0.981731
58.599998 0.914488 7.883058 0.533027 0.982040
58.699997 0.914857 7.884042 0.535968 0.982691
58.799999 0.912447 7.881329 0.533520 0.983090
58.899998 0.913391 7.881088 0.536154 0.981498
59.000000 0.913512 7.879756 0.534206 0.981125
59.099998 0.911882 7.876175 0.533907 0.980496
59.199997 0.912635 7.877349 0.536086 0.981008
59.299999 0.912565 7.878752 0.536014 0.981092
59.399998 0.911391 7.879788 0.536754 0.980498
59.500000 0.911264 7.878151 0.537815 0.980392
59.599998 0.908008 7.872373 0.537838 0.979179
59.699997 0.909227 7.874975 0.538246 0.978830
59.799999 0.909000 7.874562 0.538392 0.978376
59.899998 0.910328 7.875000 0.535628 0.978583
60.000000 0.910001 7.873962 0.537291 0.977275
60.099998 0.908109 7.876313 0.539246 0.977902
60.199997 0.908718 7.872425 0.536393 0.976505
60.299999 0.910648 7.877993 0.536913 0.976360
60.399998 0.913156 7.880415 0.538331 0.975245
60.500000 0.912809 7.878412 0.541246 0.975302
60.599998 0.914966 7.879051 0.539516 0.973790
60.699997 0.912200 7.863800 0.538500 0.973000
60.799999 0.914031 7.878302 0.536229 0.974980
60.899998 0.912626 7.875737 0.533940 0.974808
61.000000 0.912744 7.867066 0.531634 0.975112
61.099998 0.910445 7.860770 0.528136 0.974113
61.199997 0.913191 7.880388 0.528453 0.977698
61.299999 0.913070 7.880995 0.529077 0.977718
61.399998 0.913648 7.878828 0.532419 0.978387
61.500000 0.909636 7.859456 0.530388 0.977409
61.599998 0.910272 7.861910 0.533273 0.977818
61.699997 0.912421 7.875788 0.530177 0.979882
61.799999 0.912461 7.876587 0.527831 0.980314
61.899998 0.911868 7.874812 0.524186 0.980571
62.000000 0.912761 7.875087 0.520736 0.980913
62.099998 0.912578 7.869216 0.513819 0.979171
62.199997 0.911418 7.872725 0.514797 0.979904
62.299999 0.912232 7.874088 0.515327 0.980429
62.399998 0.912604 7.869657 0.512564 0.980579
62.500000 0.912396 7.869144 0.510239 0.980621
62.599998 0.911826 7.871738 0.506248 0.979806
62.699997 0.911962 7.870790 0.502748 0.979814
62.799999 0.908718 7.847331 0.502300 0.977005
62.899998 0.910282 7.866173 0.502901 0.978796
63.000000 0.907235 7.839188 0.502952 0.974282
63.099998 0.911453 7.871277 0.502598 0.978113
63.199997 0.912704 7.871859 0.501151 0.978777
63.299999 0.912791 7.871387 0.498350 0.979498
63.399998 0.913879 7.869918 0.500501 0.977769
63.500000 0.913757 7.870535 0.500850 0.978589
63.599998 0.912400 7.869200 0.506400 0.979200
63.699997 0.912144 7.868466 0.504248 0.979110
63.799999 0.911309 7.869314 0.504150 0.978902
63.899998 0.912379 7.864022 0.502448 0.979718
64.000000 0.912391 7.865587 0.503250 0.979598
64.099998 0.911306 7.859069 0.501398 0.978226
64.199997 0.909873 7.863959 0.500850 0.978894
64.299995 0.910516 7.864976 0.498552 0.979127
64.400002 0.913548 7.868221 0.498399 0.979187
64.500000 0.914968 7.867106 0.495304 0.979516
64.599998 0.912991 7.861086 0.495850 0.978898
64.699997 0.914623 7.866981 0.495046 0.979882
64.799995 0.914609 7.867913 0.491651 0.981802
64.900002 0.912844 7.864767 0.488156 0.982009
65.000000 0.912570 7.864309 0.488409 0.981115
65.099998 0.912570 7.863609 0.488409 0.982614
65.199997 0.913831 7.863491 0.486689 0.983987
65.299995 0.912077 7.864610 0.486882 0.984078
65.400002 0.912835 7.863854 0.483207 0.983407
65.500000 0.912744 7.859971 0.481159 0.982909
65.599998 0.912400 7.865200 0.479500 0.985200
65.699997 0.909863 7.852304 0.481363 0.982212
65.799995 0.910598 7.864848 0.481271 0.984018
65.900002 0.909673 7.865059 0.477143 0.982595
66.000000 0.909736 7.866653 0.479108 0.983107
66.099998 0.909572 7.867306 0.477918 0.983213
66.199997 0.909209 7.865614 0.472653 0.983302
66.299995 0.909864 7.866947 0.475890 0.983493
66.400002 0.909646 7.865620 0.472884 0.983590
66.500000 0.910163 7.868392 0.474768 0.983611
66.599998 0.908137 7.855558 0.468812 0.983307
66.699997 0.908473 7.861910 0.468925 0.984912
66.799995 0.909300 7.865700 0.468400 0.984500
66.900002 0.909781 7.863923 0.467579 0.983415
67.000000 0.909082 7.863073 0.465393 0.983197
67.099998 0.909582 7.864023 0.460899 0.982878
67.199997 0.908973 7.862807 0.462748 0.982776
67.299995 0.911456 7.863932 0.463032 0.982191
67.400002 0.910707 7.862266 0.462445 0.982121
67.500000 0.908946 7.853773 0.464768 0.980710
67.599998 0.909327 7.861489 0.462770 0.982386
67.699997 0.909327 7.862841 0.463261 0.982905
67.799995 0.905509 7.830816 0.460754 0.979302
67.900002 0.910829 7.866393 0.459568 0.983587
68.000000 0.912748 7.863818 0.459476 0.984391
68.099998 0.909418 7.844431 0.454309 0.979704
68.199997 0.911056 7.863732 0.450525 0.982791
68.299995 0.911826 7.864541 0.451065 0.982405
68.400002 0.911327 7.864040 0.453964 0.981406
68.500000 0.908964 7.838436 0.452181 0.978892
68.599998 0.911465 7.866746 0.449380 0.982093
68.699997 0.911176 7.863308 0.450431 0.982275
68.799995 0.909200 7.849066 0.448906 0.980621
68.900002 0.911253 7.866580 0.447631 0.982511
69.000000 0.910299 7.865848 0.444211 0.980721
69.099998 0.908390 7.852423 0.445234 0.979976
69.199997 0.908591 7.868432 0.445954 0.982218
69.299995 0.907855 7.856986 0.443234 0.980712
69.400002 0.909127 7.868639 0.435769 0.981905
69.500000 0.909000 7.867946 0.436120 0.982120
69.599998 0.907936 7.865606 0.435305 0.982388
69.699997 0.906919 7.859328 0.436313 0.981104
69.799995 0.905609 7.848815 0.434757 0.979102
69.900002 0.905272 7.851856 0.433630 0.978494
70.000000 0.907456 7.859085 0.434639 0.979212
70.099998 0.908062 7.861092 0.433751 0.978568
70.199997 0.906691 7.861386 0.430943 0.979298
70.299995 0.909245 7.866766 0.427786 0.978711
70.400002 0.909200 7.866000 0.429500 0.980000
70.500000 0.909636 7.859556 0.431028 0.978409
70.599998 0.910720 7.866880 0.427485 0.979882
70.699997 0.909791 7.864586 0.425943 0.980698
70.799995 0.908317 7.864028 0.425752 0.981162
70.900002 0.908099 7.861048 0.428672 0.982080
71.000000 0.906803 7.859554 0.427630 0.982419
71.099998 0.907411 7.862964 0.429784 0.982321
71.199997 0.907643 7.861164 0.433938 0.981669
71.299995 0.906491 7.849784 0.431343 0.980998
71.400002 0.906991 7.860786 0.433843 0.982298
71.500000 0.906619 7.857928 0.427415 0.983403
71.599998 0.906147 7.849775 0.426087 0.982609
71.699997 0.904595 7.840324 0.425268 0.982080
71.799995 0.905367 7.844983 0.429501 0.982976
71.900002 0.908473 7.857957 0.422927 0.985896
72.000000 0.909946 7.857715 0.423854 0.985792
72.099998 0.909573 7.861059 0.421126 0.985696
72.199997 0.909000 7.858500 0.422300 0.986500
72.299995 0.908900 7.855600 0.423200 0.986500
72.400002 0.906313 7.857415 0.420441 0.986273
72.500000 0.907628 7.858243 0.418175 0.987804
72.599998 0.908310 7.861266 0.418997 0.987815
72.699997 0.909118 7.860528 0.419216 0.987103
72.799995 0.908709 7.859914 0.418258 0.986601
72.900002 0.908709 7.860814 0.415358 0.986401
73.000000 0.910299 7.862151 0.418240 0.986015
73.099998 0.909808 7.861866 0.419397 0.985717
73.199997 0.910001 7.861147 0.419161 0.985684
73.299995 0.909892 7.858730 0.412095 0.985883
73.400002 0.909082 7.843369 0.406581 0.983097
73.500000 0.910209 7.858414 0.408659 0.985201
73.599998 0.910392 7.856528 0.411294 0.986083
73.699997 0.909774 7.853033 0.408922 0.985764
73.799995 0.908918 7.852130 0.410218 0.984403
73.900002 0.909792 7.852623 0.407990 0.983781
74.000000 0.909682 7.849070 0.406781 0.985197
74.099998 0.908590 7.845314 0.408390 0.983881
74.199997 0.912544 7.862569 0.404098 0.985707
74.299995 0.913152 7.863082 0.404357 0.984809
74.400002 0.913100 7.862400 0.408400 0.984200
74.500000 0.911365 7.856342 0.414666 0.982993
74.599998 0.912713 7.859159 0.414915 0.982082
74.699997 0.914369 7.860911 0.409073 0.981415
74.799995 0.914826 7.861841 0.407878 0.980906
74.900002 0.912783 7.848570 0.404581 0.977996
75.000000 0.914726 7.861042 0.404779 0.979906
75.099998 0.915500 7.862200 0.402300 0.980600
75.199997 0.914309 7.860114 0.403460 0.981502
75.299995 0.911838 7.837886 0.405984 0.977885
75.400002 0.914326 7.861742 0.405178 0.980006
75.500000 0.916517 7.862727 0.407219 0.980204
75.599998 0.918016 7.867527 0.407618 0.979604
75.699997 0.917501 7.867641 0.403584 0.980977
75.799995 0.916217 7.866188 0.405233 0.980427
75.900002 0.916525 7.864203 0.403694 0.978832
76.000000 0.914257 7.862631 0.406903 0.980090
76.099998 0.913083 7.863072 0.404981 0.980996
76.199997 0.914377 7.859526 0.400939 0.981217
76.299995 0.914938 7.867448 0.400561 0.981665
76.400002 0.913030 7.858087 0.400721 0.979584
76.500000 0.913909 7.866814 0.403460 0.980702
76.599998 0.915992 7.870187 0.398940 0.980198
76.699997 0.915766 7.870048 0.396959 0.981693
76.799995 0.912300 7.842800 0.391600 0.978300
76.900002 0.915859 7.868292 0.393425 0.982212
77.000000 0.915298 7.861233 0.394073 0.981077
77.099998 0.918754 7.869248 0.393952 0.983531
77.199997 0.916267 7.868748 0.392457 0.983793
77.299995 0.915390 7.862020 0.396315 0.983879
77.400002 0.916967 7.867447 0.395958 0.984894
77.500000 0.917150 7.868179 0.399061 0.985009
77.599998 0.916192 7.851863 0.401958 0.983218
77.699997 0.918684 7.870975 0.407481 0.984697
77.799995 0.919300 7.870900 0.408900 0.984100
77.900002 0.918892 7.860586 0.407741 0.981098
78.000000 0.920900 7.868999 0.405600 0.982800
78.099998 0.920008 7.868313 0.405259 0.983102
78.199997 0.919516 7.868927 0.404519 0.981904
78.299995 0.919692 7.871287 0.403640 0.983198
78.400002 0.916950 7.852511 0.405643 0.980588
78.500000 0.919392 7.870887 0.405141 0.983498
78.599998 0.917677 7.869804 0.404707 0.983676
78.699997 0.917367 7.870448 0.396459 0.983093
78.799995 0.915499 7.869944 0.389567 0.983180
78.900002 0.916316 7.871272 0.389490 0.982683
79.000000 0.913586 7.846354 0.391708 0.978721
79.099998 0.916908 7.875013 0.392761 0.980502
79.199997 0.914723 7.874087 0.392053 0.979882
79.299995 0.914657 7.869835 0.394597 0.981191
79.400002 0.913435 7.869153 0.392643 0.982507
79.500000 0.912256 7.862631 0.392796 0.982391
79.599998 0.912700 7.866600 0.387600 0.983400
79.699997 0.907918 7.844531 0.386923 0.981204
79.799995 0.907472 7.848154 0.383715 0.982295
79.900002 0.912291 7.868886 0.382938 0.984798
80.000000 0.911685 7.867828 0.381496 0.984680
80.099998 0.911812 7.870611 0.383879 0.984038
80.199997 0.911211 7.870771 0.381281 0.984585
80.299995 0.912600 7.868200 0.376800 0.984400
80.400002 0.913339 7.872305 0.375000 0.984525
80.500000 0.913866 7.873149 0.372749 0.985194
80.599998 0.911609 7.866414 0.374763 0.986301
80.699997 0.912795 7.868642 0.375350 0.986684
80.799995 0.913257 7.868934 0.371986 0.987394
80.900002 0.913891 7.871287 0.372637 0.987099
81.000000 0.911706 7.869058 0.370555 0.988514
81.099998 0.909645 7.867266 0.369015 0.988006
81.199997 0.908273 7.860958 0.365110 0.987096
81.299995 0.908036 7.866607 0.367557 0.987191
81.400002 0.907137 7.868652 0.368453 0.987105
81.500000 0.907300 7.867800 0.367900 0.986900
81.599998 0.905466 7.866793 0.365744 0.986909
81.699997 0.904881 7.866673 0.367173 0.986897
81.799995 0.902532 7.858401 0.369058 0.986190
81.900002 0.901370 7.844754 0.368310 0.984695
82.000000 0.898539 7.832599 0.368121 0.982790
82.099998 0.900170 7.859057 0.367810 0.985396
82.199997 0.900410 7.861014 0.360664 0.986301
82.299995 0.902520 7.865727 0.362328 0.986803
82.400002 0.902480 7.861673 0.365473 0.985097
82.500000 0.903613 7.865279 0.360124 0.985387
82.599998 0.901810 7.866214 0.360364 0.985101
82.699997 0.901980 7.866973 0.357772 0.984897
82.799995 0.904071 7.869561 0.357807 0.985896
82.900002 0.901079 7.851619 0.355516 0.982314
83.000000 0.901941 7.859716 0.354213 0.982990
83.099998 0.904281 7.866673 0.358172 0.983797
83.199997 0.904486 7.866220 0.357278 0.984514
83.299995 0.905142 7.861807 0.357164 0.982227
83.400002 0.907228 7.869040 0.355593 0.982205
83.500000 0.905694 7.853347 0.352847 0.979820
83.599998 0.908400 7.869300 0.356000 0.982200
83.699997 0.906344 7.868922 0.354413 0.981889
83.799995 0.905904 7.867546 0.358006 0.981620
83.900002 0.906034 7.865705 0.355249 0.982588
84.000000 0.906119 7.865127 0.360428 0.982503
84.099998 0.906325 7.862890 0.360388 0.981585
84.199997 0.906640 7.865402 0.355966 0.980330
84.299995 0.906691 7.867187 0.355036 0.979898
84.400002 0.907946 7.868166 0.348826 0.980110
84.500000 0.908791 7.870729 0.342757 0.980719
84.599998 0.904476 7.844125 0.340228 0.978517
84.699997 0.904652 7.852726 0.337169 0.980290
84.799995 0.905928 7.865440 0.337099 0.982005
84.900002 0.905343 7.866119 0.340604 0.982089
85.000000 0.904500 7.857200 0.340500 0.979300
85.099998 0.906935 7.872411 0.340338 0.980887
85.199997 0.905177 7.863322 0.338740 0.980274
85.299995 0.906191 7.866887 0.334033 0.981398
85.400002 0.906921 7.868871 0.333267 0.980026
85.500000 0.906872 7.871562 0.329199 0.978794
85.599998 0.906381 7.870275 0.330666 0.978396
85.699997 0.907381 7.870374 0.326265 0.978796
85.799995 0.909145 7.868865 0.324338 0.978511
85.900002 0.908364 7.868492 0.322374 0.978915
86.000000 0.907074 7.867606 0.321343 0.980416
86.099998 0.909191 7.874048 0.322787 0.979976
86.199997 0.910536 7.874250 0.323571 0.979708
86.299995 0.909936 7.871651 0.324370 0.979608
86.400002 0.907971 7.872322 0.318947 0.980473
86.500000 0.908564 7.873289 0.317178 0.981513
86.599998 0.907928 7.873439 0.316105 0.981805
86.699997 0.907891 7.874787 0.314131 0.981898
86.799995 0.907917 7.874287 0.314783 0.983685
86.900002 0.907563 7.876250 0.312325 0.982793
87.000000 0.910973 7.877463 0.312794 0.982195
87.099998 0.910493 7.875351 0.310673 0.982679
87.199997 0.910664 7.869148 0.312425 0.983293
87.299995 0.911909 7.870213 0.306569 0.983902
87.400002 0.911282 7.868374 0.308762 0.983797
87.500000 0.911653 7.868878 0.306416 0.983810
87.599998 0.909808 7.859269 0.307331 0.982121
87.699997 0.910264 7.869448 0.308423 0.983393
87.799995 0.909700 7.870100 0.308500 0.981100
87.900002 0.910789 7.871528 0.307892 0.980420
88.000000 0.909528 7.869495 0.308046 0.980685
88.099998 0.910827 7.867240 0.309807 0.979806
88.199997 0.911209 7.867013 0.311269 0.980002
88.299995 0.911547 7.869021 0.309486 0.981589
88.400002 0.912396 7.868445 0.312756 0.982719
88.500000 0.912100 7.867100 0.315100 0.984600
88.599998 0.911694 7.861834 0.316280 0.984081
88.699997 0.912439 7.866006 0.319524 0.984389
88.799995 0.911977 7.865812 0.315341 0.984078
88.900002 0.910636 7.862255 0.308477 0.982607
89.000000 0.911991 7.867287 0.310131 0.983398
89.099998 0.914543 7.871664 0.309845 0.983608
89.199997 0.915310 7.872766 0.311096 0.984021
89.299995 0.914826 7.872438 0.312006 0.984705
89.400002 0.912817 7.860628 0.306739 0.982903
89.500000 0.914500 7.868300 0.307600 0.984200
89.599998 0.914957 7.867834 0.307354 0.984993
89.699997 0.914902 7.867858 0.308730 0.984818
89.799995 0.915473 7.870206 0.309664 0.984076
89.900002 0.916508 7.873213 0.311869 0.983702
90.000000 0.916392 7.864549 0.302767 0.981920
90.099998 0.918418 7.878278 0.303203 0.983383
90.199997 0.916650 7.861483 0.303318 0.981511
90.299995 0.918949 7.876874 0.300020 0.982211
90.400002 0.917784 7.866073 0.303261 0.979996
90.500000 0.918984 7.878776 0.304361 0.982997
90.599998 0.917966 7.877298 0.300260 0.980815
90.699997 0.917759 7.879540 0.301951 0.980390
90.799995 0.916442 7.868066 0.300150 0.979710
90.900002 0.916251 7.871131 0.302555 0.979237
91.000000 0.917050 7.876474 0.297821 0.978713
91.099998 0.916183 7.875676 0.300560 0.978296
91.199997 0.916300 7.877547 0.294846 0.979225
91.299995 0.914131 7.870196 0.294436 0.978883
91.400002 0.914451 7.878073 0.293524 0.980212
91.500000 0.912500 7.862600 0.294900 0.978600
91.599998 0.913886 7.875724 0.295305 0.980919
91.699997 0.915190 7.878442 0.297587 0.980575
91.799995 0.915682 7.878330 0.296715 0.979071
91.900002 0.915850 7.879728 0.292776 0.978087
92.000000 0.916076 7.881207 0.292137 0.978020
92.099998 0.915475 7.883765 0.289887 0.978994
92.199997 0.911947 7.865720 0.288473 0.975685
92.299995 0.914360 7.881883 0.287099 0.978615
92.400002 0.915109 7.875712 0.286171 0.975102
92.500000 0.916159 7.882782 0.289797 0.976616
92.599998 0.917800 7.881200 0.288900 0.976700
92.699997 0.917050 7.872124 0.290474 0.975986
92.799995 0.917840 7.878107 0.291005 0.975242
92.900002 0.916658 7.884381 0.286699 0.977616
93.000000 0.917508 7.882612 0.285471 0.977902
93.099998 0.915842 7.875862 0.283958 0.977311
93.199997 0.917141 7.880859 0.283658 0.975912
93.299995 0.918590 7.883428 0.283988 0.975227
93.400002 0.919348 7.884570 0.281931 0.974815
93.500000 0.919308 7.881312 0.283472 0.975402
93.599998 0.919276 7.886266 0.286286 0.975993
93.699997 0.918233 7.884946 0.286985 0.975910
93.799995 0.919365 7.884093 0.280476 0.977118
93.900002 0.919700 7.882000 0.281300 0.976800
94.000000 0.919297 7.882441 0.276468 0.976129
94.099998 0.919408 7.883111 0.277672 0.974802
94.199997 0.919352 7.880828 0.278567 0.973484
94.299995 0.920689 7.885040 0.274685 0.973964
94.400002 0.919732 7.884847 0.278689 0.975310
94.500000 0.919872 7.884804 0.276251 0.976921
94.599998 0.920852 7.884631 0.273564 0.978087
94.699997 0.920892 7.884688 0.271027 0.978198
94.799995 0.919908 7.877812 0.269173 0.977802
94.900002 0.921345 7.885520 0.271090 0.978685
95.000000 0.921461 7.885943 0.265533 0.978189
95.099998 0.919916 7.882624 0.259048 0.978704
95.199997 0.919932 7.884746 0.256997 0.978309
95.299995 0.919752 7.883230 0.258555 0.977987
95.400002 0.920879 7.885814 0.258741 0.978621
95.500000 0.922354 7.883182 0.256820 0.978315
95.599998 0.922785 7.882577 0.256251 0.978296
95.699997 0.921600 7.881000 0.253900 0.979000
95.799995 0.917951 7.869122 0.253252 0.975685
95.900002 0.918941 7.880859 0.255872 0.976712
96.000000 0.917784 7.881277 0.251950 0.977696
96.099998 0.917492 7.881888 0.249925 0.977398
96.199997 0.918943 7.884019 0.249375 0.978885
96.299995 0.919792 7.883789 0.250925 0.978198
96.400002 0.919536 7.887110 0.249700 0.977882
96.500000 0.919284 7.888978 0.252851 0.978696
96.599998 0.919448 7.888168 0.253548 0.978213
96.699997 0.920008 7.886211 0.246275 0.977402
96.799995 0.922231 7.885646 0.246002 0.978709
96.900002 0.919940 7.879960 0.242079 0.979910
97.000000 0.917934 7.883607 0.239892 0.980584
97.099998 0.916259 7.873289 0.239832 0.979215
97.199997 0.918143 7.876414 0.238867 0.979786
97.299995 0.918192 7.883088 0.240224 0.980998
97.400002 0.919492 7.881288 0.242724 0.981098
97.500000 0.921181 7.880176 0.243540 0.980944
97.599998 0.920084 7.877776 0.246849 0.981096
97.699997 0.921692 7.879988 0.247225 0.981398
97.799995 0.921153 7.879228 0.245848 0.981489
97.900002 0.920096 7.871634 0.245820 0.980575
98.000000 0.919920 7.877684 0.246430 0.981528
98.099998 0.920656 7.878885 0.248426 0.982512
98.199997 0.920924 7.879236 0.250625 0.982605
98.299995 0.922055 7.883881 0.252623 0.982512
98.400002 0.924146 7.885468 0.248951 0.982610
98.500000 0.922969 7.885354 0.249500 0.983193
98.599998 0.919151 7.870022 0.248949 0.980889
98.699997 0.922831 7.878848 0.249600 0.983107
98.799995 0.926885 7.886178 0.247349 0.983697
98.900002 0.922900 7.857800 0.246500 0.980500
99.000000 0.923261 7.867506 0.248501 0.980615
99.099998 0.925848 7.886421 0.245872 0.984189
99.199997 0.924670 7.887255 0.249100 0.985194
99.299995 0.921539 7.868366 0.249275 0.982509
99.400002 0.925452 7.887978 0.253023 0.984111
99.500000 0.925452 7.887279 0.250525 0.984211
99.599998 0.925922 7.889633 0.249525 0.983505
99.699997 0.923639 7.876902 0.247098 0.981885
99.799995 0.923930 7.887945 0.250100 0.983307
99.900002 0.924385 7.886777 0.248150 0.982897
100.000000 0.924653 7.889677 0.250225 0.983012
100.099998 0.923607 7.890054 0.251049 0.982125
100.199997 0.924224 7.886687 0.251652 0.982783
100.299995 0.923730 7.884546 0.252499 0.982607
100.400002 0.921347 7.868679 0.249850 0.981611
100.500000 0.923023 7.883535 0.248525 0.983505
100.599998 0.922422 7.881982 0.249650 0.982583
100.699997 0.923554 7.882782 0.247627 0.981413
100.799995 0.922700 7.880301 0.247800 0.980800
100.900002 0.921592 7.881088 0.248025 0.979598
101.000000 0.920376 7.876263 0.245574 0.979494
101.099998 0.922447 7.876374 0.246552 0.980712
101.199997 0.921524 7.879336 0.245026 0.980506
101.299995 0.921716 7.879424 0.243051 0.980604
101.400002 0.921261 7.880240 0.242821 0.980490
101.500000 0.920416 7.879824 0.239852 0.979604
101.599998 0.919720 7.880781 0.240140 0.980080
101.699997 0.920656 7.881682 0.239532 0.980414
101.799995 0.921331 7.879648 0.242803 0.981308
101.900002 0.921808 7.880312 0.242976 0.980302
102.000000 0.920632 7.874450 0.244802 0.980908
102.099998 0.923738 7.880760 0.246477 0.981309
102.199997 0.919324 7.856143 0.245126 0.978307
102.299995 0.922006 7.880657 0.245294 0.981378
102.399994 0.922114 7.878366 0.240565 0.981179
102.500000 0.922969 7.876951 0.237995 0.981493
102.599998 0.923161 7.872468 0.238100 0.980541
102.699997 0.921747 7.864381 0.238657 0.980212
102.799995 0.920784 7.876075 0.237347 0.981996
102.899994 0.921021 7.877778 0.238438 0.981281
103.000000 0.921816 7.881524 0.238452 0.981204
103.099998 0.924200 7.884400 0.237800 0.981100
103.199997 0.923962 7.875237 0.241721 0.979990
103.299995 0.921155 7.869592 0.241131 0.979315
103.399994 0.921421 7.883183 0.237538 0.980380
103.500000 0.921095 7.882541 0.239213 0.981422
103.599998 0.920040 7.883558 0.238281 0.981109
103.699997 0.919900 7.870900 0.240500 0.979900
103.799995 0.920556 7.880783 0.237933 0.982113
103.899994 0.921261 7.881941 0.236618 0.980990
104.000000 0.920624 7.881836 0.235529 0.980106
104.099998 0.920540 7.879660 0.237981 0.981009
104.199997 0.919904 7.879756 0.240088 0.982879
104.299995 0.920000 7.879200 0.239000 0.981800
104.399994 0.918326 7.878691 0.239415 0.983085
104.500000 0.918282 7.879021 0.239461 0.983317
104.599998 0.918333 7.865354 0.236405 0.981008
104.699997 0.921139 7.882259 0.238281 0.981509
104.799995 0.919505 7.880556 0.238190 0.980625
104.899994 0.919616 7.883823 0.238752 0.980704
105.000000 0.919980 7.885315 0.242857 0.980519
105.099998 0.918624 7.884534 0.245826 0.981306
105.199997 0.918573 7.879609 0.245979 0.981117
105.299995 0.917441 7.880560 0.247676 0.981809
105.399994 0.918916 7.881424 0.249050 0.981404
105.500000 0.919049 7.882171 0.249550 0.981411
105.599998 0.917858 7.883082 0.250025 0.981013
105.699997 0.918116 7.865927 0.253749 0.979304
105.799995 0.919632 7.880548 0.256997 0.981308
105.899994 0.920280 7.879520 0.257443 0.981718
106.000000 0.920652 7.877426 0.253652 0.982089
106.099998 0.921116 7.880524 0.250750 0.981904
106.199997 0.918316 7.862728 0.253549 0.979604
106.299995 0.919892 7.878988 0.254525 0.981798
106.399994 0.918476 7.875562 0.256877 0.982095
106.500000 0.915349 7.854412 0.253452 0.979288
106.599998 0.919024 7.875638 0.255623 0.981606
106.699997 0.917884 7.874675 0.259552 0.981396
106.799995 0.916908 7.876213 0.253875 0.981902
106.899994 0.916783 7.879076 0.251550 0.981996
107.000000 0.915858 7.879139 0.250525 0.981691
107.099998 0.917642 7.879816 0.248074 0.982188
107.199997 0.918868 7.881252 0.251200 0.982293
107.299995 0.919352 7.875125 0.246548 0.982089
107.399994 0.918816 7.880324 0.247451 0.983503
107.500000 0.918951 7.878127 0.246648 0.983690
107.599998 0.918390 7.878334 0.243532 0.982419
107.699997 0.916800 7.878654 0.243492 0.983080
107.799995 0.912865 7.857743 0.238295 0.980092
107.899994 0.913923 7.866380 0.238314 0.982184
108.000000 0.914117 7.873825 0.239252 0.983203
108.099998 0.912700 7.857900 0.238000 0.981100
108.199997 0.914598 7.871946 0.237986 0.982779
108.299995 0.916333 7.876750 0.236705 0.983007
108.399994 0.917175 7.872361 0.235371 0.982795
108.500000 0.914700 7.874100 0.235500 0.984000
108.599998 0.913096 7.870143 0.237938 0.983818
108.699997 0.912705 7.872153 0.238014 0.985617
108.799995 0.913004 7.871559 0.238162 0.984283
108.899994 0.913048 7.873124 0.237743 0.984391
109.000000 0.912970 7.875000 0.238609 0.984313
109.099998 0.912935 7.877149 0.242603 0.985506
109.199997 0.911291 7.869687 0.241624 0.983498
109.299995 0.909928 7.869896 0.241593 0.982786
109.399994 0.908927 7.873038 0.242327 0.983405
109.500000 0.909400 7.872700 0.240500 0.983000
109.599998 0.906328 7.858442 0.243327 0.979506
109.699997 0.905100 7.852100 0.242200 0.979700
109.799995 0.909355 7.876702 0.242087 0.982873
109.899994 0.910627 7.878236 0.237629 0.982905
110.000000 0.908918 7.876525 0.238752 0.983903
110.099998 0.907317 7.863477 0.235812 0.981483
110.199997 0.910611 7.876677 0.237237 0.984284
110.299995 0.910355 7.880040 0.236818 0.985593
110.399994 0.911797 7.881730 0.236140 0.985616
110.500000 0.911553 7.878573 0.233060 0.985509
110.599998 0.905081 7.845469 0.233247 0.981196
110.699997 0.908319 7.875462 0.237791 0.985019
110.799995 0.905028 7.854644 0.230731 0.981805
110.899994 0.908228 7.879137 0.227432 0.983105
111.000000 0.908518 7.881824 0.227255 0.983003
111.099998 0.908536 7.877814 0.229661 0.983488
111.199997 0.906621 7.873664 0.231799 0.983022
111.299995 0.908854 7.876101 0.232472 0.981971
111.399994 0.910446 7.875525 0.231739 0.982690
111.500000 0.910545 7.877561 0.226487 0.982909
111.599998 0.908391 7.876688 0.227423 0.983098
111.699997 0.909454 7.876874 0.225065 0.982810
111.799995 0.910900 7.879900 0.225100 0.982600
111.899994 0.908209 7.855515 0.225277 0.979302
112.000000 0.911726 7.875837 0.225632 0.982005
112.099998 0.909964 7.868748 0.227591 0.982493
112.199997 0.911794 7.876552 0.226071 0.984682
112.299995 0.914660 7.879384 0.227741 0.984411
112.399994 0.914764 7.880309 0.229968 0.984575
112.500000 0.915025 7.875937 0.230331 0.983505
112.599998 0.916125 7.881636 0.229531 0.984405
112.699997 0.917017 7.881581 0.230631 0.984785
112.799995 0.916350 7.880772 0.232560 0.983710
112.899994 0.913665 7.864646 0.232293 0.980992
113.000000 0.915158 7.878039 0.231816 0.982591
113.099998 0.913622 7.879091 0.233110 0.983185
113.199997 0.913683 7.880276 0.232547 0.983797
113.299995 0.914274 7.881565 0.228469 0.984095
113.399994 0.916009 7.880755 0.227305 0.982922
113.500000 0.915658 7.883342 0.225513 0.983892
113.599998 0.914257 7.876938 0.229015 0.984592
113.699997 0.915208 7.883212 0.230077 0.985201
113.799995 0.915000 7.882500 0.231200 0.984300
113.899994 0.915859 7.884481 0.230539 0.983512
114.000000 0.915666 7.886055 0.230592 0.984194
114.099998 0.914309 7.885412 0.230977 0.983302
114.199997 0.914249 7.884631 0.232439 0.982289
114.299995 0.913619 7.885259 0.226977 0.981862
114.399994 0.914577 7.886702 0.226196 0.982616
114.500000 0.916450 7.887268 0.227663 0.981911
114.599998 0.916925 7.886899 0.230007 0.983185
114.699997 0.916942 7.889755 0.228186 0.982009
114.799995 0.918576 7.890767 0.228268 0.981394
114.899994 0.919381 7.888612 0.227473 0.981319
115.000000 0.920048 7.886868 0.226464 0.982011
115.099998 0.918290 7.887225 0.228948 0.982619
115.199997 0.915432 7.874700 0.228483 0.980084
115.299995 0.916492 7.887289 0.226123 0.982298
115.399994 0.918549 7.887767 0.225665 0.982610
115.500000 0.917050 7.885569 0.226864 0.982411
115.599998 0.916858 7.882782 0.224743 0.983312
115.699997 0.915966 7.881653 0.229092 0.981693
115.799995 0.915249 7.878427 0.231839 0.981289
115.899994 0.915909 7.880855 0.231699 0.980425
116.000000 0.915441 7.880917 0.230762 0.979886
116.099998 0.915724 7.882495 0.231809 0.979582
116.199997 0.915484 7.883217 0.231568 0.979720
116.299995 0.915817 7.882423 0.233153 0.982304
116.399994 0.912149 7.878706 0.235300 0.981831
116.500000 0.911036 7.872651 0.235706 0.980408
116.599998 0.908082 7.860172 0.232046 0.979196
116.699997 0.910375 7.880133 0.231324 0.981274
116.799995 0.908809 7.878578 0.233133 0.981181
116.899994 0.908691 7.878988 0.235724 0.980498
117.000000 0.908754 7.881641 0.233617 0.981891
117.099998 0.906319 7.866127 0.233253 0.979904
117.199997 0.907700 7.878000 0.232800 0.980700
117.299995 0.907855 7.879772 0.233960 0.980612
117.399994 0.907502 7.879333 0.233243 0.980521
117.500000 0.908508 7.875976 0.231031 0.980681
117.599998 0.909536 7.874351 0.230508 0.979508
117.699997 0.907191 7.866086 0.225423 0.979198
117.799995 0.906087 7.856928 0.224169 0.979175
117.899994 0.908227 7.865292 0.217774 0.978883
118.000000 0.908008 7.864865 0.216216 0.979179
118.099998 0.909273 7.874863 0.218766 0.979794
118.199997 0.908891 7.870187 0.219722 0.980098
118.299995 0.907754 7.875538 0.219610 0.979990
118.399994 0.907365 7.871989 0.216648 0.979914
118.500000 0.906162 7.863846 0.214886 0.977491
118.599998 0.906450 7.870093 0.212941 0.978666
118.699997 0.906400 7.872200 0.212500 0.979300
118.799995 0.904223 7.849480 0.213271 0.976381
118.899994 0.905668 7.870519 0.212598 0.978870
119.000000 0.907021 7.873564 0.213622 0.979227
119.099998 0.907189 7.875952 0.212455 0.979576
119.199997 0.906737 7.875450 0.209716 0.979208
119.299995 0.907184 7.876512 0.209112 0.979918
119.399994 0.906309 7.866814 0.205879 0.977702
119.500000 0.905000 7.868500 0.206100 0.979300
119.599998 0.905453 7.873537 0.201801 0.980090
119.699997 0.907554 7.876839 0.201501 0.980590
119.799995 0.905638 7.875250 0.198121 0.980608
119.899994 0.906081 7.870074 0.196839 0.979596
120.000000 0.905419 7.864427 0.192961 0.979204
120.099998 0.905594 7.868631 0.189910 0.981119
120.199997 0.904781 7.859672 0.191138 0.978996
120.299995 0.906441 7.866372 0.188921 0.979365
120.399994 0.908118 7.866627 0.192561 0.979504
120.500000 0.908791 7.867687 0.192419 0.980198
120.599998 0.910081 7.869218 0.193126 0.979419
120.699997 0.909309 7.859314 0.191481 0.978002
120.799995 0.908072 7.860358 0.189557 0.977893
120.899994 0.907889 7.864637 0.189127 0.977873
121.000000 0.907666 7.865342 0.190657 0.977840
121.099998 0.907309 7.856715 0.189181 0.977202
121.199997 0.910379 7.863074 0.191417 0.977345
121.299995 0.909000 7.865900 0.185200 0.977500
121.399994 0.910381 7.859127 0.187731 0.977021
121.500000 0.910827 7.863141 0.185544 0.977907
121.599998 0.909264 7.862645 0.183874 0.978691
121.699997 0.908737 7.862455 0.182627 0.978309
121.799995 0.911200 7.862200 0.182000 0.978300
121.899994 0.911318 7.861228 0.181264 0.977704
122.000000 0.912479 7.862924 0.184034 0.978419
122.099998 0.912609 7.861314 0.184182 0.978802
122.199997 0.910219 7.847562 0.182564 0.976979
122.299995 0.911138 7.857300 0.182228 0.978485
122.399994 0.912544 7.864967 0.181409 0.979910
122.500000 0.910734 7.866001 0.181927 0.979930
122.599998 0.911418 7.869027 0.181864 0.982304
122.699997 0.911418 7.866527 0.179764 0.981504
122.799995 0.910236 7.866853 0.180028 0.980008
122.899994 0.911465 7.866747 0.179972 0.980892
123.000000 0.912156 7.865733 0.181391 0.982491
123.099998 0.910871 7.865108 0.180356 0.980715
123.199997 0.911609 7.868513 0.177882 0.980902
123.299995 0.911882 7.869874 0.178836 0.979996
123.399994 0.911062 7.869092 0.179374 0.980514
123.500000 0.913600 7.869500 0.179300 0.981900
123.599998 0.914077 7.871215 0.178939 0.981517
123.699997 0.912696 7.871641 0.176706 0.981620
123.799995 0.912970 7.873501 0.175959 0.981515
123.899994 0.913652 7.869678 0.176294 0.981711
124.000000 0.914249 7.869922 0.179208 0.980588
124.099998 0.912400 7.852400 0.177200 0.978500
124.199997 0.916442 7.872310 0.175223 0.981087
124.299995 0.916042 7.870965 0.177611 0.978211
124.399994 0.914917 7.870226 0.176265 0.978304
124.500000 0.916275 7.873214 0.178140 0.978819
124.599998 0.917608 7.874013 0.177382 0.979202
124.699997 0.917982 7.876424 0.177722 0.979121
124.799995 0.917893 7.875338 0.177030 0.979874
124.899994 0.918133 7.879248 0.178029 0.980108
125.000000 0.919840 7.881059 0.183208 0.979910
125.099998 0.920068 7.878652 0.183573 0.981493
125.199997 0.921426 7.881490 0.185104 0.979832
125.299995 0.921124 7.880736 0.185444 0.978906
125.399994 0.921032 7.880448 0.183427 0.979208
125.500000 0.920732 7.864154 0.182027 0.977309
125.599998 0.922262 7.876699 0.184053 0.978317
125.699997 0.923300 7.877959 0.180765 0.979127
125.799995 0.924757 7.880172 0.184050 0.979561
125.899994 0.924500 7.880301 0.182500 0.979000
126.000000 0.925285 7.878576 0.183437 0.979496
126.099998 0.922739 7.877820 0.183769 0.978738
126.199997 0.923461 7.878397 0.183054 0.978417
126.299995 0.924392 7.878587 0.182318 0.978898
126.399994 0.925148 7.878615 0.178125 0.979886
126.500000 0.926103 7.880267 0.174955 0.980228
126.599998 0.926241 7.883907 0.176141 0.981485
126.699997 0.925000 7.883699 0.175200 0.980700
126.799995 0.925863 7.883942 0.173287 0.980990
126.899994 0.924477 7.880264 0.174652 0.979794
127.000000 0.924745 7.884469 0.174395 0.980412
127.099998 0.925467 7.882505 0.177940 0.979918
127.199997 0.926415 7.878824 0.170866 0.978904
127.299995 0.926230 7.879449 0.171431 0.979608
127.399994 0.926566 7.878409 0.170547 0.977820
127.500000 0.926115 7.879824 0.168366 0.977405
127.599998 0.924084 7.878733 0.165418 0.977525
127.699997 0.924185 7.878376 0.165533 0.979096
127.799995 0.926203 7.880867 0.167965 0.980927
127.899994 0.925085 7.882576 0.167433 0.980596
128.000000 0.925582 7.881730 0.169613 0.981620
128.099991 0.925537 7.880460 0.165517 0.981509
128.199997 0.924977 7.878563 0.161949 0.980494
128.300003 0.924760 7.875700 0.159273 0.979916
128.399994 0.924208 7.881812 0.157184 0.979802
128.500000 0.923622 7.882189 0.160443 0.980331
128.599991 0.922047 7.869079 0.154507 0.978713
128.699997 0.923354 7.883082 0.157889 0.980214
128.800003 0.922114 7.882370 0.157473 0.979978
128.899994 0.922491 7.882536 0.154717 0.980172
129.000000 0.921977 7.880164 0.155247 0.979594
129.099991 0.920913 7.868555 0.153569 0.979177
129.199997 0.921631 7.869652 0.151639 0.978309
129.300003 0.922485 7.880976 0.150830 0.979696
129.399994 0.921947 7.879472 0.153808 0.980911
129.500000 0.921061 7.871236 0.154077 0.980690
129.599991 0.920016 7.858228 0.155669 0.978904
129.699997 0.922585 7.882376 0.155631 0.982096
129.800003 0.921545 7.873712 0.156610 0.981087
129.899994 0.921955 7.879085 0.157790 0.981913
130.000000 0.922900 7.878400 0.160000 0.981900
130.099991 0.918792 7.854385 0.159016 0.978498
130.199997 0.921916 7.882423 0.158668 0.982004
130.300003 0.921853 7.882530 0.157094 0.981989
130.399994 0.920905 7.881058 0.155887 0.981578
130.500000 0.917892 7.865187 0.157416 0.979298
130.599991 0.918484 7.869274 0.156231 0.980796
130.699997 0.920508 7.879012 0.152685 0.983802
130.800003 0.919448 7.877074 0.150810 0.983610
130.899994 0.919552 7.877526 0.150690 0.983890
131.000000 0.921306 7.877654 0.152683 0.983680
131.099991 0.920560 7.875638 0.153577 0.982791
131.199997 0.917407 7.862878 0.155398 0.980326
131.300003 0.916233 7.859157 0.155438 0.979208
131.399994 0.916816 7.855602 0.154983 0.979429
131.500000 0.915085 7.860440 0.154745 0.980020
131.599991 0.912059 7.847156 0.153746 0.979066
131.699997 0.914732 7.870296 0.155324 0.982486
131.800003 0.913187 7.861139 0.153347 0.982418
131.899994 0.914717 7.870426 0.155769 0.983303
132.000000 0.913583 7.871974 0.157431 0.983397
132.099991 0.913113 7.863477 0.157595 0.981824
132.199997 0.914369 7.868905 0.155576 0.982514
132.300003 0.913178 7.860625 0.155160 0.982016
132.399994 0.913834 7.870952 0.157037 0.983007
132.500000 0.913291 7.865186 0.154315 0.981398
132.599991 0.915410 7.874264 0.151503 0.980825
132.699997 0.914909 7.876812 0.151285 0.980502
132.800003 0.913940 7.877714 0.147904 0.981187
132.899994 0.910929 7.859187 0.148919 0.979283
133.000000 0.911891 7.869687 0.148715 0.980898
133.099991 0.912665 7.876351 0.150160 0.982093
133.199997 0.914109 7.875413 0.149485 0.981202
133.300003 0.911991 7.877988 0.148915 0.982598
133.399994 0.911138 7.877714 0.149004 0.981987
133.500000 0.911891 7.876587 0.143614 0.981598
133.599991 0.910082 7.869974 0.145029 0.980596
133.699997 0.909409 7.862114 0.147585 0.978902
133.800003 0.912062 7.876386 0.147297 0.980214
133.899994 0.911644 7.874362 0.147126 0.979410
134.000000 0.912058 7.874526 0.146436 0.980036
134.099991 0.910382 7.872875 0.145729 0.979896
134.199997 0.909864 7.869648 0.146158 0.977791
134.300003 0.910827 7.874738 0.145356 0.977607
134.399994 0.910698 7.875537 0.144841 0.977125
134.500000 0.911397 7.878334 0.147837 0.976026
134.599991 0.909837 7.871310 0.148904 0.976283
134.699997 0.911747 7.878027 0.145888 0.977987
134.800003 0.910382 7.880876 0.145129 0.978496
134.899994 0.912109 7.880712 0.147085 0.978102
135.000000 0.907200 7.853400 0.144800 0.975900
135.099991 0.910281 7.882606 0.146268 0.978519
135.199997 0.909472 7.881395 0.148781 0.978617
135.300003 0.908292 7.881918 0.147153 0.978022
135.399994 0.908081 7.881346 0.144488 0.977571
135.500000 0.907317 7.878891 0.143429 0.978381
135.599991 0.908664 7.877086 0.144899 0.977816
135.699997 0.908309 7.871113 0.144086 0.976202
135.800003 0.911000 7.878600 0.143300 0.975900
135.899994 0.909690 7.871628 0.145654 0.975425
136.000000 0.909391 7.878654 0.145575 0.975671
136.099991 0.909673 7.881465 0.145144 0.977393
136.199997 0.912377 7.880933 0.146305 0.978470
136.300003 0.911138 7.880917 0.144501 0.978685
136.399994 0.909064 7.867593 0.144699 0.977516
136.500000 0.906803 7.842573 0.143842 0.974328
136.599991 0.912691 7.879388 0.144714 0.980298
136.699997 0.909027 7.866587 0.144298 0.977831
136.800003 0.907163 7.855042 0.145258 0.974890
136.899994 0.909018 7.870826 0.144571 0.976905
137.000000 0.908400 7.875000 0.146500 0.977200
137.099991 0.906113 7.869456 0.146824 0.977127
137.199997 0.906125 7.870997 0.151021 0.977282
137.300003 0.905572 7.874863 0.148044 0.977493
137.399994 0.903990 7.872987 0.149115 0.977498
137.500000 0.907174 7.878697 0.146483 0.977918
137.599991 0.905657 7.870378 0.143714 0.976414
137.699997 0.906244 7.871823 0.144487 0.977587
137.800003 0.906403 7.879632 0.142343 0.979123
137.899994 0.906153 7.879339 0.144072 0.977989
138.000000 0.905938 7.877349 0.146242 0.979008
138.099991 0.906375 7.879497 0.145184 0.978617
138.199997 0.907193 7.881219 0.146753 0.977522
138.300003 0.906853 7.876739 0.148974 0.977289
138.399994 0.907151 7.880609 0.146434 0.978766
138.500000 0.906537 7.875450 0.146242 0.978209
138.599991 0.907146 7.881259 0.145527 0.979310
138.699997 0.906306 7.878679 0.143844 0.980380
138.800003 0.906172 7.877963 0.142043 0.980294
138.899994 0.904686 7.876212 0.143271 0.981117
139.000000 0.904681 7.878975 0.145829 0.981296
139.099991 0.904405 7.867646 0.145939 0.980222
139.199997 0.905381 7.871074 0.144629 0.981196
139.300003 0.905366 7.870391 0.144599 0.981013
139.399994 0.904681 7.869774 0.144529 0.981396
139.500000 0.904271 7.870862 0.143043 0.980594
139.599991 0.906337 7.873850 0.142543 0.979608
139.699997 0.907509 7.875313 0.143786 0.980002
139.800003 0.907507 7.876076 0.145145 0.981081
139.899994 0.909173 7.878597 0.146383 0.980016
140.000000 0.908900 7.878066 0.144259 0.980178
140.099991 0.908964 7.878451 0.144358 0.981593
140.199997 0.908728 7.878071 0.147494 0.981726
140.300003 0.908718 7.875925 0.144871 0.979904
140.399994 0.908973 7.872722 0.144703 0.979872
140.500000 0.907391 7.878288 0.145715 0.980298
140.599991 0.906144 7.876626 0.143586 0.980288
140.699997 0.906963 7.877251 0.144458 0.979592
140.800003 0.908128 7.882135 0.142957 0.980106
140.899994 0.908246 7.884458 0.144828 0.980210
141.000000 0.906472 7.868260 0.146144 0.978293
141.099991 0.907972 7.881064 0.146844 0.978694
141.199997 0.906191 7.879088 0.143814 0.978198
141.300003 0.906312 7.881941 0.142129 0.979724
141.399994 0.908272 7.880733 0.141799 0.980573
141.500000 0.906125 7.880805 0.142214 0.979584
141.599991 0.899510 7.843116 0.142586 0.975102
141.699997 0.900220 7.858187 0.145216 0.977382
141.800003 0.903900 7.876500 0.145600 0.980400
141.899994 0.901530 7.857142 0.146156 0.977407
142.000000 0.901859 7.871777 0.150510 0.980512
142.099991 0.902987 7.873313 0.149266 0.980717
142.199997 0.901941 7.867921 0.147388 0.979588
142.300003 0.901310 7.873512 0.145785 0.979202
142.399994 0.900410 7.873139 0.143742 0.978624
142.500000 0.895279 7.839968 0.141928 0.975295
142.599991 0.898559 7.869848 0.141256 0.979492
142.699997 0.898982 7.872429 0.141645 0.980136
142.800003 0.898570 7.873462 0.143943 0.979794
142.899994 0.895817 7.870797 0.142414 0.977982
143.000000 0.895179 7.867574 0.144029 0.978396
143.099991 0.894679 7.870574 0.144429 0.977896
143.199997 0.895200 7.866000 0.143900 0.977900
143.300003 0.894458 7.867847 0.145658 0.977591
143.399994 0.894774 7.861597 0.145098 0.977116
143.500000 0.892832 7.865740 0.145356 0.976607
143.599991 0.890633 7.850345 0.141558 0.975807
143.699997 0.890611 7.866413 0.140486 0.978102
143.800003 0.891278 7.862772 0.139928 0.977195
143.899994 0.890935 7.860917 0.141285 0.979087
144.000000 0.891522 7.862128 0.140372 0.979204
144.099991 0.892375 7.865594 0.140702 0.979115
144.199997 0.892843 7.862255 0.140844 0.979908
144.300003 0.892397 7.862124 0.143371 0.980118
144.399994 0.895164 7.861520 0.140182 0.980074
144.500000 0.890898 7.828555 0.139974 0.974423
144.599991 0.895000 7.857699 0.141600 0.978500
144.699997 0.894142 7.851259 0.144542 0.978109
144.800003 0.893653 7.851874 0.145027 0.978311
144.899994 0.894100 7.854600 0.145700 0.977500
145.000000 0.894784 7.855016 0.143785 0.977918
145.099991 0.895579 7.852271 0.145229 0.976095
145.199997 0.896321 7.852529 0.148770 0.975805
145.300003 0.898290 7.853385 0.151315 0.975197
145.399994 0.899430 7.850295 0.149405 0.974882
145.500000 0.899810 7.849915 0.151785 0.975402
145.599991 0.897780 7.846070 0.155131 0.975695
145.699997 0.896655 7.850224 0.151972 0.976435
145.800003 0.896186 7.850236 0.152568 0.975974
145.899994 0.897218 7.849780 0.153323 0.976381
146.000000 0.897682 7.853117 0.154576 0.977818
146.099991 0.896259 7.841536 0.152261 0.977391
146.199997 0.895721 7.849231 0.150870 0.979804
146.300003 0.896400 7.853500 0.152300 0.980000
146.399994 0.897200 7.853500 0.153500 0.980300
146.500000 0.899320 7.854828 0.151070 0.980204
146.599991 0.898901 7.857142 0.150150 0.980320
146.699997 0.897628 7.847493 0.149905 0.979486
146.800003 0.899580 7.858372 0.150030 0.980596
146.899994 0.898449 7.860130 0.150975 0.981291
147.000000 0.898471 7.861097 0.151094 0.980514
147.099991 0.899661 7.862457 0.152105 0.981747
147.199997 0.900180 7.861172 0.151230 0.981496
147.300003 0.899890 7.863350 0.152968 0.981079
147.399994 0.898809 7.862276 0.152537 0.980382
147.500000 0.897423 7.863964 0.151518 0.980723
147.599991 0.896538 7.850510 0.150390 0.977587
147.699997 0.898860 7.863245 0.151761 0.980092
147.800003 0.899050 7.861669 0.149925 0.980610
147.899994 0.898758 7.867615 0.150010 0.981374
148.000000 0.897213 7.867446 0.151833 0.981920
148.099991 0.900480 7.872303 0.152278 0.981815
148.199997 0.900350 7.871564 0.152024 0.982309
148.300003 0.900750 7.872364 0.149225 0.981309
148.399994 0.900430 7.871139 0.151355 0.981406
148.500000 0.900380 7.867174 0.151430 0.981296
148.599991 0.903100 7.869900 0.151200 0.981400
148.699997 0.905647 7.874762 0.154423 0.981209
148.800003 0.906575 7.874001 0.155276 0.981015
148.899994 0.906700 7.874200 0.155800 0.980800
149.000000 0.906572 7.873562 0.156447 0.981394
149.099991 0.906993 7.867732 0.156643 0.980819
149.199997 0.909136 7.876513 0.156409 0.981887
149.300003 0.910854 7.873976 0.156506 0.982610
149.399994 0.909218 7.872925 0.154469 0.982104
149.500000 0.909745 7.865168 0.154623 0.980910
149.599991 0.909209 7.868613 0.154085 0.981502
149.699997 0.908700 7.874000 0.155000 0.983700
149.800003 0.908673 7.872462 0.152946 0.984395
149.899994 0.909726 7.875774 0.152487 0.984921
150.000000 0.910580 7.875812 0.154961 0.984014
150.099991 0.909500 7.862349 0.153369 0.982381
150.199997 0.907900 7.859000 0.153400 0.982600
150.300003 0.910263 7.873988 0.152593 0.983911
150.399994 0.910101 7.870157 0.149364 0.983482
150.500000 0.904377 7.837529 0.149281 0.980116
150.599991 0.909127 7.874199 0.153823 0.984187
150.699997 0.908936 7.873712 0.154908 0.985290
150.800003 0.908319 7.876261 0.158094 0.984820
150.899994 0.908291 7.877688 0.160816 0.984398
151.000000 0.908909 7.878178 0.159459 0.983784
151.099991 0.908518 7.878924 0.157369 0.982803
151.199997 0.910998 7.881231 0.155329 0.982619
151.300003 0.910045 7.879361 0.157421 0.980810
151.399994 0.907972 7.873062 0.158848 0.979994
151.500000 0.907872 7.880664 0.160648 0.980394
151.599991 0.907391 7.879288 0.158616 0.978598
151.699997 0.907037 7.877149 0.157737 0.979508
151.800003 0.906635 7.865005 0.152407 0.979085
151.899994 0.907398 7.873861 0.153769 0.980979
152.000000 0.908400 7.870299 0.157600 0.980200
152.099991 0.906537 7.872551 0.158137 0.978609
152.199997 0.905353 7.870235 0.159680 0.978089
152.300003 0.905238 7.871251 0.157537 0.978009
152.399994 0.904914 7.868382 0.156841 0.977179
152.500000 0.902302 7.868068 0.157758 0.977578
152.599991 0.902420 7.856028 0.158668 0.977105
152.699997 0.903445 7.860809 0.159161 0.977534
152.800003 0.904400 7.867900 0.160100 0.979200
152.899994 0.905428 7.871239 0.160852 0.979606
153.000000 0.905596 7.869957 0.162879 0.979978
153.099991 0.907009 7.868914 0.160384 0.980002
153.199997 0.908709 7.871213 0.153385 0.982202
153.300003 0.908310 7.873851 0.150220 0.981522
153.399994 0.909518 7.875625 0.147770 0.981504
153.500000 0.908146 7.868966 0.150125 0.981409
153.599991 0.908655 7.873476 0.148511 0.982411
153.699997 0.906153 7.864732 0.144672 0.981891
153.800003 0.907098 7.873661 0.143258 0.981880
153.899994 0.905938 7.874050 0.145942 0.983507
154.000000 0.906909 7.874312 0.146285 0.982502
154.099991 0.906222 7.871567 0.145810 0.981524
154.199997 0.907400 7.871300 0.147700 0.981100
154.300003 0.909764 7.870748 0.148659 0.980492
154.399994 0.910572 7.870404 0.149281 0.980116
154.500000 0.911315 7.868171 0.148607 0.980126
154.599991 0.912826 7.869339 0.151155 0.980806
154.699997 0.911518 7.856030 0.149570 0.978704
154.800003 0.913678 7.869917 0.151963 0.981617
154.899994 0.907637 7.843163 0.152139 0.978908
155.000000 0.910873 7.870361 0.153346 0.982295
155.099991 0.910691 7.867887 0.155416 0.980598
155.199997 0.911256 7.867835 0.157379 0.980890
155.300003 0.910588 7.869574 0.154975 0.979942
155.399994 0.909818 7.868926 0.154069 0.979104
155.500000 0.909873 7.866460 0.151545 0.978093
155.599991 0.908319 7.865874 0.150105 0.977429
155.699997 0.907646 7.854972 0.147726 0.975012
155.800003 0.909382 7.868274 0.148730 0.977996
155.899994 0.909182 7.868974 0.150630 0.978696
156.000000 0.909227 7.870239 0.153554 0.979906
156.099991 0.909418 7.865127 0.152470 0.978904
156.199997 0.907574 7.852318 0.151679 0.978917
156.300003 0.909164 7.867746 0.152261 0.980492
156.399994 0.909391 7.872187 0.153315 0.980798
156.500000 0.908973 7.874001 0.153877 0.981715
156.599991 0.910273 7.874462 0.152946 0.981494
156.699997 0.909364 7.873950 0.150760 0.981893
156.800003 0.909300 7.877735 0.145640 0.982020
156.899994 0.908891 7.878688 0.145715 0.980998
157.000000 0.906737 7.862555 0.147141 0.979008
157.099991 0.907711 7.872553 0.144327 0.980823
157.199997 0.907874 7.871702 0.143985 0.980815
157.300003 0.906797 7.866353 0.143558 0.979878
157.399994 0.906032 7.855303 0.140603 0.978630
157.500000 0.909646 7.871723 0.138283 0.980388
157.599991 0.907874 7.858913 0.135991 0.978417
157.699997 0.907801 7.871342 0.136250 0.980422
157.800003 0.907130 7.866786 0.133413 0.981326
157.899994 0.907899 7.867754 0.133947 0.980779
158.000000 0.907511 7.863664 0.131942 0.979325
158.099991 0.906465 7.865294 0.131708 0.979015
158.199997 0.906675 7.867206 0.132694 0.979516
158.300003 0.905796 7.860747 0.131244 0.978877
158.399994 0.904200 7.862700 0.131500 0.978400
158.500000 0.903994 7.867454 0.135449 0.977375
158.599991 0.903986 7.865821 0.135578 0.976721
158.699997 0.904590 7.867786 0.134113 0.976898
158.800003 0.904676 7.865725 0.133874 0.977371
158.899994 0.905434 7.864005 0.135995 0.977184
159.000000 0.903790 7.853086 0.134513 0.975898
159.099991 0.905619 7.867527 0.136273 0.978804
159.199997 0.903168 7.858799 0.136105 0.978115
159.300003 0.905295 7.866633 0.138162 0.980420
159.399994 0.905186 7.866840 0.140669 0.980376
159.500000 0.904552 7.866033 0.144272 0.980890
159.599991 0.905143 7.862917 0.144787 0.981689
159.699997 0.904719 7.861728 0.142871 0.981904
159.800003 0.905696 7.860046 0.144959 0.982180
159.899994 0.906619 7.858029 0.143471 0.981504
160.000000 0.907315 7.866333 0.143988 0.982766
160.099991 0.905691 7.864686 0.147915 0.982098
160.199997 0.906253 7.867233 0.149475 0.982691
160.300003 0.905821 7.867147 0.149183 0.982767
160.399994 0.906900 7.868701 0.149700 0.982100
160.500000 0.909809 7.870913 0.149485 0.981802
160.599991 0.909926 7.868884 0.153685 0.981825
160.699997 0.909282 7.868474 0.154831 0.981896
160.800003 0.908664 7.868792 0.154092 0.981513
160.899994 0.909373 7.869005 0.152278 0.982814
161.000000 0.909018 7.868271 0.152701 0.983322
161.099991 0.907637 7.865253 0.154138 0.983507
161.199997 0.906902 7.861652 0.154830 0.983618
161.300003 0.909055 7.867779 0.153508 0.985009
161.399994 0.906609 7.855214 0.151785 0.982902
161.500000 0.909319 7.870341 0.151904 0.984369
161.599991 0.908473 7.867106 0.152178 0.983913
161.699997 0.907718 7.867927 0.152569 0.984703
161.800003 0.908537 7.866953 0.152939 0.983906
161.899994 0.910091 7.869387 0.152115 0.983598
162.000000 0.911082 7.871474 0.154231 0.983097
162.099991 0.910754 7.871976 0.153508 0.983410
162.199997 0.911391 7.867887 0.154015 0.981498
162.300003 0.909973 7.872562 0.155247 0.980994
162.399994 0.911718 7.874226 0.155669 0.982004
162.500000 0.908164 7.851604 0.155491 0.979414
162.599991 0.909682 7.866873 0.155431 0.981696
162.699997 0.912214 7.879457 0.155398 0.982922
162.800003 0.911618 7.880923 0.155269 0.982004
162.899994 0.913448 7.880528 0.158395 0.982089
163.000000 0.912709 7.870113 0.155884 0.981802
163.099991 0.914077 7.876911 0.157159 0.982616
163.199997 0.914836 7.876797 0.156649 0.982927
163.300003 0.914474 7.877362 0.155847 0.983195
163.399994 0.912253 7.874975 0.155906 0.983510
163.500000 0.909291 7.871187 0.151815 0.982398
163.599991 0.910536 7.874351 0.153139 0.983507
163.699997 0.910181 7.874513 0.152163 0.983015
163.800003 0.908518 7.869126 0.152070 0.982204
163.899994 0.908209 7.876712 0.153685 0.982802
164.000000 0.907363 7.870548 0.156162 0.981893
164.099991 0.909911 7.877142 0.156930 0.981962
164.199997 0.908637 7.874450 0.156537 0.981807
164.300003 0.908791 7.877088 0.154015 0.982798
164.399994 0.909518 7.876625 0.154169 0.984003
164.500000 0.906891 7.867787 0.156016 0.982598
164.599991 0.908636 7.872910 0.155209 0.983288
164.699997 0.909582 7.871375 0.156731 0.983397
164.800003 0.910336 7.868752 0.155338 0.983107
164.899994 0.910718 7.862928 0.150670 0.983103
165.000000 0.912725 7.871042 0.153206 0.984669
165.099991 0.910609 7.859314 0.153285 0.983102
165.199997 0.912118 7.870326 0.156569 0.983803
165.300003 0.912583 7.871674 0.156731 0.982597
165.399994 0.913030 7.854984 0.154223 0.979784
165.500000 0.915358 7.875538 0.153577 0.980990
165.599991 0.916217 7.874876 0.153984 0.980427
165.699997 0.914309 7.855114 0.152785 0.977302
165.800003 0.916217 7.869426 0.152669 0.979804
165.899994 0.916775 7.877763 0.150745 0.979194
166.000000 0.916408 7.877912 0.149985 0.980502
166.099991 0.915749 7.879327 0.151091 0.980788
166.199997 0.915575 7.879764 0.150045 0.980894
166.300003 0.914357 7.878739 0.149775 0.981191
166.399994 0.914251 7.876275 0.153208 0.981011
166.500000 0.914095 7.873738 0.149536 0.980521
166.599991 0.912517 7.875325 0.147970 0.980004
166.699997 0.912304 7.875163 0.147662 0.981179
166.800003 0.907600 7.857599 0.150100 0.978400
166.899994 0.906056 7.849890 0.148911 0.977613
167.000000 0.907435 7.867707 0.149405 0.980787
167.099991 0.909518 7.867526 0.148370 0.981104
167.199997 0.908182 7.857071 0.145229 0.980496
167.300003 0.907428 7.861442 0.141058 0.981306
167.399994 0.905534 7.851096 0.139898 0.980486
167.500000 0.904962 7.865046 0.138956 0.982593
167.599991 0.900220 7.831434 0.138072 0.979004
167.699997 0.905828 7.865340 0.139758 0.983505
167.800003 0.907056 7.867480 0.141615 0.984709
167.899994 0.906122 7.867272 0.138420 0.983721
168.000000 0.903823 7.858286 0.135909 0.982586
168.099991 0.906166 7.861197 0.136604 0.983911
168.199997 0.904938 7.864054 0.134246 0.984706
168.300003 0.906409 7.862014 0.130787 0.984802
168.399994 0.908382 7.862572 0.129226 0.983497
168.500000 0.910427 7.866140 0.128861 0.983405
168.599991 0.910346 7.866320 0.128877 0.983790
168.699997 0.912218 7.869226 0.127475 0.982703
168.800003 0.910575 7.862407 0.123373 0.982876
168.899994 0.911147 7.862418 0.122373 0.982089
169.000000 0.909245 7.863969 0.124338 0.980910
169.099991 0.907726 7.862991 0.124800 0.981485
169.199997 0.907372 7.861159 0.126238 0.981695
169.300003 0.906213 7.851378 0.126948 0.979525
169.399994 0.907298 7.862849 0.128842 0.981980
169.500000 0.907000 7.862000 0.126300 0.982000
169.599991 0.908809 7.864614 0.123488 0.982102
169.699997 0.908100 7.865000 0.126200 0.982300
169.800003 0.907144 7.860216 0.128877 0.981789
169.899994 0.907828 7.864341 0.127162 0.982605
170.000000 0.907953 7.865484 0.128405 0.982672
170.099991 0.907054 7.868034 0.130665 0.982191
170.199997 0.905909 7.857414 0.133287 0.981302
170.300003 0.905415 7.855570 0.131318 0.981884
170.399994 0.905449 7.863181 0.129607 0.983173
170.500000 0.906707 7.864264 0.128328 0.983984
170.599991 0.905872 7.859457 0.130739 0.981895
170.699997 0.906644 7.861217 0.129878 0.983090
170.800003 0.906213 7.859569 0.126249 0.983020
170.899994 0.905285 7.855930 0.128984 0.981317
171.000000 0.904671 7.842853 0.128138 0.979994
171.099991 0.904795 7.853547 0.127473 0.982817
171.199997 0.906665 7.857300 0.129409 0.984511
171.300003 0.906988 7.852723 0.128554 0.983981
171.399994 0.907417 7.857071 0.128115 0.983986
171.500000 0.907163 7.852440 0.130152 0.983193
171.599991 0.906675 7.853318 0.129496 0.983913
171.699997 0.906247 7.858771 0.127936 0.985907
171.800003 0.905547 7.859070 0.130235 0.986307
171.899994 0.902310 7.853314 0.130987 0.985301
172.000000 0.902971 7.857158 0.130239 0.984995
172.099991 0.903261 7.851741 0.132053 0.984294
172.199997 0.904010 7.855714 0.134587 0.984702
172.300003 0.901520 7.850830 0.132174 0.985803
172.399994 0.899661 7.848543 0.133486 0.985923
172.500000 0.900110 7.851264 0.135251 0.984817
172.599991 0.901908 7.852862 0.134452 0.983119
172.699997 0.902610 7.852514 0.135986 0.982702
172.800003 0.902100 7.854300 0.133400 0.980700
172.899994 0.902942 7.855013 0.130778 0.982990
173.000000 0.903938 7.852359 0.130148 0.983107
173.099991 0.901290 7.839684 0.129113 0.982298
173.199997 0.902710 7.848215 0.129887 0.982102
173.300003 0.903571 7.851656 0.131339 0.982395
173.399994 0.901680 7.849170 0.126325 0.982797
173.500000 0.898510 7.830217 0.123688 0.980902
173.599991 0.899210 7.845716 0.121888 0.982702
173.699997 0.899790 7.855941 0.117930 0.982280
173.800003 0.902310 7.858314 0.112989 0.981702
173.899994 0.902300 7.849700 0.115200 0.980200
174.000000 0.905224 7.862489 0.114592 0.982186
174.099991 0.904277 7.853317 0.112910 0.980815
174.199997 0.905672 7.863959 0.113434 0.982695
174.300003 0.904557 7.863682 0.113532 0.982511
174.399994 0.904862 7.862733 0.115304 0.982829
174.500000 0.906194 7.863837 0.115884 0.984116
174.599991 0.908263 7.866247 0.115046 0.981993
174.699997 0.908491 7.865635 0.111588 0.981419
174.800003 0.908273 7.865008 0.111111 0.981215
174.899994 0.909127 7.863591 0.113191 0.982386
175.000000 0.902642 7.836602 0.113668 0.980188
175.099991 0.906816 7.865379 0.114103 0.984286
175.199997 0.907954 7.862931 0.113657 0.984192
175.300003 0.907620 7.861979 0.110556 0.983721
175.399994 0.907909 7.860414 0.109189 0.984502
175.500000 0.906984 7.859027 0.112399 0.984414
175.599991 0.903561 7.838136 0.111945 0.980992
175.699997 0.905691 7.860686 0.113011 0.983398
175.800003 0.905987 7.858130 0.113036 0.983280
175.899994 0.907947 7.860523 0.113119 0.983526
176.000000 0.907709 7.861414 0.115088 0.983402
176.099991 0.907637 7.860755 0.114754 0.983906
176.199997 0.907172 7.860659 0.114934 0.983595
176.300003 0.907763 7.863945 0.115446 0.983793
176.399994 0.907474 7.861411 0.117606 0.983114
176.500000 0.909628 7.860335 0.119727 0.982667
176.599991 0.909519 7.857572 0.119107 0.983185
176.699997 0.908936 7.857400 0.118683 0.981687
176.800003 0.907937 7.859056 0.121651 0.982107
176.899994 0.907435 7.856600 0.120684 0.981287
177.000000 0.908009 7.855814 0.117188 0.982302
177.099991 0.909537 7.855198 0.116882 0.982388
177.199997 0.909036 7.854058 0.117553 0.982307
177.300003 0.909382 7.855829 0.119492 0.981217
177.399994 0.909428 7.855384 0.117994 0.981385
177.500000 0.908263 7.847239 0.119148 0.980392
177.599991 0.908909 7.850779 0.118658 0.981322
177.699997 0.909409 7.851852 0.118719 0.980480
177.800003 0.909927 7.852544 0.117665 0.981106
177.899994 0.909655 7.851125 0.121861 0.981091
178.000000 0.909709 7.852115 0.123288 0.981002
178.099991 0.908391 7.843385 0.120212 0.978998
178.199997 0.908737 7.854359 0.121252 0.981108
178.300003 0.909273 7.854456 0.125138 0.979994
178.399994 0.909582 7.850071 0.124725 0.980896
178.500000 0.907801 7.847368 0.123764 0.981720
178.599991 0.909155 7.846724 0.125363 0.982191
178.699997 0.910318 7.849329 0.124675 0.983703
178.800003 0.910027 7.852345 0.125162 0.983905
178.899994 0.909182 7.846670 0.121124 0.982296
179.000000 0.910720 7.856471 0.121509 0.982484
179.099991 0.913809 7.858914 0.120888 0.980402
179.199997 0.913683 7.860972 0.122324 0.980496
179.300003 0.916608 7.863314 0.121188 0.980802
179.399994 0.914809 7.857914 0.121488 0.981902
179.500000 0.911982 7.851070 0.119624 0.980396
179.599991 0.915134 7.857458 0.117253 0.980308
179.699997 0.914034 7.849860 0.117353 0.978309
179.800003 0.911229 7.855284 0.117094 0.979484
179.899994 0.910102 7.855983 0.118761 0.979956
180.000000 0.910475 7.858502 0.116763 0.979471
180.099991 0.910000 7.850900 0.118000 0.980400
180.199997 0.910707 7.854674 0.117359 0.982221
180.300003 0.907964 7.850605 0.117418 0.981213
180.399994 0.906000 7.843600 0.117100 0.980900
180.500000 0.908900 7.853161 0.117371 0.981820
180.599991 0.910092 7.853024 0.117341 0.982078
180.699997 0.910700 7.854300 0.114600 0.982800
180.800003 0.911882 7.856271 0.113523 0.982196
180.899994 0.913022 7.858199 0.116038 0.983124
181.000000 0.913848 7.858816 0.115769 0.982590
181.099991 0.912970 7.853118 0.114408 0.982214
181.199997 0.913565 7.852141 0.115346 0.981593
181.300003 0.913457 7.856528 0.114457 0.981591
181.399994 0.914340 7.847393 0.116982 0.980987
181.500000 0.914972 7.853880 0.120180 0.981673
181.599991 0.916675 7.854231 0.119992 0.981417
181.699997 0.917516 7.854329 0.117876 0.981704
181.800003 0.917848 7.859354 0.117988 0.981933
181.899994 0.917542 7.859202 0.118183 0.981587
182.000000 0.917083 7.859441 0.118581 0.981818
182.099991 0.916950 7.859015 0.118571 0.982189
182.199997 0.917725 7.864341 0.115965 0.982805
182.300003 0.918133 7.862555 0.115954 0.982907
182.399994 0.919468 7.863445 0.115246 0.983493
182.500000 0.921324 7.866040 0.113466 0.983605
182.599991 0.921777 7.865059 0.113634 0.983795
182.699997 0.923592 7.862864 0.113963 0.984019
182.800003 0.925674 7.862767 0.114194 0.984173
182.899994 0.923808 7.861614 0.114789 0.984702
183.000000 0.924130 7.862556 0.111755 0.984406
183.099991 0.925385 7.862273 0.112923 0.984797
183.199997 0.925530 7.865454 0.112455 0.983906
183.300003 0.926888 7.866860 0.112066 0.984519
183.399994 0.926170 7.866847 0.114046 0.985294
183.500000 0.925530 7.865754 0.115454 0.984406
183.599991 0.924415 7.865627 0.115777 0.984903
183.699997 0.925263 7.870135 0.115358 0.984692
183.800003 0.925759 7.871703 0.116307 0.983713
183.899994 0.925711 7.871792 0.115527 0.984224
184.000000 0.926115 7.869326 0.114277 0.984703
184.099991 0.927658 7.870005 0.114908 0.983813
184.199997 0.927636 7.871065 0.115642 0.984208
184.300003 0.929200 7.872600 0.113600 0.985200
184.399994 0.928058 7.872102 0.113509 0.985811
184.500000 0.928678 7.871941 0.110478 0.985416
184.599991 0.928571 7.875625 0.110090 0.985714
184.699997 0.925045 7.852988 0.109334 0.983010
184.800003 0.924168 7.862624 0.109302 0.984714
184.899994 0.926895 7.871467 0.107960 0.985019
185.000000 0.928443 7.871977 0.109934 0.985309
185.099991 0.928321 7.876837 0.110067 0.985404
185.199997 0.927078 7.875762 0.112234 0.985296
185.300003 0.927087 7.878046 0.108570 0.986316
185.399994 0.929563 7.879609 0.109901 0.986612
185.500000 0.930021 7.879036 0.112066 0.986604
185.599991 0.929744 7.877903 0.110789 0.985588
185.699997 0.930893 7.879688 0.108311 0.985299
185.800003 0.931795 7.884461 0.108648 0.985021
185.899994 0.931300 7.882700 0.108500 0.984500
186.000000 0.930165 7.869835 0.108554 0.982791
186.099991 0.932661 7.882505 0.109002 0.984114
186.199997 0.932920 7.879355 0.107129 0.984481
186.300003 0.932005 7.879732 0.106249 0.984679
186.399994 0.931825 7.884273 0.106517 0.984883
186.500000 0.933293 7.884688 0.103810 0.984698
186.599991 0.932386 7.886377 0.102821 0.984397
186.699997 0.932241 7.884270 0.101939 0.983510
186.800003 0.932827 7.887645 0.103858 0.984506
186.899994 0.930731 7.885887 0.108509 0.984785
187.000000 0.931183 7.885337 0.109668 0.986516
187.099991 0.930033 7.873540 0.113085 0.985827
187.199997 0.931152 7.878415 0.110577 0.985690
187.300003 0.930665 7.869335 0.108754 0.984492
187.399994 0.930035 7.875662 0.108546 0.984608
187.500000 0.930955 7.877844 0.108428 0.985369
187.599991 0.929728 7.874750 0.109256 0.984506
187.699997 0.927599 7.870119 0.110054 0.983577
187.800003 0.929379 7.874262 0.111333 0.983495
187.899994 0.928593 7.865098 0.113170 0.982173
188.000000 0.930539 7.879341 0.116367 0.982834
188.099991 0.930321 7.882036 0.112966 0.983405
188.199997 0.928664 7.874237 0.113557 0.981491
188.300003 0.928022 7.886234 0.116165 0.982805
188.399994 0.927964 7.886844 0.115958 0.983692
188.500000 0.928464 7.884942 0.116958 0.982992
188.599991 0.929301 7.883337 0.115862 0.981274
188.699997 0.928750 7.885020 0.114780 0.980286
188.800003 0.928564 7.881541 0.112856 0.979090
188.899994 0.928064 7.877738 0.110755 0.979290
189.000000 0.928729 7.880781 0.110110 0.979479
189.099991 0.926985 7.880177 0.107522 0.979596
189.199997 0.924424 7.868168 0.107207 0.978679
189.300003 0.926929 7.884547 0.109356 0.980208
189.399994 0.927178 7.882064 0.105832 0.981795
189.500000 0.925437 7.880960 0.104248 0.981709
189.599991 0.922101 7.860381 0.104364 0.978528
189.699997 0.924085 7.881076 0.107421 0.980896
189.800003 0.922746 7.876174 0.104337 0.980812
189.899994 0.922854 7.879185 0.104727 0.981413
190.000000 0.923008 7.878870 0.106451 0.980527
190.099991 0.923146 7.880472 0.107835 0.980812
190.199997 0.924440 7.881505 0.110188 0.980284
190.300003 0.924815 7.883624 0.112877 0.981104
190.399994 0.925841 7.882506 0.114291 0.981585
190.500000 0.921931 7.861156 0.114554 0.979308
190.599991 0.926341 7.884307 0.118295 0.981285
190.699997 0.926622 7.882036 0.117465 0.981206
190.800003 0.926485 7.882377 0.116423 0.980596
190.899994 0.925774 7.877423 0.115584 0.978921
191.000000 0.927049 7.880416 0.113179 0.980286
191.099991 0.926334 7.883395 0.114803 0.979281
191.199997 0.926900 7.885900 0.119400 0.979700
191.300003 0.928143 7.884070 0.119029 0.979312
191.399994 0.927651 7.878585 0.117818 0.978715
191.500000 0.927894 7.882553 0.114751 0.979826
191.599991 0.926637 7.881159 0.110745 0.981009
191.699997 0.927136 7.880960 0.111844 0.979810
191.800003 0.927778 7.878964 0.113934 0.979494
191.899994 0.928150 7.882117 0.117082 0.980987
192.000000 0.927942 7.881305 0.117694 0.981385
192.099991 0.926571 7.880352 0.117347 0.981293
192.199997 0.927036 7.882759 0.116142 0.980710
192.300003 0.927914 7.883423 0.116977 0.981104
192.399994 0.929100 7.884100 0.115100 0.981800
192.500000 0.929214 7.884623 0.117576 0.981404
192.599991 0.928357 7.882894 0.117106 0.981315
192.699997 0.926949 7.881817 0.116782 0.980586
192.800003 0.926019 7.882070 0.115127 0.979878
192.899994 0.925641 7.881105 0.116393 0.979784
193.000000 0.924217 7.877165 0.117830 0.979177
193.099991 0.923700 7.883800 0.113700 0.979800
193.199997 0.923315 7.881824 0.113877 0.979204
193.300003 0.923085 7.880120 0.113470 0.978868
193.399994 0.922347 7.874775 0.112732 0.977813
193.500000 0.921116 7.876925 0.113077 0.977904
193.599991 0.921116 7.881023 0.113077 0.979004
193.699997 0.920108 7.876312 0.112389 0.979202
193.800003 0.919068 7.877851 0.112745 0.979192
193.899994 0.916533 7.870552 0.111056 0.978209
194.000000 0.916650 7.876774 0.109234 0.978913
194.099991 0.917066 7.876599 0.108014 0.980416
194.199997 0.913674 7.863059 0.111433 0.976893
194.300003 0.914517 7.879125 0.114077 0.979004
194.399994 0.911588 7.856344 0.114985 0.976224
194.500000 0.913557 7.877139 0.114457 0.979990
194.599991 0.914957 7.879540 0.110855 0.980390
194.699997 0.914857 7.875437 0.106453 0.979590
194.800003 0.915584 7.875724 0.106094 0.978921
194.899994 0.917033 7.881147 0.106557 0.979908
195.000000 0.917274 7.878909 0.107004 0.979718
195.099991 0.917134 7.878603 0.108187 0.979884
195.199997 0.917025 7.877936 0.108068 0.980106
195.300003 0.915651 7.873675 0.110434 0.979712
195.399994 0.914866 7.879952 0.109444 0.979692
195.500000 0.913891 7.874387 0.109811 0.977898
195.599991 0.912118 7.862428 0.112378 0.978204
195.699997 0.912674 7.875462 0.112134 0.980294
195.800003 0.913683 7.874775 0.113223 0.979396
195.899994 0.914343 7.873863 0.117441 0.978211
196.000000 0.913889 7.874875 0.117841 0.977350
196.099991 0.914303 7.875250 0.116960 0.976528
196.199997 0.913619 7.873835 0.117747 0.977152
196.300003 0.915102 7.875150 0.117359 0.978925
196.399994 0.913917 7.877325 0.119876 0.977504
196.500000 0.911600 7.877200 0.118800 0.978100
196.599991 0.910914 7.877095 0.116520 0.977354
196.699997 0.911362 7.877486 0.119416 0.978015
196.800003 0.911164 7.870049 0.116647 0.976691
196.899994 0.912018 7.881724 0.114877 0.978204
197.000000 0.913352 7.883471 0.114931 0.979013
197.099991 0.914583 7.880077 0.115323 0.977596
197.199997 0.917167 7.885154 0.116146 0.978892
197.300003 0.918359 7.883242 0.118259 0.979890
197.399994 0.916808 7.880268 0.120132 0.980679
197.500000 0.913783 7.865873 0.121024 0.977195
197.599991 0.916958 7.874337 0.118059 0.977689
197.699997 0.917000 7.879500 0.118300 0.978900
197.800003 0.918797 7.881941 0.119956 0.977926
197.899994 0.917558 7.883582 0.121315 0.978115
198.000000 0.917317 7.874774 0.120821 0.977778
198.099991 0.917492 7.879088 0.122912 0.979198
198.199997 0.917342 7.881617 0.121985 0.980586
198.300003 0.918516 7.884423 0.119076 0.980404
198.399994 0.918700 7.882200 0.117100 0.979600
198.500000 0.917641 7.876262 0.115742 0.980010
198.599991 0.919540 7.881359 0.117741 0.980210
198.699997 0.918386 7.876027 0.116062 0.979672
198.800003 0.919227 7.880493 0.115004 0.979081
198.899994 0.919605 7.884949 0.117447 0.978528
199.000000 0.917951 7.883430 0.115970 0.979187
199.099991 0.916575 7.874662 0.115135 0.978994
199.199997 0.916767 7.878897 0.114408 0.979317
199.300003 0.915766 7.877151 0.114246 0.977391
199.399994 0.915096 7.877506 0.114976 0.977747
199.500000 0.913817 7.877025 0.111778 0.978204
199.599991 0.916250 7.879673 0.110234 0.977913
199.699997 0.912804 7.865252 0.108019 0.977575
199.800003 0.913065 7.874350 0.107643 0.978892
199.899994 0.912739 7.873711 0.105174 0.978185
