0.000000 0.999900 7.999400 0.999900 0.999800
0.100000 0.998399 7.991395 0.998999 0.999100
0.200000 0.997403 7.982620 0.997903 0.997503
0.300000 0.997301 7.978504 0.996001 0.996801
0.400000 0.996300 7.973101 0.994900 0.996000
0.500000 0.995197 7.968478 0.994196 0.994596
0.600000 0.994205 7.964033 0.993606 0.994405
0.700000 0.993203 7.958820 0.992604 0.993603
0.800000 0.991981 7.955292 0.991680 0.992783
0.900000 0.991083 7.950507 0.991484 0.992285
1.000000 0.990605 7.947526 0.990405 0.991204
1.100000 0.989701 7.945505 0.989801 0.989901
1.200000 0.988096 7.945183 0.988897 0.989497
1.300000 0.986708 7.942834 0.988007 0.989906
1.400000 0.985694 7.942377 0.986695 0.991096
1.500000 0.983405 7.932320 0.983805 0.989203
1.600000 0.983736 7.939832 0.982938 0.989723
1.700000 0.981596 7.931486 0.981196 0.987698
1.800000 0.980610 7.928236 0.980210 0.987906
1.900000 0.980608 7.935026 0.979208 0.988705
2.000000 0.978004 7.923615 0.976305 0.987003
2.100000 0.976909 7.929229 0.976909 0.986705
2.200000 0.976861 7.934690 0.976159 0.987479
2.300000 0.976898 7.936094 0.974097 0.988399
2.400000 0.976064 7.933500 0.972659 0.988182
2.500000 0.972597 7.914091 0.968497 0.984598
2.600000 0.974620 7.933653 0.969724 0.985611
2.700000 0.973216 7.932640 0.969019 0.985609
2.800000 0.974126 7.930369 0.969231 0.984615
2.900000 0.972811 7.925930 0.968513 0.983207
3.000000 0.972911 7.926630 0.968513 0.983607
3.100000 0.972932 7.928486 0.968438 0.982721
3.200000 0.972681 7.928249 0.965676 0.982388
3.300000 0.971191 7.927378 0.965190 0.981995
3.400000 0.971120 7.925652 0.963526 0.981813
3.500000 0.969509 7.909827 0.961012 0.980206
3.600000 0.970091 7.923777 0.960588 0.983095
3.700000 0.968956 7.922440 0.957477 0.982332
3.800000 0.964521 7.887068 0.951929 0.978013
3.900000 0.967426 7.914468 0.952938 0.981115
4.000000 0.967193 7.916383 0.952591 0.981696
4.100000 0.966960 7.921706 0.952042 0.982879
4.200000 0.965710 7.922123 0.950915 0.981705
4.300000 0.965307 7.922115 0.950210 0.981604
4.400000 0.965338 7.921960 0.948507 0.982468
4.500000 0.964011 7.922424 0.945716 0.982005
4.600000 0.964186 7.923069 0.947579 0.981893
4.700000 0.963215 7.922730 0.945622 0.981207
4.800000 0.963215 7.921532 0.942523 0.981108
4.900000 0.963585 7.921669 0.944378 0.982193
5.000000 0.962578 7.917951 0.943466 0.982590
5.100000 0.962400 7.915501 0.943400 0.982700
5.200000 0.961512 7.915226 0.943817 0.982905
5.300000 0.961162 7.916833 0.943690 0.981030
5.400000 0.961642 7.918890 0.942963 0.980022
5.500000 0.961996 7.919392 0.943994 0.980098
5.600000 0.960264 7.915924 0.944050 0.979982
5.700000 0.959988 7.921776 0.945083 0.980194
5.800000 0.957017 7.901539 0.940824 0.978009
5.900000 0.958951 7.921606 0.943632 0.981578
6.000000 0.957842 7.922577 0.941658 0.981718
6.100000 0.956948 7.921606 0.941530 0.982479
6.200000 0.955436 7.921663 0.941147 0.984013
6.300000 0.955287 7.919576 0.938582 0.984295
6.400000 0.953253 7.899500 0.934635 0.981882
6.500000 0.955882 7.916266 0.937475 0.984194
6.600000 0.955369 7.914540 0.937156 0.986190
6.700000 0.955231 7.914960 0.936544 0.986509
6.800000 0.953405 7.905310 0.934107 0.985002
6.900000 0.955096 7.909191 0.935194 0.985299
7.000000 0.954059 7.910819 0.933941 0.984686
7.100000 0.953882 7.912565 0.934174 0.985994
7.200000 0.953995 7.913591 0.930893 0.986199
7.300000 0.951829 7.911153 0.928943 0.985609
7.400000 0.950549 7.899200 0.927972 0.984915
7.500000 0.951127 7.905057 0.927892 0.985278
7.600000 0.951895 7.911692 0.928093 0.985599
7.700000 0.951190 7.911983 0.925085 0.985897
7.800000 0.951719 7.912235 0.923031 0.986705
7.900000 0.949540 7.913569 0.919065 0.986910
8.000000 0.947531 7.902358 0.917250 0.985309
8.099999 0.948190 7.912882 0.917784 0.986097
8.200000 0.947126 7.913843 0.917041 0.985207
8.300000 0.948112 7.913854 0.917560 0.983973
8.400000 0.946890 7.913647 0.916043 0.983728
8.500000 0.945705 7.907409 0.915308 0.984202
8.599999 0.945116 7.913226 0.915125 0.983905
8.700000 0.945840 7.913605 0.913405 0.984183
8.800000 0.945505 7.912909 0.914209 0.984702
8.900000 0.945167 7.914149 0.915749 0.985191
9.000000 0.945516 7.911126 0.916525 0.985104
9.099999 0.945083 7.913674 0.917475 0.985196
9.200000 0.943323 7.911935 0.917433 0.984506
9.300000 0.943411 7.913218 0.915917 0.984003
9.400000 0.942911 7.911917 0.914317 0.984103
9.500000 0.941353 7.906126 0.914432 0.983887
9.599999 0.942041 7.909064 0.913361 0.984211
9.700000 0.942083 7.908272 0.911573 0.983495
9.800000 0.941742 7.909309 0.912613 0.984585
9.900000 0.943200 7.908900 0.912000 0.984700
10.000000 0.940070 7.898149 0.908154 0.984492
10.099999 0.939276 7.908163 0.907363 0.986295
10.200000 0.940400 7.907100 0.907100 0.986000
10.300000 0.940242 7.905466 0.905766 0.985510
10.400000 0.942219 7.907571 0.905968 0.985279
10.500000 0.942954 7.908927 0.905925 0.985188
10.599999 0.941570 7.896624 0.903716 0.984119
10.700000 0.940582 7.910774 0.903671 0.984595
10.800000 0.938343 7.901669 0.902668 0.982812
10.900000 0.939728 7.909391 0.902683 0.984181
11.000000 0.938037 7.907655 0.904357 0.984509
11.099999 0.937544 7.905715 0.901011 0.983685
11.200000 0.939424 7.907038 0.896541 0.983507
11.300000 0.939306 7.908809 0.896810 0.983602
11.400000 0.938902 7.907552 0.895132 0.982372
11.500000 0.938343 7.909463 0.893974 0.984111
11.599999 0.938739 7.907408 0.893694 0.985485
11.700000 0.936462 7.900640 0.890534 0.984791
11.800000 0.934665 7.892408 0.888911 0.984216
11.900000 0.936794 7.908191 0.890689 0.985699
12.000000 0.936217 7.907780 0.885151 0.985781
12.099999 0.936062 7.906144 0.885331 0.987192
12.200000 0.935187 7.903780 0.884377 0.986497
12.300000 0.933087 7.889378 0.884477 0.985297
12.400000 0.933527 7.903239 0.885246 0.987105
12.500000 0.933087 7.902681 0.883477 0.986997
12.599999 0.933787 7.901580 0.879676 0.985397
12.700000 0.933806 7.902855 0.881190 0.986122
12.799999 0.933813 7.900220 0.877025 0.985203
12.900000 0.934387 7.904081 0.875375 0.984497
13.000000 0.932214 7.893021 0.873425 0.983203
13.099999 0.930600 7.891200 0.870900 0.982900
13.200000 0.930693 7.896189 0.869387 0.984098
13.299999 0.930095 7.896345 0.868202 0.984577
13.400000 0.930054 7.897924 0.866095 0.984434
13.500000 0.928164 7.897349 0.867034 0.983492
13.599999 0.928929 7.900001 0.869269 0.983984
13.700000 0.929007 7.899011 0.867613 0.983702
13.799999 0.928321 7.894984 0.865652 0.982781
13.900000 0.928078 7.899169 0.864759 0.983895
14.000000 0.928928 7.900839 0.864754 0.984006
14.099999 0.927856 7.898798 0.863828 0.984970
14.200000 0.926829 7.899240 0.864554 0.984806
14.299999 0.926056 7.901141 0.861417 0.985591
14.400000 0.926396 7.901628 0.862479 0.985219
14.500000 0.926973 7.901999 0.858841 0.985315
14.599999 0.925796 7.890742 0.854289 0.984420
14.700000 0.926978 7.899170 0.851856 0.985096
14.799999 0.927478 7.902871 0.850055 0.985496
14.900000 0.926915 7.904319 0.848630 0.984603
15.000000 0.924902 7.901572 0.845499 0.984079
15.099999 0.923900 7.901800 0.843900 0.985000
15.200000 0.923932 7.900810 0.842558 0.985687
15.299999 0.924323 7.896931 0.842047 0.985604
15.400000 0.924585 7.897279 0.837467 0.985397
15.500000 0.925467 7.898791 0.833949 0.985313
15.599999 0.925670 7.898960 0.833533 0.984894
15.700000 0.924536 7.897883 0.833899 0.984528
15.799999 0.919712 7.867785 0.830338 0.981925
15.900000 0.921800 7.887500 0.831100 0.985800
16.000000 0.923746 7.893465 0.832001 0.986208
16.100000 0.923054 7.891134 0.832700 0.985091
16.199999 0.921516 7.889722 0.828634 0.984203
16.299999 0.918968 7.876950 0.826931 0.981993
16.400000 0.919444 7.889523 0.827179 0.983188
16.500000 0.917526 7.889701 0.822540 0.983585
16.600000 0.917183 7.889977 0.822464 0.982997
16.699999 0.916550 7.890434 0.819792 0.981689
16.799999 0.916392 7.889389 0.819982 0.981598
16.900000 0.914991 7.889589 0.821082 0.982798
17.000000 0.915175 7.887866 0.822347 0.982795
17.100000 0.915151 7.887968 0.823306 0.983710
17.199999 0.911418 7.870926 0.817037 0.980804
17.299999 0.914617 7.888922 0.816237 0.982104
17.400000 0.913148 7.888133 0.819892 0.982590
17.500000 0.912652 7.876074 0.821107 0.981811
17.600000 0.911947 7.869222 0.818091 0.980989
17.699999 0.913035 7.875150 0.816373 0.980708
17.799999 0.914500 7.883000 0.815000 0.982100
17.900000 0.913278 7.873414 0.813068 0.981017
18.000000 0.911744 7.862369 0.811094 0.980710
18.100000 0.914166 7.881453 0.811525 0.983593
18.199999 0.914732 7.883708 0.807246 0.983987
18.299999 0.913635 7.883946 0.803679 0.984306
18.400000 0.914566 7.884153 0.803822 0.982793
18.500000 0.911953 7.876674 0.800620 0.982511
18.600000 0.913819 7.885659 0.803086 0.983265
18.699999 0.914766 7.878451 0.798920 0.983693
18.799999 0.916225 7.885834 0.798161 0.984205
18.900000 0.916024 7.885497 0.797418 0.983886
19.000000 0.916492 7.883088 0.797280 0.983798
19.100000 0.916092 7.881989 0.793479 0.983198
19.199999 0.914957 7.883742 0.790995 0.981391
19.299999 0.914900 7.887000 0.791600 0.981700
19.400000 0.914191 7.888389 0.786979 0.983098
19.500000 0.917183 7.886977 0.784957 0.983597
19.600000 0.914949 7.877927 0.787372 0.980588
19.699999 0.916850 7.883330 0.786572 0.980588
19.799999 0.916158 7.883842 0.788794 0.981491
19.900000 0.914817 7.881424 0.789242 0.981604
20.000000 0.915818 7.883862 0.787797 0.981426
20.100000 0.914491 7.877287 0.780078 0.980198
20.199999 0.914732 7.886409 0.777822 0.980985
20.299999 0.914249 7.887632 0.777366 0.980788
20.400000 0.915109 7.885312 0.775422 0.979902
20.500000 0.914957 7.879040 0.772786 0.978789
20.600000 0.915375 7.881965 0.775933 0.979294
20.699999 0.915759 7.882782 0.775957 0.978215
20.799999 0.915258 7.879839 0.775988 0.978989
20.900000 0.913903 7.875150 0.779265 0.979125
21.000000 0.913357 7.877039 0.779290 0.979390
21.100000 0.913686 7.878621 0.774925 0.979820
21.199999 0.913791 7.877988 0.779878 0.981098
21.299999 0.912082 7.872474 0.775955 0.980796
21.400000 0.911982 7.877476 0.775955 0.981096
21.500000 0.911327 7.876536 0.771369 0.980806
21.600000 0.912556 7.875738 0.768984 0.980590
21.699999 0.913026 7.877237 0.770469 0.980406
21.799999 0.912731 7.875187 0.769446 0.979830
21.900000 0.910745 7.873164 0.768016 0.979410
22.000000 0.909891 7.873087 0.768977 0.979998
22.100000 0.909055 7.866580 0.768439 0.978913
22.199999 0.909599 7.870842 0.763161 0.979722
22.299999 0.909628 7.870596 0.762810 0.978783
22.400000 0.908818 7.866627 0.760148 0.977704
22.500000 0.908882 7.871533 0.761590 0.980074
22.600000 0.907400 7.873900 0.760500 0.980200
22.699999 0.907019 7.873825 0.760248 0.980304
22.799999 0.907309 7.878712 0.762524 0.980402
22.900000 0.906091 7.878088 0.764576 0.979898
23.000000 0.907500 7.876200 0.766300 0.979900
23.100000 0.909836 7.877349 0.766293 0.979108
23.199999 0.908018 7.870026 0.767646 0.978704
23.299999 0.909546 7.877027 0.763258 0.979388
23.400000 0.909182 7.879076 0.760852 0.978796
23.500000 0.908100 7.879500 0.760100 0.980100
23.600000 0.907928 7.877437 0.756973 0.981306
23.699999 0.906019 7.860228 0.756549 0.978604
23.799999 0.907800 7.878300 0.760700 0.980900
23.900000 0.907809 7.878912 0.761324 0.980602
24.000000 0.906112 7.879158 0.761824 0.978958
24.100000 0.908563 7.879551 0.759104 0.979092
24.199999 0.907875 7.881824 0.759457 0.979140
24.299999 0.908354 7.880440 0.760280 0.980290
24.400000 0.907565 7.876486 0.759269 0.980913
24.500000 0.907154 7.876739 0.758379 0.980190
24.600000 0.906728 7.872838 0.758972 0.981406
24.699999 0.907393 7.876224 0.755345 0.981718
24.799999 0.907835 7.875612 0.754328 0.982488
24.900000 0.908637 7.877649 0.750900 0.982907
25.000000 0.909409 7.877812 0.748725 0.983402
25.100000 0.909000 7.877036 0.752372 0.983218
25.199999 0.907909 7.878512 0.755024 0.983202
25.299999 0.908827 7.876838 0.753774 0.983105
25.400000 0.908108 7.875776 0.754755 0.982683
25.500000 0.910019 7.876790 0.754279 0.982985
25.599998 0.911935 7.879349 0.752199 0.983707
25.699999 0.909554 7.867879 0.753748 0.982810
25.799999 0.912030 7.878903 0.752802 0.984688
25.900000 0.912699 7.878520 0.755437 0.984364
26.000000 0.913974 7.880764 0.754026 0.984295
26.099998 0.911803 7.869056 0.754029 0.982681
26.199999 0.912461 7.877885 0.755271 0.983212
26.299999 0.912861 7.883582 0.755471 0.983811
26.400000 0.913929 7.878582 0.749476 0.984324
26.500000 0.915790 7.883149 0.747372 0.984179
26.599998 0.915249 7.882229 0.745647 0.984691
26.699999 0.916300 7.883560 0.743893 0.984281
26.799999 0.915441 7.884418 0.739318 0.984689
26.900000 0.913991 7.869187 0.741574 0.982498
27.000000 0.914114 7.884284 0.740841 0.983584
27.099998 0.914551 7.884170 0.741355 0.984209
27.199999 0.915276 7.885004 0.740933 0.984014
27.299999 0.914826 7.884135 0.739478 0.984105
27.400000 0.912244 7.879560 0.740130 0.983908
27.500000 0.912082 7.879976 0.736847 0.984097
27.599998 0.913600 7.880500 0.736800 0.982300
27.699999 0.910845 7.862869 0.730035 0.980910
27.799999 0.911473 7.875963 0.734120 0.983295
27.900000 0.911427 7.874837 0.727482 0.982105
28.000000 0.911588 7.873227 0.724775 0.982817
28.099998 0.913361 7.873089 0.721495 0.983711
28.199999 0.912904 7.874762 0.721193 0.982381
28.299999 0.914266 7.877251 0.723189 0.981793
28.400000 0.914183 7.875976 0.726245 0.982797
28.500000 0.914326 7.876738 0.725782 0.983205
28.599998 0.913809 7.874813 0.723528 0.982902
28.699999 0.912717 7.873625 0.722755 0.982603
28.799999 0.908146 7.849275 0.719740 0.979310
28.900000 0.911944 7.873563 0.722539 0.982909
29.000000 0.912600 7.872900 0.725700 0.982600
29.099998 0.913809 7.874213 0.723028 0.983502
29.199999 0.912700 7.876800 0.722800 0.983800
29.299999 0.910509 7.867913 0.718328 0.982602
29.400000 0.909918 7.875325 0.716457 0.982503
29.500000 0.909245 7.873702 0.712360 0.982528
29.599998 0.907891 7.871087 0.714271 0.982398
29.699999 0.910464 7.869547 0.714986 0.981993
29.799999 0.909236 7.870510 0.716401 0.980987
29.900000 0.906819 7.865726 0.719356 0.979504
30.000000 0.905419 7.864627 0.723055 0.979004
30.099998 0.904424 7.866193 0.725380 0.978683
30.199999 0.905415 7.868181 0.723751 0.978381
30.299999 0.906300 7.866300 0.724100 0.978400
30.400000 0.907063 7.864945 0.719288 0.978191
30.500000 0.906144 7.847408 0.715729 0.976886
30.599998 0.908800 7.867300 0.718500 0.980300
30.699999 0.909628 7.870397 0.716673 0.980985
30.799999 0.909336 7.868352 0.716413 0.982807
30.900000 0.908164 7.858499 0.713201 0.981813
31.000000 0.908018 7.865327 0.711858 0.982304
31.099998 0.908201 7.864848 0.709020 0.983618
31.199999 0.907937 7.857257 0.707517 0.983607
31.299999 0.908074 7.864509 0.707234 0.984712
31.400000 0.907326 7.850981 0.708267 0.982786
31.500000 0.908654 7.866086 0.704227 0.983674
31.599998 0.907063 7.862845 0.705282 0.982893
31.699999 0.906856 7.864182 0.703378 0.983010
31.799999 0.907782 7.864973 0.705141 0.982697
31.900000 0.907107 7.858759 0.706306 0.981782
32.000000 0.908846 7.868566 0.705547 0.981509
32.099998 0.907272 7.867860 0.701510 0.981194
32.200001 0.907200 7.868700 0.708200 0.980900
32.299999 0.906974 7.870204 0.705036 0.979516
32.399998 0.908363 7.869648 0.703281 0.979392
32.500000 0.907964 7.867293 0.700510 0.979015
32.599998 0.907717 7.868482 0.702833 0.979582
32.700001 0.907193 7.866933 0.699800 0.977922
32.799999 0.908891 7.870330 0.703397 0.978022
32.899998 0.908055 7.865581 0.706776 0.977513
33.000000 0.905953 7.855528 0.704652 0.976788
33.099998 0.908009 7.865213 0.703930 0.978102
33.200001 0.907926 7.857186 0.697558 0.976381
33.299999 0.911615 7.869669 0.690203 0.978328
33.399998 0.911903 7.869456 0.689058 0.977275
33.500000 0.913812 7.870069 0.688205 0.978228
33.599998 0.911253 7.859284 0.683090 0.977314
33.700001 0.913843 7.871964 0.683758 0.978811
33.799999 0.910200 7.853700 0.681700 0.977000
33.899998 0.913600 7.874400 0.683600 0.979600
34.000000 0.914740 7.873312 0.680076 0.979986
34.099998 0.912565 7.870248 0.681273 0.980592
34.200001 0.912170 7.867606 0.679756 0.981415
34.299999 0.912717 7.870127 0.683034 0.981962
34.399998 0.915185 7.873827 0.682018 0.981618
34.500000 0.916767 7.872003 0.678257 0.982914
34.599998 0.916842 7.873911 0.679276 0.984589
34.700001 0.918206 7.874962 0.678218 0.984021
34.799999 0.917217 7.874025 0.676065 0.983403
34.899998 0.914723 7.874287 0.677310 0.984186
35.000000 0.914774 7.875563 0.673202 0.985496
35.099998 0.915175 7.877063 0.669501 0.985896
35.200001 0.915525 7.878036 0.673098 0.986004
35.299999 0.914251 7.877473 0.675395 0.984709
35.399998 0.912713 7.880855 0.677919 0.984021
35.500000 0.911138 7.875613 0.677074 0.983689
35.599998 0.910493 7.879155 0.678114 0.984782
35.700001 0.909318 7.862230 0.677075 0.983540
35.799999 0.910071 7.877034 0.678810 0.984729
35.899998 0.910528 7.875400 0.675440 0.983987
36.000000 0.911691 7.878488 0.673567 0.984498
36.099998 0.911318 7.878024 0.675665 0.985503
36.200001 0.908117 7.868181 0.675108 0.984486
36.299999 0.910418 7.872726 0.673265 0.986103
36.399998 0.911729 7.873098 0.669035 0.986589
36.500000 0.912826 7.875137 0.671998 0.987104
36.599998 0.911527 7.874238 0.670199 0.986004
36.700001 0.910227 7.865241 0.670999 0.984805
36.799999 0.911025 7.871679 0.670362 0.985221
36.899998 0.912952 7.871777 0.666900 0.984909
37.000000 0.912952 7.874276 0.664401 0.984709
37.099998 0.914572 7.875513 0.664196 0.984076
37.200001 0.914169 7.873901 0.666767 0.983213
37.299999 0.916858 7.876638 0.667834 0.982391
37.399998 0.917501 7.879856 0.666400 0.982479
37.500000 0.917609 7.876063 0.665832 0.982681
37.599998 0.918408 7.877612 0.666333 0.982302
37.700001 0.918716 7.879824 0.662567 0.982503
37.799999 0.918719 7.878579 0.664364 0.982182
37.899998 0.919192 7.877987 0.664066 0.982498
38.000000 0.921287 7.879733 0.665368 0.983518
38.099998 0.921692 7.877988 0.667767 0.982698
38.200001 0.921137 7.876702 0.666033 0.982286
38.299999 0.920763 7.875899 0.664169 0.981815
38.399998 0.919024 7.874838 0.664201 0.982605
38.500000 0.918633 7.874350 0.656437 0.982507
38.599998 0.919092 7.874187 0.654565 0.982498
38.700001 0.919356 7.874688 0.650045 0.982912
38.799999 0.918451 7.874725 0.652892 0.981689
38.899998 0.920360 7.877839 0.658729 0.981391
39.000000 0.919856 7.877086 0.659338 0.980713
39.099998 0.919268 7.875750 0.660664 0.980392
39.200001 0.917433 7.862355 0.661435 0.979808
39.299999 0.918367 7.875450 0.662865 0.981293
39.399998 0.919384 7.876575 0.665733 0.980996
39.500000 0.920364 7.882894 0.662370 0.978917
39.599998 0.918521 7.883644 0.662758 0.979856
39.700001 0.918216 7.879024 0.659368 0.980004
39.799999 0.919988 7.884027 0.659974 0.981021
39.899998 0.919812 7.886459 0.658079 0.981126
40.000000 0.919624 7.886134 0.652804 0.981506
40.099998 0.919844 7.888022 0.653958 0.981087
40.200001 0.919400 7.888600 0.658200 0.981000
40.299999 0.918249 7.878674 0.653408 0.979113
40.399998 0.920621 7.889689 0.652152 0.981081
40.500000 0.921250 7.889189 0.649033 0.981365
40.599998 0.920684 7.889778 0.647529 0.981196
40.700001 0.919604 7.879155 0.646676 0.977873
40.799999 0.920955 7.888678 0.646348 0.979714
40.899998 0.919468 7.876251 0.645558 0.978291
41.000000 0.921203 7.888320 0.647218 0.980050
41.099998 0.921329 7.887098 0.643980 0.979582
41.200001 0.918911 7.864551 0.639203 0.976374
41.299999 0.922669 7.888812 0.643895 0.979565
41.399998 0.921700 7.879900 0.644700 0.976900
41.500000 0.921453 7.887834 0.645587 0.977987
41.599998 0.919844 7.876213 0.645352 0.977885
41.700001 0.919636 7.885709 0.643415 0.977982
41.799999 0.918576 7.878664 0.650495 0.976793
41.899998 0.920284 7.883277 0.651630 0.976295
42.000000 0.919540 7.884357 0.648176 0.976312
42.099998 0.919168 7.881752 0.647459 0.974990
42.200001 0.919216 7.886723 0.643771 0.976605
42.299999 0.919046 7.886184 0.643222 0.975353
42.399998 0.915092 7.870087 0.644664 0.973197
42.500000 0.912461 7.848207 0.644149 0.971320
42.599998 0.917541 7.882559 0.646177 0.974613
42.700001 0.915967 7.882794 0.644684 0.975420
42.799999 0.915441 7.881817 0.644851 0.974282
42.899998 0.914923 7.878090 0.642578 0.976779
43.000000 0.916533 7.879448 0.646941 0.977109
43.099998 0.912253 7.848291 0.642215 0.974116
43.200001 0.916617 7.875876 0.641341 0.978278
43.299999 0.915185 7.873726 0.638661 0.976923
43.399998 0.915842 7.876661 0.641279 0.976812
43.500000 0.915076 7.876311 0.641123 0.976921
43.599998 0.915349 7.869823 0.641385 0.977086
43.700001 0.916517 7.877525 0.636273 0.978504
43.799999 0.914853 7.875524 0.634258 0.979237
43.899998 0.914849 7.872524 0.635581 0.979688
44.000000 0.916116 7.874074 0.634735 0.979780
44.099998 0.914926 7.877337 0.631011 0.980306
44.200001 0.916267 7.877598 0.627298 0.979916
44.299999 0.917482 7.880819 0.626274 0.980519
44.399998 0.916150 7.877873 0.629222 0.979512
44.500000 0.915458 7.878540 0.625113 0.978389
44.599998 0.916442 7.879016 0.626539 0.978685
44.700001 0.915900 7.877900 0.627700 0.978500
44.799999 0.912770 7.852118 0.625999 0.976219
44.899998 0.915559 7.875587 0.618567 0.979514
45.000000 0.913591 7.863087 0.617562 0.979298
45.099998 0.914960 7.872689 0.618267 0.979814
45.200001 0.914391 7.863386 0.612661 0.978498
45.299999 0.916866 7.874800 0.614408 0.979716
45.399998 0.915159 7.862496 0.614770 0.976716
45.500000 0.917042 7.879215 0.612929 0.978785
45.599998 0.914577 7.877211 0.610650 0.978220
45.700001 0.914449 7.880929 0.611467 0.979488
45.799999 0.916367 7.883533 0.613473 0.980938
45.899998 0.914440 7.875313 0.608926 0.980186
46.000000 0.915056 7.881999 0.606431 0.980767
46.099998 0.917649 7.888067 0.606136 0.982211
46.200001 0.918000 7.887500 0.604700 0.981700
46.299999 0.916933 7.883386 0.608926 0.981629
46.399998 0.916658 7.887343 0.608504 0.981791
46.500000 0.917200 7.888800 0.605700 0.983100
46.599998 0.917359 7.889545 0.602301 0.982291
46.700001 0.918908 7.890911 0.604040 0.982202
46.799999 0.918051 7.889734 0.603462 0.983190
46.899998 0.918897 7.886736 0.603176 0.982821
47.000000 0.917541 7.887756 0.602799 0.982509
47.099998 0.916350 7.888433 0.600360 0.982690
47.200001 0.915025 7.884334 0.597221 0.982305
47.299999 0.916133 7.886309 0.595076 0.982686
47.399998 0.918015 7.885860 0.600459 0.982025
47.500000 0.918500 7.887200 0.599600 0.979900
47.599998 0.919684 7.888078 0.599720 0.980996
47.700001 0.919944 7.886821 0.600420 0.982588
47.799999 0.919303 7.886664 0.599119 0.982980
47.899998 0.920416 7.889721 0.599780 0.982903
48.000000 0.921000 7.888900 0.597300 0.983700
48.099998 0.921029 7.888500 0.595036 0.982184
48.200001 0.923500 7.887900 0.596200 0.981400
48.299999 0.922785 7.884876 0.594619 0.979796
48.399998 0.923154 7.883282 0.596083 0.979714
48.500000 0.922508 7.889211 0.600240 0.980502
48.599998 0.921962 7.888789 0.599720 0.980216
48.700001 0.922183 7.887431 0.599599 0.980971
48.799999 0.922646 7.884569 0.592145 0.982311
48.899998 0.925003 7.884951 0.587864 0.981776
49.000000 0.922731 7.875212 0.589198 0.980134
49.099998 0.925200 7.885800 0.590000 0.981200
49.200001 0.924813 7.887369 0.589216 0.981028
49.299999 0.925163 7.887844 0.591996 0.980290
49.399998 0.923946 7.871478 0.596542 0.980112
49.500000 0.926671 7.888155 0.601741 0.982093
49.599998 0.927364 7.888644 0.602901 0.982391
49.700001 0.924985 7.880376 0.600720 0.981696
49.799999 0.924553 7.884381 0.597682 0.983711
49.899998 0.925655 7.888133 0.602762 0.984291
50.000000 0.925485 7.885177 0.601520 0.984097
50.099998 0.925755 7.888833 0.597659 0.983290
50.200001 0.923323 7.881882 0.594394 0.981782
50.299999 0.923330 7.889288 0.598283 0.982729
50.399998 0.924853 7.892875 0.593285 0.981313
50.500000 0.924538 7.894552 0.589605 0.981109
50.599998 0.922400 7.886500 0.585400 0.979400
50.700001 0.924728 7.895678 0.586902 0.981132
50.799999 0.923539 7.889211 0.584067 0.980584
50.899998 0.924545 7.896462 0.583550 0.981311
51.000000 0.923531 7.894606 0.579421 0.981483
51.099998 0.922116 7.893921 0.581184 0.981004
51.199997 0.920855 7.889177 0.578495 0.980713
51.299999 0.922354 7.890177 0.578195 0.980913
51.399998 0.920568 7.882052 0.577531 0.980492
51.500000 0.921723 7.887034 0.579726 0.981606
51.599998 0.920860 7.876538 0.575188 0.979990
51.699997 0.922239 7.884758 0.574813 0.980010
51.799999 0.921686 7.882430 0.572071 0.980521
51.899998 0.920732 7.881748 0.571971 0.980908
52.000000 0.920945 7.883218 0.579205 0.980887
52.099998 0.921476 7.883165 0.577873 0.981695
52.199997 0.920068 7.885754 0.579232 0.982493
52.299999 0.920816 7.885423 0.577085 0.983003
52.399998 0.919137 7.869622 0.570730 0.980533
52.500000 0.918951 7.883830 0.575545 0.982690
52.599998 0.917851 7.883230 0.570843 0.983490
52.699997 0.916675 7.883065 0.568170 0.983695
52.799999 0.917259 7.884042 0.572186 0.983692
52.899998 0.917833 7.884546 0.573471 0.984506
53.000000 0.918559 7.882441 0.573187 0.984592
53.099998 0.918380 7.883157 0.572341 0.984634
53.199997 0.918133 7.883947 0.569372 0.985506
53.299999 0.915749 7.868521 0.566440 0.982489
53.399998 0.915276 7.873814 0.569687 0.981217
53.500000 0.916108 7.883912 0.569343 0.981302
53.599998 0.916383 7.882376 0.566913 0.981296
53.699997 0.915866 7.881653 0.568627 0.980492
53.799999 0.915808 7.884412 0.571043 0.981302
53.899998 0.914366 7.871348 0.569328 0.979292
54.000000 0.912170 7.884392 0.573441 0.981015
54.099998 0.912839 7.885120 0.577804 0.979386
54.199997 0.913909 7.886711 0.576242 0.980602
54.299999 0.912630 7.872998 0.575761 0.977982
54.399998 0.913461 7.889877 0.577096 0.979714
54.500000 0.914874 7.891368 0.579974 0.980394
54.599998 0.914543 7.891454 0.581809 0.979910
54.699997 0.909973 7.867360 0.575973 0.978594
54.799999 0.910525 7.887358 0.578390 0.981326
54.899998 0.910409 7.888512 0.575042 0.980602
55.000000 0.909482 7.889577 0.574415 0.980196
55.099998 0.909254 7.888467 0.573656 0.979912
55.199997 0.908782 7.886878 0.570914 0.979596
55.299999 0.909191 7.887089 0.565957 0.980098
55.399998 0.906550 7.879892 0.567891 0.979533
55.500000 0.906803 7.885426 0.567775 0.980821
55.599998 0.906900 7.882700 0.567200 0.981800
55.699997 0.904957 7.861783 0.565261 0.979812
55.799999 0.908018 7.880823 0.566787 0.981304
55.899998 0.906772 7.869861 0.560168 0.979394
56.000000 0.909354 7.884969 0.557665 0.982311
56.099998 0.908882 7.884977 0.558412 0.981496
56.199997 0.909619 7.884196 0.558102 0.981784
56.299999 0.910637 7.886420 0.556890 0.982188
56.399998 0.911189 7.883117 0.553047 0.982118
56.500000 0.911835 7.882547 0.553079 0.982107
56.599998 0.911888 7.889011 0.559141 0.982018
56.699997 0.913604 7.887335 0.555433 0.981223
56.799999 0.912409 7.880012 0.554745 0.980502
56.899998 0.912665 7.883653 0.549820 0.980292
57.000000 0.913409 7.882912 0.547245 0.981202
57.099998 0.914717 7.881924 0.545791 0.980104
57.199997 0.914500 7.884100 0.542400 0.979500
57.299999 0.912957 7.882911 0.543422 0.979936
57.399998 0.912056 7.876939 0.547274 0.980590
57.500000 0.911247 7.873124 0.540925 0.980288
57.599998 0.911970 7.878697 0.536870 0.979916
57.699997 0.911400 7.878300 0.539100 0.978800
57.799999 0.910019 7.871084 0.537484 0.977480
57.899998 0.909783 7.876640 0.538300 0.978672
58.000000 0.910993 7.875951 0.531838 0.977873
58.099998 0.911000 7.875100 0.531200 0.978000
58.199997 0.910911 7.874975 0.527828 0.978378
58.299999 0.910775 7.875926 0.523433 0.978670
58.399998 0.908936 7.875949 0.521391 0.978609
58.500000 0.905528 7.857943 0.518744 0.976007
58.599998 0.909055 7.875774 0.519188 0.978613
58.699997 0.909681 7.878243 0.519361 0.978842
58.799999 0.905966 7.850705 0.517338 0.975617
58.899998 0.907955 7.871977 0.517789 0.977913
59.000000 0.908036 7.875913 0.516061 0.978385
59.099998 0.905272 7.856757 0.511153 0.976393
59.199997 0.909691 7.877188 0.515552 0.977898
59.299999 0.910410 7.872873 0.516416 0.978278
59.399998 0.910700 7.872600 0.510800 0.977600
59.500000 0.911427 7.873338 0.513646 0.977807
59.599998 0.911365 7.872149 0.513305 0.977291
59.699997 0.912430 7.870896 0.517814 0.978583
59.799999 0.911120 7.867281 0.517466 0.978381
59.899998 0.914266 7.874050 0.518908 0.980292
60.000000 0.913061 7.868892 0.518637 0.980514
60.099998 0.915444 7.876809 0.517720 0.982130
60.199997 0.916866 7.878297 0.512290 0.982514
60.299999 0.916592 7.861287 0.511251 0.978998
60.399998 0.919824 7.880036 0.509247 0.981406
60.500000 0.918667 7.881152 0.508503 0.981993
60.599998 0.918384 7.884577 0.508102 0.982396
60.699997 0.917499 7.882241 0.503096 0.982621
60.799999 0.917576 7.879219 0.500951 0.982474
60.899998 0.919146 7.880415 0.501597 0.981633
61.000000 0.918441 7.878361 0.500950 0.980710
61.099998 0.919046 7.882911 0.501597 0.979836
61.199997 0.918533 7.885046 0.497601 0.980008
61.299999 0.919192 7.884189 0.494749 0.981198
61.399998 0.918957 7.886479 0.495853 0.981413
61.500000 0.918924 7.886834 0.493552 0.981006
61.599998 0.919848 7.889566 0.493104 0.980012
61.699997 0.917008 7.880013 0.487551 0.979202
61.799999 0.919257 7.890077 0.489258 0.979115
61.899998 0.916850 7.870822 0.491095 0.976586
62.000000 0.918854 7.887913 0.490268 0.979439
62.099998 0.915651 7.872876 0.495503 0.976214
62.199997 0.917075 7.888000 0.490059 0.978419
62.299999 0.915966 7.887054 0.488495 0.978792
62.399998 0.915676 7.877710 0.486063 0.979518
62.500000 0.914683 7.885977 0.484697 0.981896
62.599998 0.913909 7.888911 0.484152 0.981402
62.699997 0.914454 7.887902 0.484628 0.980036
62.799999 0.917784 7.893478 0.488198 0.980096
62.899998 0.918684 7.893879 0.489998 0.980196
63.000000 0.917609 7.893182 0.490640 0.981279
63.099998 0.918069 7.886619 0.490385 0.979367
63.199997 0.918467 7.880252 0.487695 0.977791
63.299999 0.920284 7.889478 0.480596 0.979496
63.399998 0.920220 7.896255 0.478782 0.979331
63.500000 0.920937 7.900320 0.475881 0.979684
63.599998 0.920384 7.898680 0.470794 0.978896
63.699997 0.919200 7.894300 0.468400 0.977900
63.799999 0.919440 7.896851 0.468466 0.979110
63.899998 0.918784 7.890178 0.461692 0.978696
64.000000 0.916717 7.873574 0.463263 0.976677
64.099998 0.919692 7.896990 0.468047 0.979298
64.199997 0.918935 7.894216 0.463771 0.980084
64.299995 0.918382 7.893107 0.462338 0.982018
64.400002 0.917024 7.892761 0.467798 0.981328
64.500000 0.915876 7.887201 0.467080 0.980717
64.599998 0.916675 7.892168 0.468441 0.981494
64.699997 0.915649 7.891234 0.469182 0.981289
64.799995 0.915784 7.889511 0.466034 0.981519
64.900002 0.915867 7.887390 0.464728 0.980615
65.000000 0.913126 7.878237 0.462661 0.979906
65.099998 0.913752 7.885269 0.464721 0.981311
65.199997 0.914726 7.885035 0.465860 0.980806
65.299995 0.915175 7.883064 0.462639 0.980794
65.400002 0.915342 7.884558 0.463268 0.981209
65.500000 0.915834 7.887745 0.461016 0.981607
65.599998 0.917259 7.888110 0.463187 0.980467
65.699997 0.917316 7.885860 0.464749 0.980028
65.799995 0.917808 7.882911 0.462654 0.979502
65.900002 0.919460 7.886243 0.465833 0.979190
66.000000 0.919184 7.885777 0.463993 0.979496
66.099998 0.911080 7.835548 0.464182 0.974323
66.199997 0.915032 7.876201 0.465773 0.979584
66.299995 0.913883 7.879376 0.465193 0.979396
66.400002 0.914326 7.880436 0.464461 0.979706
66.500000 0.915410 7.881155 0.459603 0.979726
66.599998 0.914600 7.882900 0.455800 0.980700
66.699997 0.915149 7.881529 0.454573 0.980588
66.799995 0.914140 7.879816 0.451716 0.980086
66.900002 0.914517 7.868426 0.453509 0.979604
67.000000 0.916183 7.876828 0.453535 0.982576
67.099998 0.914283 7.874475 0.454591 0.982396
67.199997 0.916375 7.881307 0.451194 0.983515
67.299995 0.916858 7.880984 0.449785 0.984011
67.400002 0.915208 7.882512 0.449655 0.984202
67.500000 0.916225 7.876737 0.451565 0.983405
67.599998 0.916108 7.880569 0.452398 0.981780
67.699997 0.916850 7.879772 0.450130 0.982011
67.799995 0.916041 7.878915 0.447713 0.982388
67.900002 0.913231 7.867694 0.441353 0.979984
68.000000 0.914149 7.879028 0.447569 0.981489
68.099998 0.913317 7.870826 0.451110 0.980104
68.199997 0.913596 7.876352 0.450641 0.981778
68.299995 0.913061 7.875287 0.449785 0.982612
68.400002 0.913161 7.875887 0.451684 0.983012
68.500000 0.913279 7.879932 0.452433 0.982776
68.599998 0.912726 7.872338 0.450665 0.981805
68.699997 0.914745 7.875412 0.450434 0.982031
68.799995 0.915151 7.877873 0.451629 0.982411
68.900002 0.914691 7.877788 0.452045 0.981898
69.000000 0.914674 7.876263 0.449635 0.982095
69.099998 0.913435 7.877749 0.448121 0.981308
69.199997 0.911982 7.878675 0.451090 0.982196
69.299995 0.911671 7.880495 0.450739 0.981715
69.400002 0.911800 7.882700 0.450500 0.980900
69.500000 0.912077 7.884439 0.450330 0.980272
69.599998 0.912752 7.883671 0.448431 0.979412
69.699997 0.911809 7.884911 0.455554 0.980502
69.799995 0.908537 7.869852 0.454418 0.980908
69.900002 0.908991 7.876051 0.453845 0.982078
70.000000 0.909155 7.873637 0.451926 0.982291
70.099998 0.908718 7.869926 0.454009 0.980804
70.199997 0.911856 7.875838 0.454927 0.981091
70.299995 0.911844 7.877162 0.460670 0.980310
70.400002 0.908754 7.871936 0.460430 0.980890
70.500000 0.908409 7.872813 0.454955 0.980902
70.599998 0.908518 7.875824 0.449510 0.980104
70.699997 0.910416 7.877459 0.446020 0.981125
70.799995 0.911458 7.879808 0.445012 0.981270
70.900002 0.910891 7.881088 0.442744 0.980798
71.000000 0.909191 7.876923 0.438462 0.980020
71.099998 0.909446 7.879328 0.441965 0.979588
71.199997 0.907954 7.864332 0.442521 0.977289
71.299995 0.909728 7.875501 0.441954 0.979083
71.400002 0.910436 7.873950 0.441923 0.980008
71.500000 0.912809 7.874513 0.439056 0.979902
71.599998 0.913348 7.875826 0.439464 0.981089
71.699997 0.911627 7.876637 0.438169 0.981106
71.799995 0.913283 7.876575 0.438588 0.979796
71.900002 0.913731 7.877602 0.438251 0.979183
72.000000 0.910427 7.870338 0.439168 0.979106
72.099998 0.910716 7.874563 0.443424 0.981125
72.199997 0.909391 7.874350 0.449740 0.980176
72.299995 0.909690 7.876124 0.444156 0.981019
72.400002 0.910611 7.875275 0.443143 0.981982
72.500000 0.910336 7.873751 0.441723 0.983107
72.599998 0.909564 7.862245 0.439476 0.981793
72.699997 0.910407 7.871654 0.440671 0.981822
72.799995 0.909726 7.871281 0.434891 0.981126
72.900002 0.909991 7.860287 0.434643 0.980998
73.000000 0.907772 7.844553 0.433730 0.977193
73.099998 0.909582 7.864873 0.434587 0.978896
73.199997 0.909908 7.873052 0.433879 0.981023
73.299995 0.910827 7.872538 0.435569 0.981206
73.400002 0.909755 7.870335 0.434117 0.979890
73.500000 0.909009 7.868869 0.428328 0.979880
73.599998 0.907728 7.864441 0.426972 0.978706
73.699997 0.907809 7.869413 0.423958 0.979602
73.799995 0.908682 7.870017 0.423918 0.979319
73.900002 0.910600 7.868300 0.423500 0.978000
74.000000 0.911877 7.866013 0.425396 0.977569
74.099998 0.910764 7.865047 0.425870 0.978391
74.199997 0.911706 7.864662 0.428386 0.977127
74.299995 0.913848 7.864819 0.426756 0.976586
74.400002 0.913187 7.862538 0.429371 0.977023
74.500000 0.914694 7.864249 0.431326 0.976925
74.599998 0.915933 7.862790 0.433547 0.976882
74.699997 0.914968 7.861411 0.430855 0.976119
74.799995 0.914503 7.861366 0.428486 0.977127
74.900002 0.912565 7.859544 0.424670 0.977391
75.000000 0.912207 7.861896 0.419523 0.977450
75.099998 0.913652 7.860684 0.415751 0.976314
75.199997 0.912939 7.860403 0.416892 0.978485
75.299995 0.911064 7.853941 0.422269 0.978091
75.400002 0.910063 7.861597 0.427401 0.978215
75.500000 0.908727 7.857887 0.427442 0.978783
75.599998 0.909837 7.861103 0.424797 0.980086
75.699997 0.910593 7.861834 0.429315 0.980577
75.799995 0.910382 7.863573 0.430786 0.980296
75.900002 0.910418 7.864428 0.426415 0.980204
76.000000 0.911007 7.862165 0.427287 0.981422
76.099998 0.909744 7.862321 0.430012 0.982228
76.199997 0.909690 7.863237 0.433167 0.982318
76.299995 0.910852 7.860137 0.432365 0.980932
76.400002 0.910700 7.863700 0.435000 0.982200
76.500000 0.909655 7.864733 0.437919 0.981491
76.599998 0.909655 7.864533 0.438919 0.980790
76.699997 0.907009 7.844716 0.433257 0.977802
76.799995 0.908454 7.869735 0.433417 0.980690
76.900002 0.907534 7.866460 0.436486 0.981166
77.000000 0.907172 7.870261 0.434930 0.980994
77.099998 0.906138 7.860256 0.437725 0.979208
77.199997 0.907513 7.868502 0.436197 0.980844
77.299995 0.908237 7.869652 0.436226 0.981207
77.400002 0.909218 7.870726 0.438512 0.981804
77.500000 0.910736 7.869452 0.437525 0.981707
77.599998 0.911136 7.862155 0.440224 0.980508
77.699997 0.910818 7.857129 0.440812 0.979604
77.799995 0.911527 7.865740 0.443467 0.980206
77.900002 0.909745 7.863368 0.442979 0.980210
78.000000 0.911044 7.863168 0.446477 0.979610
78.099998 0.911427 7.861242 0.443067 0.980106
78.199997 0.912369 7.860190 0.442564 0.981072
78.299995 0.912661 7.861597 0.440092 0.981313
78.400002 0.912574 7.862759 0.437431 0.979794
78.500000 0.912044 7.860570 0.436182 0.980110
78.599998 0.911512 7.854254 0.433233 0.979279
78.699997 0.909828 7.852982 0.432846 0.979984
78.799995 0.911662 7.864195 0.430798 0.981413
78.900002 0.911829 7.865693 0.434147 0.982386
79.000000 0.912161 7.863297 0.435195 0.981813
79.099998 0.911456 7.864532 0.435418 0.981491
79.199997 0.912661 7.864995 0.436095 0.981613
79.299995 0.912760 7.864984 0.437099 0.982372
79.400002 0.911391 7.861386 0.430843 0.982498
79.500000 0.913209 7.867013 0.434057 0.983002
79.599998 0.913791 7.865087 0.436844 0.983198
79.699997 0.913700 7.865800 0.435200 0.981900
79.799995 0.913809 7.865414 0.433957 0.982302
79.900002 0.912121 7.864377 0.435892 0.981683
80.000000 0.912935 7.865254 0.437125 0.982907
80.099998 0.913104 7.866653 0.438683 0.982180
80.199997 0.911538 7.863504 0.439207 0.982588
80.299995 0.913231 7.863891 0.435849 0.982686
80.400002 0.914583 7.863473 0.432487 0.982997
80.500000 0.914515 7.865065 0.435035 0.982683
80.599998 0.915392 7.864586 0.439544 0.983798
80.699997 0.913517 7.857828 0.438012 0.982903
80.799995 0.914134 7.857456 0.436725 0.981407
80.900002 0.913274 7.856456 0.437631 0.980794
81.000000 0.913709 7.864013 0.439756 0.981102
81.099998 0.915541 7.867007 0.441809 0.980887
81.199997 0.915700 7.868800 0.445300 0.981400
81.299995 0.914274 7.868961 0.443233 0.982195
81.400002 0.913609 7.866813 0.441356 0.980702
81.500000 0.914266 7.865246 0.439476 0.980092
81.599998 0.913891 7.863986 0.435244 0.981198
81.699997 0.912944 7.865767 0.438081 0.982409
81.799995 0.913287 7.864835 0.435764 0.983317
81.900002 0.913647 7.866427 0.435560 0.983927
82.000000 0.914500 7.865100 0.437800 0.984000
82.099998 0.914783 7.865373 0.432086 0.984197
82.199997 0.914074 7.867260 0.428929 0.984295
82.299995 0.913686 7.867832 0.426873 0.985115
82.400002 0.914760 7.867693 0.424903 0.985210
82.500000 0.915741 7.868408 0.425398 0.985490
82.599998 0.912144 7.859470 0.418891 0.984008
82.699997 0.912930 7.870797 0.415933 0.985889
82.799995 0.913091 7.870088 0.416442 0.984598
82.900002 0.913691 7.870587 0.417442 0.984298
83.000000 0.914529 7.869038 0.415832 0.983367
83.099998 0.914617 7.871926 0.417916 0.983903
83.199997 0.913252 7.868879 0.418249 0.984509
83.299995 0.913295 7.866747 0.423234 0.985016
83.400002 0.912900 7.867206 0.424723 0.984536
83.500000 0.912795 7.865739 0.423809 0.984782
83.599998 0.913191 7.866887 0.422342 0.983798
83.699997 0.912374 7.868261 0.423327 0.983695
83.799995 0.911665 7.867247 0.422469 0.983593
83.900002 0.911218 7.863328 0.420316 0.982404
84.000000 0.912074 7.867960 0.417425 0.983995
84.099998 0.912939 7.869909 0.414890 0.985390
84.199997 0.912465 7.874050 0.410064 0.984094
84.299995 0.912218 7.863427 0.409718 0.983203
84.400002 0.913923 7.875088 0.414173 0.985387
84.500000 0.910199 7.848267 0.415543 0.981820
84.599998 0.913109 7.871312 0.413859 0.985002
84.699997 0.912800 7.872300 0.414100 0.984400
84.799995 0.911744 7.870965 0.413393 0.982609
84.900002 0.911156 7.864431 0.412806 0.983192
85.000000 0.915215 7.871872 0.412312 0.984084
85.099998 0.916650 7.875025 0.413648 0.985191
85.199997 0.914975 7.873763 0.408923 0.985196
85.299995 0.914860 7.868692 0.404717 0.985910
85.400002 0.915034 7.871351 0.402239 0.987005
85.500000 0.916708 7.874462 0.399540 0.987586
85.599998 0.916066 7.868247 0.399360 0.987295
85.699997 0.915034 7.864055 0.398541 0.987005
85.799995 0.917041 7.870265 0.400600 0.988006
85.900002 0.919616 7.874025 0.404119 0.987203
86.000000 0.919708 7.876112 0.404160 0.986701
86.099998 0.917666 7.872302 0.400080 0.986211
86.199997 0.917025 7.871584 0.396557 0.985587
86.299995 0.917859 7.869035 0.400900 0.984692
86.400002 0.919460 7.874437 0.400300 0.985293
86.500000 0.917175 7.873314 0.399740 0.985613
86.599998 0.916600 7.862500 0.399500 0.983400
86.699997 0.917840 7.874912 0.401418 0.985624
86.799995 0.917600 7.864899 0.399000 0.983600
86.900002 0.918897 7.873951 0.401818 0.984119
87.000000 0.918092 7.863786 0.398440 0.981698
87.099998 0.919060 7.872936 0.401401 0.983492
87.199997 0.918841 7.870665 0.406197 0.983108
87.299995 0.918965 7.868905 0.405875 0.982614
87.400002 0.918034 7.873499 0.406825 0.981585
87.500000 0.918075 7.878664 0.404221 0.983095
87.599998 0.919708 7.876613 0.401660 0.983902
87.699997 0.919132 7.875450 0.403239 0.983906
87.799995 0.918708 7.875312 0.402860 0.983802
87.900002 0.920473 7.878206 0.398237 0.982873
88.000000 0.920188 7.877229 0.399359 0.983176
88.099998 0.919060 7.873937 0.399600 0.982691
88.199997 0.917866 7.867906 0.398581 0.983913
88.299995 0.921155 7.877786 0.403518 0.985110
88.400002 0.922923 7.877778 0.405305 0.983483
88.500000 0.924638 7.881159 0.406197 0.983308
88.599998 0.925233 7.881494 0.406466 0.982284
88.699997 0.924038 7.880660 0.405497 0.981509
88.799995 0.921584 7.856771 0.401380 0.977996
88.900002 0.923677 7.868161 0.398219 0.979494
89.000000 0.924385 7.880576 0.396179 0.980796
89.099998 0.924424 7.881381 0.393093 0.979980
89.199997 0.923891 7.879245 0.390531 0.981322
89.299995 0.923985 7.881676 0.390178 0.982096
89.400002 0.923546 7.880516 0.394876 0.982788
89.500000 0.923146 7.880771 0.395363 0.982710
89.599998 0.924815 7.880824 0.393921 0.982104
89.699997 0.924232 7.878490 0.394455 0.981483
89.799995 0.924054 7.876726 0.396238 0.980488
89.900002 0.924370 7.880252 0.394558 0.980792
90.000000 0.924528 7.877907 0.391335 0.980833
90.099998 0.924215 7.875725 0.391122 0.981104
90.199997 0.924792 7.880688 0.394439 0.981498
90.299995 0.925470 7.882153 0.391657 0.982093
90.400002 0.926019 7.885474 0.392332 0.982280
90.500000 0.925155 7.874625 0.391035 0.980388
90.599998 0.926615 7.882524 0.386023 0.982503
90.699997 0.926815 7.882524 0.385823 0.983003
90.799995 0.927007 7.880212 0.386061 0.981902
90.900002 0.925400 7.877300 0.384900 0.981300
91.000000 0.925060 7.881594 0.385292 0.982414
91.099998 0.926093 7.882988 0.383638 0.981498
91.199997 0.924890 7.881342 0.382241 0.980124
91.299995 0.924370 7.882252 0.378151 0.981693
91.400002 0.926378 7.880964 0.380514 0.982095
91.500000 0.925278 7.877863 0.377813 0.982295
91.599998 0.924294 7.878430 0.377829 0.982976
91.699997 0.923654 7.879328 0.378727 0.983190
91.799995 0.924137 7.879517 0.380515 0.982731
91.900002 0.922385 7.879333 0.380681 0.982519
92.000000 0.921900 7.879200 0.377500 0.982800
92.099998 0.921092 7.880088 0.372137 0.983098
92.199997 0.920252 7.880629 0.370222 0.982389
92.299995 0.917966 7.857414 0.370404 0.979816
92.400002 0.919708 7.880612 0.371263 0.981802
92.500000 0.918876 7.875963 0.366410 0.980494
92.599998 0.917667 7.868547 0.364446 0.979692
92.699997 0.919728 7.877389 0.363627 0.981283
92.799995 0.920528 7.879091 0.363227 0.981884
92.900002 0.918776 7.873161 0.360308 0.980794
93.000000 0.918973 7.872215 0.362574 0.980518
93.099998 0.919616 7.875525 0.356429 0.981104
93.199997 0.918235 7.871297 0.356585 0.980685
93.299995 0.916367 7.859113 0.358913 0.979317
93.400002 0.921108 7.875712 0.358464 0.981802
93.500000 0.920184 7.873075 0.356371 0.982497
93.599998 0.919373 7.870017 0.356279 0.983215
93.699997 0.918090 7.873739 0.359904 0.983318
93.799995 0.916875 7.874313 0.361275 0.982915
93.900002 0.915908 7.868014 0.359064 0.982402
94.000000 0.917468 7.876302 0.359876 0.982071
94.099998 0.916642 7.874312 0.361853 0.981987
94.199997 0.915541 7.869308 0.360953 0.980987
94.299995 0.915259 7.868992 0.358349 0.980114
94.400002 0.915049 7.876226 0.357815 0.979588
94.500000 0.915329 7.876235 0.360527 0.980951
94.599998 0.913769 7.870304 0.361411 0.982014
94.699997 0.916300 7.869243 0.362535 0.980977
94.799995 0.917008 7.880312 0.363664 0.982702
94.900002 0.916575 7.864322 0.364772 0.979219
95.000000 0.917075 7.877310 0.365571 0.980218
95.099998 0.916267 7.874500 0.365308 0.980216
95.199997 0.915266 7.874249 0.366947 0.980492
95.299995 0.916217 7.876225 0.365427 0.980604
95.400002 0.916508 7.880168 0.364601 0.980679
95.500000 0.918174 7.879908 0.364472 0.979918
95.599998 0.919924 7.879337 0.363391 0.981106
95.699997 0.920663 7.883294 0.362510 0.980116
95.799995 0.921714 7.884373 0.366803 0.980479
95.900002 0.919672 7.882506 0.370167 0.980617
96.000000 0.917915 7.882664 0.371280 0.981326
96.099998 0.916550 7.877626 0.372624 0.981189
96.199997 0.915874 7.879920 0.373761 0.981372
96.299995 0.916300 7.872347 0.371145 0.981177
96.400002 0.919208 7.878612 0.369763 0.982102
96.500000 0.920472 7.882006 0.375162 0.982416
96.599998 0.920268 7.879852 0.379552 0.983293
96.699997 0.919788 7.878634 0.381380 0.982819
96.799995 0.917325 7.867440 0.380386 0.982405
96.900002 0.917885 7.875025 0.385139 0.983677
97.000000 0.916575 7.873911 0.385779 0.983075
97.099998 0.918600 7.874900 0.389800 0.983600
97.199997 0.919868 7.872950 0.390056 0.982893
97.299995 0.916542 7.853998 0.384669 0.980486
97.400002 0.917843 7.872311 0.382668 0.982688
97.500000 0.918814 7.872878 0.382564 0.981326
97.599998 0.919772 7.871815 0.381457 0.980917
97.699997 0.918811 7.872059 0.383722 0.979377
97.799995 0.919243 7.873412 0.383769 0.979986
97.900002 0.919564 7.873201 0.382694 0.981215
98.000000 0.919322 7.873221 0.383243 0.982962
98.099998 0.919696 7.871154 0.387635 0.982821
98.199997 0.913357 7.827514 0.380790 0.977389
98.299995 0.917918 7.870270 0.384785 0.982482
98.400002 0.913361 7.858899 0.384531 0.980514
98.500000 0.914437 7.870307 0.388379 0.981230
98.599998 0.912106 7.865063 0.388634 0.979125
98.699997 0.909255 7.850124 0.387394 0.978489
98.799995 0.912456 7.870335 0.383692 0.980790
98.900002 0.911573 7.866460 0.384915 0.979894
99.000000 0.911853 7.866980 0.385069 0.981611
99.099998 0.912544 7.867366 0.384808 0.980610
99.199997 0.913278 7.867419 0.385853 0.979618
99.299995 0.911098 7.852562 0.385376 0.978524
99.400002 0.909391 7.851885 0.387639 0.979498
99.500000 0.910609 7.860613 0.388661 0.981002
99.599998 0.908764 7.854042 0.382753 0.978591
99.699997 0.909782 7.861973 0.381976 0.979496
99.799995 0.908909 7.858814 0.379862 0.980002
99.900002 0.908045 7.857214 0.376826 0.980588
100.000000 0.906303 7.849765 0.378084 0.979622
100.099998 0.907346 7.861969 0.382609 0.980810
100.199997 0.906974 7.863909 0.383893 0.981415
100.299995 0.907319 7.862328 0.383123 0.981304
100.400002 0.907483 7.864022 0.385853 0.981517
100.500000 0.907572 7.864359 0.384315 0.981995
100.599998 0.906381 7.863373 0.390678 0.980996
100.699997 0.906972 7.863359 0.392718 0.980894
100.799995 0.906347 7.861269 0.394803 0.982309
100.900002 0.906391 7.862386 0.390439 0.980798
101.000000 0.909573 7.866960 0.389317 0.981795
101.099998 0.910597 7.868789 0.388046 0.980942
101.199997 0.911629 7.868795 0.388911 0.981185
101.299995 0.911847 7.867721 0.386932 0.981189
101.400002 0.911051 7.860138 0.391534 0.981332
101.500000 0.913413 7.871167 0.390992 0.981824
101.599998 0.912826 7.868237 0.390982 0.981764
101.699997 0.912174 7.867661 0.389317 0.982295
101.799995 0.913453 7.868376 0.389863 0.981569
101.900002 0.912535 7.869952 0.391543 0.982007
102.000000 0.912843 7.872470 0.386796 0.983871
102.099998 0.911950 7.872517 0.384746 0.984526
102.199997 0.912648 7.873825 0.387132 0.985491
102.299995 0.908764 7.844538 0.387855 0.982693
102.399994 0.906809 7.842415 0.389561 0.982002
102.500000 0.903529 7.829751 0.387384 0.980406
102.599998 0.908337 7.865254 0.389944 0.984506
102.699997 0.908346 7.864568 0.391204 0.984208
102.799995 0.907012 7.854275 0.388434 0.983520
102.899994 0.907009 7.860313 0.384462 0.985201
103.000000 0.906919 7.862027 0.390122 0.984403
103.099998 0.906691 7.864387 0.399140 0.985098
103.199997 0.905134 7.865106 0.400781 0.984889
103.299995 0.906809 7.868814 0.403360 0.985201
103.399994 0.904781 7.850070 0.404081 0.983697
103.500000 0.906863 7.857543 0.408663 0.984494
103.599998 0.907700 7.866199 0.414300 0.985600
103.699997 0.908637 7.869152 0.414434 0.984206
103.799995 0.909064 7.869948 0.420168 0.984594
103.899994 0.909472 7.869904 0.418165 0.984612
104.000000 0.908682 7.869474 0.416383 0.984897
104.099998 0.907762 7.870806 0.411818 0.984076
104.199997 0.906909 7.864913 0.411659 0.982702
104.299995 0.907019 7.868326 0.410418 0.983503
104.399994 0.907098 7.866653 0.411553 0.983682
104.500000 0.907509 7.866513 0.409659 0.984002
104.599998 0.904652 7.848724 0.413207 0.981491
104.699997 0.905281 7.855371 0.414883 0.982997
104.799995 0.906453 7.863432 0.415008 0.985593
104.899994 0.907012 7.861066 0.419497 0.985817
105.000000 0.905591 7.856386 0.416742 0.986399
105.099998 0.905628 7.852644 0.413576 0.985004
105.199997 0.907265 7.860598 0.413111 0.985910
105.299995 0.906597 7.862749 0.410251 0.984683
105.399994 0.905791 7.861286 0.409941 0.984798
105.500000 0.904914 7.850765 0.409869 0.983685
105.599998 0.907181 7.864073 0.408982 0.985597
105.699997 0.907339 7.860110 0.412581 0.986520
105.799995 0.905866 7.852304 0.409114 0.985910
105.899994 0.906919 7.861028 0.407219 0.986603
106.000000 0.906898 7.859346 0.405846 0.987486
106.099998 0.907372 7.854557 0.401721 0.986496
106.199997 0.908273 7.850255 0.401120 0.986596
106.299995 0.907528 7.859042 0.402379 0.987704
106.399994 0.909763 7.860298 0.402718 0.987509
106.500000 0.908399 7.859846 0.405646 0.985784
106.599998 0.907982 7.851171 0.404881 0.984897
106.699997 0.910036 7.858857 0.403039 0.984806
106.799995 0.911835 7.859157 0.406437 0.984606
106.899994 0.912531 7.861807 0.409086 0.985022
107.000000 0.913553 7.862866 0.411399 0.985275
107.099998 0.914506 7.864851 0.413955 0.984583
107.199997 0.913748 7.861316 0.411747 0.983990
107.299995 0.912726 7.863141 0.411976 0.984005
107.399994 0.912279 7.860825 0.411130 0.983115
107.500000 0.912418 7.863127 0.406419 0.983903
107.599998 0.912887 7.864424 0.406028 0.983779
107.699997 0.911485 7.861820 0.406929 0.983779
107.799995 0.910528 7.861589 0.404323 0.982786
107.899994 0.909818 7.864527 0.401620 0.983603
108.000000 0.908508 7.857358 0.403804 0.981682
108.099998 0.908909 7.862114 0.403460 0.983302
108.199997 0.910907 7.863564 0.406013 0.982022
108.299995 0.909600 7.860700 0.410800 0.982200
108.399994 0.909236 7.860503 0.406384 0.982087
108.500000 0.908154 7.857429 0.405603 0.980890
108.599998 0.907289 7.855727 0.404285 0.981077
108.699997 0.907934 7.856742 0.404829 0.981066
108.799995 0.907228 7.856743 0.405578 0.980906
108.899994 0.905430 7.855540 0.405630 0.980966
109.000000 0.906347 7.856572 0.405797 0.982209
109.099998 0.908818 7.859173 0.405865 0.980382
109.199997 0.909191 7.861639 0.405395 0.979920
109.299995 0.908126 7.860389 0.403423 0.981085
109.399994 0.908737 7.861655 0.399340 0.981207
109.500000 0.909236 7.858457 0.393243 0.981108
109.599998 0.909946 7.862017 0.394036 0.981789
109.699997 0.910709 7.863113 0.391661 0.980902
109.799995 0.912053 7.863582 0.390566 0.981411
109.899994 0.908508 7.843244 0.390691 0.977778
110.000000 0.912739 7.869208 0.395477 0.981387
110.099998 0.908746 7.852774 0.395002 0.979610
110.199997 0.909536 7.859956 0.400240 0.981308
110.299995 0.913734 7.867653 0.401339 0.980908
110.399994 0.912444 7.868066 0.400800 0.981309
110.500000 0.912070 7.869105 0.402078 0.979516
110.599998 0.910663 7.864195 0.400220 0.979814
110.699997 0.911865 7.863946 0.397159 0.981192
110.799995 0.911356 7.862431 0.402001 0.981991
110.899994 0.907655 7.853687 0.399061 0.980612
111.000000 0.908182 7.861772 0.393379 0.981896
111.099998 0.909127 7.864640 0.393782 0.981705
111.199997 0.906728 7.843847 0.392182 0.979106
111.299995 0.909964 7.861845 0.391657 0.981393
111.399994 0.910482 7.861572 0.390078 0.979896
111.500000 0.910603 7.864202 0.388555 0.980858
111.599998 0.905681 7.833566 0.387778 0.977095
111.699997 0.906900 7.868200 0.390700 0.981300
111.799995 0.908046 7.869266 0.388406 0.981309
111.899994 0.908719 7.869770 0.385798 0.981125
112.000000 0.909336 7.869152 0.386046 0.980608
112.099998 0.906744 7.860917 0.384130 0.979187
112.199997 0.903781 7.863472 0.386877 0.979896
112.299995 0.902897 7.854646 0.386314 0.977922
112.399994 0.901533 7.842031 0.383853 0.976059
112.500000 0.900870 7.846154 0.384615 0.976593
112.599998 0.903432 7.865406 0.385170 0.979285
112.699997 0.902864 7.865411 0.386741 0.978570
112.799995 0.902361 7.864846 0.384454 0.979292
112.899994 0.904304 7.867668 0.385385 0.979479
113.000000 0.903696 7.866334 0.384116 0.980519
113.099998 0.902208 7.868744 0.383278 0.980122
113.199997 0.903171 7.871962 0.381114 0.978994
113.299995 0.902658 7.868179 0.379872 0.979712
113.399994 0.902363 7.869217 0.385740 0.981174
113.500000 0.901401 7.868669 0.386687 0.980781
113.599998 0.902639 7.866652 0.388145 0.981907
113.699997 0.902629 7.865541 0.387784 0.982205
113.799995 0.902719 7.864427 0.387522 0.981604
113.899994 0.904876 7.869305 0.389488 0.981315
114.000000 0.903323 7.858387 0.387810 0.981185
114.099998 0.903048 7.864168 0.390105 0.982209
114.199997 0.903910 7.870913 0.389661 0.983702
114.299995 0.905281 7.869374 0.389678 0.981896
114.399994 0.905138 7.862755 0.387845 0.981108
114.500000 0.906328 7.872838 0.383085 0.981805
114.599998 0.906015 7.871485 0.380643 0.981183
114.699997 0.905853 7.871336 0.380590 0.981391
114.799995 0.906653 7.874437 0.379490 0.979390
114.899994 0.906840 7.876286 0.378832 0.979031
115.000000 0.907539 7.875786 0.383025 0.979031
115.099998 0.904090 7.856986 0.378938 0.977898
115.199997 0.906491 7.872888 0.380138 0.979498
115.299995 0.908164 7.875487 0.383432 0.979814
115.399994 0.906944 7.863318 0.382229 0.979187
115.500000 0.909446 7.871782 0.383953 0.979665
115.599998 0.908537 7.870352 0.383047 0.980008
115.699997 0.908837 7.871593 0.380629 0.980929
115.799995 0.909464 7.868948 0.379452 0.981393
115.899994 0.910698 7.869943 0.375387 0.980222
116.000000 0.905919 7.826035 0.373725 0.975305
116.099998 0.906231 7.837427 0.372678 0.976433
116.199997 0.910019 7.865879 0.377139 0.981183
116.299995 0.908400 7.846900 0.376300 0.978300
116.399994 0.911271 7.867406 0.379696 0.981415
116.500000 0.911806 7.869157 0.374850 0.980224
116.599998 0.911082 7.871375 0.371774 0.980796
116.699997 0.911958 7.868737 0.372729 0.981733
116.799995 0.911462 7.861697 0.370740 0.980713
116.899994 0.909200 7.841900 0.365900 0.979000
117.000000 0.912548 7.870122 0.368921 0.981889
117.099998 0.911791 7.868587 0.366837 0.980998
117.199997 0.912026 7.866840 0.370589 0.980906
117.299995 0.910871 7.864708 0.369105 0.980915
117.399994 0.911853 7.865981 0.368079 0.981311
117.500000 0.910391 7.863886 0.369837 0.981698
117.599998 0.911044 7.865667 0.371314 0.981509
117.699997 0.912088 7.867133 0.369431 0.981219
117.799995 0.910299 7.854361 0.366896 0.980122
117.899994 0.911580 7.866021 0.366270 0.981716
118.000000 0.912335 7.864854 0.369752 0.981507
118.099998 0.911118 7.863627 0.375325 0.980904
118.199997 0.911944 7.859470 0.377111 0.981409
118.299995 0.913148 7.865329 0.378057 0.981432
118.399994 0.914043 7.861869 0.380810 0.981309
118.500000 0.914734 7.862155 0.373751 0.980808
118.599998 0.916367 7.860744 0.370248 0.981293
118.699997 0.917092 7.863586 0.370337 0.981198
118.799995 0.917882 7.860839 0.373427 0.981718
118.899994 0.919344 7.859802 0.373261 0.981987
119.000000 0.918184 7.851970 0.372575 0.980796
119.099998 0.916650 7.853612 0.372423 0.981189
119.199997 0.917867 7.857043 0.376451 0.982593
119.299995 0.918133 7.859756 0.375650 0.982307
119.399994 0.917966 7.860711 0.379696 0.982214
119.500000 0.918373 7.863822 0.384954 0.982616
119.599998 0.916350 7.844393 0.384169 0.978413
119.699997 0.918773 7.866420 0.383855 0.980917
119.799995 0.919524 7.866640 0.383485 0.979906
119.899994 0.918175 7.855757 0.383215 0.977493
120.000000 0.920584 7.866374 0.383377 0.978996
120.099998 0.918616 7.852130 0.378624 0.977504
120.199997 0.920984 7.868273 0.374175 0.979496
120.299995 0.921839 7.869865 0.371015 0.978911
120.399994 0.921624 7.869839 0.370489 0.978207
120.500000 0.921690 7.873423 0.368015 0.978770
120.599998 0.921329 7.875488 0.372235 0.980583
120.699997 0.920984 7.872274 0.371774 0.980896
120.799995 0.919648 7.867080 0.374575 0.979712
120.899994 0.921376 7.870661 0.370411 0.980394
121.000000 0.922492 7.871288 0.371837 0.980798
121.099998 0.922831 7.869952 0.371251 0.980908
121.199997 0.923000 7.870069 0.372116 0.981025
121.299995 0.922253 7.854913 0.371623 0.979187
121.399994 0.923692 7.870586 0.374837 0.981198
121.500000 0.924215 7.868027 0.371926 0.981504
121.599998 0.921909 7.853905 0.369383 0.981626
121.699997 0.923615 7.865327 0.372625 0.983503
121.799995 0.924001 7.866426 0.372985 0.983278
121.899994 0.923338 7.860070 0.372314 0.980810
122.000000 0.923476 7.867804 0.366657 0.981842
122.099998 0.922685 7.867273 0.369074 0.981796
122.199997 0.923846 7.865180 0.368879 0.982810
122.299995 0.923108 7.864714 0.368263 0.982002
122.399994 0.925904 7.867027 0.367878 0.982277
122.500000 0.926407 7.870613 0.367763 0.983102
122.599998 0.926285 7.868974 0.371074 0.983597
122.699997 0.926115 7.870226 0.373025 0.983203
122.799995 0.926400 7.872100 0.375600 0.982600
122.899994 0.925989 7.869557 0.379345 0.982521
123.000000 0.925933 7.871930 0.378319 0.983330
123.099998 0.926685 7.874175 0.373875 0.983097
123.199997 0.926100 7.872200 0.371300 0.982100
123.299995 0.926800 7.873000 0.369400 0.982800
123.399994 0.925878 7.868160 0.372712 0.982295
123.500000 0.926037 7.871064 0.370915 0.982009
123.599998 0.925403 7.866927 0.370882 0.980875
123.699997 0.926133 7.876123 0.368636 0.981733
123.799995 0.925233 7.870884 0.366830 0.979081
123.899994 0.926000 7.876000 0.363400 0.980100
124.000000 0.922754 7.870122 0.361717 0.979087
124.099998 0.921977 7.870962 0.359708 0.979294
124.199997 0.921345 7.871510 0.354248 0.979786
124.299995 0.916450 7.838597 0.354987 0.974215
124.399994 0.919584 7.864973 0.355371 0.977696
124.500000 0.918182 7.865634 0.357542 0.978122
124.599998 0.915891 7.862521 0.360268 0.977070
124.699997 0.916484 7.862937 0.359540 0.976923
124.799995 0.916057 7.862366 0.356306 0.977963
124.899994 0.916001 7.860068 0.356772 0.978526
125.000000 0.918754 7.862062 0.357820 0.980038
125.099998 0.919208 7.862014 0.357564 0.980402
125.199997 0.918226 7.858573 0.356221 0.980683
125.299995 0.916025 7.853044 0.357993 0.979706
125.399994 0.916300 7.856528 0.360032 0.980777
125.500000 0.914568 7.849121 0.364608 0.979716
125.599998 0.914174 7.847354 0.363709 0.979894
125.699997 0.915891 7.847902 0.366877 0.980975
125.799995 0.915275 7.840152 0.365210 0.980394
125.899994 0.916367 7.846138 0.363145 0.981793
126.000000 0.915125 7.848445 0.368190 0.982505
126.099998 0.914143 7.849276 0.367416 0.982609
126.199997 0.915916 7.855856 0.370270 0.982983
126.299995 0.916966 7.859912 0.373901 0.983413
126.399994 0.916808 7.856142 0.373711 0.983982
126.500000 0.917892 7.856386 0.369937 0.983598
126.599998 0.917426 7.857672 0.363827 0.983185
126.699997 0.913091 7.836184 0.364736 0.979498
126.799995 0.912517 7.840232 0.362028 0.979204
126.899994 0.912991 7.854886 0.365537 0.980198
127.000000 0.911791 7.857386 0.365837 0.980098
127.099998 0.913452 7.859085 0.364981 0.980412
127.199997 0.913909 7.858814 0.364364 0.981202
127.299995 0.914203 7.859768 0.363364 0.979824
127.399994 0.914226 7.856443 0.357093 0.978307
127.500000 0.915158 7.855227 0.357379 0.977189
127.599998 0.916825 7.857543 0.356793 0.978307
127.699997 0.917258 7.858299 0.353353 0.978715
127.799995 0.917426 7.857371 0.352117 0.976879
127.899994 0.916975 7.857629 0.354081 0.975422
128.000000 0.915392 7.853886 0.357236 0.975498
128.099991 0.913470 7.855784 0.352729 0.975363
128.199997 0.913078 7.850434 0.349885 0.976521
128.300003 0.912983 7.846569 0.349770 0.977696
128.399994 0.913509 7.857314 0.352565 0.978402
128.500000 0.915036 7.859025 0.353135 0.979333
128.599991 0.916700 7.862400 0.351900 0.979500
128.699997 0.915025 7.861242 0.353894 0.980406
128.800003 0.914545 7.860637 0.358291 0.979635
128.899994 0.914826 7.861341 0.357693 0.979606
129.000000 0.913843 7.846776 0.358221 0.978511
129.099991 0.915950 7.861016 0.354513 0.979588
129.199997 0.912761 7.861397 0.350055 0.980813
129.300003 0.912088 7.858841 0.348851 0.979720
129.399994 0.910689 7.851848 0.346154 0.978322
129.500000 0.911986 7.863122 0.348853 0.980074
129.599991 0.911909 7.864714 0.351465 0.980602
129.699997 0.911391 7.864687 0.346635 0.979398
129.800003 0.912239 7.865806 0.340638 0.978685
129.899994 0.911253 7.859584 0.342495 0.978413
130.000000 0.912735 7.867653 0.338764 0.979708
130.099991 0.913109 7.866913 0.339466 0.980302
130.199997 0.912618 7.861328 0.341432 0.978204
130.300003 0.913213 7.868271 0.345151 0.978528
130.399994 0.913331 7.854183 0.346677 0.975981
130.500000 0.914443 7.867066 0.350425 0.979110
130.599991 0.915500 7.866800 0.349500 0.978300
130.699997 0.913104 7.843428 0.349384 0.976074
130.800003 0.915192 7.863586 0.354035 0.978298
130.899994 0.913704 7.862166 0.353975 0.978026
131.000000 0.912631 7.861507 0.357763 0.977933
131.099991 0.910882 7.859772 0.357171 0.978496
131.199997 0.909209 7.860560 0.356456 0.979179
131.300003 0.907953 7.861278 0.359075 0.979066
131.399994 0.907789 7.859632 0.355727 0.977573
131.500000 0.907263 7.864346 0.355742 0.978892
131.599991 0.908300 7.865300 0.354800 0.977300
131.699997 0.909100 7.863800 0.358300 0.977700
131.800003 0.907983 7.850035 0.358377 0.976821
131.899994 0.909645 7.861269 0.354023 0.979910
132.000000 0.911779 7.868218 0.353782 0.980617
132.099991 0.911953 7.868878 0.354287 0.981011
132.199997 0.912852 7.869678 0.353488 0.981011
132.300003 0.913043 7.869765 0.352624 0.980210
132.399994 0.912409 7.871813 0.352165 0.980802
132.500000 0.914551 7.871677 0.351489 0.980512
132.599991 0.916166 7.870948 0.354642 0.980092
132.699997 0.916433 7.872351 0.356257 0.980008
132.800003 0.914915 7.859459 0.353554 0.979479
132.899994 0.914266 7.857643 0.352641 0.977891
133.000000 0.916891 7.872440 0.356408 0.980621
133.099991 0.917908 7.876812 0.355764 0.980602
133.199997 0.919179 7.876414 0.357436 0.980971
133.300003 0.916291 7.866026 0.350556 0.981576
133.399994 0.917217 7.874425 0.346531 0.982004
133.500000 0.916608 7.868013 0.346065 0.980602
133.599991 0.917426 7.870584 0.347613 0.980883
133.699997 0.916825 7.871392 0.346380 0.981727
133.800003 0.915834 7.861655 0.340764 0.980308
133.899994 0.917749 7.871377 0.338897 0.980412
134.000000 0.916858 7.868235 0.337869 0.982191
134.099991 0.912830 7.843274 0.335068 0.978283
134.199997 0.915490 7.869730 0.338240 0.980475
134.300003 0.915041 7.870509 0.339538 0.982388
134.399994 0.914866 7.870548 0.342337 0.981293
134.500000 0.914949 7.871623 0.343206 0.980788
134.599991 0.914009 7.868313 0.342566 0.981202
134.699997 0.913213 7.873173 0.343243 0.982482
134.800003 0.913443 7.870665 0.339930 0.982409
134.899994 0.910164 7.854342 0.339436 0.980492
135.000000 0.911353 7.865780 0.343194 0.982910
135.099991 0.912344 7.868966 0.342529 0.984508
135.199997 0.911844 7.869266 0.342129 0.984508
135.300003 0.911320 7.869582 0.344010 0.985087
135.399994 0.909882 7.867474 0.344369 0.985197
135.500000 0.910163 7.872289 0.347057 0.984611
135.599991 0.911335 7.874950 0.342663 0.984806
135.699997 0.913483 7.874475 0.340868 0.983997
135.800003 0.912379 7.874413 0.344090 0.984514
135.899994 0.912735 7.874550 0.343962 0.983707
136.000000 0.912495 7.875951 0.342010 0.982779
136.099991 0.913748 7.876026 0.343106 0.981889
136.199997 0.914709 7.879012 0.339766 0.980702
136.300003 0.912474 7.876463 0.339602 0.981094
136.399994 0.908564 7.860997 0.337764 0.979015
136.500000 0.907545 7.851710 0.338203 0.979087
136.599991 0.910545 7.874463 0.336132 0.982209
136.699997 0.911171 7.873401 0.333733 0.981815
136.800003 0.910636 7.871452 0.331467 0.980508
136.899994 0.911227 7.871439 0.329601 0.980306
137.000000 0.911900 7.871000 0.332000 0.980300
137.099991 0.912800 7.873400 0.332900 0.980800
137.199997 0.912639 7.874712 0.335935 0.981487
137.300003 0.912295 7.875650 0.334602 0.980877
137.399994 0.913495 7.869344 0.332235 0.979123
137.500000 0.916416 7.879479 0.338038 0.980981
137.599991 0.916034 7.879648 0.332067 0.980908
137.699997 0.916233 7.879348 0.330468 0.980708
137.800003 0.918210 7.882971 0.332165 0.982080
137.899994 0.916441 7.871956 0.331830 0.979561
138.000000 0.918174 7.885404 0.334899 0.981617
138.099991 0.918514 7.880068 0.330038 0.980727
138.199997 0.917734 7.881305 0.331966 0.980885
138.300003 0.919576 7.882765 0.332000 0.981394
138.399994 0.920336 7.875000 0.331365 0.981685
138.500000 0.921777 7.881565 0.332800 0.982095
138.599991 0.922861 7.883442 0.330565 0.981791
138.699997 0.924138 7.884158 0.331234 0.982009
138.800003 0.923454 7.885880 0.329869 0.981213
138.899994 0.923608 7.886012 0.330867 0.980702
139.000000 0.922108 7.883612 0.331967 0.980602
139.099991 0.922370 7.886703 0.329104 0.979918
139.199997 0.920427 7.880691 0.325479 0.980132
139.300003 0.922492 7.887788 0.322632 0.981098
139.399994 0.922646 7.883870 0.319908 0.981011
139.500000 0.924853 7.886479 0.319476 0.981613
139.599991 0.923162 7.884943 0.320260 0.981791
139.699997 0.922055 7.876087 0.315879 0.979414
139.800003 0.923262 7.883942 0.315058 0.980390
139.899994 0.922208 7.883811 0.313269 0.980302
140.000000 0.921531 7.883746 0.313275 0.980708
140.099991 0.924192 7.882688 0.311731 0.980798
140.199997 0.921524 7.867740 0.311007 0.976907
140.300003 0.924261 7.886191 0.311950 0.979317
140.399994 0.924660 7.888190 0.311451 0.980016
140.500000 0.923892 7.886088 0.314331 0.980998
140.599991 0.923339 7.885209 0.313751 0.980284
140.699997 0.922469 7.878251 0.312525 0.979892
140.800003 0.921161 7.877539 0.311956 0.980190
140.899994 0.922177 7.887867 0.316095 0.981394
141.000000 0.921702 7.886947 0.315190 0.981224
141.099991 0.921539 7.888156 0.312444 0.981409
141.199997 0.923146 7.888268 0.312113 0.980212
141.300003 0.923192 7.888589 0.310631 0.979298
141.399994 0.919043 7.879316 0.307615 0.978485
141.500000 0.921870 7.889100 0.306124 0.980817
141.599991 0.920116 7.880624 0.304939 0.980304
141.699997 0.919824 7.888634 0.301709 0.981406
141.800003 0.919888 7.886425 0.295575 0.980921
141.899994 0.921084 7.887978 0.294359 0.981396
142.000000 0.921400 7.885400 0.297200 0.981300
142.099991 0.920216 7.890622 0.296241 0.983003
142.199997 0.919495 7.886853 0.297086 0.982077
142.300003 0.916483 7.874475 0.297359 0.980896
142.399994 0.915442 7.886157 0.300150 0.982609
142.500000 0.912326 7.861642 0.302609 0.979906
142.599991 0.914975 7.885065 0.301490 0.982595
142.699997 0.914314 7.881181 0.297598 0.983584
142.800003 0.914240 7.880116 0.295807 0.984189
142.899994 0.914351 7.881171 0.296122 0.983110
143.000000 0.913143 7.866967 0.293753 0.980610
143.099991 0.916217 7.882224 0.293441 0.982603
143.199997 0.916167 7.881095 0.295763 0.982214
143.300003 0.915476 7.880308 0.290638 0.982216
143.399994 0.914409 7.879812 0.289171 0.982302
143.500000 0.915733 7.879704 0.288831 0.983187
143.599991 0.914698 7.879355 0.289948 0.983380
143.699997 0.914766 7.880552 0.291116 0.983593
143.800003 0.914126 7.874038 0.291213 0.983005
143.899994 0.914860 7.880584 0.292295 0.982712
144.000000 0.913977 7.876512 0.294335 0.982416
144.099991 0.915575 7.880164 0.296289 0.981695
144.199997 0.915508 7.880312 0.296070 0.981702
144.300003 0.914609 7.877213 0.295170 0.980902
144.399994 0.911718 7.862527 0.294941 0.979304
144.500000 0.911944 7.870864 0.292454 0.980010
144.599991 0.912461 7.870890 0.291096 0.981413
144.699997 0.912556 7.869635 0.289845 0.981691
144.800003 0.912365 7.872949 0.287515 0.982093
144.899994 0.913526 7.872938 0.288913 0.982005
145.000000 0.911923 7.869882 0.287697 0.980927
145.099991 0.911779 7.869018 0.289639 0.981117
145.199997 0.913200 7.872700 0.290200 0.980000
145.300003 0.913757 7.872836 0.289445 0.979190
145.399994 0.914174 7.872562 0.291487 0.978193
145.500000 0.913779 7.873724 0.287803 0.978470
145.599991 0.912517 7.865127 0.287043 0.976805
145.699997 0.915442 7.880960 0.288656 0.977012
145.800003 0.915617 7.883023 0.287642 0.976105
145.899994 0.915341 7.882518 0.290904 0.976484
146.000000 0.915700 7.883399 0.288300 0.975700
146.099991 0.915534 7.878548 0.290184 0.976309
146.199997 0.915342 7.882959 0.286957 0.977811
146.300003 0.916708 7.881754 0.284231 0.975732
146.399994 0.916225 7.880136 0.280616 0.975907
146.500000 0.915783 7.875775 0.278256 0.975595
146.599991 0.913748 7.868021 0.275465 0.975385
146.699997 0.914334 7.877849 0.275790 0.977309
146.800003 0.915276 7.873115 0.270157 0.977620
146.899994 0.915075 7.873662 0.269781 0.977793
147.000000 0.914766 7.872849 0.268908 0.979392
147.099991 0.914123 7.873286 0.267241 0.979882
147.199997 0.912748 7.871423 0.267360 0.979688
147.300003 0.912226 7.872738 0.268919 0.977907
147.399994 0.913226 7.876837 0.270019 0.978906
147.500000 0.912174 7.871561 0.268581 0.977093
147.599991 0.913239 7.875213 0.267387 0.979986
147.699997 0.911647 7.876126 0.270863 0.979187
147.800003 0.911482 7.874575 0.268154 0.978996
147.899994 0.911118 7.870026 0.267846 0.979404
148.000000 0.911688 7.873027 0.266633 0.978821
148.099991 0.915183 7.875375 0.266453 0.979696
148.199997 0.914877 7.876811 0.263163 0.980218
148.300003 0.912674 7.869161 0.261879 0.978794
148.399994 0.912905 7.873652 0.265981 0.978925
148.500000 0.908909 7.851815 0.265173 0.976402
148.599991 0.912326 7.874138 0.267120 0.980006
148.699997 0.911885 7.875538 0.267047 0.978772
148.800003 0.912026 7.868639 0.268020 0.978307
148.899994 0.913252 7.873676 0.268339 0.979013
149.000000 0.911938 7.868508 0.264885 0.979786
149.099991 0.911826 7.870839 0.267320 0.979906
149.199997 0.907645 7.835902 0.264959 0.975085
149.300003 0.911362 7.870191 0.264115 0.978115
149.399994 0.910637 7.869608 0.262384 0.978985
149.500000 0.909364 7.855583 0.262093 0.978067
149.599991 0.911838 7.874312 0.265086 0.980286
149.699997 0.912170 7.876099 0.263389 0.980416
149.800003 0.914217 7.876525 0.263447 0.980304
149.899994 0.912830 7.873999 0.268415 0.979784
150.000000 0.912595 7.878654 0.262415 0.980877
150.099991 0.911844 7.877461 0.261969 0.979510
150.199997 0.913848 7.881129 0.262157 0.980889
150.300003 0.912905 7.880544 0.260088 0.981223
150.399994 0.912887 7.882418 0.256543 0.981519
150.500000 0.913248 7.880629 0.252852 0.981089
150.599991 0.908155 7.832001 0.248151 0.975415
150.699997 0.914149 7.876126 0.250951 0.981289
150.800003 0.912609 7.873412 0.249875 0.979902
150.899994 0.912344 7.874063 0.248076 0.980110
151.000000 0.914626 7.877437 0.245726 0.981006
151.099991 0.913817 7.874725 0.247750 0.980804
151.199997 0.912878 7.873913 0.245979 0.981217
151.300003 0.912491 7.863487 0.241724 0.979698
151.399994 0.916217 7.874825 0.243751 0.980404
151.500000 0.915051 7.873676 0.244853 0.981211
151.599991 0.912261 7.865894 0.247227 0.980813
151.699997 0.912956 7.870435 0.246923 0.980090
151.800003 0.912561 7.871890 0.248026 0.979315
151.899994 0.911193 7.868843 0.248999 0.979676
152.000000 0.909765 7.866099 0.250876 0.979770
152.099991 0.911144 7.867167 0.249575 0.979110
152.199997 0.911894 7.870745 0.250300 0.978975
152.300003 0.907176 7.832119 0.245334 0.974149
152.399994 0.910254 7.868579 0.251449 0.978113
152.500000 0.911891 7.874387 0.250425 0.979498
152.599991 0.912021 7.874587 0.250125 0.980082
152.699997 0.912012 7.877578 0.250350 0.979279
152.800003 0.913561 7.877886 0.250225 0.980114
152.899994 0.913065 7.873850 0.250900 0.981293
153.000000 0.912535 7.878649 0.251399 0.982307
153.099991 0.914134 7.880948 0.248001 0.981607
153.199997 0.913417 7.881724 0.245251 0.982004
153.300003 0.911794 7.870544 0.247797 0.980076
153.399994 0.913491 7.881788 0.244524 0.979998
153.500000 0.912318 7.884124 0.244451 0.981104
153.599991 0.911841 7.883886 0.243610 0.980731
153.699997 0.910627 7.884235 0.246426 0.981406
153.800003 0.910755 7.886444 0.246023 0.981491
153.899994 0.911486 7.885840 0.243888 0.980142
154.000000 0.911191 7.884489 0.239024 0.981698
154.099991 0.910960 7.884408 0.238670 0.981533
154.199997 0.912382 7.883276 0.236247 0.981096
154.300003 0.912883 7.879276 0.239948 0.981396
154.399994 0.913122 7.880068 0.237967 0.981726
154.500000 0.913874 7.884765 0.235571 0.981795
154.599991 0.914323 7.887199 0.234911 0.980683
154.699997 0.915584 7.886513 0.236364 0.981618
154.800003 0.914657 7.886643 0.234317 0.981191
154.899994 0.914260 7.887578 0.232038 0.981813
155.000000 0.915251 7.886668 0.229762 0.981711
155.099991 0.915575 7.884265 0.227268 0.982595
155.199997 0.915398 7.883661 0.227273 0.982479
155.300003 0.915725 7.877337 0.229531 0.982805
155.399994 0.914975 7.879764 0.232270 0.983095
155.500000 0.913065 7.876851 0.232693 0.980992
155.599991 0.912444 7.869966 0.229885 0.980810
155.699997 0.912505 7.870656 0.232321 0.981422
155.800003 0.912691 7.877088 0.231923 0.981998
155.899994 0.911518 7.869627 0.231754 0.982104
156.000000 0.911380 7.877910 0.231092 0.984514
156.099991 0.912618 7.877325 0.230154 0.982503
156.199997 0.913004 7.879245 0.229724 0.982821
156.300003 0.912926 7.880236 0.228431 0.982005
156.399994 0.913500 7.878800 0.232500 0.981900
156.500000 0.915717 7.881523 0.230154 0.983003
156.599991 0.915259 7.869991 0.229240 0.980713
156.699997 0.916725 7.878090 0.226904 0.983185
156.800003 0.914634 7.872051 0.229808 0.982507
156.899994 0.913544 7.873873 0.228010 0.981867
157.000000 0.914088 7.873436 0.228697 0.982577
157.099991 0.913740 7.872911 0.225158 0.982688
157.199997 0.915219 7.872878 0.225984 0.984022
157.300003 0.914197 7.871446 0.227373 0.983380
157.399994 0.914403 7.872753 0.231322 0.982321
157.500000 0.916225 7.874738 0.233630 0.982805
157.599991 0.917392 7.876688 0.230623 0.982398
157.699997 0.913874 7.846854 0.233070 0.977893
157.800003 0.915634 7.871051 0.232007 0.982107
157.899994 0.917050 7.879728 0.232940 0.981289
158.000000 0.917567 7.878451 0.234794 0.980792
158.099991 0.918416 7.878224 0.234353 0.979604
158.199997 0.917943 7.876413 0.233263 0.980486
158.300003 0.917659 7.879540 0.237619 0.980790
158.399994 0.916858 7.877786 0.234936 0.980514
158.500000 0.916909 7.875663 0.235659 0.980979
158.599991 0.917533 7.879048 0.239404 0.981707
158.699997 0.916408 7.878812 0.236476 0.980602
158.800003 0.917017 7.878324 0.234853 0.981304
158.899994 0.915427 7.876086 0.236545 0.981628
159.000000 0.914594 7.876436 0.235641 0.981720
159.099991 0.914849 7.872124 0.235741 0.979988
159.199997 0.916675 7.880221 0.236154 0.981873
159.300003 0.915891 7.875538 0.233804 0.982077
159.399994 0.914898 7.879555 0.231378 0.982479
159.500000 0.912130 7.865393 0.228082 0.981685
159.599991 0.912277 7.873223 0.228220 0.980873
159.699997 0.913448 7.880829 0.226436 0.980688
159.800003 0.914872 7.881823 0.225939 0.981773
159.899994 0.914134 7.880048 0.225810 0.981807
160.000000 0.913512 7.876861 0.227904 0.979227
160.099991 0.911847 7.870222 0.227537 0.979688
160.199997 0.913483 7.884277 0.232947 0.980296
160.300003 0.913817 7.884523 0.230554 0.980204
160.399994 0.913886 7.884016 0.231269 0.980420
160.500000 0.912182 7.871374 0.227946 0.977896
160.599991 0.912644 7.882759 0.232284 0.978411
160.699997 0.911709 7.883011 0.232277 0.977902
160.800003 0.911656 7.883141 0.231716 0.978089
160.899994 0.909482 7.874375 0.230046 0.976295
161.000000 0.911741 7.883390 0.229213 0.978862
161.099991 0.910037 7.872511 0.227559 0.977084
161.199997 0.911682 7.886878 0.228546 0.979696
161.300003 0.911965 7.887155 0.233794 0.980192
161.399994 0.909610 7.876877 0.235135 0.980080
161.500000 0.910847 7.886232 0.234040 0.982690
161.599991 0.909036 7.883819 0.234964 0.982188
161.699997 0.908627 7.880636 0.231930 0.981006
161.800003 0.909608 7.885837 0.231023 0.982221
161.899994 0.906944 7.887933 0.235041 0.982690
162.000000 0.908098 7.887753 0.234616 0.982862
162.099991 0.908618 7.888322 0.237752 0.982903
162.199997 0.908691 7.886314 0.237263 0.982917
162.300003 0.908655 7.888267 0.232960 0.983310
162.399994 0.911027 7.890533 0.235529 0.984105
162.500000 0.911673 7.887866 0.235471 0.983195
162.599991 0.911058 7.888822 0.238381 0.982171
162.699997 0.910382 7.883177 0.242549 0.981596
162.800003 0.913957 7.892647 0.242321 0.980090
162.899994 0.913743 7.880060 0.242279 0.978511
163.000000 0.914131 7.891212 0.243995 0.978082
163.099991 0.915276 7.893096 0.245279 0.977420
163.199997 0.916109 7.890442 0.244282 0.978828
163.300003 0.916883 7.890478 0.244549 0.979996
163.399994 0.916908 7.890311 0.238376 0.980802
163.500000 0.916975 7.890667 0.240172 0.979894
163.599991 0.917017 7.890522 0.237752 0.979804
163.699997 0.916258 7.891245 0.239620 0.979990
163.800003 0.918282 7.888611 0.242957 0.980420
163.899994 0.918908 7.887112 0.239476 0.980602
164.000000 0.916417 7.867727 0.236853 0.978604
164.099991 0.919000 7.887101 0.234600 0.980200
164.199997 0.919636 7.886509 0.232186 0.981085
164.300003 0.919273 7.885203 0.237686 0.981417
164.399994 0.917417 7.880224 0.239152 0.979604
164.500000 0.918325 7.883735 0.238928 0.979606
164.599991 0.918300 7.884100 0.237700 0.980400
164.699997 0.919252 7.885831 0.241845 0.980688
164.800003 0.918927 7.886397 0.243119 0.981183
164.899994 0.918684 7.884676 0.243649 0.980696
165.000000 0.917225 7.870039 0.244927 0.979806
165.099991 0.919184 7.880876 0.245949 0.981596
165.199997 0.919240 7.885057 0.245477 0.981609
165.300003 0.917716 7.886223 0.245251 0.980504
165.399994 0.917342 7.884419 0.245272 0.981787
165.500000 0.917075 7.883665 0.245374 0.981394
165.599991 0.919163 7.883301 0.243013 0.981268
165.699997 0.918175 7.882064 0.246374 0.982295
165.800003 0.916558 7.879784 0.244029 0.981613
165.899994 0.916908 7.881812 0.244276 0.981202
166.000000 0.917649 7.881072 0.245153 0.981411
166.099991 0.916417 7.881224 0.245951 0.981704
166.199997 0.914877 7.880708 0.245479 0.981916
166.300003 0.915024 7.880793 0.247523 0.981884
166.399994 0.914451 7.876674 0.243154 0.980812
166.500000 0.915541 7.879316 0.244571 0.979786
166.599991 0.915034 7.878848 0.244102 0.979708
166.699997 0.916400 7.879655 0.246296 0.979776
166.800003 0.916558 7.880440 0.243922 0.980190
166.899994 0.916833 7.882048 0.243403 0.980908
167.000000 0.914991 7.878788 0.244224 0.979798
167.099991 0.912295 7.861534 0.246696 0.979776
167.199997 0.915659 7.880283 0.249026 0.982412
167.300003 0.918365 7.883193 0.249201 0.982414
167.399994 0.918151 7.875725 0.249950 0.980788
167.500000 0.919232 7.882647 0.250800 0.981907
167.599991 0.921324 7.881236 0.249025 0.981406
167.699997 0.921455 7.881383 0.250425 0.981713
167.800003 0.920096 7.883649 0.249124 0.981376
167.899994 0.920104 7.884761 0.246796 0.980176
168.000000 0.921061 7.884142 0.244322 0.980590
168.099991 0.921266 7.882100 0.244616 0.980166
168.199997 0.921809 7.882764 0.245057 0.980328
168.300003 0.922923 7.883984 0.241742 0.980581
168.399994 0.922992 7.871721 0.242239 0.978069
168.500000 0.924038 7.881859 0.242479 0.978911
168.599991 0.921592 7.863486 0.244524 0.977598
168.699997 0.923138 7.878803 0.244396 0.980685
168.800003 0.924277 7.879664 0.242373 0.979994
168.899994 0.924617 7.879467 0.241566 0.979878
169.000000 0.924900 7.877700 0.241100 0.981000
169.099991 0.924885 7.864573 0.243149 0.979296
169.199997 0.926178 7.882765 0.239172 0.980494
169.300003 0.923738 7.863868 0.241379 0.978011
169.399994 0.926197 7.885039 0.242940 0.981374
169.500000 0.925178 7.880264 0.242673 0.980894
169.599991 0.925278 7.874762 0.242673 0.980294
169.699997 0.926820 7.879168 0.240164 0.980779
169.800003 0.925841 7.875300 0.237490 0.981685
169.899994 0.926259 7.880496 0.234712 0.982514
170.000000 0.927407 7.879412 0.234477 0.983002
170.099991 0.926256 7.872724 0.237142 0.981589
170.199997 0.926895 7.871567 0.237991 0.980925
170.300003 0.926934 7.880993 0.234311 0.983085
170.399994 0.925263 7.879840 0.232516 0.982992
170.500000 0.926449 7.881317 0.230762 0.983088
170.599991 0.926152 7.881184 0.228240 0.983611
170.699997 0.926820 7.880369 0.228852 0.984883
170.800003 0.924161 7.878798 0.229117 0.983913
170.899994 0.921563 7.857814 0.225120 0.980815
171.000000 0.923592 7.872888 0.223822 0.982598
171.099991 0.923416 7.878567 0.227150 0.984483
171.199997 0.923262 7.875938 0.229115 0.985193
171.300003 0.922323 7.873538 0.225232 0.984505
171.399994 0.922546 7.875413 0.222055 0.985390
171.500000 0.921410 7.875275 0.223487 0.983523
171.599991 0.922484 7.879118 0.228843 0.982674
171.699997 0.924084 7.879532 0.230746 0.982519
171.800003 0.924023 7.869039 0.224333 0.981606
171.899994 0.921453 7.846808 0.221733 0.979488
172.000000 0.923940 7.877443 0.223269 0.983866
172.099991 0.922516 7.868026 0.219956 0.981204
172.199997 0.920552 7.857214 0.220832 0.980889
172.300003 0.922131 7.874850 0.223011 0.983207
172.399994 0.921455 7.873289 0.223444 0.984711
172.500000 0.920976 7.868060 0.223167 0.983795
172.599991 0.921205 7.872246 0.224670 0.984281
172.699997 0.916825 7.840048 0.221733 0.979606
172.800003 0.921132 7.870451 0.222811 0.983607
172.899994 0.920989 7.866714 0.224314 0.982876
173.000000 0.920660 7.857729 0.223012 0.981391
173.099991 0.921877 7.871962 0.219166 0.983095
173.199997 0.922316 7.871525 0.217956 0.983103
173.300003 0.921677 7.871361 0.214064 0.982395
173.399994 0.921769 7.872448 0.210684 0.982293
173.500000 0.921137 7.866794 0.208867 0.981685
173.599991 0.921531 7.877949 0.206417 0.982907
173.699997 0.921274 7.878605 0.211639 0.984075
173.800003 0.922408 7.878712 0.210179 0.984802
173.899994 0.923138 7.878461 0.207296 0.984008
174.000000 0.921837 7.881205 0.210568 0.983787
174.099991 0.921124 7.877437 0.210237 0.984605
174.199997 0.920729 7.872786 0.205785 0.983785
174.300003 0.919776 7.871262 0.202161 0.982795
174.399994 0.917359 7.857028 0.197099 0.981291
174.500000 0.918624 7.873038 0.193442 0.982405
174.599991 0.914868 7.859413 0.195144 0.981015
174.699997 0.916950 7.874424 0.192716 0.983290
174.800003 0.915824 7.871885 0.193674 0.983986
174.899994 0.913361 7.851804 0.189467 0.981413
175.000000 0.915693 7.867745 0.188593 0.984617
175.099991 0.914522 7.868542 0.186116 0.985139
175.199997 0.916075 7.873862 0.186856 0.986096
175.300003 0.915358 7.871436 0.183792 0.985793
175.399994 0.914297 7.870244 0.184922 0.985382
175.500000 0.915041 7.868108 0.185730 0.984489
175.599991 0.914023 7.852868 0.185667 0.981283
175.699997 0.914060 7.847007 0.187169 0.980813
175.800003 0.915901 7.866261 0.188174 0.983620
175.899994 0.916625 7.867740 0.191043 0.984105
176.000000 0.915051 7.858585 0.188487 0.983210
176.099991 0.917758 7.867093 0.188668 0.983711
176.199997 0.919576 7.868461 0.188056 0.982695
176.300003 0.917916 7.868026 0.186363 0.982803
176.399994 0.918392 7.871287 0.185219 0.982898
176.500000 0.918743 7.868007 0.189433 0.981587
176.599991 0.919324 7.870239 0.187144 0.981306
176.699997 0.920036 7.866693 0.186149 0.981185
176.800003 0.918277 7.865198 0.184877 0.982674
176.899994 0.917000 7.864000 0.185700 0.983500
177.000000 0.915767 7.862810 0.186851 0.982814
177.099991 0.916950 7.865342 0.183370 0.982432
177.199997 0.917300 7.859200 0.183300 0.982100
177.300003 0.917300 7.863700 0.181100 0.981800
177.399994 0.913940 7.852296 0.181227 0.980987
177.500000 0.913752 7.859184 0.181991 0.981711
177.599991 0.913205 7.862549 0.180699 0.981480
177.699997 0.913783 7.868174 0.183237 0.982296
177.800003 0.914354 7.869678 0.181108 0.981669
177.899994 0.915200 7.870100 0.179200 0.981400
178.000000 0.914589 7.869931 0.182037 0.981476
178.099991 0.914095 7.868045 0.180002 0.981620
178.199997 0.913917 7.868427 0.182663 0.980504
178.300003 0.914109 7.868413 0.185081 0.981002
178.399994 0.914009 7.867613 0.186381 0.981702
178.500000 0.914437 7.867448 0.185653 0.982266
178.599991 0.914943 7.869166 0.186907 0.982309
178.699997 0.914026 7.861842 0.186844 0.981705
178.800003 0.914183 7.867174 0.186237 0.981696
178.899994 0.912726 7.868539 0.183345 0.981905
179.000000 0.913343 7.867666 0.180610 0.981009
179.099991 0.911924 7.863226 0.183968 0.980361
179.199997 0.910327 7.858143 0.180146 0.979806
179.300003 0.911073 7.865660 0.175853 0.981194
179.399994 0.910416 7.857486 0.174673 0.979626
179.500000 0.909236 7.861508 0.172341 0.979730
179.599991 0.910809 7.863014 0.171183 0.978602
179.699997 0.908636 7.860603 0.170019 0.977684
179.800003 0.906765 7.854802 0.171580 0.977416
179.899994 0.906225 7.860188 0.172538 0.978483
180.000000 0.906038 7.862055 0.174130 0.978808
180.099991 0.905698 7.861191 0.173136 0.978745
180.199997 0.908218 7.863827 0.172266 0.979804
180.300003 0.905691 7.845884 0.174717 0.978698
180.399994 0.907089 7.864938 0.175310 0.981578
180.500000 0.901051 7.808904 0.173787 0.975288
180.599991 0.908071 7.862908 0.175045 0.983277
180.699997 0.907728 7.856543 0.176347 0.983405
180.800003 0.907465 7.862196 0.176277 0.984011
180.899994 0.907391 7.864987 0.176618 0.983198
181.000000 0.905266 7.852703 0.174178 0.982013
181.099991 0.907843 7.865071 0.173094 0.983973
181.199997 0.909382 7.864973 0.172735 0.982396
181.300003 0.910327 7.866840 0.172948 0.982005
181.399994 0.911011 7.863264 0.171271 0.983283
181.500000 0.910455 7.862231 0.171686 0.983892
181.599991 0.909646 7.861016 0.171903 0.982189
181.699997 0.906391 7.853685 0.172317 0.981898
181.800003 0.906865 7.858998 0.178175 0.983212
181.899994 0.907235 7.852497 0.178925 0.982488
182.000000 0.906222 7.860381 0.179167 0.982423
182.099991 0.908336 7.859402 0.176023 0.983188
182.199997 0.908354 7.858629 0.174387 0.982791
182.300003 0.909045 7.860516 0.174305 0.983390
182.399994 0.909736 7.861955 0.174530 0.982607
182.500000 0.910445 7.864268 0.175212 0.982109
182.599991 0.908264 7.863096 0.176177 0.981813
182.699997 0.908373 7.864059 0.173652 0.981595
182.800003 0.907865 7.859099 0.173279 0.980514
182.899994 0.908554 7.862531 0.172186 0.980590
183.000000 0.907463 7.857643 0.172569 0.980992
183.099991 0.907546 7.853773 0.173413 0.980310
183.199997 0.909991 7.859786 0.173517 0.980398
183.300003 0.906784 7.837146 0.173444 0.976221
183.399994 0.911182 7.863772 0.177135 0.978996
183.500000 0.908891 7.860532 0.175811 0.977573
183.599991 0.910236 7.862555 0.178529 0.978709
183.699997 0.908181 7.855913 0.180935 0.977971
183.800003 0.906653 7.856328 0.179590 0.977389
183.899994 0.905509 7.860414 0.179982 0.977402
184.000000 0.907319 7.860128 0.176065 0.976105
184.099991 0.905109 7.857615 0.173683 0.974802
184.199997 0.904743 7.856714 0.172604 0.976186
184.300003 0.903587 7.844140 0.169547 0.974223
184.399994 0.902785 7.844696 0.169977 0.974449
184.500000 0.903587 7.841642 0.168948 0.973923
184.599991 0.905185 7.855030 0.167050 0.974923
184.699997 0.907663 7.855742 0.167267 0.975190
184.800003 0.907091 7.856486 0.170517 0.976798
184.899994 0.907116 7.858572 0.172956 0.976679
185.000000 0.907645 7.857615 0.170202 0.976186
185.099991 0.909755 7.861231 0.167584 0.976288
185.199997 0.910182 7.860472 0.164533 0.976895
185.300003 0.911362 7.857800 0.161287 0.978015
185.399994 0.909854 7.858185 0.160804 0.978413
185.500000 0.908263 7.842137 0.159964 0.975590
185.599991 0.911309 7.855715 0.157684 0.977102
185.699997 0.907591 7.832083 0.160516 0.973597
185.800003 0.907983 7.837945 0.162254 0.974823
185.899994 0.911082 7.853971 0.164633 0.977796
186.000000 0.911247 7.854713 0.167300 0.978287
186.099991 0.910228 7.850281 0.166733 0.977582
186.199997 0.912353 7.857885 0.170398 0.977014
186.300003 0.913803 7.861965 0.172193 0.976428
186.399994 0.913752 7.862383 0.172896 0.976114
186.500000 0.912038 7.843390 0.169118 0.974782
186.599991 0.916067 7.864708 0.165867 0.976719
186.699997 0.913600 7.849700 0.163500 0.974800
186.800003 0.912265 7.841036 0.160564 0.973689
186.899994 0.914214 7.863564 0.160260 0.976176
187.000000 0.912917 7.862828 0.158768 0.975905
187.099991 0.914334 7.862755 0.157737 0.976509
187.199997 0.912983 7.862773 0.155431 0.976095
187.300003 0.913574 7.863659 0.157247 0.975093
187.399994 0.913829 7.864503 0.158462 0.977733
187.500000 0.915517 7.865827 0.157069 0.978204
187.599991 0.916767 7.867747 0.154262 0.976791
187.699997 0.916934 7.862790 0.152922 0.976081
187.800003 0.918051 7.867020 0.152592 0.976586
187.899994 0.918190 7.865048 0.150335 0.976726
188.000000 0.917142 7.857800 0.148904 0.975483
188.099991 0.916250 7.845293 0.148111 0.973416
188.199997 0.919724 7.865640 0.147156 0.977907
188.300003 0.920700 7.868900 0.147200 0.978600
188.399994 0.919720 7.868868 0.145045 0.978879
188.500000 0.920748 7.871777 0.142914 0.977813
188.599991 0.920200 7.872700 0.140500 0.977500
188.699997 0.918216 7.861628 0.140872 0.976505
188.800003 0.918433 7.875649 0.142443 0.977409
188.899994 0.920400 7.873400 0.138900 0.976400
189.000000 0.918768 7.871649 0.138856 0.976891
189.099991 0.913326 7.840548 0.137259 0.973108
189.199997 0.917459 7.869235 0.134967 0.977289
189.300003 0.916442 7.860869 0.135132 0.975612
189.399994 0.918841 7.871764 0.134033 0.975512
189.500000 0.917700 7.860399 0.137400 0.974800
189.599991 0.918233 7.869952 0.139844 0.975910
189.699997 0.920992 7.869186 0.138214 0.975898
189.800003 0.921547 7.869779 0.138217 0.977214
189.899994 0.921955 7.871390 0.138303 0.978615
190.000000 0.922400 7.872700 0.136200 0.977800
190.099991 0.923254 7.873988 0.136405 0.977516
190.199997 0.923146 7.871777 0.136418 0.978213
190.300003 0.922301 7.874563 0.133726 0.978528
190.399994 0.919836 7.876501 0.134107 0.978883
190.500000 0.918938 7.877209 0.135170 0.980034
190.599991 0.918541 7.877661 0.138531 0.979610
190.699997 0.919065 7.878297 0.140488 0.980915
190.800003 0.919344 7.876614 0.141499 0.980286
190.899994 0.918667 7.877050 0.139656 0.979092
191.000000 0.918792 7.878988 0.141414 0.979398
191.099991 0.917375 7.878564 0.143943 0.979694
191.199997 0.916592 7.871487 0.144114 0.980898
191.300003 0.916250 7.875774 0.144513 0.981211
191.399994 0.915224 7.874487 0.146332 0.980382
191.500000 0.912583 7.864073 0.148630 0.978096
191.599991 0.914277 7.875912 0.147567 0.979319
191.699997 0.914283 7.874774 0.143429 0.979596
191.800003 0.911397 7.854959 0.140645 0.976526
191.899994 0.914206 7.875363 0.134648 0.980078
192.000000 0.912852 7.876074 0.132121 0.980112
192.099991 0.910927 7.867440 0.132060 0.981106
192.199997 0.912991 7.865286 0.133513 0.982098
192.300003 0.910609 7.855314 0.135486 0.980202
192.399994 0.910873 7.869360 0.135141 0.982795
192.500000 0.911609 7.869113 0.137186 0.981202
192.599991 0.909345 7.853773 0.134733 0.979310
192.699997 0.912161 7.866294 0.134006 0.980614
192.800003 0.911744 7.866267 0.133533 0.981009
192.899994 0.910836 7.866553 0.135046 0.981407
193.000000 0.910545 7.866467 0.134433 0.981509
193.099991 0.912035 7.870552 0.135146 0.981207
193.199997 0.911382 7.867474 0.132927 0.980996
193.300003 0.908253 7.842247 0.131611 0.977464
193.399994 0.911089 7.866533 0.132168 0.979820
193.500000 0.909364 7.850541 0.133453 0.977091
193.599991 0.910655 7.869435 0.134567 0.978389
193.699997 0.908563 7.863796 0.135904 0.977266
193.800003 0.909182 7.868673 0.139028 0.977295
193.899994 0.906072 7.844753 0.138842 0.975293
194.000000 0.908236 7.867207 0.140398 0.977784
194.099991 0.908809 7.860414 0.136486 0.977602
194.199997 0.908600 7.863700 0.135200 0.978700
194.300003 0.909518 7.868327 0.133373 0.980404
194.399994 0.908618 7.866027 0.133573 0.980204
194.500000 0.908354 7.868534 0.132266 0.979890
194.599991 0.908527 7.869140 0.131860 0.979406
194.699997 0.906263 7.851641 0.128351 0.977291
194.800003 0.906728 7.869139 0.128162 0.980106
194.899994 0.904624 7.867472 0.127434 0.981125
195.000000 0.904223 7.856286 0.123499 0.978082
195.099991 0.905248 7.866686 0.124299 0.978065
195.199997 0.903885 7.869944 0.124349 0.977974
195.300003 0.902468 7.858699 0.124413 0.976217
195.399994 0.904438 7.869552 0.121851 0.978309
195.500000 0.904590 7.867687 0.121312 0.979698
195.599991 0.904175 7.869130 0.121458 0.979073
195.699997 0.904248 7.865767 0.122039 0.978211
195.800003 0.905819 7.865127 0.119076 0.976205
195.899994 0.906635 7.869308 0.117182 0.977284
196.000000 0.905928 7.866940 0.118065 0.976507
196.099991 0.905851 7.863718 0.116214 0.976138
196.199997 0.903716 7.861566 0.117359 0.977427
196.300003 0.900600 7.839200 0.117200 0.974600
196.399994 0.904200 7.856900 0.117700 0.977600
196.500000 0.907256 7.867780 0.119828 0.978413
196.599991 0.908218 7.871226 0.117976 0.978904
196.699997 0.908301 7.867346 0.120967 0.978823
196.800003 0.907909 7.866813 0.121688 0.978302
196.899994 0.906965 7.858599 0.123414 0.976516
197.000000 0.908781 7.875238 0.122159 0.976870
197.099991 0.908282 7.871775 0.124125 0.976295
197.199997 0.908228 7.871539 0.124363 0.977907
197.300003 0.908300 7.868901 0.123200 0.979600
197.399994 0.906637 7.856857 0.122151 0.980008
197.500000 0.907418 7.864827 0.123775 0.981104
197.599991 0.906400 7.868900 0.125800 0.980500
197.699997 0.906765 7.867592 0.125012 0.980813
197.800003 0.906191 7.871687 0.126913 0.980598
197.899994 0.906122 7.874264 0.126935 0.981424
198.000000 0.905152 7.870207 0.128594 0.981430
198.099991 0.903915 7.853076 0.131342 0.978825
198.199997 0.905191 7.870087 0.133513 0.980198
198.300003 0.905481 7.868274 0.137427 0.978796
198.399994 0.904871 7.860658 0.136141 0.979494
198.500000 0.905428 7.859442 0.134160 0.978706
198.599991 0.905362 7.867447 0.135354 0.980292
198.699997 0.901998 7.837862 0.135564 0.976823
198.800003 0.907999 7.870257 0.135749 0.981279
198.899994 0.908845 7.871281 0.134729 0.981669
199.000000 0.907689 7.869443 0.139367 0.980877
199.099991 0.909100 7.864900 0.136200 0.981700
199.199997 0.911153 7.871177 0.136818 0.981311
199.300003 0.911991 7.871787 0.137614 0.980898
199.399994 0.911418 7.866727 0.139072 0.980704
199.500000 0.911862 7.869292 0.137004 0.982212
199.599991 0.911600 7.867300 0.132800 0.981300
199.699997 0.909809 7.857015 0.130787 0.979102
199.800003 0.911680 7.870516 0.132880 0.981217
199.899994 0.911427 7.872538 0.132560 0.982105
