0.000000 1.000000 7.999299 1.000000 0.999900
0.100000 0.998003 7.985921 0.998103 0.998902
0.200000 0.998100 7.986197 0.998000 0.998400
0.300000 0.997102 7.980716 0.997202 0.997602
0.400000 0.996495 7.975463 0.996094 0.996695
0.500000 0.995506 7.968441 0.995406 0.996105
0.600000 0.993797 7.964982 0.993897 0.994797
0.700000 0.993293 7.961061 0.993193 0.993894
0.800000 0.993187 7.958322 0.992486 0.993588
0.900000 0.992117 7.955993 0.992516 0.992516
1.000000 0.991597 7.955186 0.991597 0.991998
1.100000 0.990207 7.952633 0.990906 0.990407
1.200000 0.989299 7.950395 0.990599 0.989399
1.300000 0.989205 7.950225 0.990905 0.988606
1.400000 0.988297 7.945083 0.989697 0.987096
1.500000 0.988610 7.946348 0.987611 0.986412
1.600000 0.987799 7.943894 0.985699 0.986499
1.700000 0.986006 7.936225 0.985206 0.985106
1.800000 0.986089 7.941153 0.984988 0.985689
1.900000 0.984497 7.935287 0.984097 0.984597
2.000000 0.984295 7.934280 0.982595 0.985296
2.100000 0.984002 7.936707 0.982602 0.985801
2.200000 0.983898 7.937194 0.981698 0.986499
2.300000 0.983212 7.934046 0.980414 0.985410
2.400000 0.982381 7.934128 0.978576 0.984483
2.500000 0.980894 7.933180 0.976793 0.984395
2.600000 0.981008 7.931128 0.976709 0.983507
2.700000 0.980268 7.930288 0.977865 0.982672
2.800000 0.979631 7.932002 0.977434 0.982726
2.900000 0.977691 7.928872 0.977591 0.982093
3.000000 0.976300 7.932301 0.977000 0.982500
3.100000 0.975790 7.932473 0.976291 0.982093
3.200000 0.974490 7.930772 0.973790 0.981793
3.300000 0.972889 7.930372 0.972589 0.982693
3.400000 0.972792 7.930079 0.971191 0.982195
3.500000 0.973497 7.928893 0.970197 0.982298
3.600000 0.971992 7.927279 0.969591 0.982295
3.700000 0.971209 7.926621 0.966210 0.980606
3.800000 0.970753 7.924980 0.964543 0.979267
3.900000 0.970306 7.924915 0.962208 0.978704
4.000000 0.969979 7.925848 0.961473 0.978985
4.100000 0.970191 7.930079 0.961288 0.979994
4.200000 0.968087 7.917666 0.958884 0.977991
4.300000 0.967229 7.912179 0.957538 0.977320
4.400000 0.967320 7.916750 0.958725 0.977613
4.500000 0.965910 7.922224 0.957113 0.979206
4.600000 0.966003 7.925707 0.956904 0.979502
4.700000 0.966024 7.926551 0.953932 0.980314
4.800000 0.964782 7.924762 0.954077 0.978889
4.900000 0.962734 7.907583 0.951743 0.978220
5.000000 0.963526 7.912262 0.954232 0.978515
5.100000 0.964236 7.919781 0.954745 0.978721
5.200000 0.961685 7.912065 0.955282 0.977191
5.300000 0.962685 7.920268 0.955682 0.978191
5.400000 0.962400 7.923200 0.953100 0.976200
5.500000 0.961369 7.919135 0.950160 0.975480
5.600000 0.959204 7.911309 0.947305 0.975203
5.700000 0.960192 7.918884 0.949590 0.975795
5.800000 0.958737 7.911080 0.946548 0.975522
5.900000 0.958196 7.912692 0.946595 0.976298
6.000000 0.958471 7.913039 0.944261 0.976383
6.100000 0.956796 7.917292 0.942394 0.975798
6.200000 0.956913 7.916025 0.940918 0.977307
6.300000 0.956853 7.917409 0.942136 0.977575
6.400000 0.956226 7.912852 0.940536 0.978313
6.500000 0.955704 7.914609 0.938506 0.979302
6.600000 0.954709 7.911518 0.938512 0.978204
6.700000 0.954882 7.916266 0.938175 0.978091
6.800000 0.953768 7.911839 0.936255 0.977084
6.900000 0.952833 7.911861 0.937044 0.976616
7.000000 0.952510 7.912718 0.935113 0.977605
7.100000 0.952090 7.901881 0.933687 0.976795
7.200000 0.953044 7.908891 0.934922 0.975971
7.300000 0.953100 7.907100 0.936000 0.975500
7.400000 0.953491 7.908882 0.932186 0.976895
7.500000 0.952624 7.909145 0.928636 0.977511
7.600000 0.950210 7.886023 0.927015 0.975205
7.700000 0.953172 7.906343 0.932359 0.976786
7.800000 0.951482 7.907757 0.932515 0.978237
7.900000 0.950946 7.907798 0.930023 0.977776
8.000000 0.950260 7.909908 0.929884 0.978226
8.099999 0.950615 7.910927 0.932020 0.979006
8.200000 0.949590 7.908382 0.932687 0.979396
8.300000 0.949134 7.912586 0.931811 0.980074
8.400000 0.948764 7.910737 0.932453 0.981087
8.500000 0.947579 7.909564 0.931773 0.981793
8.599999 0.943849 7.878791 0.925733 0.977980
8.700000 0.941971 7.870935 0.925163 0.977189
8.800000 0.944683 7.909573 0.927978 0.980694
8.900000 0.946470 7.909317 0.924998 0.981524
9.000000 0.945295 7.908991 0.924092 0.981098
9.099999 0.945344 7.902578 0.923261 0.980915
9.200000 0.945889 7.905981 0.921584 0.982096
9.300000 0.945911 7.903319 0.921016 0.980704
9.400000 0.944811 7.897820 0.920116 0.979704
9.500000 0.945344 7.906675 0.919564 0.979816
9.599999 0.945060 7.905903 0.918989 0.980322
9.700000 0.944800 7.905900 0.921500 0.980500
9.800000 0.944017 7.903629 0.920324 0.980406
9.900000 0.942932 7.904285 0.918202 0.981278
10.000000 0.940930 7.905747 0.914943 0.981209
10.099999 0.940871 7.904315 0.916001 0.980823
10.200000 0.938369 7.896648 0.914057 0.979390
10.300000 0.938782 7.903171 0.914774 0.980694
10.400000 0.938137 7.900760 0.914451 0.979512
10.500000 0.939678 7.903825 0.912713 0.978328
10.599999 0.938106 7.898610 0.908709 0.977902
10.700000 0.937006 7.900210 0.908009 0.976802
10.800000 0.937169 7.903806 0.906603 0.976925
10.900000 0.936943 7.901411 0.905215 0.976078
11.000000 0.936894 7.899190 0.903790 0.976798
11.099999 0.936587 7.898479 0.901780 0.976395
11.200000 0.935294 7.897390 0.899590 0.976798
11.300000 0.934074 7.898959 0.901861 0.976291
11.400000 0.933473 7.899012 0.898112 0.976226
11.500000 0.931959 7.888333 0.896938 0.976186
11.599999 0.933693 7.900290 0.898390 0.977998
11.700000 0.933380 7.900220 0.895625 0.977327
11.800000 0.932887 7.899880 0.892278 0.975895
11.900000 0.931752 7.901531 0.891624 0.976083
12.000000 0.929693 7.891589 0.892089 0.974898
12.099999 0.932474 7.900011 0.890121 0.976526
12.200000 0.932261 7.901089 0.890499 0.976421
12.300000 0.933313 7.903074 0.895164 0.977170
12.400000 0.931939 7.905415 0.892804 0.977580
12.500000 0.931827 7.906937 0.892343 0.978209
12.599999 0.931827 7.905038 0.895442 0.977309
12.700000 0.930852 7.906735 0.892124 0.977584
12.799999 0.930976 7.905804 0.891320 0.976726
12.900000 0.928607 7.902173 0.890758 0.976369
13.000000 0.929135 7.903348 0.892354 0.975112
13.099999 0.929235 7.900849 0.890855 0.974713
13.200000 0.924870 7.871949 0.887155 0.972389
13.299999 0.928557 7.899740 0.889834 0.976586
13.400000 0.929537 7.899109 0.890001 0.976479
13.500000 0.927857 7.892436 0.892035 0.976386
13.599999 0.927665 7.889899 0.892896 0.976421
13.700000 0.928036 7.891554 0.892154 0.976312
13.799999 0.927029 7.890144 0.891244 0.976309
13.900000 0.928265 7.898392 0.891498 0.977121
14.000000 0.926403 7.886958 0.889455 0.975534
14.099999 0.926637 7.888256 0.890855 0.974713
14.200000 0.923092 7.872487 0.891389 0.972197
14.299999 0.926412 7.897778 0.894373 0.976772
14.400000 0.924632 7.895105 0.894105 0.975678
14.500000 0.924255 7.893536 0.894437 0.975685
14.599999 0.922731 7.895242 0.894542 0.975110
14.700000 0.924640 7.896417 0.895516 0.976581
14.799999 0.925407 7.897810 0.893711 0.977202
14.900000 0.926449 7.900130 0.896428 0.977885
15.000000 0.924453 7.898571 0.897172 0.977616
15.099999 0.922808 7.898111 0.895510 0.978202
15.200000 0.923008 7.897510 0.893711 0.978302
15.299999 0.923446 7.896762 0.894064 0.979312
15.400000 0.921855 7.895673 0.892175 0.979315
15.500000 0.921845 7.888522 0.891124 0.977885
15.599999 0.923647 7.895927 0.891824 0.978585
15.700000 0.924392 7.893389 0.892689 0.979498
15.799999 0.924285 7.892379 0.892478 0.979396
15.900000 0.924013 7.889908 0.892302 0.979457
16.000000 0.921324 7.863841 0.891533 0.976207
16.100000 0.923593 7.890046 0.893952 0.979471
16.199999 0.924777 7.889567 0.890767 0.979994
16.299999 0.924455 7.890735 0.892936 0.980488
16.400000 0.924262 7.892246 0.890745 0.980090
16.500000 0.924070 7.887555 0.892757 0.980592
16.600000 0.923970 7.887354 0.889656 0.981092
16.699999 0.924562 7.888744 0.891646 0.979890
16.799999 0.924585 7.889478 0.889778 0.979996
16.900000 0.923446 7.888167 0.888967 0.979512
17.000000 0.922785 7.888078 0.886077 0.980196
17.100000 0.923277 7.888321 0.884816 0.979367
17.199999 0.925055 7.892335 0.887933 0.978287
17.299999 0.923815 7.892422 0.885323 0.978504
17.400000 0.924355 7.889234 0.884231 0.978887
17.500000 0.924283 7.888223 0.885126 0.978224
17.600000 0.922084 7.881176 0.883477 0.978296
17.699999 0.921092 7.886389 0.883688 0.979898
17.799999 0.921569 7.889356 0.881653 0.979992
17.900000 0.922554 7.884831 0.880528 0.979288
18.000000 0.921431 7.889044 0.877449 0.979808
18.100000 0.920400 7.887900 0.877200 0.980500
18.199999 0.919329 7.879393 0.877396 0.980631
18.299999 0.921255 7.886979 0.874788 0.980514
18.400000 0.920416 7.885123 0.876425 0.981404
18.500000 0.919171 7.878305 0.872696 0.979267
18.600000 0.919556 7.883281 0.871490 0.981213
18.699999 0.918290 7.882729 0.869643 0.980821
18.799999 0.913191 7.843484 0.863086 0.977698
18.900000 0.916425 7.879735 0.868339 0.981406
19.000000 0.915532 7.877903 0.863291 0.980584
19.100000 0.913831 7.877201 0.861489 0.979584
19.199999 0.915308 7.876013 0.857814 0.979702
19.299999 0.914266 7.872149 0.857943 0.980092
19.400000 0.914026 7.871339 0.854344 0.980506
19.500000 0.914317 7.873126 0.855629 0.980204
19.600000 0.913726 7.870639 0.852544 0.980606
19.699999 0.913391 7.868187 0.849885 0.980798
19.799999 0.909963 7.858899 0.848606 0.980014
19.900000 0.906547 7.828486 0.850375 0.976312
20.000000 0.910481 7.866420 0.853832 0.979518
20.100000 0.909846 7.865119 0.854313 0.979988
20.199999 0.909327 7.863791 0.852782 0.980785
20.299999 0.909873 7.863959 0.849855 0.981294
20.400000 0.910664 7.864446 0.847139 0.981893
20.500000 0.904371 7.820746 0.842153 0.975993
20.600000 0.912852 7.867280 0.843494 0.980312
20.699999 0.911691 7.865987 0.847585 0.979398
20.799999 0.911224 7.865488 0.845117 0.980028
20.900000 0.909355 7.854227 0.841121 0.979790
21.000000 0.910327 7.862241 0.842747 0.979906
21.100000 0.909200 7.855559 0.837878 0.978624
21.199999 0.907909 7.853715 0.834517 0.978102
21.299999 0.909209 7.861814 0.832817 0.979502
21.400000 0.905328 7.830651 0.832250 0.975007
21.500000 0.907609 7.860814 0.833717 0.980502
21.600000 0.908155 7.861683 0.830202 0.980812
21.699999 0.908555 7.860937 0.827693 0.979335
21.799999 0.908129 7.861794 0.827242 0.980827
21.900000 0.907557 7.850754 0.821304 0.978337
22.000000 0.910109 7.865413 0.819018 0.979802
22.100000 0.908465 7.862847 0.814135 0.980535
22.199999 0.909601 7.866853 0.812494 0.981780
22.299999 0.910182 7.870874 0.808962 0.981396
22.400000 0.911627 7.871139 0.804659 0.981606
22.500000 0.910073 7.868761 0.804341 0.980294
22.600000 0.907265 7.836814 0.796742 0.975717
22.699999 0.911309 7.867713 0.797120 0.979802
22.799999 0.912400 7.868899 0.796000 0.980900
22.900000 0.914191 7.872188 0.793179 0.980698
23.000000 0.911273 7.858757 0.791037 0.979194
23.100000 0.911718 7.865927 0.787343 0.981404
23.199999 0.911779 7.867819 0.791687 0.980917
23.299999 0.913652 7.870378 0.788727 0.979912
23.400000 0.913122 7.869483 0.788610 0.981283
23.500000 0.912203 7.868856 0.791070 0.980178
23.600000 0.910373 7.864459 0.790937 0.979094
23.699999 0.908655 7.861683 0.786828 0.978813
23.799999 0.910036 7.864954 0.785486 0.978009
23.900000 0.910491 7.866086 0.787179 0.978798
24.000000 0.911829 7.866793 0.785128 0.978183
24.100000 0.912391 7.866987 0.785079 0.977498
24.199999 0.911897 7.856957 0.785336 0.976226
24.299999 0.913417 7.868026 0.783843 0.977405
24.400000 0.908600 7.838800 0.781100 0.972800
24.500000 0.914114 7.867768 0.779780 0.976376
24.600000 0.914377 7.868918 0.778399 0.976121
24.699999 0.913300 7.866900 0.779400 0.976900
24.799999 0.912330 7.867594 0.780124 0.978183
24.900000 0.911809 7.868713 0.781022 0.979102
25.000000 0.912179 7.864921 0.782396 0.979019
25.100000 0.912674 7.860258 0.779634 0.978694
25.199999 0.910882 7.856171 0.776455 0.977596
25.299999 0.911118 7.855029 0.773445 0.977504
25.400000 0.913361 7.870091 0.777156 0.980314
25.500000 0.913417 7.869626 0.775945 0.979404
25.599998 0.912691 7.866387 0.775178 0.979998
25.699999 0.909073 7.841552 0.772432 0.976293
25.799999 0.913131 7.865492 0.779624 0.979984
25.900000 0.909618 7.829335 0.778344 0.974405
26.000000 0.913791 7.864886 0.781978 0.978798
26.099998 0.914291 7.868787 0.781478 0.979198
26.199999 0.914043 7.868466 0.780610 0.979710
26.299999 0.914366 7.869448 0.780612 0.980192
26.400000 0.915924 7.872285 0.779201 0.981884
26.500000 0.916067 7.872502 0.780076 0.980915
26.599998 0.917915 7.874975 0.780108 0.979529
26.699999 0.916392 7.872887 0.783078 0.981298
26.799999 0.918125 7.874338 0.780066 0.982105
26.900000 0.918184 7.868574 0.781756 0.980696
27.000000 0.920528 7.875688 0.783105 0.981683
27.099998 0.919968 7.877451 0.783914 0.982393
27.199999 0.918610 7.875864 0.782461 0.981580
27.299999 0.918530 7.877696 0.778954 0.981530
27.400000 0.917841 7.876562 0.779810 0.982609
27.500000 0.917076 7.877716 0.779369 0.983575
27.599998 0.917442 7.876814 0.777544 0.983488
27.699999 0.918414 7.875874 0.780707 0.983323
27.799999 0.913483 7.839168 0.775655 0.979996
27.900000 0.917907 7.874963 0.781684 0.984420
28.000000 0.917559 7.872137 0.780790 0.983792
28.099998 0.918092 7.873988 0.775378 0.983998
28.199999 0.914694 7.847268 0.773549 0.980022
28.299999 0.916383 7.871774 0.775155 0.983797
28.400000 0.917492 7.875587 0.774277 0.983598
28.500000 0.915793 7.873140 0.774348 0.983418
28.599998 0.915740 7.872257 0.774071 0.982767
28.699999 0.916592 7.875538 0.771803 0.982577
28.799999 0.918633 7.878349 0.770192 0.982707
28.900000 0.919035 7.876602 0.769516 0.983387
29.000000 0.920716 7.876025 0.771546 0.982304
29.099998 0.922284 7.876976 0.771454 0.982897
29.199999 0.922400 7.877600 0.769700 0.982200
29.299999 0.922754 7.876225 0.766060 0.982990
29.400000 0.923786 7.877916 0.763145 0.981673
29.500000 0.921878 7.866633 0.760040 0.980320
29.599998 0.924398 7.878558 0.757515 0.981025
29.699999 0.924459 7.881748 0.759206 0.982537
29.799999 0.924577 7.880664 0.759028 0.981294
29.900000 0.924062 7.882941 0.757379 0.980690
30.000000 0.923531 7.882147 0.759996 0.981407
30.099998 0.922078 7.878122 0.761638 0.982218
30.199999 0.921700 7.873000 0.757500 0.981400
30.299999 0.922969 7.879908 0.753622 0.981317
30.400000 0.923023 7.877437 0.754674 0.982305
30.500000 0.923254 7.875087 0.751174 0.982912
30.599998 0.920660 7.862931 0.749975 0.982291
30.699999 0.922415 7.875725 0.746851 0.983403
30.799999 0.921529 7.873386 0.747172 0.982484
30.900000 0.923538 7.877161 0.746227 0.983009
31.000000 0.925718 7.876063 0.744619 0.982681
31.099998 0.925759 7.877198 0.743905 0.982214
31.199999 0.925315 7.877025 0.744051 0.981604
31.299999 0.924177 7.875263 0.745924 0.981094
31.400000 0.925533 7.874087 0.748073 0.980783
31.500000 0.926944 7.875774 0.746652 0.980712
31.599998 0.928093 7.875788 0.746275 0.980398
31.699999 0.928164 7.878439 0.745073 0.980590
31.799999 0.926515 7.872525 0.742751 0.980304
31.900000 0.925363 7.860530 0.742371 0.978689
32.000000 0.926837 7.872564 0.744228 0.979410
32.099998 0.927195 7.873664 0.742435 0.981324
32.200001 0.926727 7.876076 0.744044 0.981081
32.299999 0.928428 7.877278 0.743844 0.981281
32.399998 0.928093 7.875861 0.744033 0.982523
32.500000 0.928993 7.871887 0.746875 0.981998
32.599998 0.923592 7.843985 0.746875 0.976898
32.700001 0.925022 7.865540 0.749575 0.979806
32.799999 0.923723 7.867939 0.749475 0.980806
32.899998 0.924993 7.869787 0.749575 0.979898
33.000000 0.922585 7.870275 0.748250 0.980896
33.099998 0.916700 7.823100 0.742400 0.976500
33.200001 0.922278 7.867333 0.743656 0.982218
33.299999 0.922323 7.870539 0.747576 0.982805
33.399998 0.921308 7.867913 0.744426 0.982502
33.500000 0.920560 7.868134 0.744872 0.982691
33.599998 0.921708 7.870113 0.744826 0.983902
33.700001 0.923015 7.869757 0.746822 0.981680
33.799999 0.922039 7.861069 0.745127 0.980410
33.899998 0.917250 7.839896 0.740256 0.976914
34.000000 0.917984 7.848570 0.737748 0.976995
34.099998 0.918692 7.866986 0.737474 0.978898
34.200001 0.917899 7.865561 0.735218 0.978726
34.299999 0.918476 7.867860 0.734020 0.978994
34.399998 0.918251 7.864419 0.731239 0.978887
34.500000 0.918641 7.866966 0.727336 0.979011
34.599998 0.918543 7.869309 0.723406 0.977484
34.700001 0.916209 7.867273 0.724858 0.978628
34.799999 0.916317 7.867985 0.722588 0.979529
34.899998 0.917558 7.866793 0.721395 0.979814
35.000000 0.912626 7.834549 0.717385 0.977207
35.099998 0.916016 7.864164 0.718418 0.981682
35.200001 0.915841 7.866307 0.718703 0.981287
35.299999 0.913869 7.854416 0.713729 0.979816
35.399998 0.916608 7.864751 0.713184 0.980378
35.500000 0.916041 7.861904 0.709697 0.979486
35.599998 0.916767 7.860878 0.707632 0.979968
35.700001 0.914966 7.848439 0.712585 0.978691
35.799999 0.912726 7.844646 0.706288 0.978107
35.899998 0.914900 7.859001 0.705400 0.979700
36.000000 0.916242 7.862469 0.705947 0.978511
36.099998 0.917708 7.864714 0.705029 0.980002
36.200001 0.918627 7.865979 0.698328 0.979482
36.299999 0.917241 7.866367 0.698551 0.979610
36.399998 0.916958 7.863895 0.701409 0.979814
36.500000 0.916700 7.863700 0.700400 0.978100
36.599998 0.914400 7.851200 0.692700 0.977300
36.700001 0.917101 7.865138 0.689728 0.979175
36.799999 0.917969 7.866787 0.693309 0.977664
36.899998 0.917584 7.864973 0.689738 0.978396
37.000000 0.917467 7.865646 0.688675 0.978491
37.099998 0.917417 7.864627 0.686763 0.978204
37.200001 0.912621 7.838554 0.680412 0.975378
37.299999 0.913897 7.860833 0.685322 0.978174
37.399998 0.912826 7.850945 0.687394 0.977107
37.500000 0.911207 7.852077 0.679585 0.977028
37.599998 0.910091 7.855286 0.682568 0.977898
37.700001 0.909418 7.842232 0.684563 0.977605
37.799999 0.911200 7.859400 0.681800 0.980400
37.899998 0.911656 7.853927 0.687544 0.979990
38.000000 0.910509 7.844116 0.679232 0.979102
38.099998 0.914300 7.866300 0.680300 0.982700
38.200001 0.914891 7.865487 0.681968 0.983598
38.299999 0.913374 7.867060 0.680204 0.983195
38.399998 0.913800 7.864600 0.680100 0.982600
38.500000 0.913514 7.865466 0.680581 0.981982
38.599998 0.913122 7.863891 0.680048 0.980927
38.700001 0.913413 7.863764 0.676777 0.981481
38.799999 0.914069 7.862010 0.677158 0.980715
38.899998 0.914968 7.859213 0.678357 0.979117
39.000000 0.914757 7.863332 0.678339 0.979390
39.099998 0.913852 7.864082 0.676094 0.979412
39.200001 0.910428 7.849680 0.669235 0.977582
39.299999 0.912809 7.868513 0.672533 0.979602
39.399998 0.912726 7.865641 0.672898 0.980606
39.500000 0.912488 7.867832 0.669730 0.980320
39.599998 0.912691 7.865186 0.666267 0.980798
39.700001 0.912418 7.860827 0.665967 0.980504
39.799999 0.912335 7.849760 0.664534 0.977909
39.899998 0.913248 7.857414 0.665399 0.978187
40.000000 0.913335 7.862955 0.665234 0.979108
40.099998 0.913426 7.864041 0.661202 0.978706
40.200001 0.913809 7.863314 0.662834 0.979002
40.299999 0.912822 7.849364 0.662796 0.977179
40.399998 0.916442 7.865529 0.663672 0.979435
40.500000 0.917017 7.860328 0.663067 0.979104
40.599998 0.918092 7.868186 0.663266 0.979098
40.700001 0.918000 7.867500 0.662400 0.978200
40.799999 0.920140 7.866067 0.658971 0.977811
40.899998 0.922631 7.870552 0.655038 0.977409
41.000000 0.923008 7.867814 0.655834 0.977602
41.099998 0.917300 7.830500 0.646300 0.973600
41.200001 0.919628 7.864878 0.652587 0.975378
41.299999 0.918897 7.853476 0.649820 0.974730
41.399998 0.919311 7.864751 0.654420 0.976174
41.500000 0.919772 7.866487 0.655649 0.976062
41.599998 0.918884 7.860972 0.657832 0.976595
41.700001 0.918041 7.868366 0.660170 0.977511
41.799999 0.911882 7.829566 0.653631 0.974095
41.899998 0.913248 7.836903 0.653792 0.974485
42.000000 0.917990 7.863151 0.654980 0.978923
42.099998 0.916958 7.862895 0.652743 0.978315
42.200001 0.915882 7.864209 0.648908 0.978069
42.299999 0.916667 7.865345 0.648459 0.978091
42.399998 0.914434 7.863155 0.651439 0.977709
42.500000 0.912153 7.855886 0.649710 0.977314
42.599998 0.914026 7.863542 0.648805 0.978307
42.700001 0.914634 7.865154 0.645742 0.977109
42.799999 0.916067 7.867506 0.642386 0.976319
42.899998 0.913826 7.864341 0.645106 0.975407
43.000000 0.912030 7.863691 0.645917 0.977282
43.099998 0.912700 7.866600 0.646400 0.976900
43.200001 0.912970 7.863509 0.651479 0.977918
43.299999 0.911744 7.858371 0.649575 0.976212
43.399998 0.911047 7.868521 0.650790 0.977587
43.500000 0.911791 7.869886 0.650765 0.979198
43.599998 0.910081 7.868618 0.649016 0.980018
43.700001 0.909491 7.859187 0.644364 0.977798
43.799999 0.910880 7.869317 0.642222 0.978020
43.899998 0.911153 7.856185 0.641515 0.975415
44.000000 0.912300 7.865900 0.641900 0.976400
44.099998 0.911291 7.854986 0.635064 0.975698
44.200001 0.913231 7.868995 0.635909 0.978183
44.299999 0.912630 7.870296 0.638110 0.979183
44.399998 0.913200 7.862600 0.637200 0.978000
44.500000 0.912774 7.865960 0.634890 0.978293
44.599998 0.911047 7.853012 0.638683 0.976886
44.700001 0.911765 7.867548 0.642357 0.979192
44.799999 0.912922 7.870884 0.644380 0.979081
44.899998 0.911691 7.869187 0.641364 0.978498
45.000000 0.906828 7.835649 0.630811 0.974108
45.099998 0.909455 7.856628 0.633017 0.976788
45.200001 0.911084 7.864223 0.628317 0.977170
45.299999 0.911738 7.860202 0.632142 0.978185
45.399998 0.912347 7.859716 0.633680 0.979288
45.500000 0.912678 7.861306 0.631083 0.979371
45.599998 0.911958 7.860551 0.631064 0.979437
45.700001 0.914012 7.862079 0.631179 0.979027
45.799999 0.912226 7.843347 0.629611 0.976007
45.899998 0.916675 7.869917 0.632131 0.978619
46.000000 0.917841 7.870065 0.637281 0.979410
46.099998 0.917759 7.867634 0.641021 0.980590
46.200001 0.916400 7.861400 0.644400 0.980200
46.299999 0.915584 7.864635 0.643756 0.981019
46.399998 0.914083 7.854371 0.639928 0.981096
46.500000 0.916217 7.869027 0.637173 0.982104
46.599998 0.917474 7.872115 0.635928 0.981517
46.700001 0.916275 7.872214 0.635428 0.982016
46.799999 0.918708 7.874012 0.637236 0.982502
46.899998 0.919305 7.872565 0.637871 0.982323
47.000000 0.918290 7.856458 0.637199 0.980122
47.099998 0.919696 7.868358 0.638034 0.983520
47.200001 0.919671 7.869792 0.638421 0.982372
47.299999 0.919508 7.870214 0.640836 0.981402
47.399998 0.918608 7.869013 0.641636 0.981502
47.500000 0.913348 7.829698 0.639184 0.977787
47.599998 0.918776 7.872562 0.643593 0.983395
47.700001 0.920511 7.868684 0.645596 0.982924
47.799999 0.918808 7.859814 0.646935 0.982202
47.899998 0.919948 7.868179 0.645213 0.983410
48.000000 0.917869 7.864283 0.650641 0.983173
48.099998 0.917474 7.864022 0.652812 0.983515
48.200001 0.919760 7.873336 0.651326 0.984392
48.299999 0.920344 7.875913 0.653557 0.984189
48.399998 0.918916 7.866227 0.653969 0.982803
48.500000 0.920304 7.868172 0.654849 0.982023
48.599998 0.919576 7.868061 0.655997 0.982895
48.700001 0.921770 7.872115 0.657708 0.984314
48.799999 0.919311 7.866954 0.656522 0.983482
48.899998 0.917858 7.863295 0.652943 0.984011
49.000000 0.918654 7.874675 0.656281 0.984672
49.099998 0.918968 7.875250 0.653962 0.984894
49.200001 0.920440 7.879960 0.651974 0.984208
49.299999 0.920813 7.881470 0.652918 0.983582
49.399998 0.919445 7.883111 0.649930 0.984728
49.500000 0.920536 7.884407 0.653823 0.985088
49.599998 0.920376 7.882265 0.651996 0.985596
49.700001 0.922823 7.887134 0.649305 0.985204
49.799999 0.924715 7.884523 0.647870 0.986803
49.899998 0.924285 7.882776 0.647229 0.985997
50.000000 0.924447 7.886621 0.645652 0.985690
50.099998 0.925178 7.889367 0.645394 0.985896
50.200001 0.924468 7.892397 0.647517 0.986512
50.299999 0.924800 7.892000 0.649200 0.986900
50.399998 0.922492 7.879587 0.648565 0.984598
50.500000 0.923961 7.892786 0.649880 0.985611
50.599998 0.924885 7.893178 0.649230 0.984997
50.700001 0.924532 7.896607 0.645081 0.984586
50.799999 0.925255 7.895838 0.643386 0.984391
50.899998 0.926085 7.895479 0.644729 0.984997
51.000000 0.926751 7.895174 0.643450 0.984111
51.099998 0.924600 7.895700 0.645300 0.984400
51.199997 0.922292 7.880289 0.641964 0.981998
51.299999 0.924355 7.895937 0.637182 0.983790
51.399998 0.924645 7.895363 0.635918 0.982710
51.500000 0.922708 7.892410 0.632137 0.982402
51.599998 0.923438 7.890954 0.633083 0.982009
51.699997 0.921923 7.887934 0.634210 0.981905
51.799999 0.920660 7.872536 0.636918 0.978989
51.899998 0.921469 7.878651 0.638856 0.979092
52.000000 0.923945 7.891706 0.636291 0.981236
52.099998 0.924743 7.890608 0.637289 0.981236
52.199997 0.923277 7.873327 0.634665 0.980420
52.299999 0.924855 7.888033 0.639083 0.983390
52.399998 0.924353 7.889078 0.639352 0.982612
52.500000 0.924092 7.888988 0.637664 0.981898
52.599998 0.925255 7.889534 0.637282 0.981689
52.699997 0.923884 7.882329 0.637898 0.980821
52.799999 0.924070 7.889356 0.638155 0.981593
52.899998 0.925255 7.886232 0.636282 0.981289
53.000000 0.924685 7.880576 0.637327 0.981296
53.099998 0.925336 7.883244 0.635598 0.981960
53.199997 0.925470 7.880452 0.635754 0.981192
53.299999 0.927242 7.884707 0.639011 0.981485
53.399998 0.927427 7.884385 0.634735 0.980180
53.500000 0.926426 7.875977 0.635335 0.979079
53.599998 0.925889 7.881823 0.632849 0.979970
53.699997 0.926300 7.878800 0.636300 0.979300
53.799999 0.926085 7.877875 0.632827 0.979396
53.899998 0.926537 7.880459 0.627186 0.979610
54.000000 0.927607 7.880212 0.625837 0.980702
54.099998 0.928150 7.882517 0.621835 0.981387
54.199997 0.927686 7.873975 0.619624 0.980596
54.299999 0.928671 7.883317 0.618482 0.981718
54.399998 0.928200 7.882801 0.620600 0.982100
54.500000 0.928550 7.881717 0.619233 0.983488
54.599998 0.926352 7.881483 0.619866 0.984011
54.699997 0.926285 7.875475 0.620324 0.982697
54.799999 0.925930 7.870651 0.618453 0.982307
54.899998 0.924875 7.866333 0.617083 0.981818
55.000000 0.926463 7.881941 0.615608 0.983292
55.099998 0.923676 7.867433 0.615285 0.980420
55.199997 0.922792 7.860386 0.617762 0.980798
55.299999 0.926907 7.876513 0.619738 0.982802
55.399998 0.927085 7.876875 0.615723 0.982897
55.500000 0.924777 7.861759 0.613684 0.981194
55.599998 0.926537 7.875463 0.616792 0.983108
55.699997 0.928679 7.877963 0.616985 0.982795
55.799999 0.926937 7.874463 0.620390 0.981909
55.899998 0.927071 7.875551 0.622049 0.981393
56.000000 0.927320 7.874762 0.621484 0.981780
56.099998 0.928507 7.873313 0.622438 0.982302
56.199997 0.927044 7.864781 0.621127 0.980012
56.299999 0.928265 7.877810 0.624638 0.981716
56.399998 0.928521 7.876063 0.625188 0.980679
56.500000 0.927664 7.879641 0.623512 0.980090
56.599998 0.927115 7.877125 0.622575 0.979804
56.699997 0.927522 7.876737 0.621414 0.980206
56.799999 0.926541 7.868094 0.621597 0.978283
56.899998 0.924615 7.861727 0.624375 0.977105
57.000000 0.925485 7.876675 0.623525 0.978496
57.099998 0.924455 7.866620 0.618171 0.978287
57.199997 0.924977 7.877163 0.624287 0.978994
57.299999 0.924046 7.878473 0.620128 0.978713
57.399998 0.924323 7.883135 0.622313 0.979006
57.500000 0.923123 7.872638 0.618315 0.978007
57.599998 0.921565 7.860792 0.618601 0.976649
57.699997 0.926278 7.883365 0.623587 0.977893
57.799999 0.927156 7.885331 0.627376 0.978287
57.899998 0.927406 7.886953 0.626715 0.978272
58.000000 0.927770 7.888901 0.625826 0.978862
58.099998 0.924970 7.868047 0.622349 0.977091
58.199997 0.927215 7.885523 0.621276 0.978804
58.299999 0.926270 7.881853 0.621048 0.979592
58.399998 0.925607 7.881612 0.619538 0.978902
58.500000 0.924302 7.878442 0.618604 0.977371
58.599998 0.921624 7.856644 0.614716 0.975207
58.699997 0.924124 7.882883 0.614314 0.978278
58.799999 0.926130 7.884446 0.610156 0.979108
58.899998 0.927306 7.885551 0.607890 0.978973
59.000000 0.927444 7.884870 0.609434 0.978413
59.099998 0.926278 7.884465 0.609183 0.977493
59.199997 0.925035 7.882911 0.609004 0.978239
59.299999 0.922131 7.857057 0.606058 0.976210
59.399998 0.926341 7.879603 0.607786 0.978783
59.500000 0.926078 7.880464 0.604381 0.980194
59.599998 0.926781 7.884027 0.604435 0.980222
59.699997 0.927473 7.884516 0.607093 0.980020
59.799999 0.925537 7.879960 0.609595 0.978211
59.899998 0.925870 7.879052 0.611845 0.979492
60.000000 0.925596 7.878229 0.607851 0.979972
60.099998 0.924455 7.877526 0.603462 0.980288
60.199997 0.925233 7.877991 0.605445 0.979782
60.299999 0.925145 7.877274 0.605437 0.978813
60.399998 0.925040 7.876201 0.601481 0.978483
60.500000 0.922693 7.867559 0.598382 0.976129
60.599998 0.923046 7.877514 0.596918 0.975783
60.699997 0.922692 7.876388 0.595660 0.976398
60.799999 0.921584 7.868374 0.598620 0.974495
60.899998 0.922400 7.877400 0.599400 0.976600
61.000000 0.921578 7.863037 0.594605 0.974525
61.099998 0.923100 7.877700 0.591100 0.978000
61.199997 0.925160 7.877698 0.591527 0.977918
61.299999 0.923870 7.870948 0.592537 0.976591
61.399998 0.926093 7.876488 0.590359 0.978398
61.500000 0.926737 7.873564 0.586107 0.977911
61.599998 0.925307 7.863914 0.588741 0.977402
61.699997 0.926163 7.871136 0.586293 0.978589
61.799999 0.926875 7.873603 0.586293 0.978452
61.899998 0.927000 7.874800 0.583300 0.979500
62.000000 0.926488 7.865661 0.582701 0.978726
62.099998 0.927007 7.873613 0.582442 0.979502
62.199997 0.926378 7.873862 0.581074 0.978994
62.299999 0.925418 7.872860 0.578136 0.979177
62.399998 0.925130 7.869353 0.573371 0.979908
62.500000 0.925507 7.871212 0.571543 0.979702
62.599998 0.924268 7.859326 0.571785 0.978020
62.699997 0.924032 7.868682 0.565209 0.979882
62.799999 0.924238 7.871864 0.567116 0.979610
62.899998 0.924455 7.868522 0.566040 0.979688
63.000000 0.922654 7.868921 0.567541 0.980989
63.099998 0.922045 7.868308 0.564195 0.980486
63.199997 0.920803 7.859283 0.563268 0.981324
63.299999 0.922216 7.870026 0.566687 0.982603
63.399998 0.921155 7.865494 0.560807 0.982013
63.500000 0.918249 7.851789 0.559764 0.981111
63.599998 0.920292 7.871487 0.559556 0.984098
63.699997 0.920648 7.872977 0.559165 0.984110
63.799999 0.920955 7.873888 0.558709 0.984211
63.899998 0.920224 7.871738 0.556233 0.983505
64.000000 0.920016 7.867327 0.558288 0.984203
64.099998 0.920652 7.873425 0.555533 0.983990
64.199997 0.919908 7.871613 0.552845 0.983902
64.299995 0.919224 7.867239 0.551335 0.984505
64.400002 0.918984 7.867473 0.553311 0.985597
64.500000 0.917819 7.866907 0.553919 0.984666
64.599998 0.919065 7.866207 0.550360 0.984313
64.699997 0.921506 7.869843 0.547457 0.984081
64.799995 0.922362 7.872702 0.549960 0.984013
64.900002 0.919360 7.869234 0.549075 0.983592
65.000000 0.921578 7.875125 0.546154 0.982917
65.099998 0.918889 7.852862 0.544701 0.981021
65.199997 0.922730 7.876589 0.546392 0.984186
65.299995 0.921700 7.879300 0.540900 0.983300
65.400002 0.921800 7.881000 0.538400 0.983500
65.500000 0.922392 7.882588 0.539254 0.983198
65.599998 0.924276 7.883217 0.544356 0.983017
65.699997 0.925237 7.884657 0.542329 0.982909
65.799995 0.925585 7.884277 0.539308 0.982697
65.900002 0.925378 7.884166 0.535761 0.982095
66.000000 0.927258 7.885091 0.534173 0.982414
66.099998 0.925996 7.885948 0.529412 0.981724
66.199997 0.926656 7.888433 0.526916 0.981489
66.299995 0.925560 7.887590 0.527678 0.982014
66.400002 0.925278 7.886566 0.528959 0.981094
66.500000 0.924777 7.887667 0.530259 0.981795
66.599998 0.924453 7.888578 0.531528 0.980514
66.699997 0.921269 7.855742 0.529512 0.977391
66.799995 0.925085 7.884377 0.528606 0.980596
66.900002 0.925507 7.890011 0.527147 0.981102
67.000000 0.926322 7.889434 0.528042 0.982305
67.099998 0.926629 7.886045 0.521491 0.981807
67.199997 0.927500 7.889300 0.525000 0.982100
67.299995 0.928243 7.890312 0.525520 0.979984
67.400002 0.927429 7.888945 0.525790 0.980208
67.500000 0.927195 7.887147 0.527714 0.979626
67.599998 0.925022 7.873138 0.529541 0.977107
67.699997 0.926097 7.879332 0.528940 0.977468
67.799995 0.925774 7.886014 0.528272 0.978521
67.900002 0.923799 7.884151 0.528014 0.977629
68.000000 0.925105 7.884062 0.529359 0.977531
68.099998 0.924211 7.879699 0.531529 0.978246
68.199997 0.923439 7.881606 0.530324 0.979283
68.299995 0.923877 7.880965 0.528859 0.979294
68.400002 0.922401 7.865874 0.529512 0.977030
68.500000 0.924392 7.881388 0.528053 0.977398
68.599998 0.922869 7.878210 0.523829 0.976621
68.699997 0.923015 7.877224 0.523195 0.976105
68.799995 0.922500 7.877600 0.523900 0.978200
68.900002 0.922139 7.878760 0.523338 0.979110
69.000000 0.922554 7.879584 0.521335 0.978415
69.099998 0.922608 7.878171 0.513781 0.977731
69.199997 0.923200 7.878600 0.509900 0.978200
69.299995 0.922078 7.876724 0.512188 0.978721
69.400002 0.920932 7.871851 0.509696 0.977609
69.500000 0.921402 7.878958 0.508139 0.976730
69.599998 0.920176 7.871761 0.507352 0.976293
69.699997 0.921032 7.876649 0.504398 0.977009
69.799995 0.921369 7.874450 0.509804 0.976391
69.900002 0.921755 7.874788 0.506146 0.977316
70.000000 0.920432 7.873050 0.504398 0.977509
70.099998 0.918608 7.872313 0.503650 0.977902
70.199997 0.920732 7.880848 0.504098 0.977509
70.299995 0.919257 7.879784 0.499950 0.978615
70.400002 0.918175 7.878564 0.497449 0.978594
70.500000 0.915876 7.875612 0.496853 0.979019
70.599998 0.916275 7.872662 0.492748 0.978794
70.699997 0.917892 7.874887 0.490149 0.977998
70.799995 0.918490 7.875836 0.487763 0.977924
70.900002 0.919065 7.869305 0.492606 0.977218
71.000000 0.921418 7.877085 0.492661 0.977733
71.099998 0.921522 7.876777 0.490290 0.979079
71.199997 0.922252 7.879271 0.490332 0.978860
71.299995 0.921977 7.878163 0.487846 0.979294
71.400002 0.921021 7.866366 0.483283 0.977678
71.500000 0.922323 7.877537 0.484155 0.979606
71.599998 0.923015 7.878366 0.484933 0.980178
71.699997 0.923646 7.880072 0.478013 0.979712
71.799995 0.924705 7.881366 0.476733 0.979329
71.900002 0.925463 7.882141 0.477739 0.978089
72.000000 0.925248 7.881217 0.474032 0.979085
72.099998 0.925185 7.883176 0.471594 0.979396
72.199997 0.924770 7.883954 0.471589 0.979492
72.299995 0.922269 7.867347 0.464286 0.978391
72.400002 0.921263 7.863510 0.465228 0.978018
72.500000 0.924232 7.883595 0.462716 0.979582
72.599998 0.922723 7.882782 0.456957 0.980380
72.699997 0.922099 7.880745 0.456193 0.980174
72.799995 0.924124 7.886086 0.452352 0.981081
72.900002 0.925345 7.888967 0.452928 0.981711
73.000000 0.927464 7.891146 0.455428 0.982691
73.099998 0.929865 7.892346 0.458429 0.982091
73.199997 0.930079 7.891868 0.458938 0.983595
73.299995 0.931355 7.887590 0.459732 0.982614
73.400002 0.931162 7.887402 0.456989 0.982116
73.500000 0.933233 7.894394 0.455255 0.983684
73.599998 0.931148 7.893575 0.457480 0.984311
73.699997 0.931193 7.893389 0.455946 0.984798
73.799995 0.931807 7.891612 0.457854 0.984502
73.900002 0.931579 7.890868 0.458438 0.984195
74.000000 0.931562 7.889199 0.456789 0.983715
74.099998 0.931224 7.888402 0.454981 0.984328
74.199997 0.930483 7.886536 0.459249 0.984319
74.299995 0.930931 7.887888 0.458959 0.985285
74.400002 0.926571 7.860344 0.455582 0.981593
74.500000 0.930214 7.886922 0.457808 0.985303
74.599998 0.929693 7.886989 0.458746 0.983098
74.699997 0.931172 7.888055 0.459884 0.983293
74.799995 0.928671 7.872228 0.461239 0.980519
74.900002 0.929944 7.888110 0.462870 0.980685
75.000000 0.930959 7.888333 0.465379 0.982289
75.099998 0.931376 7.890820 0.463890 0.982519
75.199997 0.931873 7.895158 0.461285 0.983193
75.299995 0.929942 7.894063 0.461423 0.982910
75.400002 0.930941 7.891565 0.458425 0.982910
75.500000 0.931675 7.892219 0.459395 0.982220
75.599998 0.931024 7.892482 0.452698 0.982581
75.699997 0.929977 7.881630 0.454600 0.981920
75.799995 0.932873 7.892957 0.453081 0.983393
75.900002 0.931739 7.893905 0.460715 0.984186
76.000000 0.933407 7.895854 0.463950 0.983377
76.099998 0.932600 7.896000 0.464900 0.982300
76.199997 0.930214 7.877724 0.463907 0.979904
76.299995 0.931079 7.893868 0.465540 0.982195
76.400002 0.928150 7.880316 0.464325 0.980486
76.500000 0.930107 7.893311 0.465053 0.983002
76.599998 0.930307 7.891911 0.465853 0.982302
76.699997 0.928557 7.891935 0.463678 0.982690
76.799995 0.927657 7.891735 0.454573 0.983090
76.900002 0.926993 7.892390 0.452445 0.983298
77.000000 0.927056 7.888032 0.447769 0.983890
77.099998 0.925878 7.886766 0.447634 0.984395
77.199997 0.926634 7.886498 0.447403 0.983485
77.299995 0.925415 7.886523 0.450710 0.981504
77.400002 0.924383 7.887224 0.448407 0.981021
77.500000 0.924947 7.891224 0.445312 0.981587
77.599998 0.924777 7.888467 0.444533 0.982795
77.699997 0.925566 7.888800 0.442897 0.981366
77.799995 0.926388 7.884839 0.444267 0.981922
77.900002 0.926815 7.890022 0.441512 0.982603
78.000000 0.926015 7.888323 0.442511 0.982004
78.099998 0.923930 7.867853 0.440924 0.978709
78.199997 0.926415 7.887223 0.437413 0.981704
78.299995 0.926397 7.882835 0.437212 0.980272
78.400002 0.926378 7.885966 0.442933 0.981394
78.500000 0.924647 7.883518 0.440809 0.981487
78.599998 0.925930 7.883646 0.442223 0.980408
78.699997 0.926637 7.883559 0.443178 0.980810
78.799995 0.925915 7.885623 0.442412 0.980804
78.900002 0.925422 7.884234 0.445666 0.980906
79.000000 0.926078 7.886159 0.450953 0.980542
79.099998 0.925974 7.884615 0.455844 0.981019
79.199997 0.925970 7.887455 0.453982 0.980492
79.299995 0.925878 7.879764 0.453136 0.979694
79.400002 0.926805 7.885151 0.455192 0.980475
79.500000 0.925767 7.874313 0.451793 0.979019
79.599998 0.926256 7.884831 0.458475 0.981689
79.699997 0.925893 7.885388 0.456646 0.982098
79.799995 0.925763 7.885943 0.453427 0.981991
79.900002 0.924530 7.883347 0.448920 0.981807
80.000000 0.923715 7.882724 0.449610 0.982004
80.099998 0.923699 7.883551 0.446020 0.981524
80.199997 0.922908 7.882912 0.446155 0.981602
80.299995 0.920868 7.876751 0.442077 0.979992
80.400002 0.921424 7.879236 0.437669 0.980006
80.500000 0.922092 7.877888 0.436644 0.978598
80.599998 0.923115 7.881524 0.439012 0.976505
80.699997 0.918449 7.857885 0.435639 0.974515
80.799995 0.922177 7.881864 0.435331 0.976693
80.900002 0.922031 7.880647 0.432927 0.976909
81.000000 0.920879 7.878222 0.430170 0.978422
81.099998 0.921353 7.879928 0.431259 0.978387
81.199997 0.920092 7.867487 0.434043 0.977298
81.299995 0.920992 7.880488 0.432443 0.978798
81.400002 0.913674 7.834550 0.430729 0.974192
81.500000 0.919647 7.882377 0.430919 0.979962
81.599998 0.919868 7.884654 0.433673 0.981293
81.699997 0.919411 7.882170 0.434578 0.981780
81.799995 0.918059 7.880040 0.432616 0.982291
81.900002 0.915432 7.864192 0.432946 0.980584
82.000000 0.916608 7.875712 0.431457 0.982402
82.099998 0.918110 7.876164 0.431875 0.982381
82.199997 0.919540 7.873064 0.431684 0.982909
82.299995 0.922100 7.872100 0.430600 0.982600
82.400002 0.922447 7.875474 0.436038 0.983310
82.500000 0.922862 7.876460 0.428999 0.982836
82.599998 0.924513 7.872691 0.431253 0.981628
82.699997 0.925407 7.876912 0.423158 0.981302
82.799995 0.925785 7.879675 0.421984 0.981496
82.900002 0.925904 7.881765 0.418514 0.981825
83.000000 0.923308 7.868514 0.418258 0.979202
83.099998 0.920452 7.860617 0.421453 0.978587
83.199997 0.921024 7.872739 0.422673 0.979706
83.299995 0.920028 7.866280 0.419978 0.979081
83.400002 0.919108 7.868613 0.421758 0.980702
83.500000 0.919692 7.876388 0.415742 0.979998
83.599998 0.920128 7.876989 0.418577 0.980482
83.699997 0.921469 7.880453 0.416967 0.980092
83.799995 0.919192 7.876088 0.416242 0.979398
83.900002 0.921516 7.877924 0.415817 0.979504
84.000000 0.922570 7.877710 0.415226 0.978719
84.099998 0.923346 7.877773 0.420048 0.980212
84.199997 0.924162 7.881141 0.421111 0.980990
84.299995 0.924562 7.883142 0.422411 0.981491
84.400002 0.925870 7.886960 0.420433 0.981143
84.500000 0.925674 7.886414 0.418282 0.981119
84.599998 0.925107 7.886911 0.420158 0.980902
84.699997 0.922938 7.867094 0.421237 0.979183
84.799995 0.923385 7.875875 0.421784 0.979696
84.900002 0.923754 7.886032 0.421153 0.981389
85.000000 0.925267 7.886601 0.419822 0.981417
85.099998 0.926849 7.887422 0.421195 0.981187
85.199997 0.927957 7.887432 0.417551 0.981389
85.299995 0.927378 7.880664 0.422027 0.981294
85.400002 0.928815 7.888767 0.424910 0.981978
85.500000 0.928421 7.887075 0.420262 0.981079
85.599998 0.929079 7.887566 0.418726 0.981595
85.699997 0.927978 7.881565 0.420326 0.981394
85.799995 0.928857 7.885632 0.417751 0.982289
85.900002 0.928321 7.886575 0.417659 0.982681
86.000000 0.928957 7.886691 0.418965 0.981615
86.099998 0.927906 7.885752 0.417242 0.982377
86.199997 0.927378 7.885665 0.414124 0.982795
86.299995 0.926927 7.886286 0.415115 0.982282
86.400002 0.926007 7.870013 0.412459 0.979802
86.500000 0.925022 7.862041 0.413876 0.979806
86.599998 0.927643 7.885468 0.412852 0.983210
86.699997 0.928657 7.888333 0.412247 0.982089
86.799995 0.930876 7.895615 0.413345 0.981620
86.900002 0.930848 7.895073 0.411512 0.980913
87.000000 0.931014 7.893822 0.406319 0.981604
87.099998 0.932273 7.892557 0.405362 0.980292
87.199997 0.932586 7.891578 0.401280 0.979896
87.299995 0.932473 7.886854 0.405062 0.981192
87.400002 0.933420 7.889133 0.408977 0.981705
87.500000 0.933600 7.888000 0.405700 0.981200
87.599998 0.934362 7.888366 0.406955 0.982463
87.699997 0.935539 7.885768 0.407256 0.983110
87.799995 0.934726 7.885646 0.407937 0.983207
87.900002 0.934193 7.888289 0.403140 0.983098
88.000000 0.934300 7.887599 0.404100 0.983700
88.099998 0.936013 7.888622 0.404219 0.984303
88.199997 0.934898 7.887569 0.403295 0.984723
88.299995 0.934820 7.887434 0.404779 0.984105
88.400002 0.934107 7.887812 0.400460 0.983002
88.500000 0.933180 7.887566 0.395319 0.983695
88.599998 0.932873 7.888656 0.396158 0.982593
88.699997 0.932234 7.885757 0.389905 0.982509
88.799995 0.932346 7.886909 0.388110 0.983887
88.900002 0.934033 7.888856 0.389605 0.983808
89.000000 0.930035 7.865667 0.387606 0.980810
89.099998 0.931586 7.881476 0.379576 0.982697
89.199997 0.931954 7.884492 0.379896 0.981315
89.299995 0.930762 7.887901 0.378160 0.980518
89.400002 0.931407 7.887111 0.376962 0.981602
89.500000 0.929851 7.877314 0.380867 0.979386
89.599998 0.931286 7.889578 0.378676 0.980996
89.699997 0.931798 7.891337 0.381572 0.981072
89.799995 0.931700 7.890600 0.383400 0.981400
89.900002 0.930593 7.889789 0.380438 0.982398
90.000000 0.928743 7.889812 0.380404 0.981986
90.099998 0.928650 7.888877 0.379235 0.981613
90.199997 0.928086 7.886477 0.380976 0.981296
90.299995 0.928150 7.886021 0.379966 0.982488
90.400002 0.928636 7.886557 0.381309 0.982009
90.500000 0.929542 7.885969 0.382071 0.981211
90.599998 0.927743 7.885069 0.378373 0.980812
90.699997 0.928386 7.886177 0.377676 0.981796
90.799995 0.928643 7.887510 0.377602 0.981585
90.900002 0.927743 7.887068 0.382371 0.981111
91.000000 0.926551 7.879284 0.383432 0.979814
91.099998 0.928100 7.889101 0.381200 0.981200
91.199997 0.926230 7.869652 0.380948 0.979308
91.299995 0.927444 7.883969 0.379672 0.980412
91.400002 0.927393 7.884989 0.379138 0.980698
91.500000 0.927256 7.884932 0.379928 0.980088
91.599998 0.925930 7.877049 0.379948 0.979208
91.699997 0.927378 7.883965 0.381014 0.979794
91.799995 0.928393 7.884850 0.384001 0.979826
91.900002 0.927671 7.884554 0.385454 0.979892
92.000000 0.926871 7.876951 0.386254 0.980292
92.099998 0.928829 7.882782 0.383784 0.980480
92.199997 0.927393 7.878288 0.379338 0.979998
92.299995 0.927914 7.883223 0.382324 0.981804
92.400002 0.927151 7.882982 0.383232 0.981513
92.500000 0.927229 7.876050 0.384346 0.980908
92.599998 0.928229 7.887245 0.390144 0.982107
92.699997 0.928743 7.887310 0.395016 0.982886
92.799995 0.929221 7.888033 0.396581 0.983505
92.900002 0.928114 7.883460 0.393873 0.983280
93.000000 0.930037 7.888900 0.395256 0.983485
93.099998 0.928543 7.886068 0.399460 0.983310
93.199997 0.924638 7.869965 0.396502 0.981209
93.299995 0.924883 7.883528 0.399461 0.983818
93.400002 0.922969 7.874950 0.397459 0.981893
93.500000 0.923646 7.877673 0.394763 0.982311
93.599998 0.925460 7.884192 0.397682 0.982514
93.699997 0.925530 7.884146 0.394642 0.982407
93.799995 0.924523 7.882336 0.397881 0.982705
93.900002 0.921716 7.867327 0.397920 0.980304
94.000000 0.923238 7.883858 0.399400 0.984208
94.099998 0.922247 7.883770 0.395463 0.984709
94.199997 0.924877 7.883365 0.393118 0.983795
94.299995 0.924662 7.882741 0.391296 0.983192
94.400002 0.922145 7.872211 0.390173 0.980787
94.500000 0.922147 7.881871 0.391265 0.981211
94.599998 0.920984 7.880476 0.387978 0.982296
94.699997 0.918733 7.881547 0.386345 0.981607
94.799995 0.917350 7.881571 0.385669 0.982111
94.900002 0.916299 7.882719 0.388733 0.981957
95.000000 0.913565 7.870248 0.388655 0.980892
95.099998 0.914749 7.884731 0.389634 0.982790
95.199997 0.916316 7.884685 0.390691 0.983584
95.299995 0.916350 7.882970 0.386868 0.983310
95.400002 0.916209 7.883052 0.388395 0.982423
95.500000 0.916367 7.886354 0.390056 0.982493
95.599998 0.916350 7.879428 0.388233 0.982289
95.699997 0.916392 7.886289 0.392639 0.982098
95.799995 0.916383 7.886441 0.395654 0.982876
95.900002 0.915173 7.877917 0.396995 0.982774
96.000000 0.913478 7.869718 0.402837 0.982416
96.099998 0.915193 7.879133 0.400160 0.984217
96.199997 0.913960 7.878185 0.401319 0.984611
96.299995 0.911762 7.874787 0.402119 0.984911
96.400002 0.910224 7.875811 0.400000 0.985636
96.500000 0.904729 7.828552 0.396981 0.979706
96.599998 0.908046 7.854273 0.401099 0.983808
96.699997 0.910427 7.864341 0.398380 0.984005
96.799995 0.913517 7.877025 0.400320 0.984903
96.900002 0.917167 7.881653 0.398559 0.984794
97.000000 0.917383 7.880976 0.394679 0.984897
97.099998 0.915025 7.864241 0.396681 0.983805
97.199997 0.916717 7.879980 0.393393 0.986587
97.299995 0.913457 7.870235 0.395098 0.985393
97.400002 0.913893 7.877406 0.394547 0.986768
97.500000 0.913070 7.875000 0.395284 0.986511
97.599998 0.910117 7.857685 0.391591 0.983921
97.699997 0.912114 7.872865 0.389993 0.986018
97.799995 0.911327 7.873638 0.389683 0.985504
97.900002 0.911862 7.866694 0.391026 0.984411
98.000000 0.911782 7.872574 0.388678 0.984397
98.099998 0.911744 7.874763 0.393203 0.984608
98.199997 0.912731 7.876186 0.397104 0.984124
98.299995 0.912431 7.878283 0.397304 0.983225
98.400002 0.913800 7.878500 0.393700 0.985300
98.500000 0.913169 7.873401 0.388689 0.985012
98.599998 0.911838 7.872810 0.386370 0.985690
98.699997 0.913852 7.875774 0.387867 0.985209
98.799995 0.912526 7.872038 0.385984 0.985604
98.900002 0.913500 7.871500 0.388200 0.984900
99.000000 0.912835 7.870352 0.395642 0.985306
99.099998 0.910854 7.864881 0.394463 0.985109
99.199997 0.912965 7.873949 0.395858 0.986995
99.299995 0.914017 7.874525 0.398020 0.987203
99.400002 0.912952 7.873575 0.397661 0.987008
99.500000 0.913669 7.872901 0.396583 0.987010
99.599998 0.915725 7.871738 0.395881 0.986704
99.699997 0.913740 7.877014 0.399580 0.986791
99.799995 0.913738 7.877796 0.401058 0.985923
99.900002 0.911747 7.857114 0.396938 0.984291
100.000000 0.912918 7.875511 0.394214 0.984738
100.099998 0.912509 7.878912 0.395760 0.984802
100.199997 0.912479 7.874013 0.394345 0.985313
100.299995 0.911841 7.871969 0.393608 0.984372
100.400002 0.913674 7.875963 0.393218 0.984995
100.500000 0.914815 7.877677 0.387588 0.984985
100.599998 0.915641 7.879116 0.391674 0.984089
100.699997 0.915275 7.881664 0.387916 0.983995
100.799995 0.916241 7.882618 0.393275 0.984889
100.900002 0.917317 7.880380 0.393694 0.983784
101.000000 0.916008 7.867354 0.391431 0.981780
101.099998 0.915983 7.881876 0.393379 0.983497
101.199997 0.915975 7.882565 0.390717 0.983495
101.299995 0.915034 7.882648 0.391244 0.982307
101.400002 0.914534 7.881448 0.389844 0.982007
101.500000 0.913705 7.880469 0.390730 0.982481
101.599998 0.912556 7.879940 0.386793 0.982891
101.699997 0.912205 7.879944 0.387335 0.983520
101.799995 0.914668 7.879696 0.384492 0.983913
101.900002 0.914214 7.879780 0.381381 0.984384
102.000000 0.912674 7.876663 0.387716 0.984595
102.099998 0.910355 7.878739 0.387094 0.985393
102.199997 0.912268 7.876815 0.384076 0.984076
102.299995 0.911482 7.878376 0.390278 0.985097
102.399994 0.913535 7.880448 0.389944 0.984506
102.500000 0.913509 7.868012 0.388061 0.982602
102.599998 0.915634 7.881447 0.388145 0.982907
102.699997 0.916101 7.880943 0.383540 0.983919
102.799995 0.915817 7.877425 0.380924 0.983803
102.899994 0.914551 7.871977 0.384869 0.984309
103.000000 0.915042 7.876561 0.387606 0.985307
103.099998 0.913004 7.877265 0.387626 0.986085
103.199997 0.913043 7.877361 0.384208 0.985807
103.299995 0.910454 7.876774 0.386868 0.985509
103.399994 0.912530 7.874199 0.389812 0.985288
103.500000 0.912605 7.873252 0.392429 0.985517
103.599998 0.913209 7.873312 0.390561 0.984402
103.699997 0.913126 7.866740 0.388483 0.983105
103.799995 0.911018 7.847431 0.385223 0.981004
103.899994 0.916025 7.874338 0.387084 0.984505
104.000000 0.915159 7.866593 0.381033 0.983811
104.099998 0.917799 7.872054 0.380044 0.984219
104.199997 0.917759 7.871035 0.381091 0.983992
104.299995 0.917150 7.869878 0.375874 0.982910
104.399994 0.918185 7.873022 0.377028 0.983076
104.500000 0.918484 7.871574 0.378476 0.981896
104.599998 0.917125 7.863142 0.376287 0.979906
104.699997 0.916950 7.866320 0.375525 0.979388
104.799995 0.917666 7.873401 0.376299 0.980316
104.899994 0.919316 7.876625 0.377724 0.980004
105.000000 0.918900 7.876500 0.381700 0.979900
105.099998 0.918400 7.876300 0.378400 0.980800
105.199997 0.918892 7.872087 0.383238 0.981398
105.299995 0.917508 7.866114 0.376062 0.980402
105.399994 0.915992 7.852185 0.376138 0.978198
105.500000 0.917644 7.871957 0.375914 0.981665
105.599998 0.917652 7.866760 0.373072 0.979764
105.699997 0.917892 7.869187 0.375838 0.980198
105.799995 0.918762 7.871956 0.373353 0.980439
105.899994 0.920660 7.872336 0.373587 0.979890
106.000000 0.918751 7.864419 0.375025 0.978187
106.099998 0.919808 7.863013 0.377662 0.978402
106.199997 0.921366 7.873485 0.379245 0.980166
106.299995 0.916533 7.856285 0.379103 0.978183
106.399994 0.918616 7.870826 0.377425 0.980704
106.500000 0.918800 7.871900 0.380900 0.981300
106.599998 0.918684 7.871574 0.376475 0.980796
106.699997 0.918498 7.872253 0.374650 0.980024
106.799995 0.920755 7.875887 0.372439 0.979414
106.899994 0.920684 7.877175 0.365873 0.979496
107.000000 0.923123 7.876837 0.362291 0.979006
107.099998 0.923361 7.880096 0.359113 0.978217
107.199997 0.922723 7.865340 0.355693 0.975107
107.299995 0.923177 7.880264 0.356807 0.976893
107.399994 0.922039 7.859570 0.357521 0.975512
107.500000 0.923970 7.879951 0.365346 0.980792
107.599998 0.921074 7.876302 0.361579 0.981070
107.699997 0.921308 7.881011 0.358664 0.981302
107.799995 0.920184 7.882376 0.356571 0.979696
107.899994 0.921394 7.881242 0.358670 0.980723
108.000000 0.920995 7.879644 0.354475 0.981023
108.099998 0.921741 7.881214 0.354063 0.982332
108.199997 0.919948 7.863081 0.352888 0.978913
108.299995 0.922939 7.884658 0.353623 0.981009
108.399994 0.922530 7.883395 0.355620 0.981483
108.500000 0.923886 7.881722 0.351928 0.981572
108.599998 0.924277 7.884865 0.352906 0.982595
108.699997 0.922577 7.882865 0.354906 0.982895
108.799995 0.923000 7.882600 0.357500 0.981800
108.899994 0.921316 7.881024 0.355929 0.982503
109.000000 0.919265 7.865308 0.353717 0.978817
109.099998 0.921414 7.878666 0.353289 0.980378
109.199997 0.922892 7.886488 0.353935 0.980798
109.299995 0.921861 7.884542 0.354677 0.980590
109.399994 0.922554 7.884531 0.353312 0.980889
109.500000 0.922854 7.883831 0.349910 0.981489
109.599998 0.920729 7.885497 0.348313 0.980983
109.699997 0.919668 7.884454 0.344438 0.980192
109.799995 0.918735 7.882506 0.346878 0.980985
109.899994 0.918126 7.878591 0.348313 0.980082
110.000000 0.918676 7.884565 0.350405 0.980794
110.099998 0.919049 7.885069 0.349290 0.981011
110.199997 0.918216 7.878724 0.347830 0.979304
110.299995 0.919008 7.886412 0.343466 0.979902
110.399994 0.920332 7.887245 0.343663 0.979108
110.500000 0.919232 7.885846 0.343363 0.978908
110.599998 0.919800 7.888200 0.340800 0.979200
110.699997 0.917317 7.884884 0.338438 0.979580
110.799995 0.916658 7.885880 0.337764 0.979215
110.899994 0.914700 7.881999 0.336600 0.979300
111.000000 0.914423 7.880592 0.332900 0.979281
111.099998 0.914889 7.881446 0.331231 0.978973
111.199997 0.907718 7.843031 0.326535 0.976205
111.299995 0.912561 7.874688 0.327171 0.980114
111.399994 0.912314 7.871567 0.328273 0.979227
111.500000 0.911309 7.874112 0.331867 0.979802
111.599998 0.909745 7.868865 0.332934 0.979510
111.699997 0.909173 7.874300 0.337930 0.980615
111.799995 0.905709 7.858614 0.333967 0.979502
111.899994 0.906081 7.869474 0.331566 0.980296
112.000000 0.904390 7.868787 0.328033 0.979698
112.099998 0.904585 7.870445 0.324289 0.979676
112.199997 0.905219 7.872226 0.323335 0.978304
112.299995 0.905638 7.872451 0.322271 0.977609
112.399994 0.905343 7.872524 0.316390 0.977687
112.500000 0.904147 7.871795 0.314303 0.978466
112.599998 0.905657 7.873976 0.316110 0.977613
112.699997 0.904933 7.870110 0.315721 0.978385
112.799995 0.904181 7.874275 0.316263 0.979896
112.899994 0.903571 7.873462 0.317195 0.978894
113.000000 0.904914 7.873252 0.313724 0.977227
113.099998 0.904471 7.870561 0.317995 0.977493
113.199997 0.904052 7.870536 0.317059 0.979290
113.299995 0.904210 7.871813 0.311069 0.980202
113.399994 0.903629 7.869539 0.315105 0.980006
113.500000 0.902229 7.862242 0.312106 0.979706
113.599998 0.897669 7.824147 0.312794 0.975393
113.699997 0.901390 7.855785 0.313231 0.979198
113.799995 0.902761 7.866547 0.313325 0.981393
113.899994 0.903064 7.868816 0.312237 0.981374
114.000000 0.904148 7.872164 0.313343 0.979110
114.099998 0.904200 7.855900 0.315600 0.977100
114.199997 0.904148 7.846876 0.310345 0.975912
114.299995 0.907472 7.870261 0.315095 0.978794
114.399994 0.907711 7.873852 0.316221 0.979325
114.500000 0.907481 7.873975 0.313263 0.978596
114.599998 0.909091 7.875687 0.315432 0.979398
114.699997 0.909155 7.874337 0.315058 0.980090
114.799995 0.910738 7.862103 0.317422 0.978385
114.899994 0.912044 7.877262 0.317141 0.979410
115.000000 0.910400 7.865600 0.320700 0.977800
115.099998 0.911503 7.873461 0.319351 0.978677
115.199997 0.910073 7.871361 0.323897 0.978193
115.299995 0.909528 7.865893 0.325260 0.978883
115.399994 0.908437 7.870451 0.326569 0.980008
115.500000 0.909599 7.871542 0.330936 0.979722
115.599998 0.908072 7.867660 0.328899 0.979094
115.699997 0.906366 7.853203 0.330069 0.976716
115.799995 0.909664 7.870748 0.334934 0.979192
115.899994 0.907926 7.855084 0.335869 0.977482
116.000000 0.910000 7.869900 0.338100 0.979800
116.099998 0.908964 7.869491 0.341461 0.980913
116.199997 0.909790 7.870130 0.339860 0.981818
116.299995 0.910836 7.870952 0.342463 0.982007
116.399994 0.910746 7.871323 0.340104 0.982189
116.500000 0.910200 7.867200 0.346000 0.982000
116.599998 0.911182 7.871974 0.348370 0.982396
116.699997 0.913447 7.875312 0.344914 0.982929
116.799995 0.913178 7.877429 0.348788 0.982876
116.899994 0.912144 7.865367 0.346827 0.980410
117.000000 0.913774 7.874062 0.346104 0.982595
117.099998 0.913000 7.876300 0.349300 0.983400
117.199997 0.911744 7.871864 0.348526 0.984008
117.299995 0.909827 7.872938 0.348695 0.983005
117.399994 0.908491 7.867932 0.347053 0.981718
117.500000 0.910554 7.874475 0.344893 0.983010
117.599998 0.909900 7.873600 0.341500 0.983100
117.699997 0.908209 7.870013 0.340466 0.982402
117.799995 0.909645 7.873502 0.338758 0.983027
117.899994 0.910324 7.875810 0.338454 0.983142
118.000000 0.908262 7.865198 0.338608 0.983375
118.099998 0.909073 7.874002 0.333034 0.984912
118.199997 0.909637 7.876413 0.328830 0.984889
118.299995 0.908700 7.875800 0.330500 0.983800
118.399994 0.903529 7.855843 0.326502 0.983205
118.500000 0.905190 7.869761 0.329940 0.985329
118.599998 0.907635 7.871911 0.334934 0.984889
118.699997 0.907782 7.868374 0.334667 0.984897
118.799995 0.907689 7.865839 0.335803 0.983981
118.899994 0.906434 7.868008 0.329030 0.984489
119.000000 0.903371 7.845054 0.324997 0.982895
119.099998 0.904490 7.858786 0.327833 0.983698
119.199997 0.904110 7.853315 0.327067 0.983002
119.299995 0.904867 7.857600 0.328670 0.984111
119.399994 0.903416 7.856173 0.327607 0.983819
119.500000 0.903184 7.854325 0.325891 0.984181
119.599998 0.905043 7.854913 0.327296 0.983990
119.699997 0.906835 7.858701 0.325228 0.984389
119.799995 0.907135 7.858401 0.327829 0.984789
119.899994 0.909310 7.861810 0.324782 0.984968
120.000000 0.909826 7.864290 0.326743 0.985121
120.099998 0.909218 7.865527 0.323835 0.985603
120.199997 0.907646 7.855372 0.323538 0.982909
120.299995 0.909546 7.863618 0.326796 0.984090
120.399994 0.906125 7.844776 0.318855 0.980785
120.500000 0.906409 7.854315 0.322168 0.982002
120.599998 0.905753 7.865432 0.324262 0.981991
120.699997 0.906593 7.866134 0.324376 0.980220
120.799995 0.902665 7.849057 0.326445 0.978137
120.899994 0.905553 7.866633 0.323962 0.980290
121.000000 0.903581 7.851271 0.323865 0.977696
121.099998 0.907428 7.867940 0.325902 0.980806
121.199997 0.906753 7.856629 0.327064 0.979790
121.299995 0.908437 7.866054 0.329768 0.979808
121.399994 0.908727 7.867894 0.327162 0.980384
121.500000 0.910091 7.869388 0.328433 0.979398
121.599998 0.910848 7.868577 0.329961 0.979165
121.699997 0.910545 7.869865 0.327236 0.979011
121.799995 0.909245 7.868465 0.323138 0.979410
121.899994 0.910655 7.870436 0.326163 0.978889
122.000000 0.911262 7.870891 0.323973 0.979215
122.099998 0.909500 7.864250 0.324943 0.977625
122.199997 0.909991 7.872387 0.329133 0.978198
122.299995 0.909609 7.871013 0.330967 0.978002
122.399994 0.908218 7.861827 0.330134 0.977804
122.500000 0.909974 7.873122 0.335370 0.978971
122.599998 0.908137 7.873751 0.340964 0.977709
122.699997 0.908183 7.873314 0.343491 0.978320
122.799995 0.906319 7.870126 0.345231 0.978804
122.899994 0.906728 7.876037 0.348196 0.979906
123.000000 0.906275 7.874600 0.346723 0.979816
123.099998 0.906756 7.874176 0.347092 0.980412
123.199997 0.905975 7.874400 0.349620 0.980116
123.299995 0.906019 7.876725 0.350230 0.979104
123.399994 0.904638 7.862355 0.351259 0.977309
123.500000 0.908171 7.878330 0.349189 0.979371
123.599998 0.906144 7.875525 0.347709 0.978887
123.699997 0.903671 7.862358 0.345504 0.976693
123.799995 0.904914 7.872185 0.344510 0.978581
123.899994 0.904054 7.874101 0.347145 0.978934
124.000000 0.903458 7.872976 0.340596 0.979712
124.099998 0.903604 7.872072 0.339540 0.979079
124.199997 0.901238 7.851607 0.335630 0.976832
124.299995 0.897072 7.835515 0.337764 0.975217
124.399994 0.901953 7.869804 0.339209 0.979069
124.500000 0.901490 7.869287 0.340934 0.979498
124.599998 0.902681 7.870675 0.340368 0.979096
124.699997 0.902588 7.872091 0.340189 0.979535
124.799995 0.900410 7.870613 0.337566 0.980602
124.899994 0.898811 7.862151 0.334432 0.980022
125.000000 0.899750 7.868334 0.337569 0.980890
125.099998 0.899439 7.864683 0.339143 0.982071
125.199997 0.898751 7.851574 0.340030 0.980710
125.299995 0.900200 7.867600 0.339500 0.983000
125.399994 0.900340 7.866454 0.338265 0.982407
125.500000 0.897920 7.864227 0.338632 0.982603
125.599998 0.897802 7.853946 0.341059 0.982418
125.699997 0.901922 7.864392 0.343475 0.982086
125.799995 0.902018 7.867459 0.343887 0.982022
125.899994 0.901141 7.867821 0.341205 0.981789
126.000000 0.899930 7.866040 0.346996 0.981106
126.099998 0.900490 7.868587 0.344434 0.981298
126.199997 0.901961 7.870449 0.340736 0.981793
126.299995 0.901159 7.870877 0.340596 0.982311
126.399994 0.901661 7.872049 0.341337 0.982593
126.500000 0.902190 7.869686 0.343934 0.981998
126.599998 0.903842 7.871723 0.349109 0.981389
126.699997 0.905481 7.873375 0.348770 0.981696
126.799995 0.905104 7.870842 0.349815 0.980322
126.899994 0.905675 7.875099 0.350619 0.980516
127.000000 0.905500 7.872400 0.351400 0.980200
127.099998 0.907783 7.870716 0.351284 0.980418
127.199997 0.908427 7.870939 0.349195 0.979706
127.299995 0.907755 7.870577 0.345793 0.979812
127.399994 0.906281 7.871674 0.343469 0.979296
127.500000 0.908056 7.872317 0.340920 0.979635
127.599998 0.906937 7.868453 0.336565 0.980708
127.699997 0.906565 7.868193 0.338263 0.981213
127.799995 0.907035 7.868408 0.338637 0.980086
127.899994 0.908500 7.869100 0.335100 0.979400
128.000000 0.905928 7.860042 0.335399 0.977007
128.099991 0.906575 7.863708 0.333433 0.978417
128.199997 0.906809 7.867114 0.334367 0.979402
128.300003 0.906187 7.864838 0.335703 0.980877
128.399994 0.905400 7.861600 0.336000 0.981300
128.500000 0.904177 7.858014 0.336431 0.978417
128.599991 0.905104 7.863151 0.337129 0.979323
128.699997 0.904086 7.858527 0.335598 0.979119
128.800003 0.904547 7.866086 0.333534 0.980669
128.899994 0.904229 7.862241 0.331701 0.980606
129.000000 0.906740 7.865402 0.333001 0.981328
129.099991 0.906856 7.865480 0.330602 0.980212
129.199997 0.906928 7.865941 0.324703 0.979706
129.300003 0.906821 7.865675 0.325976 0.978828
129.399994 0.905785 7.867020 0.324308 0.977720
129.500000 0.907754 7.869134 0.323862 0.979190
129.599991 0.909437 7.870467 0.322981 0.979062
129.699997 0.909473 7.868761 0.319496 0.979094
129.800003 0.907100 7.858800 0.320900 0.977500
129.899994 0.906078 7.852108 0.321318 0.975168
130.000000 0.908074 7.870403 0.322142 0.977318
130.099991 0.908273 7.871203 0.322542 0.977218
130.199997 0.907691 7.869187 0.325633 0.978298
130.300003 0.907554 7.868734 0.327364 0.978189
130.399994 0.908773 7.868061 0.329799 0.979794
130.500000 0.907900 7.855000 0.329400 0.978900
130.599991 0.910008 7.867958 0.329305 0.980523
130.699997 0.910245 7.867866 0.324838 0.979310
130.800003 0.912426 7.869638 0.328302 0.980206
130.899994 0.912239 7.869409 0.325628 0.980486
131.000000 0.911120 7.866480 0.322991 0.981683
131.099991 0.912395 7.866740 0.325591 0.981177
131.199997 0.914509 7.871113 0.327367 0.981902
131.300003 0.914577 7.870617 0.325007 0.981716
131.399994 0.913157 7.868634 0.323062 0.981491
131.500000 0.912943 7.867361 0.320276 0.982569
131.599991 0.912491 7.869887 0.323232 0.982798
131.699997 0.912826 7.865541 0.324203 0.981705
131.800003 0.913817 7.868126 0.318236 0.981504
131.899994 0.911909 7.857815 0.321068 0.981302
132.000000 0.913226 7.868639 0.317705 0.981606
132.099991 0.913760 7.869891 0.317178 0.980614
132.199997 0.912500 7.867900 0.314700 0.980100
132.300003 0.912530 7.872498 0.314051 0.980885
132.399994 0.912065 7.866947 0.316527 0.979092
132.500000 0.908599 7.840224 0.313445 0.976074
132.599991 0.912200 7.868500 0.310900 0.979100
132.699997 0.912418 7.870226 0.310038 0.979604
132.800003 0.914515 7.873074 0.313814 0.979379
132.899994 0.914174 7.874262 0.316495 0.979994
133.000000 0.914251 7.872976 0.314511 0.980212
133.099991 0.914783 7.873075 0.313563 0.980396
133.199997 0.915758 7.874537 0.315158 0.980090
133.300003 0.914374 7.865960 0.315195 0.980494
133.399994 0.915266 7.871948 0.316226 0.982993
133.500000 0.913465 7.858744 0.315426 0.981092
133.599991 0.913771 7.871908 0.312369 0.982474
133.699997 0.914000 7.871500 0.314500 0.982900
133.800003 0.915117 7.872825 0.309038 0.982803
133.899994 0.915215 7.870170 0.309109 0.984084
134.000000 0.915224 7.871385 0.307577 0.985287
134.099991 0.915508 7.876312 0.306169 0.984802
134.199997 0.915068 7.876698 0.306655 0.983813
134.300003 0.915207 7.878066 0.305136 0.984083
134.399994 0.912909 7.873813 0.301970 0.984102
134.500000 0.911944 7.873363 0.301749 0.983408
134.599991 0.912165 7.876350 0.302121 0.983493
134.699997 0.910682 7.875675 0.301260 0.983597
134.800003 0.909881 7.873214 0.298132 0.983914
134.899994 0.911456 7.872036 0.298449 0.984392
135.000000 0.907746 7.847976 0.289455 0.981709
135.099991 0.912795 7.875150 0.292151 0.983280
135.199997 0.913762 7.871594 0.289163 0.983073
135.300003 0.913439 7.873712 0.283599 0.982288
135.399994 0.912687 7.873926 0.281119 0.983317
135.500000 0.908591 7.853086 0.286029 0.981298
135.599991 0.909781 7.875012 0.290539 0.982716
135.699997 0.908846 7.870307 0.291434 0.983227
135.800003 0.908437 7.869552 0.290484 0.982807
135.899994 0.908418 7.870426 0.286243 0.981204
136.000000 0.910511 7.873274 0.284885 0.980380
136.099991 0.909282 7.873135 0.284169 0.980675
136.199997 0.909073 7.863459 0.276083 0.981194
136.300003 0.908138 7.869296 0.274289 0.982726
136.399994 0.903648 7.839780 0.272964 0.977811
136.500000 0.904429 7.856143 0.273918 0.978906
136.599991 0.905875 7.871203 0.272882 0.980116
136.699997 0.904586 7.867120 0.269757 0.978619
136.800003 0.902459 7.862882 0.265641 0.977813
136.899994 0.903461 7.866847 0.262605 0.979592
137.000000 0.903613 7.864578 0.261335 0.980082
137.099991 0.903613 7.864478 0.261435 0.979181
137.199997 0.904610 7.865014 0.262074 0.978102
137.300003 0.904019 7.866827 0.260848 0.979104
137.399994 0.905058 7.865198 0.264096 0.979970
137.500000 0.905276 7.866107 0.260891 0.979117
137.599991 0.904752 7.865033 0.263732 0.977989
137.699997 0.900050 7.840380 0.264768 0.975112
137.800003 0.904952 7.863532 0.263132 0.978289
137.899994 0.903848 7.867166 0.262169 0.979610
138.000000 0.902778 7.865108 0.263189 0.977918
138.099991 0.903332 7.865106 0.263785 0.977885
138.199997 0.902159 7.859684 0.262143 0.976514
138.300003 0.904123 7.867094 0.261509 0.978583
138.399994 0.904900 7.868000 0.257400 0.979000
138.500000 0.906422 7.868571 0.254070 0.980925
138.599991 0.907837 7.871752 0.256297 0.981407
138.699997 0.907936 7.871210 0.255079 0.982688
138.800003 0.908491 7.870587 0.253125 0.982098
138.899994 0.909772 7.872802 0.246603 0.982514
139.000000 0.909318 7.873225 0.249450 0.982304
139.099991 0.909346 7.875625 0.248349 0.981789
139.199997 0.909920 7.874449 0.249900 0.982465
139.300003 0.910809 7.874113 0.247875 0.983002
139.399994 0.911053 7.873976 0.249151 0.982511
139.500000 0.910625 7.873178 0.247953 0.982325
139.599991 0.911903 7.873361 0.248273 0.982881
139.699997 0.910418 7.868026 0.250850 0.981604
139.800003 0.910825 7.871080 0.255143 0.982225
139.899994 0.909182 7.856130 0.252673 0.980817
140.000000 0.911447 7.869422 0.254253 0.982590
140.099991 0.909191 7.863386 0.253925 0.981898
140.199997 0.910072 7.866507 0.254396 0.982414
140.300003 0.909881 7.867919 0.258268 0.983615
140.399994 0.910099 7.869744 0.258915 0.983418
140.500000 0.911709 7.872713 0.260374 0.983802
140.599991 0.910291 7.866386 0.260426 0.984598
140.699997 0.911089 7.869230 0.265235 0.984815
140.800003 0.909555 7.854828 0.268234 0.983592
140.899994 0.909000 7.848700 0.266200 0.983300
141.000000 0.911970 7.868205 0.268086 0.985112
141.099991 0.913113 7.867968 0.264264 0.985586
141.199997 0.914794 7.870743 0.267206 0.984517
141.300003 0.914491 7.869387 0.269227 0.984198
141.399994 0.913769 7.868505 0.269584 0.985312
141.500000 0.913874 7.868361 0.268781 0.984595
141.599991 0.914557 7.869134 0.273237 0.984792
141.699997 0.913788 7.869130 0.279163 0.984480
141.800003 0.912605 7.857171 0.275469 0.983020
141.899994 0.914523 7.866580 0.276449 0.983085
142.000000 0.913883 7.867974 0.277455 0.983697
142.099991 0.912144 7.865867 0.278361 0.983708
142.199997 0.912460 7.863982 0.282051 0.982472
142.300003 0.914471 7.871757 0.283832 0.984132
142.399994 0.915183 7.870874 0.280556 0.983697
142.500000 0.915124 7.870684 0.279351 0.984886
142.599991 0.915093 7.872640 0.277395 0.985216
142.699997 0.914768 7.872602 0.278877 0.985512
142.800003 0.912996 7.868645 0.279193 0.985516
142.899994 0.913152 7.867879 0.279832 0.985009
143.000000 0.915085 7.869730 0.281219 0.984216
143.099991 0.914972 7.869905 0.284226 0.984677
143.199997 0.915300 7.866100 0.284600 0.983900
143.300003 0.913048 7.853612 0.285972 0.982189
143.399994 0.913871 7.863796 0.284727 0.982974
143.500000 0.909264 7.838736 0.280012 0.980692
143.599991 0.910918 7.861827 0.280144 0.982703
143.699997 0.911044 7.860669 0.287456 0.983009
143.800003 0.911947 7.861417 0.287673 0.982990
143.899994 0.912121 7.861475 0.290962 0.982985
144.000000 0.912235 7.861455 0.290084 0.983307
144.099991 0.913083 7.862773 0.288958 0.982797
144.199997 0.913070 7.865699 0.286229 0.981472
144.300003 0.912391 7.864087 0.286629 0.979998
144.399994 0.908673 7.844854 0.287786 0.978393
144.500000 0.911191 7.862686 0.288529 0.980598
144.599991 0.910100 7.865700 0.283900 0.980000
144.699997 0.911256 7.867434 0.280140 0.979690
144.800003 0.910936 7.867253 0.280088 0.979008
144.899994 0.909682 7.868773 0.279856 0.978196
145.000000 0.909901 7.871258 0.276604 0.977876
145.099991 0.910927 7.870439 0.278916 0.978107
145.199997 0.910716 7.867073 0.271547 0.978228
145.300003 0.909636 7.854858 0.271891 0.977709
145.399994 0.911367 7.866299 0.276214 0.978167
145.500000 0.910527 7.867140 0.275917 0.978906
145.599991 0.911618 7.869526 0.273645 0.978904
145.699997 0.910455 7.859529 0.271836 0.978289
145.800003 0.912068 7.869605 0.269304 0.979369
145.899994 0.913091 7.868386 0.268527 0.980798
146.000000 0.912253 7.870079 0.270837 0.981711
146.099991 0.910893 7.870745 0.272928 0.982279
146.199997 0.910473 7.871562 0.273782 0.980594
146.300003 0.911482 7.868874 0.277656 0.980796
146.399994 0.913309 7.869913 0.277672 0.980502
146.500000 0.915375 7.870161 0.277183 0.980494
146.599991 0.916517 7.871026 0.275545 0.980904
146.699997 0.918118 7.871471 0.276677 0.980681
146.800003 0.918792 7.870687 0.273627 0.980398
146.899994 0.919068 7.868648 0.275010 0.981092
147.000000 0.919419 7.867969 0.275375 0.982983
147.099991 0.918116 7.868027 0.275845 0.982503
147.199997 0.917075 7.852956 0.276483 0.979894
147.300003 0.918108 7.865713 0.273773 0.981702
147.399994 0.916450 7.860052 0.270713 0.980535
147.500000 0.916018 7.868285 0.270022 0.981726
147.599991 0.912709 7.851915 0.267573 0.981002
147.699997 0.914917 7.866726 0.268146 0.982304
147.800003 0.916083 7.866373 0.268554 0.980596
147.899994 0.916867 7.869349 0.267007 0.979592
148.000000 0.917433 7.868553 0.264094 0.981308
148.099991 0.917875 7.868361 0.264079 0.980194
148.199997 0.916183 7.867874 0.267053 0.980896
148.300003 0.916783 7.871574 0.268354 0.980096
148.399994 0.917641 7.871065 0.266967 0.980010
148.500000 0.916942 7.870354 0.264302 0.979261
148.599991 0.917234 7.860289 0.266513 0.978483
148.699997 0.918235 7.868695 0.268515 0.979884
148.800003 0.917425 7.869939 0.268220 0.979606
148.899994 0.916059 7.861397 0.264515 0.977516
149.000000 0.916917 7.865926 0.268046 0.977704
149.099991 0.915934 7.868952 0.262495 0.979508
149.199997 0.914660 7.867493 0.262716 0.979914
149.300003 0.914649 7.868621 0.266060 0.978787
149.399994 0.915834 7.869352 0.265094 0.979408
149.500000 0.914354 7.871381 0.269759 0.978063
149.599991 0.914474 7.870661 0.270881 0.978293
149.699997 0.914083 7.858672 0.269154 0.977696
149.800003 0.915451 7.867080 0.270738 0.978113
149.899994 0.917874 7.868318 0.268059 0.979918
150.000000 0.918716 7.864627 0.267846 0.979904
150.099991 0.918659 7.866233 0.267934 0.979990
150.199997 0.917941 7.862169 0.264668 0.979110
150.300003 0.917916 7.865827 0.262947 0.979304
150.399994 0.918424 7.865140 0.260322 0.978406
150.500000 0.917684 7.862772 0.258752 0.978096
150.599991 0.918849 7.862782 0.261243 0.976414
150.699997 0.919592 7.868187 0.261726 0.978398
150.800003 0.920408 7.866814 0.262174 0.977902
150.899994 0.918992 7.862186 0.260726 0.978598
151.000000 0.916608 7.859515 0.259174 0.977702
151.099991 0.916034 7.856157 0.262395 0.978109
151.199997 0.910854 7.819608 0.259444 0.974116
151.300003 0.914951 7.860284 0.263542 0.977813
151.399994 0.912444 7.844378 0.259170 0.975812
151.500000 0.916041 7.860102 0.262184 0.977784
151.599991 0.914663 7.857172 0.260417 0.978466
151.699997 0.914286 7.859041 0.257742 0.978322
151.800003 0.914966 7.861144 0.254602 0.977291
151.899994 0.914917 7.858928 0.256349 0.976005
152.000000 0.915024 7.863477 0.255130 0.976579
152.099991 0.915376 7.865422 0.256269 0.975722
152.199997 0.915540 7.866546 0.253081 0.975053
152.300003 0.915275 7.861459 0.252976 0.973692
152.399994 0.915925 7.862241 0.250225 0.974808
152.500000 0.914723 7.862076 0.252027 0.974977
152.599991 0.916325 7.861941 0.256223 0.974108
152.699997 0.917432 7.859225 0.254293 0.974541
152.800003 0.919151 7.864319 0.256154 0.975585
152.899994 0.918135 7.861089 0.258507 0.975180
153.000000 0.918622 7.865103 0.257813 0.976535
153.099991 0.918665 7.865308 0.256994 0.977618
153.199997 0.918619 7.866867 0.255455 0.977778
153.300003 0.920244 7.869208 0.254478 0.977484
153.399994 0.917790 7.864050 0.251224 0.976326
153.500000 0.918698 7.871255 0.253995 0.977028
153.599991 0.919019 7.871171 0.253954 0.976476
153.699997 0.918282 7.868931 0.254945 0.976923
153.800003 0.918418 7.867768 0.258458 0.976276
153.899994 0.919327 7.869082 0.257031 0.975678
154.000000 0.919852 7.868521 0.254453 0.976186
154.099991 0.922243 7.872780 0.255343 0.976322
154.199997 0.921284 7.870374 0.252450 0.977395
154.300003 0.921092 7.871487 0.252925 0.978698
154.399994 0.920212 7.874376 0.249351 0.979129
154.500000 0.918300 7.866500 0.248700 0.978400
154.599991 0.919524 7.868839 0.246426 0.979806
154.699997 0.919344 7.869209 0.247673 0.979185
154.800003 0.918800 7.868500 0.248800 0.978300
154.899994 0.918424 7.855043 0.251525 0.977707
155.000000 0.917400 7.855100 0.244400 0.978300
155.099991 0.919960 7.869735 0.247024 0.980090
155.199997 0.918676 7.871461 0.242073 0.980194
155.300003 0.920937 7.870396 0.238491 0.980985
155.399994 0.918600 7.868099 0.237700 0.981000
155.500000 0.918965 7.875699 0.235612 0.981415
155.599991 0.920288 7.874724 0.236531 0.982075
155.699997 0.921569 7.874050 0.235794 0.982293
155.800003 0.920540 7.870564 0.238381 0.980710
155.899994 0.921032 7.877049 0.238505 0.980208
156.000000 0.918265 7.852618 0.234712 0.976619
156.099991 0.920484 7.876676 0.236247 0.981196
156.199997 0.918066 7.858913 0.232714 0.977618
156.300003 0.919668 7.873950 0.233794 0.980692
156.399994 0.919065 7.872602 0.230915 0.981015
156.500000 0.920487 7.871741 0.229847 0.981321
156.599991 0.920960 7.871136 0.229215 0.981491
156.699997 0.921216 7.874325 0.228154 0.981104
156.800003 0.921292 7.873087 0.229223 0.981898
156.899994 0.919944 7.868308 0.229861 0.980186
157.000000 0.920624 7.874238 0.229131 0.981306
157.099991 0.920660 7.876338 0.229815 0.980590
157.199997 0.920897 7.878142 0.228797 0.981376
157.300003 0.921158 7.875777 0.228411 0.981567
157.399994 0.919948 7.872876 0.226664 0.980512
157.500000 0.920552 7.872523 0.228337 0.981189
157.599991 0.918849 7.869278 0.226164 0.980212
157.699997 0.919019 7.871271 0.229530 0.979680
157.800003 0.920632 7.874550 0.233507 0.978609
157.899994 0.919856 7.872972 0.235324 0.978361
158.000000 0.919051 7.870822 0.234241 0.979988
158.099991 0.917417 7.861828 0.235253 0.978504
158.199997 0.917442 7.870909 0.237366 0.979085
158.300003 0.916566 7.870092 0.233974 0.979367
158.399994 0.916042 7.868465 0.237481 0.978311
158.500000 0.913883 7.852571 0.239148 0.976295
158.599991 0.914540 7.865005 0.244771 0.979586
158.699997 0.915699 7.869844 0.246195 0.980076
158.800003 0.913931 7.863991 0.245196 0.979484
158.899994 0.910146 7.831899 0.245447 0.976186
159.000000 0.913378 7.862324 0.245379 0.981317
159.099991 0.913734 7.864654 0.246501 0.982107
159.199997 0.914400 7.866300 0.243100 0.982300
159.300003 0.912282 7.868274 0.241648 0.982997
159.399994 0.912212 7.867668 0.239940 0.983383
159.500000 0.909518 7.866374 0.239589 0.983022
159.599991 0.909827 7.864541 0.240928 0.983505
159.699997 0.908463 7.865846 0.243497 0.983093
159.800003 0.908518 7.867227 0.240252 0.984103
159.899994 0.908345 7.868121 0.237042 0.983490
160.000000 0.909554 7.869279 0.234759 0.984509
160.099991 0.909481 7.869417 0.234889 0.984514
160.199997 0.909082 7.851571 0.235647 0.980696
160.300003 0.910945 7.868365 0.237781 0.983308
160.399994 0.910920 7.868382 0.236913 0.982684
160.500000 0.911629 7.870997 0.232786 0.982186
160.599991 0.910536 7.868953 0.234706 0.981807
160.699997 0.912235 7.869952 0.235306 0.981707
160.800003 0.912244 7.873863 0.234983 0.982009
160.899994 0.911000 7.872700 0.233600 0.981100
161.000000 0.911271 7.873601 0.231315 0.980715
161.099991 0.909909 7.859613 0.227477 0.978502
161.199997 0.913757 7.874637 0.225113 0.978789
161.300003 0.913535 7.872351 0.223011 0.979208
161.399994 0.912047 7.874324 0.226636 0.978987
161.500000 0.911591 7.874588 0.229123 0.978498
161.599991 0.913174 7.876163 0.232770 0.977993
161.699997 0.912783 7.871974 0.228846 0.978496
161.800003 0.913309 7.872013 0.226977 0.978702
161.899994 0.913535 7.873950 0.225910 0.978808
162.000000 0.913526 7.871638 0.223733 0.979206
162.099991 0.913860 7.869991 0.222144 0.979814
162.199997 0.914949 7.868521 0.221633 0.978787
162.300003 0.914534 7.867253 0.222011 0.978409
162.399994 0.915200 7.870900 0.219400 0.979300
162.500000 0.912600 7.863800 0.223100 0.980200
162.599991 0.912830 7.870096 0.223479 0.980084
162.699997 0.913443 7.870964 0.221089 0.979910
162.800003 0.912961 7.861497 0.221945 0.979414
162.899994 0.914823 7.874487 0.225002 0.981283
163.000000 0.914855 7.871181 0.225684 0.980567
163.099991 0.913291 7.871787 0.226023 0.981998
163.199997 0.913557 7.868234 0.230515 0.980490
163.300003 0.912191 7.872087 0.231023 0.980998
163.399994 0.911921 7.872785 0.232209 0.981884
163.500000 0.911497 7.872141 0.230447 0.982319
163.599991 0.912987 7.874938 0.229999 0.982277
163.699997 0.908156 7.843565 0.228312 0.976839
163.800003 0.911582 7.873675 0.228946 0.981496
163.899994 0.911207 7.872453 0.227327 0.981822
164.000000 0.910572 7.873102 0.229416 0.982014
164.099991 0.909591 7.868587 0.233423 0.982498
164.199997 0.908891 7.868543 0.228274 0.982779
164.300003 0.909255 7.867234 0.227514 0.983092
164.399994 0.906328 7.868240 0.230331 0.983505
164.500000 0.906675 7.869205 0.230516 0.982014
164.599991 0.901291 7.836720 0.231755 0.978176
164.699997 0.905862 7.865746 0.230492 0.982393
164.800003 0.904700 7.858200 0.230500 0.981400
164.899994 0.906981 7.863473 0.228646 0.982897
165.000000 0.907889 7.864037 0.229776 0.981578
165.099991 0.908646 7.863019 0.233427 0.981130
165.199997 0.909610 7.868369 0.231532 0.979880
165.300003 0.909318 7.859428 0.228454 0.978504
165.399994 0.909800 7.865600 0.227700 0.979400
165.500000 0.909518 7.867927 0.227155 0.978804
165.599991 0.910927 7.864640 0.224833 0.978506
165.699997 0.910073 7.871862 0.225268 0.978293
165.800003 0.907791 7.863086 0.222722 0.977298
165.899994 0.907580 7.865225 0.224892 0.976369
166.000000 0.908991 7.873487 0.225823 0.975998
166.099991 0.909382 7.871174 0.226445 0.975995
166.199997 0.909636 7.876749 0.225910 0.976110
166.300003 0.908163 7.875450 0.224390 0.976891
166.399994 0.908237 7.870952 0.225010 0.977609
166.500000 0.907172 7.872662 0.225268 0.979194
166.599991 0.907755 7.870877 0.230662 0.977613
166.699997 0.908064 7.871091 0.227541 0.978315
166.800003 0.905596 7.871358 0.228351 0.978276
166.899994 0.905266 7.870690 0.227641 0.977915
167.000000 0.906944 7.869121 0.228337 0.978787
167.099991 0.905405 7.866767 0.227728 0.978579
167.199997 0.901210 7.856514 0.229577 0.978402
167.300003 0.899860 7.856086 0.229362 0.979113
167.399994 0.900629 7.859083 0.226805 0.979327
167.500000 0.901700 7.861200 0.227100 0.980000
167.599991 0.902351 7.858930 0.227114 0.979090
167.699997 0.904648 7.861770 0.230085 0.979410
167.800003 0.904914 7.861765 0.229924 0.978326
167.899994 0.905832 7.864789 0.233473 0.979429
168.000000 0.905038 7.859856 0.233806 0.979308
168.099991 0.906447 7.861770 0.233883 0.979011
168.199997 0.906366 7.863296 0.235935 0.978915
168.300003 0.906728 7.861541 0.234430 0.979506
168.399994 0.907042 7.861063 0.234198 0.980266
168.500000 0.907281 7.861873 0.231446 0.980696
168.599991 0.908109 7.865414 0.227377 0.980702
168.699997 0.907892 7.859641 0.226374 0.980320
168.800003 0.909045 7.865719 0.223834 0.981189
168.899994 0.909418 7.864727 0.226555 0.980804
169.000000 0.910882 7.865674 0.223645 0.980896
169.099991 0.911247 7.868421 0.221533 0.982289
169.199997 0.912056 7.860630 0.225413 0.981391
169.300003 0.911318 7.870526 0.225855 0.982004
169.399994 0.911562 7.866493 0.223943 0.981213
169.500000 0.912661 7.866893 0.225042 0.981813
169.599991 0.911653 7.865381 0.225165 0.980911
169.699997 0.910655 7.866233 0.227514 0.979090
169.800003 0.910237 7.866707 0.227059 0.979386
169.899994 0.913317 7.867326 0.224355 0.979504
170.000000 0.913243 7.864767 0.221689 0.980210
170.099991 0.911147 7.850410 0.222534 0.978887
170.199997 0.910739 7.857543 0.221899 0.979263
170.300003 0.910927 7.858642 0.219034 0.978406
170.399994 0.910980 7.858228 0.219602 0.979119
170.500000 0.910264 7.852841 0.216387 0.978391
170.599991 0.910082 7.863873 0.213243 0.979596
170.699997 0.910600 7.865700 0.214600 0.979600
170.800003 0.911391 7.864886 0.212621 0.979998
170.899994 0.911144 7.849175 0.211294 0.978311
171.000000 0.912412 7.863965 0.212913 0.980380
171.099991 0.913626 7.861242 0.212136 0.980706
171.199997 0.914483 7.863472 0.211042 0.981096
171.300003 0.914420 7.862292 0.209207 0.981027
171.399994 0.914975 7.857957 0.207262 0.980394
171.500000 0.916450 7.861549 0.204432 0.980735
171.599991 0.916316 7.857157 0.202803 0.980881
171.699997 0.915632 7.862390 0.207766 0.980985
171.800003 0.913995 7.862951 0.207272 0.980521
171.899994 0.911818 7.851629 0.208758 0.978804
172.000000 0.908537 7.836165 0.205918 0.976409
172.099991 0.911403 7.859446 0.206427 0.980579
172.199997 0.911315 7.862679 0.206631 0.979826
172.300003 0.908864 7.855542 0.206283 0.979692
172.399994 0.910109 7.860713 0.204480 0.979802
172.500000 0.909617 7.864376 0.201438 0.979626
172.599991 0.909891 7.863086 0.203820 0.979198
172.699997 0.908355 7.865581 0.201379 0.979612
172.800003 0.908228 7.862341 0.201839 0.979906
172.899994 0.905381 7.843569 0.204641 0.976895
173.000000 0.906593 7.862238 0.204496 0.979121
173.099991 0.906056 7.861982 0.201479 0.981011
173.199997 0.905677 7.862321 0.201462 0.980174
173.300003 0.904410 7.860014 0.201880 0.979302
173.399994 0.904843 7.862206 0.203195 0.980429
173.500000 0.903767 7.858499 0.208254 0.980014
173.599991 0.903426 7.857386 0.208529 0.979527
173.699997 0.901500 7.854300 0.209300 0.980200
173.800003 0.900781 7.856627 0.204245 0.981278
173.899994 0.899530 7.846346 0.206138 0.979506
174.000000 0.901191 7.862749 0.207228 0.981680
174.099991 0.902031 7.859702 0.204743 0.981087
174.199997 0.902417 7.861667 0.202757 0.982421
174.300003 0.904196 7.864536 0.201798 0.982418
174.399994 0.902910 7.864713 0.198580 0.983902
174.500000 0.902120 7.861928 0.202959 0.983503
174.599991 0.900809 7.855859 0.197283 0.983218
174.699997 0.903519 7.865726 0.195361 0.984003
174.800003 0.903677 7.869005 0.190647 0.984213
174.899994 0.904614 7.869183 0.186668 0.984186
175.000000 0.905966 7.869092 0.186370 0.984311
175.099991 0.906072 7.865460 0.184855 0.983795
175.199997 0.904367 7.867193 0.184971 0.984011
175.300003 0.906288 7.870444 0.184321 0.983180
175.399994 0.907672 7.870562 0.183255 0.983995
175.500000 0.907283 7.870517 0.185933 0.985213
175.599991 0.908082 7.871874 0.189038 0.984597
175.699997 0.907363 7.870548 0.189776 0.984394
175.800003 0.908083 7.868819 0.190828 0.983515
175.899994 0.906791 7.868887 0.192819 0.982198
176.000000 0.906266 7.867693 0.191266 0.981413
176.099991 0.905872 7.869161 0.192158 0.981394
176.199997 0.904819 7.866627 0.193061 0.982304
176.300003 0.904343 7.865220 0.193416 0.982389
176.399994 0.903349 7.866453 0.191297 0.983357
176.500000 0.901100 7.854900 0.192100 0.982900
176.599991 0.900430 7.861641 0.190643 0.984205
176.699997 0.901121 7.861489 0.188551 0.982586
176.800003 0.902141 7.862117 0.186612 0.982289
176.899994 0.901600 7.861300 0.183900 0.982700
177.000000 0.901330 7.859242 0.184745 0.982305
177.099991 0.901220 7.860028 0.185263 0.982404
177.199997 0.902322 7.854283 0.185048 0.981785
177.300003 0.900840 7.861256 0.185726 0.982107
177.399994 0.901470 7.859758 0.186156 0.981595
177.500000 0.900220 7.855628 0.183563 0.980604
177.599991 0.901490 7.862586 0.185719 0.980898
177.699997 0.901700 7.860200 0.183800 0.979700
177.800003 0.904210 7.861814 0.183482 0.980002
177.899994 0.903061 7.861044 0.180672 0.979192
178.000000 0.904290 7.859586 0.177618 0.979198
178.099991 0.905319 7.862028 0.173165 0.979204
178.199997 0.906874 7.863910 0.175060 0.978617
178.300003 0.905972 7.862059 0.173752 0.976893
178.399994 0.907272 7.866160 0.176653 0.976393
178.500000 0.908255 7.866879 0.177194 0.976814
178.599991 0.908527 7.866840 0.174048 0.977107
178.699997 0.908018 7.868327 0.174165 0.978804
178.800003 0.906807 7.868968 0.172773 0.979279
178.899994 0.905443 7.854913 0.175005 0.979087
179.000000 0.908075 7.863859 0.177363 0.979639
179.099991 0.908018 7.864528 0.178564 0.979604
179.199997 0.908227 7.866292 0.176641 0.980284
179.300003 0.908791 7.863786 0.174317 0.980098
179.399994 0.909482 7.859317 0.175328 0.980775
179.500000 0.912126 7.867640 0.178946 0.981006
179.599991 0.908964 7.843310 0.178675 0.977316
179.699997 0.910536 7.863854 0.175230 0.978808
179.800003 0.911233 7.864004 0.174239 0.980230
179.899994 0.912035 7.868353 0.175830 0.980908
180.000000 0.910507 7.865761 0.176688 0.980923
180.099991 0.909927 7.863341 0.176447 0.981805
180.199997 0.909109 7.863313 0.178682 0.981402
180.300003 0.907991 7.864486 0.174417 0.981498
180.399994 0.904581 7.846169 0.175435 0.980196
180.500000 0.904833 7.848394 0.174922 0.980086
180.599991 0.908427 7.865640 0.175147 0.983605
180.699997 0.905919 7.859028 0.176265 0.982903
180.800003 0.905466 7.858299 0.178775 0.982612
180.899994 0.903481 7.852270 0.182236 0.981896
181.000000 0.905900 7.866100 0.184300 0.984000
181.099991 0.903867 7.861597 0.187569 0.984311
181.199997 0.904438 7.862855 0.183527 0.983307
181.300003 0.902603 7.848349 0.184184 0.982082
181.399994 0.903704 7.855656 0.185085 0.984284
181.500000 0.903771 7.854856 0.183155 0.982895
181.599991 0.903854 7.855231 0.181110 0.982628
181.699997 0.903790 7.853186 0.181718 0.981998
181.800003 0.904571 7.851255 0.180754 0.981494
181.899994 0.904286 7.849735 0.183135 0.981117
182.000000 0.903122 7.848779 0.186549 0.981485
182.099991 0.905466 7.852503 0.188368 0.981913
182.199997 0.903858 7.850690 0.187188 0.982910
182.300003 0.903048 7.841479 0.188306 0.980510
182.399994 0.903352 7.850325 0.186693 0.981591
182.500000 0.903078 7.851519 0.182954 0.981515
182.599991 0.900859 7.846292 0.181591 0.981911
182.699997 0.901723 7.844520 0.178121 0.982569
182.800003 0.902102 7.847347 0.179580 0.982382
182.899994 0.902916 7.850179 0.181482 0.982920
183.000000 0.902619 7.847330 0.182264 0.983003
183.099991 0.903081 7.850770 0.181936 0.983097
183.199997 0.903629 7.850045 0.181745 0.982405
183.300003 0.904838 7.850860 0.183427 0.981907
183.399994 0.903119 7.849330 0.187662 0.981504
183.500000 0.902110 7.847015 0.189481 0.981602
183.599991 0.903442 7.846808 0.189113 0.981589
183.699997 0.904190 7.846485 0.190019 0.980898
183.800003 0.904010 7.845816 0.188981 0.981402
183.899994 0.904552 7.846323 0.190795 0.982491
184.000000 0.904724 7.849079 0.189552 0.982086
184.099991 0.901310 7.820718 0.185381 0.978502
184.199997 0.904757 7.850789 0.190186 0.982511
184.300003 0.906128 7.847146 0.191942 0.982205
184.399994 0.907945 7.850611 0.195017 0.982289
184.500000 0.906465 7.854403 0.195563 0.981613
184.599991 0.906547 7.854472 0.194503 0.982209
184.699997 0.907918 7.852530 0.192861 0.982004
184.800003 0.907184 7.852033 0.194025 0.980817
184.899994 0.907554 7.852827 0.192196 0.980390
185.000000 0.909882 7.855471 0.189438 0.979396
185.099991 0.909926 7.850209 0.190234 0.979029
185.199997 0.908464 7.846508 0.186669 0.979714
185.300003 0.906665 7.844809 0.186270 0.979115
185.399994 0.907637 7.847461 0.190424 0.978709
185.500000 0.907270 7.849289 0.187763 0.980172
185.599991 0.907072 7.851155 0.188457 0.979794
185.699997 0.906765 7.852004 0.184771 0.979215
185.800003 0.905096 7.853439 0.186805 0.979477
185.899994 0.904990 7.853485 0.182618 0.980998
186.000000 0.903477 7.850020 0.176759 0.981115
186.099991 0.903481 7.848670 0.177235 0.981196
186.199997 0.905000 7.850900 0.176400 0.981600
186.300003 0.905028 7.852044 0.175547 0.981306
186.399994 0.905847 7.853673 0.171114 0.982509
186.500000 0.906181 7.855371 0.167433 0.982497
186.599991 0.908964 7.857243 0.164366 0.981192
186.699997 0.909792 7.858130 0.163997 0.980677
186.800003 0.909309 7.858915 0.163584 0.980902
186.899994 0.907983 7.853332 0.162154 0.980817
187.000000 0.908054 7.844022 0.167584 0.980190
187.099991 0.908863 7.857586 0.168653 0.982073
187.199997 0.907782 7.853771 0.165333 0.982897
187.300003 0.907289 7.854625 0.160092 0.982679
187.399994 0.905653 7.848224 0.158079 0.982491
187.500000 0.904576 7.829278 0.158306 0.978973
187.599991 0.907491 7.849685 0.157116 0.981998
187.699997 0.908308 7.851352 0.159760 0.981081
187.800003 0.907892 7.854346 0.161638 0.982817
187.899994 0.906184 7.838046 0.158258 0.981217
188.000000 0.908855 7.854987 0.160204 0.983210
188.099991 0.907428 7.853244 0.160552 0.983005
188.199997 0.906019 7.848930 0.158068 0.982503
188.300003 0.906475 7.852818 0.160372 0.982714
188.399994 0.906837 7.847761 0.160936 0.982607
188.500000 0.906472 7.852156 0.163149 0.983795
188.599991 0.907900 7.854800 0.164800 0.984600
188.699997 0.908973 7.858401 0.163829 0.985380
188.800003 0.905609 7.839716 0.159284 0.982802
188.899994 0.906356 7.859584 0.161703 0.984709
189.000000 0.905505 7.855356 0.161862 0.984585
189.099991 0.904900 7.848800 0.160400 0.983800
189.199997 0.907418 7.856828 0.156869 0.983503
189.300003 0.907900 7.855801 0.155200 0.983200
189.399994 0.907882 7.847169 0.154831 0.982096
189.500000 0.907500 7.852699 0.153200 0.984600
189.599991 0.906460 7.847471 0.155934 0.984176
189.699997 0.908600 7.853700 0.157300 0.985200
189.800003 0.909091 7.848551 0.155345 0.984515
189.899994 0.909473 7.857457 0.154246 0.984795
190.000000 0.909500 7.854239 0.152067 0.983982
190.099991 0.909546 7.855313 0.152692 0.983590
190.199997 0.909800 7.851200 0.151400 0.980700
190.300003 0.910616 7.852292 0.152202 0.979626
190.399994 0.913191 7.864587 0.148815 0.980498
190.500000 0.914540 7.869009 0.148904 0.980086
190.599991 0.912956 7.865433 0.149675 0.979490
190.699997 0.914637 7.867312 0.152256 0.979633
190.800003 0.914409 7.859314 0.152485 0.979802
190.899994 0.915783 7.864773 0.153231 0.980996
191.000000 0.914486 7.860939 0.152847 0.979720
191.099991 0.914183 7.860772 0.151430 0.978296
191.199997 0.912570 7.857514 0.154277 0.978917
191.300003 0.912987 7.860340 0.157143 0.979421
191.399994 0.911738 7.861903 0.152707 0.979886
191.500000 0.912835 7.857457 0.150140 0.980008
191.599991 0.912365 7.862245 0.150960 0.980592
191.699997 0.913926 7.861042 0.152354 0.978806
191.800003 0.912970 7.840827 0.154077 0.975719
191.899994 0.916425 7.865979 0.155640 0.977980
192.000000 0.916783 7.865373 0.153531 0.979896
192.099991 0.914174 7.839552 0.155147 0.976393
192.199997 0.915625 7.865441 0.159252 0.980106
192.300003 0.916917 7.866167 0.158458 0.979379
192.399994 0.917183 7.865934 0.158741 0.978222
192.500000 0.917067 7.865246 0.159464 0.978591
192.599991 0.917542 7.863905 0.156810 0.978385
192.699997 0.918174 7.865022 0.157159 0.978719
192.800003 0.916858 7.864096 0.155591 0.980014
192.899994 0.917083 7.863736 0.157343 0.980719
193.000000 0.917766 7.864808 0.160172 0.981115
193.099991 0.918857 7.867393 0.158789 0.981313
193.199997 0.918508 7.862814 0.157584 0.980202
193.300003 0.918257 7.866693 0.160787 0.980314
193.399994 0.919016 7.865127 0.161368 0.980404
193.500000 0.919564 7.863609 0.162070 0.979516
193.599991 0.919008 7.867313 0.164084 0.979402
193.699997 0.917808 7.868213 0.160384 0.978902
193.800003 0.916241 7.865906 0.160712 0.978785
193.899994 0.915774 7.865699 0.160441 0.979970
194.000000 0.914966 7.867047 0.162665 0.981192
194.099991 0.917333 7.866253 0.162235 0.982007
194.199997 0.917217 7.864427 0.162268 0.981604
194.300003 0.918410 7.864851 0.158975 0.981279
194.399994 0.918165 7.865308 0.158074 0.980915
194.500000 0.919219 7.868468 0.154254 0.980581
194.599991 0.918792 7.867487 0.154315 0.979598
194.699997 0.920572 7.866220 0.153462 0.979419
194.800003 0.918968 7.858943 0.154562 0.978591
194.899994 0.917541 7.850675 0.154323 0.976812
195.000000 0.919464 7.868905 0.153277 0.978717
195.099991 0.920668 7.869347 0.153261 0.978591
195.199997 0.921168 7.867747 0.152461 0.978091
195.300003 0.919748 7.859085 0.148011 0.977813
195.399994 0.920971 7.865921 0.149465 0.979618
195.500000 0.921855 7.866793 0.149395 0.978015
195.599991 0.921324 7.864841 0.153154 0.979106
195.699997 0.919416 7.862827 0.156069 0.980404
195.800003 0.920940 7.864568 0.155822 0.980610
195.899994 0.918102 7.852623 0.158190 0.978775
196.000000 0.919297 7.863763 0.155913 0.980124
196.099991 0.919696 7.863523 0.158806 0.979273
196.199997 0.920324 7.866639 0.159452 0.977707
196.300003 0.918069 7.863782 0.161258 0.979167
196.399994 0.919389 7.866646 0.161622 0.978324
196.500000 0.920076 7.867761 0.163149 0.977593
196.599991 0.919724 7.859942 0.166450 0.977107
196.699997 0.921561 7.866434 0.166483 0.978289
196.800003 0.919508 7.864114 0.164584 0.979502
196.899994 0.920388 7.866947 0.165218 0.980222
197.000000 0.919560 7.863832 0.163782 0.980190
197.099991 0.917659 7.861330 0.163782 0.981491
197.199997 0.917841 7.863368 0.165417 0.982309
197.300003 0.918392 7.863787 0.167717 0.983098
197.399994 0.919089 7.864649 0.167016 0.983218
197.500000 0.920729 7.867480 0.163247 0.982484
197.599991 0.920396 7.867958 0.162505 0.982521
197.699997 0.918510 7.868856 0.161878 0.981880
197.800003 0.919068 7.870248 0.162165 0.981793
197.899994 0.918743 7.869308 0.163314 0.981887
198.000000 0.919800 7.864300 0.158600 0.981900
198.099991 0.920568 7.872048 0.155362 0.983193
198.199997 0.920676 7.870561 0.153846 0.982195
198.300003 0.919844 7.867007 0.156209 0.981487
198.399994 0.920072 7.870092 0.156550 0.981070
198.500000 0.919168 7.858243 0.153261 0.977691
198.599991 0.920304 7.859832 0.152383 0.977773
198.699997 0.920516 7.869226 0.151470 0.978504
198.800003 0.921055 7.863696 0.151894 0.979015
198.899994 0.921908 7.871912 0.154385 0.980302
199.000000 0.922339 7.870964 0.156622 0.980810
199.099991 0.923492 7.874187 0.155816 0.982198
199.199997 0.924192 7.872387 0.159916 0.982298
199.300003 0.924485 7.872974 0.161232 0.981796
199.399994 0.926763 7.872937 0.163182 0.981291
199.500000 0.926463 7.871836 0.158779 0.981091
199.599991 0.922861 7.851526 0.158079 0.979290
199.699997 0.925689 7.871507 0.154331 0.982574
199.800003 0.924885 7.870674 0.156131 0.983697
199.899994 0.923531 7.852659 0.157037 0.981008
