0.000000 0.000100 0.000800 0.000200 0.000100
0.100000 0.000600 0.006803 0.000900 0.001301
0.200000 0.001397 0.013474 0.001597 0.002196
0.300000 0.001997 0.018972 0.002496 0.003195
0.400000 0.002702 0.022220 0.003703 0.003904
0.500000 0.003999 0.025995 0.004699 0.004599
0.600000 0.004395 0.031163 0.006193 0.005493
0.700000 0.004699 0.037189 0.007398 0.005298
0.800000 0.005896 0.039976 0.009594 0.006096
0.900000 0.007592 0.043956 0.009990 0.006294
1.000000 0.008609 0.045050 0.009911 0.008309
1.100000 0.009203 0.048915 0.010603 0.009403
1.200000 0.009595 0.049575 0.010395 0.010395
1.300000 0.010493 0.053063 0.011492 0.010293
1.400000 0.011409 0.055144 0.012410 0.010408
1.500000 0.011709 0.056145 0.013411 0.011209
1.600000 0.012705 0.054122 0.013605 0.010604
1.700000 0.013497 0.052589 0.014197 0.010298
1.800000 0.013708 0.056234 0.015009 0.010706
1.900000 0.015109 0.056034 0.014909 0.011707
2.000000 0.017207 0.056523 0.013505 0.010804
2.100000 0.018000 0.056000 0.016200 0.010800
2.200000 0.018889 0.055966 0.018789 0.010893
2.300000 0.019496 0.056989 0.019096 0.010898
2.400000 0.020579 0.056144 0.019880 0.012088
2.500000 0.021179 0.056444 0.020879 0.012088
2.600000 0.022484 0.059658 0.020885 0.012691
2.700000 0.022889 0.060570 0.021989 0.012694
2.800000 0.023416 0.062344 0.021115 0.013209
2.900000 0.023900 0.062600 0.022300 0.013200
3.000000 0.023186 0.062363 0.024385 0.012493
3.100000 0.024312 0.062531 0.024812 0.012606
3.200000 0.024980 0.065348 0.025080 0.012690
3.300000 0.027319 0.066146 0.027219 0.012709
3.400000 0.027305 0.064213 0.028906 0.013803
3.500000 0.027381 0.063356 0.029280 0.013690
3.600000 0.026697 0.063994 0.029497 0.014299
3.700000 0.027297 0.065193 0.030397 0.013599
3.800000 0.026878 0.065947 0.031675 0.013889
3.900000 0.027600 0.066200 0.034700 0.014400
4.000000 0.028211 0.067327 0.034314 0.014206
4.100000 0.028223 0.064251 0.034327 0.013911
4.200000 0.028780 0.064255 0.036275 0.014590
4.300000 0.029606 0.064113 0.035807 0.016303
4.400000 0.030339 0.064083 0.036447 0.016421
4.500000 0.029903 0.064306 0.037204 0.017102
4.600000 0.030718 0.062838 0.037322 0.017110
4.700000 0.030149 0.062394 0.038834 0.017171
4.800000 0.030800 0.067000 0.037500 0.016700
4.900000 0.030421 0.065946 0.037226 0.017012
5.000000 0.030894 0.063687 0.039292 0.016497
5.100000 0.031147 0.062494 0.038458 0.017526
5.200000 0.031819 0.064138 0.040124 0.018011
5.300000 0.032145 0.063889 0.039155 0.018426
5.400000 0.032716 0.060630 0.039920 0.018409
5.500000 0.033690 0.060682 0.039388 0.017595
5.600000 0.033786 0.061076 0.040184 0.017193
5.700000 0.033717 0.062231 0.041821 0.017309
5.800000 0.033660 0.063224 0.042249 0.017978
5.900000 0.033920 0.063538 0.043926 0.017410
6.000000 0.033783 0.065467 0.043578 0.017291
6.100000 0.033880 0.069358 0.044173 0.017989
6.200000 0.032936 0.066273 0.043748 0.018320
6.300000 0.033310 0.066420 0.042913 0.018506
6.400000 0.034010 0.065420 0.045714 0.018406
6.500000 0.033993 0.066487 0.045191 0.017896
6.600000 0.034300 0.067500 0.046500 0.018200
6.700000 0.034683 0.068066 0.048676 0.018291
6.800000 0.036396 0.068493 0.047895 0.018598
6.900000 0.036407 0.067714 0.050210 0.019004
7.000000 0.035775 0.066853 0.051364 0.019187
7.100000 0.035007 0.067013 0.053311 0.018204
7.200000 0.035993 0.068186 0.054089 0.017696
7.300000 0.036460 0.067026 0.056038 0.016782
7.400000 0.037404 0.066307 0.058006 0.016302
7.500000 0.037410 0.067638 0.057362 0.015762
7.600000 0.039512 0.065920 0.055817 0.016205
7.700000 0.041463 0.067639 0.057049 0.015586
7.800000 0.041842 0.067367 0.058258 0.016416
7.900000 0.043461 0.070636 0.057848 0.016185
8.000000 0.044304 0.071507 0.058806 0.015802
8.099999 0.043313 0.069821 0.060118 0.014604
8.200000 0.043326 0.067685 0.059998 0.015074
8.300000 0.043452 0.068724 0.060234 0.015083
8.400000 0.045273 0.069758 0.060863 0.014691
8.500000 0.046491 0.070186 0.060188 0.015697
8.599999 0.046295 0.070793 0.057994 0.015598
8.700000 0.045005 0.070507 0.059906 0.015702
8.800000 0.045477 0.069665 0.061469 0.015392
8.900000 0.044654 0.069383 0.061774 0.016420
9.000000 0.045254 0.072687 0.063376 0.016019
9.099999 0.044782 0.074370 0.062075 0.015694
9.200000 0.044222 0.073637 0.062931 0.016308
9.300000 0.044447 0.074411 0.063224 0.015981
9.400000 0.045886 0.072878 0.062381 0.015995
9.500000 0.045514 0.074522 0.062619 0.016805
9.599999 0.045268 0.077446 0.066054 0.017388
9.700000 0.046300 0.075200 0.068600 0.016400
9.800000 0.045163 0.073503 0.069097 0.016223
9.900000 0.045564 0.073441 0.069844 0.016287
10.000000 0.045264 0.075440 0.072542 0.016487
10.099999 0.045146 0.076908 0.074610 0.015681
10.200000 0.045664 0.077208 0.074905 0.015822
10.300000 0.046467 0.077446 0.075847 0.015889
10.400000 0.046372 0.075655 0.075854 0.016790
10.500000 0.047223 0.075396 0.075797 0.016844
10.599999 0.048229 0.074245 0.077547 0.016110
10.700000 0.049129 0.076846 0.077947 0.017210
10.800000 0.051485 0.075977 0.080376 0.016995
10.900000 0.053532 0.074945 0.082049 0.017711
11.000000 0.054162 0.076446 0.080743 0.018987
11.099999 0.054467 0.075954 0.078753 0.019488
11.200000 0.054933 0.073444 0.078447 0.020012
11.300000 0.054984 0.074378 0.079176 0.019994
11.400000 0.056050 0.071336 0.075932 0.018883
11.500000 0.054851 0.072934 0.077131 0.019183
11.599999 0.054338 0.073051 0.076353 0.019514
11.700000 0.052257 0.073180 0.077485 0.020322
11.800000 0.052547 0.073766 0.077270 0.019918
11.900000 0.052263 0.073249 0.079944 0.019187
12.000000 0.050775 0.073463 0.081759 0.018491
12.099999 0.051267 0.076600 0.083609 0.018424
12.200000 0.052021 0.075630 0.085734 0.019008
12.300000 0.051690 0.076585 0.086783 0.018696
12.400000 0.050795 0.077892 0.087491 0.019098
12.500000 0.050585 0.077077 0.091273 0.019394
12.599999 0.052321 0.078731 0.092637 0.020208
12.700000 0.051472 0.078009 0.096034 0.019627
12.799999 0.051341 0.079163 0.096577 0.019315
12.900000 0.051943 0.082309 0.098292 0.019279
13.000000 0.053231 0.083691 0.097973 0.018476
13.099999 0.053357 0.083233 0.096223 0.018685
13.200000 0.053074 0.078810 0.097637 0.017725
13.299999 0.053315 0.078175 0.098243 0.018071
13.400000 0.053058 0.081235 0.097822 0.018285
13.500000 0.052753 0.079229 0.099311 0.017584
13.599999 0.052668 0.081451 0.102139 0.018089
13.700000 0.052395 0.082992 0.099590 0.019298
13.799999 0.053520 0.082576 0.101348 0.018972
13.900000 0.053589 0.084183 0.105479 0.017696
14.000000 0.053816 0.085126 0.106932 0.017705
14.099999 0.054562 0.083542 0.109224 0.017088
14.200000 0.053857 0.079137 0.105915 0.016886
14.299999 0.053895 0.079692 0.105189 0.016698
14.400000 0.052116 0.081024 0.106332 0.017605
14.500000 0.052700 0.082300 0.106800 0.017200
14.599999 0.053211 0.084717 0.109822 0.016603
14.700000 0.053295 0.088291 0.111689 0.015698
14.799999 0.052874 0.089855 0.114243 0.014393
14.900000 0.052774 0.088656 0.114443 0.014993
15.000000 0.052721 0.087635 0.113645 0.015406
15.099999 0.052479 0.085966 0.117753 0.013994
15.200000 0.053279 0.085166 0.119452 0.014494
15.299999 0.052426 0.086143 0.118659 0.014207
15.400000 0.052490 0.086083 0.120776 0.014597
15.500000 0.053037 0.085660 0.125388 0.015011
15.599999 0.052926 0.085043 0.122461 0.014207
15.700000 0.051948 0.084615 0.125574 0.015385
15.799999 0.053336 0.084099 0.126648 0.015082
15.900000 0.053959 0.086695 0.127741 0.015817
16.000000 0.054095 0.087091 0.125687 0.015498
16.100000 0.052684 0.086974 0.126862 0.016095
16.199999 0.052663 0.087339 0.123314 0.016389
16.299999 0.054087 0.088942 0.127003 0.016827
16.400000 0.053986 0.089042 0.128506 0.016126
16.500000 0.053443 0.090472 0.130304 0.016413
16.600000 0.053200 0.090700 0.132600 0.016400
16.699999 0.053468 0.093444 0.130722 0.016490
16.799999 0.053962 0.093734 0.131008 0.015289
16.900000 0.054162 0.092735 0.134406 0.015589
17.000000 0.055722 0.091737 0.136855 0.014606
17.100000 0.056617 0.091227 0.139242 0.015305
17.199999 0.056946 0.091974 0.140713 0.016313
17.299999 0.057306 0.092009 0.142214 0.016402
17.400000 0.056581 0.090710 0.140405 0.014569
17.500000 0.056794 0.089191 0.140486 0.015198
17.600000 0.056900 0.088400 0.141100 0.014900
17.699999 0.057835 0.090654 0.142185 0.015209
17.799999 0.058083 0.087674 0.137259 0.015895
17.900000 0.058423 0.085834 0.131953 0.015606
18.000000 0.059106 0.083908 0.130213 0.015802
18.100000 0.058429 0.083342 0.129765 0.016608
18.199999 0.058724 0.085689 0.128833 0.016479
18.299999 0.060436 0.086752 0.131779 0.016410
18.400000 0.061212 0.088918 0.131226 0.017904
18.500000 0.061931 0.091346 0.131266 0.017709
18.600000 0.061514 0.091472 0.129419 0.018574
18.699999 0.062344 0.093265 0.131992 0.018313
18.799999 0.062750 0.090372 0.131906 0.018114
18.900000 0.062606 0.090209 0.130313 0.019002
19.000000 0.063932 0.091946 0.131066 0.018409
19.100000 0.062887 0.090882 0.129174 0.018196
19.199999 0.063583 0.092821 0.130770 0.018724
19.299999 0.064468 0.093653 0.129335 0.017791
19.400000 0.065187 0.094781 0.127075 0.017197
19.500000 0.064900 0.092900 0.125700 0.016200
19.600000 0.064845 0.093666 0.128690 0.016612
19.699999 0.065913 0.094019 0.131526 0.016003
19.799999 0.066293 0.091791 0.135286 0.015798
19.900000 0.067133 0.091508 0.134665 0.014785
20.000000 0.068123 0.090964 0.135344 0.014125
20.100000 0.066540 0.091655 0.137382 0.014409
20.199999 0.066993 0.090191 0.139886 0.013899
20.299999 0.066146 0.091264 0.136496 0.012709
20.400000 0.066120 0.093928 0.140242 0.012904
20.500000 0.066134 0.092707 0.136763 0.012987
20.600000 0.065987 0.095581 0.135273 0.012997
20.699999 0.065213 0.093919 0.137127 0.013703
20.799999 0.065840 0.095958 0.137883 0.015009
20.900000 0.065841 0.095514 0.135478 0.015186
21.000000 0.065235 0.090709 0.138761 0.014985
21.100000 0.063962 0.091045 0.139017 0.015591
21.199999 0.064126 0.091737 0.137855 0.017307
21.299999 0.065274 0.092063 0.138545 0.017593
21.400000 0.064162 0.091445 0.137018 0.017290
21.500000 0.063562 0.089446 0.139816 0.017989
21.600000 0.063157 0.088179 0.141427 0.018116
21.699999 0.063713 0.090318 0.142529 0.018104
21.799999 0.063494 0.092391 0.145385 0.018198
21.900000 0.064519 0.092728 0.145044 0.017705
22.000000 0.065813 0.093419 0.146329 0.018204
22.100000 0.066720 0.093987 0.148821 0.018678
22.199999 0.067907 0.094209 0.152215 0.018502
22.299999 0.068304 0.095267 0.156880 0.018973
22.400000 0.068641 0.094357 0.152191 0.018811
22.500000 0.068834 0.094047 0.150775 0.020110
22.600000 0.067213 0.093619 0.154131 0.019004
22.699999 0.067314 0.094260 0.155264 0.019333
22.799999 0.067534 0.095248 0.157079 0.019510
22.900000 0.068239 0.094615 0.155760 0.019383
23.000000 0.069604 0.094241 0.154131 0.019830
23.100000 0.069593 0.094491 0.155384 0.020398
23.199999 0.070258 0.095842 0.157006 0.020388
23.299999 0.070501 0.096565 0.160276 0.021071
23.400000 0.071793 0.097890 0.157884 0.021198
23.500000 0.071179 0.099470 0.156553 0.021793
23.600000 0.070542 0.098559 0.154793 0.022413
23.699999 0.070286 0.101680 0.157968 0.021496
23.799999 0.070487 0.101038 0.157448 0.022264
23.900000 0.070936 0.099710 0.158457 0.021281
24.000000 0.071293 0.097590 0.155984 0.021598
24.100000 0.072251 0.099269 0.155209 0.021315
24.199999 0.072620 0.100290 0.155928 0.021277
24.299999 0.072129 0.100840 0.159164 0.021108
24.400000 0.072556 0.100440 0.158005 0.020788
24.500000 0.072758 0.099780 0.161729 0.020616
24.600000 0.071336 0.099750 0.162381 0.021211
24.699999 0.071843 0.099820 0.161571 0.019884
24.799999 0.072951 0.100871 0.160913 0.019213
24.900000 0.075170 0.102459 0.164334 0.018293
25.000000 0.075220 0.103966 0.166867 0.018530
25.100000 0.075077 0.104169 0.168050 0.018594
25.199999 0.076091 0.105226 0.168803 0.018022
25.299999 0.076085 0.104379 0.169466 0.018096
25.400000 0.076539 0.105416 0.170663 0.017186
25.500000 0.076800 0.106561 0.168081 0.017078
25.599998 0.077584 0.107778 0.166367 0.016097
25.699999 0.077308 0.106011 0.167817 0.015802
25.799999 0.077008 0.106411 0.167417 0.015902
25.900000 0.075602 0.107460 0.165784 0.014481
26.000000 0.076107 0.106850 0.167434 0.013819
26.099998 0.077269 0.105958 0.168033 0.014394
26.199999 0.075615 0.107722 0.166533 0.015303
26.299999 0.076062 0.109145 0.166917 0.015992
26.400000 0.075915 0.107121 0.168334 0.016303
26.500000 0.076739 0.107014 0.172362 0.016787
26.599998 0.078078 0.107908 0.173774 0.017317
26.699999 0.079844 0.108724 0.176077 0.018287
26.799999 0.079964 0.108615 0.174503 0.017670
26.900000 0.080957 0.109877 0.176924 0.017312
27.000000 0.079208 0.106911 0.175518 0.017402
27.099998 0.078700 0.106700 0.175200 0.017600
27.199999 0.079055 0.109076 0.176824 0.017412
27.299999 0.077530 0.107703 0.175442 0.017684
27.400000 0.079257 0.108105 0.178579 0.017768
27.500000 0.080464 0.107486 0.176441 0.017314
27.599998 0.079560 0.104948 0.181409 0.017191
27.699999 0.079348 0.104062 0.180208 0.017010
27.799999 0.079784 0.104779 0.181364 0.016197
27.900000 0.078257 0.103808 0.180661 0.015631
28.000000 0.079160 0.106947 0.180810 0.014893
28.099998 0.076931 0.106042 0.180772 0.014806
28.199999 0.077939 0.105253 0.177589 0.014407
28.299999 0.078155 0.106575 0.173321 0.014410
28.400000 0.078826 0.108373 0.174179 0.014022
28.500000 0.079248 0.107665 0.174505 0.013508
28.599998 0.080032 0.109144 0.174170 0.015306
28.699999 0.080116 0.110522 0.173835 0.014303
28.799999 0.082633 0.111445 0.175970 0.013405
28.900000 0.081743 0.112022 0.172679 0.013690
29.000000 0.081816 0.112222 0.168634 0.013303
29.099998 0.080464 0.111289 0.163531 0.013611
29.199999 0.080024 0.111133 0.161949 0.013104
29.299999 0.081032 0.113445 0.163165 0.014306
29.400000 0.080729 0.112881 0.163862 0.013922
29.500000 0.081633 0.109544 0.163966 0.014906
29.599998 0.081633 0.109244 0.164666 0.015106
29.699999 0.082008 0.107511 0.167517 0.016802
29.799999 0.082108 0.107811 0.169417 0.016402
29.900000 0.081008 0.105911 0.169817 0.016602
30.000000 0.080379 0.106241 0.167649 0.016176
30.099998 0.079248 0.105563 0.171303 0.017010
30.199999 0.077838 0.104117 0.172262 0.016787
30.299999 0.076992 0.104790 0.172783 0.018098
30.400000 0.077107 0.105174 0.172193 0.018578
30.500000 0.076314 0.103655 0.177767 0.018327
30.599998 0.076054 0.104437 0.178393 0.018989
30.699999 0.076115 0.104521 0.175735 0.018504
30.799999 0.076731 0.106543 0.172469 0.017907
30.900000 0.077100 0.106400 0.176000 0.018100
31.000000 0.075624 0.107293 0.176523 0.018881
31.099998 0.077246 0.106764 0.177106 0.018711
31.199999 0.078531 0.106543 0.180172 0.018107
31.299999 0.077999 0.106861 0.181564 0.017078
31.400000 0.077085 0.108278 0.181164 0.016597
31.500000 0.075670 0.106557 0.180728 0.015594
31.599998 0.077723 0.109933 0.177253 0.015505
31.699999 0.078330 0.110301 0.176741 0.015686
31.799999 0.076716 0.107881 0.172810 0.015883
31.900000 0.076639 0.107914 0.176459 0.017086
32.000000 0.077000 0.106961 0.174873 0.016379
32.099998 0.078539 0.105853 0.172086 0.015808
32.200001 0.077385 0.105279 0.172965 0.015897
32.299999 0.076423 0.106232 0.172552 0.016605
32.399998 0.077108 0.107611 0.173517 0.017402
32.500000 0.077377 0.109510 0.172072 0.016717
32.599998 0.076731 0.107643 0.173469 0.016707
32.700001 0.075870 0.107357 0.174530 0.016194
32.799999 0.074455 0.105936 0.173296 0.014991
32.899998 0.074596 0.106151 0.171460 0.015279
33.000000 0.075899 0.105938 0.170622 0.015720
33.099998 0.075978 0.104133 0.174022 0.016474
33.200001 0.074126 0.101498 0.174126 0.016983
33.299999 0.073948 0.102605 0.174449 0.017234
33.399998 0.075300 0.101700 0.174900 0.017300
33.500000 0.073407 0.102510 0.172917 0.017302
33.599998 0.072822 0.100530 0.172552 0.017805
33.700001 0.072115 0.098357 0.172075 0.018229
33.799999 0.071700 0.101700 0.171600 0.018600
33.899998 0.073922 0.105032 0.171752 0.017805
34.000000 0.074790 0.106027 0.173708 0.017721
34.099998 0.073385 0.105679 0.175365 0.018696
34.200001 0.072978 0.105968 0.177747 0.018894
34.299999 0.073456 0.104537 0.178193 0.019188
34.399998 0.074355 0.104038 0.177493 0.018889
34.500000 0.074241 0.106115 0.178257 0.018385
34.599998 0.073129 0.105642 0.181973 0.018007
34.700001 0.073266 0.106696 0.183165 0.017716
34.799999 0.074985 0.106879 0.183863 0.017896
34.899998 0.074070 0.110656 0.183127 0.017893
35.000000 0.073263 0.109445 0.186207 0.017891
35.099998 0.072364 0.106447 0.189705 0.017891
35.200001 0.071550 0.105726 0.191066 0.017987
35.299999 0.074159 0.106986 0.189952 0.017614
35.399998 0.074122 0.108132 0.190557 0.017305
35.500000 0.073585 0.108978 0.193361 0.017996
35.599998 0.072507 0.106211 0.192919 0.017502
35.700001 0.072507 0.108711 0.191719 0.017502
35.799999 0.072286 0.109178 0.193061 0.018296
35.899998 0.073215 0.111522 0.193839 0.018504
36.000000 0.073726 0.111888 0.196803 0.018182
36.099998 0.074678 0.111966 0.195341 0.017495
36.200001 0.074955 0.110634 0.193584 0.017589
36.299999 0.074978 0.110567 0.191742 0.016595
36.399998 0.073675 0.109214 0.191974 0.016173
36.500000 0.073866 0.108798 0.194175 0.016415
36.599998 0.075938 0.113057 0.197099 0.015608
36.700001 0.076376 0.112513 0.198899 0.015616
36.799999 0.078091 0.114540 0.201118 0.014779
36.899998 0.078239 0.115458 0.201201 0.014907
37.000000 0.077862 0.114091 0.201962 0.014512
37.099998 0.076992 0.113336 0.202443 0.014718
37.200001 0.077485 0.114377 0.204159 0.015397
37.299999 0.077431 0.114546 0.207183 0.015806
37.399998 0.078153 0.113732 0.210074 0.015791
37.500000 0.076353 0.113379 0.207745 0.015511
37.599998 0.076969 0.114703 0.211891 0.015614
37.700001 0.079588 0.116929 0.213735 0.016018
37.799999 0.079216 0.118824 0.217243 0.016703
37.899998 0.080052 0.119428 0.217569 0.016890
38.000000 0.079532 0.119248 0.216587 0.018007
38.099998 0.079796 0.120144 0.220064 0.018122
38.200001 0.079084 0.121376 0.221656 0.018896
38.299999 0.078376 0.122363 0.226032 0.017595
38.399998 0.078724 0.119536 0.230169 0.016605
38.500000 0.078787 0.118430 0.233557 0.017019
38.599998 0.079219 0.116875 0.234952 0.017326
38.700001 0.078776 0.118864 0.238029 0.017695
38.799999 0.080743 0.119716 0.238833 0.017887
38.899998 0.080440 0.119760 0.239320 0.017809
39.000000 0.081898 0.119543 0.240989 0.018122
39.099998 0.081246 0.120216 0.243037 0.017431
39.200001 0.081257 0.120885 0.247473 0.015511
39.299999 0.080540 0.118559 0.248424 0.015008
39.399998 0.080156 0.117082 0.249875 0.016311
39.500000 0.080408 0.118912 0.251825 0.016902
39.599998 0.078829 0.118393 0.249575 0.015786
39.700001 0.080268 0.119952 0.250400 0.015394
39.799999 0.080940 0.120860 0.251626 0.016608
39.899998 0.080624 0.120036 0.249575 0.016105
40.000000 0.080564 0.119195 0.251501 0.015813
40.099998 0.080076 0.117265 0.253024 0.014396
40.200001 0.080500 0.120200 0.257600 0.015400
40.299999 0.080965 0.119896 0.257906 0.016713
40.399998 0.081032 0.119048 0.257903 0.017307
40.500000 0.081984 0.117077 0.263947 0.017497
40.599998 0.082301 0.118658 0.266580 0.016780
40.700001 0.082883 0.122176 0.270246 0.016897
40.799999 0.082808 0.119555 0.270051 0.017122
40.899998 0.082007 0.121158 0.269951 0.017523
41.000000 0.080452 0.118129 0.268639 0.018289
41.099998 0.081065 0.120096 0.267514 0.018014
41.200001 0.081341 0.120160 0.269835 0.016908
41.299999 0.080148 0.119872 0.269562 0.016510
41.399998 0.081535 0.121403 0.271183 0.016587
41.500000 0.080592 0.120288 0.273373 0.016698
41.599998 0.080708 0.119512 0.273327 0.016802
41.700001 0.079800 0.117900 0.280200 0.017000
41.799999 0.079565 0.118099 0.282819 0.016572
41.899998 0.079536 0.118805 0.283873 0.016687
42.000000 0.078606 0.117259 0.281163 0.016480
42.099998 0.077562 0.118395 0.282426 0.017514
42.200001 0.077346 0.119017 0.281603 0.017188
42.299999 0.077154 0.118929 0.285229 0.017689
42.399998 0.077877 0.118564 0.289913 0.019694
42.500000 0.077516 0.118924 0.285757 0.021404
42.599998 0.077008 0.120056 0.285358 0.022373
42.700001 0.075538 0.117159 0.285643 0.021711
42.799999 0.075698 0.117753 0.289276 0.021428
42.899998 0.076331 0.120492 0.289240 0.021980
43.000000 0.077507 0.122353 0.294147 0.021175
43.099998 0.077661 0.120640 0.295952 0.021289
43.200001 0.077639 0.120160 0.294847 0.020310
43.299999 0.076708 0.117512 0.291029 0.020102
43.399998 0.076969 0.116405 0.288660 0.019918
43.500000 0.076461 0.116093 0.287530 0.020717
43.599998 0.076185 0.116077 0.289842 0.020696
43.700001 0.076985 0.116477 0.290842 0.022496
43.799999 0.078106 0.116960 0.287855 0.022473
43.899998 0.077647 0.117971 0.286772 0.021913
44.000000 0.077346 0.117818 0.287099 0.023284
44.099998 0.077154 0.120084 0.287001 0.024417
44.200001 0.076838 0.119260 0.288244 0.023212
44.299999 0.076369 0.118752 0.288385 0.023591
44.399998 0.076792 0.119433 0.287997 0.023168
44.500000 0.077169 0.116705 0.280553 0.022720
44.599998 0.077415 0.116123 0.280356 0.022204
44.700001 0.078177 0.115865 0.282015 0.022893
44.799999 0.077300 0.115150 0.282133 0.022271
44.899998 0.078330 0.115296 0.286842 0.021181
45.000000 0.076908 0.115212 0.281428 0.022402
45.099998 0.077108 0.116263 0.284398 0.020629
45.200001 0.077139 0.118059 0.287144 0.020710
45.299999 0.078837 0.120304 0.288369 0.020084
45.399998 0.078253 0.123526 0.289926 0.020488
45.500000 0.077939 0.121761 0.290145 0.019210
45.599998 0.076254 0.122227 0.287527 0.019588
45.700001 0.075785 0.120776 0.286943 0.019496
45.799999 0.076592 0.122588 0.287571 0.021098
45.899998 0.078061 0.125037 0.293953 0.020890
46.000000 0.077039 0.122661 0.296148 0.020710
46.099998 0.078308 0.123512 0.295130 0.020302
46.200001 0.079000 0.124500 0.296900 0.020600
46.299999 0.079576 0.125162 0.295511 0.021094
46.399998 0.079168 0.124550 0.292583 0.019792
46.500000 0.081068 0.128649 0.288585 0.020392
46.599998 0.081319 0.128472 0.291009 0.020979
46.700001 0.083950 0.128877 0.291975 0.020412
46.799999 0.082875 0.125813 0.289861 0.020719
46.899998 0.081767 0.125750 0.297181 0.020792
47.000000 0.083901 0.126852 0.297757 0.021225
47.099998 0.085415 0.128272 0.301399 0.021479
47.200001 0.085474 0.124063 0.301010 0.021594
47.299999 0.086800 0.129200 0.299600 0.021200
47.399998 0.085340 0.126811 0.300789 0.021785
47.500000 0.086040 0.127511 0.305286 0.021085
47.599998 0.086091 0.127887 0.306469 0.021398
47.700001 0.086212 0.127065 0.314309 0.019926
47.799999 0.083592 0.125387 0.314469 0.019198
47.899998 0.084107 0.126761 0.317151 0.018080
48.000000 0.084074 0.123615 0.320719 0.017673
48.099998 0.084875 0.123363 0.319004 0.017095
48.200001 0.085860 0.123086 0.318723 0.018513
48.299999 0.086052 0.122674 0.321993 0.017811
48.399998 0.085206 0.121267 0.322745 0.017780
48.500000 0.086631 0.119704 0.324640 0.018285
48.599998 0.085329 0.121158 0.320359 0.018164
48.700001 0.085449 0.123026 0.319608 0.017689
48.799999 0.084958 0.120640 0.323938 0.016292
48.899998 0.084575 0.123263 0.324203 0.015495
49.000000 0.084133 0.120004 0.325340 0.016587
49.099998 0.084708 0.119112 0.324632 0.015702
49.200001 0.084675 0.120764 0.321703 0.015495
49.299999 0.083975 0.119864 0.322603 0.015295
49.399998 0.084000 0.120100 0.323100 0.016400
49.500000 0.084141 0.117917 0.326072 0.015989
49.599998 0.082917 0.116323 0.326265 0.015803
49.700001 0.080789 0.117529 0.329062 0.016018
49.799999 0.080776 0.116165 0.329101 0.015495
49.899998 0.081116 0.115823 0.327766 0.014303
50.000000 0.081975 0.116865 0.332500 0.014196
50.099998 0.082741 0.117959 0.335368 0.014607
50.200001 0.084067 0.118795 0.337670 0.015012
50.299999 0.084376 0.117506 0.334401 0.015614
50.399998 0.084817 0.119424 0.330866 0.016603
50.500000 0.083250 0.121327 0.332900 0.017989
50.599998 0.084310 0.120356 0.334235 0.018824
50.700001 0.083625 0.122789 0.334799 0.018483
50.799999 0.084334 0.124150 0.336034 0.018307
50.899998 0.083459 0.124036 0.336038 0.019838
51.000000 0.085400 0.126500 0.333900 0.019800
51.099998 0.084825 0.125538 0.332600 0.021506
51.199997 0.085491 0.126587 0.332567 0.020098
51.299999 0.085100 0.126100 0.333300 0.020100
51.399998 0.085977 0.124012 0.332299 0.019317
51.500000 0.084908 0.125313 0.335434 0.018402
51.599998 0.083183 0.125775 0.335833 0.018596
51.699997 0.083725 0.124837 0.337501 0.017805
51.799999 0.081168 0.122951 0.336465 0.017193
51.899998 0.080288 0.121734 0.337171 0.016718
52.000000 0.078038 0.120204 0.339828 0.016787
52.099998 0.078447 0.117270 0.344307 0.017911
52.199997 0.079160 0.119340 0.343328 0.016392
52.299999 0.078892 0.119988 0.343266 0.015098
52.399998 0.079644 0.122714 0.341361 0.014890
52.500000 0.080908 0.123812 0.338634 0.015502
52.599998 0.083342 0.124113 0.339762 0.016988
52.699997 0.081708 0.124012 0.342934 0.015702
52.799999 0.081808 0.126613 0.343634 0.016102
52.899998 0.081875 0.126462 0.340198 0.016595
53.000000 0.081232 0.124750 0.339136 0.016807
53.099998 0.080424 0.121636 0.337401 0.015705
53.199997 0.083367 0.125400 0.335168 0.015512
53.299999 0.081384 0.121876 0.337333 0.015497
53.399998 0.082658 0.122986 0.334334 0.016712
53.500000 0.083233 0.121949 0.329632 0.016507
53.599998 0.082975 0.120964 0.330701 0.016495
53.699997 0.082634 0.121803 0.329337 0.016087
53.799999 0.081684 0.121976 0.329134 0.016897
53.899998 0.081351 0.118629 0.332101 0.016790
54.000000 0.080697 0.117040 0.329095 0.017321
54.099998 0.079908 0.117312 0.329733 0.016302
54.199997 0.079140 0.120260 0.330665 0.016708
54.299999 0.078222 0.120480 0.330470 0.016783
54.399998 0.078808 0.122912 0.330033 0.018402
54.500000 0.076607 0.122471 0.331865 0.018125
54.599998 0.074337 0.115858 0.333667 0.018009
54.699997 0.075453 0.117883 0.334234 0.017412
54.799999 0.076969 0.119452 0.330668 0.017793
54.899998 0.075608 0.114111 0.329233 0.016102
55.000000 0.075577 0.116565 0.326502 0.015395
55.099998 0.074760 0.114992 0.323859 0.015713
55.199997 0.074575 0.116416 0.321922 0.015916
55.299999 0.076692 0.119488 0.324068 0.015898
55.399998 0.076338 0.118959 0.321661 0.014807
55.500000 0.075877 0.118864 0.322103 0.015395
55.599998 0.075708 0.118412 0.321132 0.014601
55.699997 0.074381 0.118910 0.317392 0.013379
55.799999 0.073451 0.117883 0.317022 0.014110
55.899998 0.073044 0.116970 0.319292 0.013108
56.000000 0.073460 0.115281 0.320890 0.013574
56.099998 0.073948 0.117418 0.324073 0.013890
56.199997 0.075808 0.115812 0.321232 0.013901
56.299999 0.076431 0.114346 0.317327 0.013505
56.399998 0.077046 0.115169 0.316490 0.014108
56.500000 0.075170 0.115354 0.320272 0.014894
56.599998 0.075083 0.115928 0.318751 0.014816
56.699997 0.077223 0.119536 0.320196 0.015705
56.799999 0.078600 0.120200 0.316600 0.015200
56.899998 0.077538 0.118205 0.313849 0.017186
57.000000 0.077716 0.118924 0.311162 0.017203
57.099998 0.078776 0.121364 0.310707 0.017395
57.199997 0.078061 0.119940 0.314843 0.017591
57.299999 0.076185 0.116977 0.316137 0.017696
57.399998 0.074555 0.117729 0.320708 0.018589
57.500000 0.076623 0.121878 0.319081 0.019081
57.599998 0.077269 0.121551 0.318273 0.020192
57.699997 0.075225 0.119181 0.316583 0.020080
57.799999 0.075670 0.119852 0.315574 0.018593
57.899998 0.074522 0.122537 0.316595 0.020406
58.000000 0.074355 0.122327 0.320308 0.020588
58.099998 0.074074 0.124389 0.319557 0.021264
58.199997 0.074163 0.121639 0.322039 0.020190
58.299999 0.073807 0.121012 0.320932 0.020402
58.399998 0.073534 0.120791 0.317614 0.019682
58.500000 0.072193 0.120288 0.316868 0.018598
58.599998 0.073451 0.121185 0.318523 0.019614
58.699997 0.071529 0.118848 0.318928 0.018908
58.799999 0.070928 0.117347 0.318127 0.019308
58.899998 0.069461 0.113273 0.316267 0.019062
59.000000 0.069963 0.111500 0.315884 0.018717
59.099998 0.070379 0.112066 0.313106 0.019494
59.199997 0.069438 0.111600 0.312119 0.020382
59.299999 0.071386 0.111233 0.311173 0.019924
59.399998 0.071771 0.111955 0.315574 0.021092
59.500000 0.072429 0.111745 0.314326 0.020408
59.599998 0.071364 0.112844 0.313243 0.020390
59.699997 0.073029 0.113946 0.313826 0.019808
59.799999 0.073141 0.114309 0.316847 0.018885
59.899998 0.074630 0.117347 0.310924 0.018507
60.000000 0.074893 0.117788 0.312469 0.018898
60.099998 0.076130 0.117947 0.310124 0.019408
60.199997 0.075809 0.117659 0.308929 0.019177
60.299999 0.074166 0.116191 0.314534 0.018367
60.399998 0.072820 0.114474 0.314654 0.018979
60.500000 0.070972 0.113255 0.311475 0.019092
60.599998 0.069900 0.112500 0.313300 0.018400
60.699997 0.067812 0.108958 0.314291 0.018076
60.799999 0.068057 0.109370 0.312743 0.017563
60.899998 0.066907 0.111811 0.308531 0.017402
61.000000 0.067873 0.111056 0.306977 0.016893
61.099998 0.067693 0.109889 0.308369 0.017398
61.199997 0.067982 0.108330 0.306268 0.017421
61.299999 0.069245 0.108114 0.308653 0.017286
61.399998 0.069224 0.112576 0.308461 0.016682
61.500000 0.068566 0.109445 0.308846 0.017591
61.599998 0.069507 0.107111 0.311531 0.018202
61.699997 0.070585 0.107629 0.309972 0.017922
61.799999 0.071564 0.108246 0.311144 0.017891
61.899998 0.072265 0.108097 0.314383 0.018517
62.000000 0.071579 0.106168 0.312806 0.019594
62.099998 0.072414 0.107722 0.313963 0.017403
62.199997 0.072443 0.106464 0.313988 0.017310
62.299999 0.073315 0.105721 0.319764 0.017003
62.399998 0.072934 0.108502 0.321111 0.017884
62.500000 0.072401 0.108252 0.321951 0.016924
62.599998 0.072050 0.108024 0.324173 0.017588
62.699997 0.072029 0.108844 0.327831 0.016607
62.799999 0.073063 0.108046 0.328136 0.015092
62.899998 0.071571 0.106557 0.328069 0.015194
63.000000 0.072573 0.108308 0.325926 0.014915
63.099998 0.072978 0.108567 0.326002 0.015995
63.199997 0.073178 0.109767 0.327402 0.016795
63.299999 0.074300 0.111600 0.328500 0.017500
63.399998 0.073273 0.112713 0.331131 0.017017
63.500000 0.075332 0.113398 0.334399 0.016785
63.599998 0.076347 0.115419 0.333367 0.016688
63.699997 0.076254 0.112932 0.338697 0.016790
63.799999 0.076531 0.113145 0.343737 0.016707
63.899998 0.075200 0.115400 0.345600 0.016600
64.000000 0.075385 0.115877 0.349030 0.016597
64.099998 0.074818 0.116472 0.351214 0.016082
64.199997 0.073837 0.114257 0.352376 0.015408
64.299995 0.074575 0.113814 0.352452 0.014414
64.400002 0.074333 0.113398 0.352483 0.015186
64.500000 0.074637 0.113257 0.354577 0.015808
64.599998 0.076508 0.113111 0.355436 0.015802
64.699997 0.076162 0.114643 0.348626 0.015292
64.799995 0.077800 0.114700 0.351900 0.015200
64.900002 0.077307 0.115162 0.354674 0.014882
65.000000 0.077509 0.114661 0.352694 0.014620
65.099998 0.077746 0.113021 0.353353 0.014590
65.199997 0.077231 0.112591 0.354202 0.014725
65.299995 0.077385 0.111978 0.351630 0.015597
65.400002 0.078576 0.113666 0.348895 0.015895
65.500000 0.079543 0.114206 0.342617 0.015828
65.599998 0.079359 0.114529 0.347796 0.014529
65.699997 0.079497 0.113253 0.345351 0.014082
65.799995 0.078316 0.110622 0.343669 0.013703
65.900002 0.080216 0.111822 0.345069 0.014303
66.000000 0.080632 0.112145 0.345438 0.014706
66.099998 0.081249 0.114168 0.342706 0.014609
66.199997 0.081900 0.113300 0.346200 0.015200
66.299995 0.081000 0.113600 0.348300 0.015200
66.400002 0.081826 0.114497 0.354881 0.014287
66.500000 0.082159 0.114043 0.353823 0.015192
66.599998 0.080943 0.113021 0.352054 0.015589
66.699997 0.080892 0.109089 0.346865 0.014299
66.799995 0.079408 0.107111 0.347335 0.013701
66.900002 0.078679 0.105906 0.347548 0.014915
67.000000 0.078600 0.106000 0.352100 0.015100
67.099998 0.078514 0.106882 0.351713 0.014085
67.199997 0.078861 0.107946 0.349025 0.014593
67.299995 0.078347 0.110967 0.348909 0.014709
67.400002 0.077955 0.110577 0.345342 0.013910
67.500000 0.077969 0.110956 0.344862 0.013395
67.599998 0.078645 0.111822 0.351254 0.012791
67.699997 0.078245 0.111522 0.353153 0.013790
67.799995 0.079005 0.112265 0.350180 0.013983
67.900002 0.077839 0.113257 0.351576 0.014307
68.000000 0.077770 0.113102 0.350716 0.014713
68.099998 0.077161 0.111744 0.346327 0.015392
68.199997 0.077185 0.109520 0.344279 0.014116
68.299995 0.077470 0.108698 0.351216 0.014413
68.400002 0.078684 0.107279 0.349130 0.014997
68.500000 0.078669 0.110156 0.351459 0.015294
68.599998 0.077631 0.109544 0.355242 0.015806
68.699997 0.079736 0.109386 0.356005 0.016127
68.799995 0.079611 0.108452 0.357601 0.016123
68.900002 0.080176 0.108168 0.354494 0.014996
69.000000 0.080597 0.107930 0.357229 0.015318
69.099998 0.080388 0.109420 0.359495 0.014716
69.199997 0.081598 0.110733 0.360533 0.015419
69.299995 0.081875 0.112366 0.362291 0.015295
69.400002 0.081608 0.112311 0.364136 0.016102
69.500000 0.079700 0.110500 0.362400 0.016700
69.599998 0.080364 0.110388 0.361689 0.016613
69.699997 0.080868 0.110356 0.362755 0.016194
69.799995 0.081057 0.110177 0.363154 0.015611
69.900002 0.080200 0.110300 0.362900 0.014700
70.000000 0.080979 0.111732 0.359061 0.014878
70.099998 0.081802 0.112964 0.359968 0.013983
70.199997 0.081286 0.109347 0.361494 0.013581
70.299995 0.081192 0.112989 0.364664 0.014399
70.400002 0.082892 0.112989 0.363864 0.014799
70.500000 0.082992 0.111789 0.364564 0.014899
70.599998 0.083675 0.111467 0.365890 0.014596
70.699997 0.083100 0.110132 0.365539 0.014417
70.799995 0.081343 0.109523 0.365744 0.015489
70.900002 0.081410 0.108181 0.367895 0.016682
71.000000 0.082342 0.106226 0.369841 0.016189
71.099998 0.082484 0.107978 0.370226 0.016397
71.199997 0.082899 0.108030 0.370745 0.016320
71.299995 0.082817 0.109222 0.368874 0.016803
71.400002 0.085100 0.110000 0.370400 0.017100
71.500000 0.082300 0.110500 0.371200 0.018200
71.599998 0.083608 0.111311 0.375438 0.019702
71.699997 0.084192 0.114289 0.374063 0.020798
71.799995 0.084267 0.114892 0.376701 0.021017
71.900002 0.084191 0.115650 0.379007 0.020673
72.000000 0.084624 0.117095 0.379159 0.020182
72.099998 0.083492 0.115688 0.379862 0.020898
72.199997 0.084008 0.112211 0.380938 0.023002
72.299995 0.083842 0.110655 0.381491 0.021811
72.400002 0.085126 0.111033 0.383115 0.023107
72.500000 0.084639 0.112087 0.383671 0.023555
72.599998 0.084568 0.111990 0.383207 0.021417
72.699997 0.085766 0.113754 0.377549 0.020692
72.799995 0.085817 0.111722 0.376475 0.019404
72.900002 0.085460 0.110477 0.373562 0.020614
73.000000 0.084000 0.108300 0.375200 0.022100
73.099998 0.086248 0.110434 0.374375 0.023186
73.199997 0.087561 0.113880 0.372161 0.023216
73.299995 0.087265 0.112755 0.374050 0.023890
73.400002 0.086066 0.114054 0.375050 0.022391
73.500000 0.087256 0.114343 0.375112 0.021189
73.599998 0.089042 0.113181 0.375200 0.021735
73.699997 0.089836 0.113745 0.377051 0.022209
73.799995 0.089982 0.113177 0.368526 0.022595
73.900002 0.090128 0.112210 0.367806 0.022682
74.000000 0.090309 0.113311 0.365137 0.022702
74.099998 0.087924 0.112275 0.365369 0.023453
74.199997 0.086935 0.110344 0.366347 0.022109
74.299995 0.087556 0.109145 0.364618 0.021689
74.400002 0.087631 0.109164 0.362243 0.022634
74.500000 0.087679 0.110299 0.362526 0.023121
74.599998 0.087938 0.111522 0.359448 0.022584
74.699997 0.088491 0.111589 0.358764 0.022998
74.799995 0.088279 0.109198 0.360524 0.022620
74.900002 0.087352 0.111267 0.360116 0.022914
75.000000 0.088221 0.113798 0.364072 0.023779
75.099998 0.087788 0.117117 0.363864 0.023824
75.199997 0.085814 0.114086 0.363237 0.023077
75.299995 0.085157 0.115942 0.369215 0.023988
75.400002 0.084702 0.116540 0.368242 0.022827
75.500000 0.084351 0.116870 0.372423 0.023614
75.599998 0.083692 0.116829 0.372810 0.022425
75.699997 0.083250 0.116590 0.370833 0.022060
75.799995 0.084242 0.114457 0.370585 0.022711
75.900002 0.083917 0.113823 0.371374 0.021804
76.000000 0.082508 0.113511 0.368137 0.022202
76.099998 0.084258 0.114343 0.368316 0.021989
76.199997 0.083908 0.115812 0.367737 0.021102
76.299995 0.082992 0.117288 0.371463 0.020198
76.400002 0.081584 0.115877 0.372925 0.020996
76.500000 0.082051 0.117130 0.380572 0.020188
76.599998 0.082950 0.116170 0.378927 0.019612
76.699997 0.082925 0.117294 0.383355 0.019882
76.799995 0.083342 0.121315 0.384331 0.019786
76.900002 0.083292 0.117088 0.387061 0.019298
77.000000 0.085691 0.119988 0.388061 0.017798
77.099998 0.083708 0.120112 0.390339 0.017902
77.199997 0.083233 0.120748 0.393257 0.019508
77.299995 0.081674 0.117506 0.393054 0.020919
77.400002 0.080280 0.118619 0.393994 0.020320
77.500000 0.079053 0.117430 0.400660 0.019089
77.599998 0.077485 0.114977 0.402020 0.018896
77.699997 0.077709 0.114060 0.399559 0.018726
77.799995 0.077569 0.117053 0.400840 0.017793
77.900002 0.077754 0.114680 0.402382 0.018713
78.000000 0.077623 0.115435 0.404721 0.019406
78.099998 0.077123 0.114885 0.403696 0.019880
78.199997 0.077716 0.116923 0.401480 0.019804
78.299995 0.078363 0.119295 0.401521 0.019916
78.400002 0.078400 0.118600 0.402700 0.019600
78.500000 0.078679 0.117818 0.402002 0.019419
78.599998 0.078369 0.117053 0.399540 0.019192
78.699997 0.077547 0.117470 0.400540 0.018111
78.799995 0.076555 0.114083 0.399541 0.019563
78.900002 0.075947 0.110722 0.400420 0.019886
79.000000 0.076669 0.113903 0.403663 0.019017
79.099998 0.077261 0.114243 0.403798 0.018891
79.199997 0.078486 0.114126 0.406647 0.018120
79.299995 0.078469 0.113754 0.411335 0.018093
79.400002 0.077385 0.111823 0.409951 0.017519
79.500000 0.076508 0.111666 0.407012 0.018178
79.599998 0.076100 0.112000 0.408000 0.018000
79.699997 0.077923 0.113434 0.406922 0.017905
79.799995 0.078490 0.115738 0.409027 0.018274
79.900002 0.077847 0.116170 0.409746 0.019212
80.000000 0.078455 0.114780 0.407986 0.020514
80.099998 0.079097 0.115550 0.412763 0.020773
80.199997 0.079368 0.120052 0.417933 0.020992
80.299995 0.078392 0.121788 0.422058 0.022298
80.400002 0.078653 0.120228 0.425045 0.020987
80.500000 0.078424 0.118536 0.426128 0.021106
80.599998 0.079416 0.120224 0.429686 0.020204
80.699997 0.080436 0.122202 0.430456 0.019684
80.799995 0.081168 0.119052 0.433627 0.020392
80.900002 0.080943 0.121615 0.436095 0.019886
81.000000 0.079095 0.120244 0.437225 0.019724
81.099998 0.078800 0.120800 0.440200 0.021600
81.199997 0.077262 0.117494 0.444255 0.021918
81.299995 0.076808 0.117212 0.441244 0.020602
81.400002 0.077339 0.116710 0.443298 0.019335
81.500000 0.077509 0.115762 0.446125 0.019427
81.599998 0.078355 0.117782 0.449715 0.019013
81.699997 0.078169 0.117653 0.453918 0.018892
81.799995 0.078832 0.115646 0.449180 0.018808
81.900002 0.078692 0.114289 0.452355 0.020498
82.000000 0.080180 0.115516 0.450551 0.020821
82.099998 0.080132 0.112945 0.451180 0.019308
82.199997 0.080468 0.113055 0.451120 0.018693
82.299995 0.080420 0.114386 0.450749 0.018282
82.400002 0.080876 0.112266 0.453864 0.019794
82.500000 0.080132 0.110244 0.457183 0.020008
82.599998 0.081108 0.112311 0.453845 0.020902
82.699997 0.081825 0.112434 0.453636 0.021406
82.799995 0.082416 0.112122 0.458692 0.021604
82.900002 0.079528 0.112399 0.461385 0.020581
83.000000 0.079540 0.113957 0.463932 0.020210
83.099998 0.079808 0.115112 0.465247 0.021202
83.199997 0.081124 0.115335 0.465140 0.021606
83.299995 0.079460 0.113043 0.469365 0.021989
83.400002 0.079137 0.112210 0.466827 0.020683
83.500000 0.079532 0.114546 0.468487 0.021909
83.599998 0.080244 0.118117 0.470171 0.022184
83.699997 0.081084 0.118176 0.469306 0.021696
83.799995 0.081551 0.117130 0.469718 0.020987
83.900002 0.082057 0.115281 0.468228 0.019914
84.000000 0.081151 0.113032 0.468019 0.018889
84.099998 0.081900 0.114500 0.470900 0.018600
84.199997 0.081551 0.115631 0.473216 0.018589
84.299995 0.082900 0.117600 0.468800 0.017500
84.400002 0.082451 0.117030 0.470018 0.016990
84.500000 0.082800 0.115900 0.470200 0.017000
84.599998 0.081478 0.116725 0.471593 0.017474
84.699997 0.081959 0.117541 0.471264 0.018091
84.799995 0.081967 0.118053 0.473011 0.017193
84.900002 0.081457 0.115681 0.476534 0.015711
85.000000 0.082408 0.116712 0.478648 0.015402
85.099998 0.082708 0.120712 0.475248 0.016202
85.199997 0.082166 0.119496 0.476781 0.016813
85.299995 0.082016 0.118924 0.478396 0.016803
85.400002 0.082542 0.119516 0.478665 0.016389
85.500000 0.082333 0.119848 0.478892 0.015906
85.599998 0.082399 0.119844 0.475971 0.014618
85.699997 0.084041 0.120416 0.478665 0.014690
85.799995 0.083392 0.122188 0.479052 0.014599
85.900002 0.083492 0.119732 0.482431 0.014716
86.000000 0.082950 0.120628 0.479612 0.013892
86.099998 0.082258 0.119484 0.478435 0.015411
86.199997 0.082475 0.119764 0.481656 0.015095
86.299995 0.082484 0.121476 0.483403 0.015297
86.400002 0.083608 0.123612 0.486149 0.016002
86.500000 0.083691 0.123939 0.486767 0.016778
86.599998 0.082692 0.122488 0.486851 0.016798
86.699997 0.082026 0.123689 0.483065 0.016185
86.799995 0.083425 0.124388 0.479768 0.016285
86.900002 0.085309 0.126213 0.479948 0.014801
87.000000 0.084216 0.125974 0.482817 0.015085
87.099998 0.083533 0.124900 0.479816 0.014888
87.199997 0.083467 0.124099 0.480985 0.015312
87.299995 0.083408 0.125213 0.477448 0.015602
87.400002 0.084392 0.126287 0.476752 0.015298
87.500000 0.082359 0.124338 0.474863 0.014793
87.599998 0.082492 0.124188 0.473853 0.013099
87.699997 0.084383 0.125775 0.472406 0.012997
87.799995 0.085151 0.124975 0.469382 0.014209
87.900002 0.084524 0.126286 0.474073 0.015486
88.000000 0.085409 0.125513 0.475348 0.013701
88.099998 0.086700 0.123700 0.478300 0.013800
88.199997 0.087505 0.124549 0.477072 0.015018
88.299995 0.086909 0.122712 0.475848 0.014601
88.400002 0.088660 0.123623 0.476458 0.014526
88.500000 0.085843 0.121361 0.475138 0.014807
88.599998 0.085623 0.123589 0.468279 0.014887
88.699997 0.085291 0.125687 0.468653 0.015198
88.799995 0.085400 0.121500 0.468600 0.016100
88.900002 0.086400 0.123000 0.467400 0.016200
89.000000 0.085852 0.121773 0.470082 0.016410
89.099998 0.087370 0.121797 0.462070 0.016013
89.199997 0.087013 0.122877 0.465235 0.015884
89.299995 0.086743 0.121561 0.467634 0.016808
89.400002 0.085894 0.122134 0.469917 0.015918
89.500000 0.085823 0.121091 0.467379 0.016285
89.599998 0.087391 0.120588 0.466953 0.016498
89.699997 0.086452 0.118971 0.468581 0.017010
89.799995 0.086020 0.119367 0.468356 0.016223
89.900002 0.086000 0.120000 0.472300 0.016300
90.000000 0.086826 0.120436 0.473342 0.016505
90.099998 0.086517 0.120924 0.475095 0.018704
90.199997 0.086166 0.121851 0.480108 0.018593
90.299995 0.084551 0.119572 0.477086 0.018411
90.400002 0.084076 0.119508 0.482534 0.017716
90.500000 0.083242 0.121115 0.480264 0.018187
90.599998 0.084083 0.119576 0.483803 0.017297
90.699997 0.083641 0.118817 0.481763 0.016588
90.799995 0.083450 0.120084 0.482731 0.015871
90.900002 0.082650 0.118129 0.484609 0.015890
91.000000 0.083801 0.119143 0.485382 0.014818
91.099998 0.083058 0.118041 0.490255 0.015192
91.199997 0.082992 0.119188 0.491151 0.015598
91.299995 0.083317 0.119780 0.493606 0.016284
91.400002 0.083741 0.117718 0.493854 0.016588
91.500000 0.083592 0.118488 0.497650 0.017598
91.599998 0.083283 0.119419 0.498599 0.018118
91.699997 0.083808 0.118312 0.497550 0.018502
91.799995 0.083517 0.117264 0.497997 0.019027
91.900002 0.084549 0.119728 0.495403 0.019388
92.000000 0.082316 0.118724 0.496799 0.019604
92.099998 0.082909 0.118470 0.491859 0.018280
92.199997 0.081959 0.115742 0.493453 0.017791
92.299995 0.080656 0.115081 0.495647 0.018813
92.400002 0.079644 0.113620 0.495453 0.019686
92.500000 0.078531 0.114446 0.497399 0.020108
92.599998 0.078388 0.111668 0.497294 0.021652
92.699997 0.076784 0.111623 0.495645 0.021123
92.799995 0.075854 0.109234 0.499400 0.021387
92.900002 0.077692 0.107989 0.500550 0.020498
93.000000 0.078529 0.112699 0.500949 0.019882
93.099998 0.078270 0.113602 0.504154 0.019718
93.199997 0.076923 0.113081 0.507212 0.018830
93.299995 0.076854 0.113032 0.504897 0.019688
93.400002 0.075853 0.111378 0.508356 0.018813
93.500000 0.075839 0.110911 0.508393 0.017586
93.599998 0.075921 0.111779 0.510617 0.017829
93.699997 0.073837 0.109455 0.509655 0.017709
93.799995 0.073715 0.109722 0.505901 0.017604
93.900002 0.072300 0.108900 0.508400 0.016600
94.000000 0.071257 0.112090 0.516413 0.015412
94.099998 0.072457 0.112832 0.518989 0.015291
94.199997 0.074263 0.113643 0.523238 0.015292
94.299995 0.074648 0.113221 0.524233 0.014790
94.400002 0.075428 0.113092 0.521186 0.014725
94.500000 0.075470 0.112155 0.520892 0.014894
94.599998 0.075353 0.111978 0.523566 0.015711
94.699997 0.076900 0.115900 0.524000 0.016000
94.799995 0.075938 0.118259 0.530365 0.016208
94.900002 0.076247 0.117318 0.528430 0.015289
95.000000 0.077522 0.120280 0.526474 0.015485
95.099998 0.079436 0.122402 0.528078 0.015987
95.199997 0.079408 0.124012 0.529753 0.015802
95.299995 0.079676 0.123663 0.526942 0.015095
95.400002 0.080548 0.123474 0.521013 0.015309
95.500000 0.081049 0.123274 0.522714 0.014709
95.599998 0.080376 0.123663 0.531241 0.014196
95.699997 0.081333 0.120748 0.528511 0.014206
95.799995 0.081967 0.120352 0.528589 0.014794
95.900002 0.081982 0.121421 0.531632 0.015115
96.000000 0.083333 0.121449 0.533213 0.014906
96.099998 0.082916 0.119310 0.537297 0.015139
96.199997 0.082858 0.119684 0.536876 0.015511
96.299995 0.085266 0.123051 0.531387 0.017593
96.400002 0.083850 0.123074 0.529418 0.017611
96.500000 0.084132 0.120559 0.529042 0.018363
96.599998 0.082808 0.119212 0.530953 0.018902
96.699997 0.083225 0.118493 0.532920 0.017384
96.799995 0.082349 0.115469 0.533020 0.016710
96.900002 0.082441 0.114057 0.533367 0.016408
97.000000 0.081733 0.113445 0.530412 0.016307
97.099998 0.082908 0.115550 0.531992 0.016521
97.199997 0.084758 0.117841 0.527236 0.015292
97.299995 0.085809 0.116812 0.525453 0.015902
97.400002 0.085315 0.116783 0.523177 0.015485
97.500000 0.086700 0.116400 0.526000 0.015800
97.599998 0.086556 0.116510 0.529152 0.016129
97.699997 0.087974 0.119064 0.528541 0.016095
97.799995 0.088338 0.120516 0.528230 0.016289
97.900002 0.089136 0.121349 0.529512 0.016907
98.000000 0.088600 0.120900 0.535200 0.017100
98.099998 0.090355 0.125237 0.535932 0.016192
98.199997 0.089164 0.124350 0.532887 0.016693
98.299995 0.088235 0.124750 0.533013 0.017707
98.400002 0.088412 0.124775 0.537862 0.017483
98.500000 0.088918 0.126525 0.538408 0.016503
98.599998 0.088991 0.125187 0.535146 0.016098
98.699997 0.089420 0.129084 0.538116 0.016885
98.799995 0.090019 0.131681 0.538216 0.016685
98.900002 0.089799 0.129542 0.537992 0.017519
99.000000 0.089575 0.127821 0.542640 0.019373
99.099998 0.089663 0.128390 0.538277 0.019514
99.199997 0.089182 0.128674 0.536993 0.019596
99.299995 0.090319 0.129683 0.536917 0.018883
99.400002 0.089663 0.127189 0.535275 0.019414
99.500000 0.090827 0.127638 0.531960 0.019706
99.599998 0.091300 0.129800 0.535400 0.018900
99.699997 0.090782 0.130974 0.535493 0.019296
99.799995 0.090900 0.132846 0.536991 0.019321
99.900002 0.092482 0.134173 0.534493 0.019696
100.000000 0.094628 0.133040 0.534260 0.019906
100.099998 0.093700 0.129800 0.533800 0.018400
100.199997 0.094031 0.129167 0.539329 0.018267
100.299995 0.094543 0.128523 0.542375 0.017689
100.400002 0.093734 0.128810 0.545818 0.016988
100.500000 0.094287 0.127847 0.549940 0.016780
100.599998 0.093625 0.127998 0.548461 0.017086
100.699997 0.095319 0.131526 0.553211 0.016303
100.799995 0.094981 0.130274 0.554789 0.015997
100.900002 0.092781 0.129874 0.554889 0.014597
101.000000 0.092426 0.131095 0.556355 0.013889
101.099998 0.091818 0.131026 0.560612 0.014803
101.199997 0.093363 0.132647 0.562475 0.014394
101.299995 0.093938 0.133253 0.562425 0.013005
101.400002 0.092565 0.129691 0.566296 0.012309
101.500000 0.091918 0.131026 0.570814 0.011502
101.599998 0.090373 0.129161 0.568030 0.010797
101.699997 0.089954 0.125675 0.565840 0.011207
101.799995 0.088582 0.124175 0.561188 0.010998
101.900002 0.089745 0.122961 0.560380 0.011206
102.000000 0.089718 0.121324 0.558012 0.011102
102.099998 0.089882 0.119676 0.556289 0.011398
102.199997 0.091173 0.124937 0.558962 0.011422
102.299995 0.091754 0.123638 0.556622 0.012494
102.399994 0.091127 0.122437 0.557467 0.012604
102.500000 0.090083 0.123539 0.557375 0.011984
102.599998 0.090827 0.125100 0.561351 0.012890
102.699997 0.088177 0.122828 0.562013 0.013082
102.799995 0.089763 0.124987 0.563695 0.014110
102.899994 0.091263 0.123351 0.564274 0.014594
103.000000 0.090145 0.122961 0.561081 0.013507
103.099998 0.090401 0.121267 0.567476 0.013585
103.199997 0.091073 0.122663 0.565830 0.012096
103.299995 0.090664 0.121851 0.562075 0.012495
103.399994 0.090245 0.121961 0.560480 0.012106
103.500000 0.088420 0.119692 0.561794 0.012988
103.599998 0.086926 0.116835 0.561468 0.013004
103.699997 0.085934 0.114946 0.565626 0.012505
103.799995 0.085200 0.114300 0.566400 0.012700
103.899994 0.085823 0.114597 0.570986 0.012389
104.000000 0.082433 0.112445 0.573629 0.012405
104.099998 0.083992 0.110589 0.571343 0.012499
104.199997 0.084493 0.112424 0.573030 0.012514
104.299995 0.086300 0.113100 0.573300 0.012100
104.399994 0.086835 0.114246 0.575830 0.012505
104.500000 0.086443 0.115858 0.573687 0.012506
104.599998 0.087744 0.117759 0.570685 0.011906
104.699997 0.087926 0.117735 0.573972 0.012804
104.799995 0.088511 0.118382 0.574126 0.012787
104.899994 0.087726 0.116735 0.575573 0.014004
105.000000 0.089147 0.119728 0.576954 0.015391
105.099998 0.089038 0.120416 0.574298 0.015189
105.199997 0.089600 0.119600 0.579400 0.015600
105.299995 0.088420 0.117294 0.581177 0.015686
105.399994 0.088958 0.117113 0.578175 0.015276
105.500000 0.087370 0.118995 0.579063 0.015512
105.599998 0.085600 0.117500 0.577200 0.015500
105.699997 0.086126 0.118636 0.579474 0.015005
105.799995 0.084016 0.117582 0.579520 0.015185
105.899994 0.082959 0.114343 0.578111 0.014193
106.000000 0.083475 0.115665 0.579826 0.014296
106.099998 0.084041 0.114120 0.578195 0.013690
106.199997 0.084925 0.115135 0.577173 0.013204
106.299995 0.085057 0.113843 0.579710 0.012194
106.399994 0.084133 0.112410 0.580036 0.011990
106.500000 0.084116 0.113986 0.574725 0.010689
106.599998 0.084200 0.116600 0.572400 0.010700
106.699997 0.083183 0.116777 0.571486 0.011098
106.799995 0.083225 0.114934 0.570671 0.011704
106.899994 0.082108 0.115212 0.575158 0.011801
107.000000 0.082384 0.112577 0.574985 0.011998
107.099998 0.083175 0.115804 0.574817 0.011310
107.199997 0.083067 0.119652 0.577869 0.011295
107.299995 0.082600 0.120600 0.575900 0.011900
107.399994 0.081400 0.120300 0.573600 0.012100
107.500000 0.081725 0.117935 0.575573 0.012504
107.599998 0.082892 0.118588 0.576342 0.012399
107.699997 0.080700 0.116700 0.574200 0.012600
107.799995 0.078763 0.116693 0.571958 0.013411
107.899994 0.078308 0.115912 0.575558 0.014001
108.000000 0.076977 0.114715 0.575676 0.014214
108.099998 0.077438 0.117206 0.572342 0.015088
108.199997 0.077599 0.116449 0.572955 0.014182
108.299995 0.078779 0.119720 0.570671 0.015015
108.399994 0.080811 0.119469 0.571671 0.014684
108.500000 0.082159 0.119640 0.574813 0.014593
108.599998 0.082683 0.119676 0.577085 0.015097
108.699997 0.082583 0.116877 0.573585 0.014597
108.799995 0.084225 0.120036 0.569871 0.013904
108.899994 0.084107 0.121067 0.572271 0.014884
109.000000 0.084024 0.118993 0.573184 0.015486
109.099998 0.084851 0.118771 0.569542 0.015009
109.199997 0.083842 0.118459 0.567884 0.015708
109.299995 0.085411 0.118955 0.568239 0.015720
109.399994 0.084258 0.119340 0.567916 0.016092
109.500000 0.082641 0.116458 0.568884 0.015408
109.599998 0.081835 0.118505 0.571243 0.016587
109.699997 0.082759 0.119340 0.572814 0.016792
109.799995 0.082975 0.122811 0.573116 0.016215
109.899994 0.083258 0.123638 0.576512 0.015792
110.000000 0.083792 0.125438 0.580739 0.015918
110.099998 0.083558 0.127136 0.575712 0.016092
110.199997 0.083908 0.126313 0.576158 0.016002
110.299995 0.084025 0.124837 0.577973 0.015605
110.399994 0.083934 0.126351 0.578631 0.015806
110.500000 0.083242 0.127910 0.573698 0.014890
110.599998 0.083982 0.127821 0.578490 0.015478
110.699997 0.083625 0.128238 0.578373 0.015605
110.799995 0.082484 0.129074 0.576785 0.015497
110.899994 0.082182 0.127127 0.577978 0.015816
111.000000 0.082318 0.127572 0.575924 0.015485
111.099998 0.080911 0.127260 0.574368 0.015883
111.199997 0.081524 0.129139 0.578073 0.016405
111.299995 0.081841 0.133267 0.578889 0.016508
111.399994 0.081241 0.129865 0.579690 0.015808
111.500000 0.080032 0.128151 0.576431 0.016006
111.599998 0.079108 0.126313 0.569957 0.015902
111.699997 0.078916 0.130226 0.568414 0.015303
111.799995 0.079500 0.129500 0.571500 0.015600
111.899994 0.080468 0.129248 0.571172 0.013794
112.000000 0.080568 0.127349 0.570972 0.014094
112.099998 0.079900 0.127300 0.575000 0.014900
112.199997 0.080536 0.127998 0.575240 0.015887
112.299995 0.081582 0.122823 0.574575 0.016116
112.399994 0.081559 0.125537 0.575712 0.016892
112.500000 0.080711 0.123664 0.573269 0.017381
112.599998 0.081108 0.123412 0.570357 0.017302
112.699997 0.081257 0.124287 0.572501 0.018013
112.799995 0.082010 0.124064 0.573269 0.018580
112.899994 0.081692 0.123788 0.579742 0.018798
113.000000 0.081435 0.123701 0.578038 0.018385
113.099998 0.080248 0.121773 0.576846 0.017611
113.199997 0.080232 0.124750 0.579032 0.017007
113.299995 0.079584 0.122076 0.578784 0.017397
113.399994 0.080460 0.121339 0.578111 0.016992
113.500000 0.080476 0.121164 0.582325 0.017095
113.599998 0.081467 0.122351 0.573371 0.016793
113.699997 0.081624 0.121737 0.575373 0.016405
113.799995 0.081005 0.119956 0.577651 0.016622
113.899994 0.080176 0.119164 0.572328 0.017295
114.000000 0.079984 0.121576 0.567387 0.016297
114.099998 0.078845 0.119017 0.570301 0.016389
114.199997 0.078529 0.118793 0.573983 0.015886
114.299995 0.077591 0.116936 0.576693 0.015678
114.399994 0.078461 0.116642 0.579610 0.015992
114.500000 0.078416 0.116723 0.579316 0.016803
114.599998 0.078508 0.118512 0.575758 0.015502
114.699997 0.078755 0.121185 0.574302 0.015811
114.799995 0.079980 0.122916 0.574838 0.015876
114.899994 0.079836 0.123109 0.570870 0.017530
115.000000 0.080436 0.128098 0.573142 0.015787
115.099998 0.080960 0.129635 0.573613 0.015392
115.199997 0.080108 0.126113 0.573257 0.014901
115.299995 0.081073 0.130117 0.573216 0.015014
115.399994 0.080779 0.131303 0.571942 0.014978
115.500000 0.079748 0.128677 0.576246 0.015109
115.599998 0.079652 0.130022 0.581451 0.016090
115.699997 0.079321 0.129471 0.584316 0.015385
115.799995 0.078337 0.124800 0.588030 0.014189
115.899994 0.079476 0.126162 0.585824 0.014996
116.000000 0.080192 0.125887 0.585241 0.015498
116.099998 0.080216 0.126925 0.588318 0.015303
116.199997 0.080740 0.128164 0.587594 0.016208
116.299995 0.080212 0.127560 0.586455 0.016582
116.399994 0.078147 0.124575 0.585551 0.017010
116.500000 0.080743 0.128710 0.587089 0.017088
116.599998 0.081024 0.129239 0.587776 0.016705
116.699997 0.079760 0.127336 0.592104 0.016892
116.799995 0.079400 0.126600 0.597500 0.015800
116.899994 0.079352 0.126124 0.598741 0.015791
117.000000 0.080416 0.125625 0.600520 0.015703
117.099998 0.080344 0.126212 0.598881 0.015689
117.199997 0.079572 0.127214 0.598338 0.014613
117.299995 0.079032 0.127651 0.599940 0.015606
117.399994 0.078637 0.126699 0.599420 0.015787
117.500000 0.078161 0.126637 0.604698 0.015692
117.599998 0.079271 0.124112 0.603944 0.015914
117.699997 0.078518 0.120981 0.609114 0.016425
117.799995 0.077516 0.120781 0.614121 0.016124
117.899994 0.076469 0.120909 0.612051 0.017316
118.000000 0.077138 0.120703 0.614608 0.017286
118.099998 0.077522 0.119481 0.617982 0.016883
118.199997 0.078553 0.121127 0.615231 0.018689
118.299995 0.078692 0.120888 0.617438 0.018498
118.399994 0.078145 0.120915 0.616169 0.017987
118.500000 0.078639 0.118259 0.617809 0.017409
118.599998 0.077500 0.118700 0.614900 0.017100
118.699997 0.078263 0.120296 0.615592 0.016713
118.799995 0.076792 0.121946 0.616940 0.016520
118.899994 0.077653 0.123826 0.612832 0.016090
119.000000 0.077323 0.124237 0.616085 0.016005
119.099998 0.077308 0.122112 0.618262 0.014701
119.199997 0.077354 0.121185 0.619534 0.014610
119.299995 0.077339 0.122661 0.619710 0.015308
119.399994 0.079092 0.123688 0.619238 0.015398
119.500000 0.078953 0.126424 0.619228 0.015591
119.599998 0.079716 0.130626 0.622825 0.016503
119.699997 0.082200 0.131000 0.623100 0.015500
119.799995 0.082901 0.126648 0.625449 0.015481
119.899994 0.082016 0.125525 0.620724 0.014603
120.000000 0.081765 0.125901 0.622198 0.014512
120.099998 0.080352 0.128323 0.623726 0.013492
120.199997 0.080560 0.129735 0.623488 0.013893
120.299995 0.080360 0.128736 0.618291 0.013393
120.399994 0.080800 0.125000 0.617600 0.014200
120.500000 0.080540 0.125063 0.616508 0.014907
120.599998 0.080935 0.124600 0.617206 0.015188
120.699997 0.080656 0.122986 0.618933 0.015011
120.799995 0.082226 0.122789 0.620542 0.014487
120.899994 0.081516 0.121324 0.625925 0.014703
121.000000 0.081659 0.120340 0.624388 0.014093
121.099998 0.081510 0.118470 0.627210 0.014184
121.199997 0.079497 0.117347 0.628083 0.014881
121.299995 0.080228 0.117594 0.629034 0.015786
121.399994 0.079476 0.114066 0.633910 0.015795
121.500000 0.079021 0.117283 0.639760 0.015584
121.599998 0.079240 0.118759 0.640520 0.015508
121.699997 0.079520 0.119181 0.639261 0.016683
121.799995 0.078255 0.122486 0.636646 0.016512
121.899994 0.078653 0.126624 0.638117 0.016090
122.000000 0.078482 0.127109 0.645032 0.016575
122.099998 0.077953 0.125825 0.644413 0.016290
122.199997 0.076815 0.125625 0.638628 0.016703
122.299995 0.075877 0.125662 0.637509 0.016895
122.399994 0.076693 0.126723 0.637907 0.017276
122.500000 0.077123 0.130739 0.634991 0.016805
122.599998 0.076331 0.128984 0.639025 0.016685
122.699997 0.077369 0.127749 0.641144 0.016693
122.799995 0.076522 0.127604 0.646034 0.017127
122.899994 0.075668 0.125613 0.647383 0.017215
123.000000 0.076831 0.125850 0.648059 0.017007
123.099998 0.076008 0.123412 0.650965 0.015602
123.199997 0.076060 0.122958 0.652170 0.015032
123.299995 0.076969 0.124050 0.648341 0.015294
123.399994 0.075636 0.120317 0.647566 0.014927
123.500000 0.076908 0.122212 0.651265 0.015102
123.599998 0.077569 0.123051 0.650240 0.014494
123.699997 0.077753 0.120628 0.651909 0.015491
123.799995 0.076747 0.118663 0.645110 0.015768
123.899994 0.075498 0.117853 0.649945 0.016622
124.000000 0.074159 0.116293 0.648819 0.017714
124.099998 0.074678 0.117265 0.650305 0.017795
124.199997 0.072329 0.113645 0.651761 0.016707
124.299995 0.071700 0.113659 0.650411 0.016323
124.399994 0.071407 0.113211 0.651765 0.016202
124.500000 0.072178 0.112066 0.649305 0.015695
124.599998 0.071636 0.111612 0.648031 0.015029
124.699997 0.072101 0.113259 0.644803 0.014220
124.799995 0.072428 0.112987 0.646553 0.015385
124.899994 0.071150 0.113479 0.651456 0.016211
125.000000 0.070621 0.115435 0.646994 0.016005
125.099998 0.071707 0.115912 0.648265 0.016402
125.199997 0.072907 0.116212 0.652165 0.016502
125.299995 0.071429 0.117547 0.646359 0.015906
125.399994 0.071800 0.116800 0.644200 0.015500
125.500000 0.072185 0.118910 0.647664 0.015475
125.599998 0.071822 0.117035 0.654496 0.016505
125.699997 0.073049 0.117718 0.652843 0.016688
125.799995 0.074104 0.118945 0.654449 0.016179
125.899994 0.074745 0.117470 0.659896 0.017010
126.000000 0.074493 0.118188 0.659234 0.017198
126.099998 0.075671 0.117800 0.659579 0.016971
126.199997 0.076377 0.119564 0.658902 0.016495
126.299995 0.077669 0.120052 0.661036 0.016393
126.399994 0.078566 0.121493 0.660777 0.017570
126.500000 0.079308 0.121012 0.663066 0.017702
126.599998 0.078850 0.120970 0.665136 0.018365
126.699997 0.078614 0.122965 0.657677 0.017780
126.799995 0.078900 0.122900 0.658300 0.017900
126.899994 0.080560 0.124738 0.658971 0.017391
127.000000 0.081767 0.124750 0.655138 0.017993
127.099998 0.081222 0.125889 0.656385 0.017626
127.199997 0.080400 0.126400 0.657200 0.016000
127.299995 0.078708 0.125013 0.657266 0.016702
127.399994 0.080692 0.125887 0.663034 0.017098
127.500000 0.080312 0.126177 0.664330 0.016523
127.599998 0.080627 0.128085 0.662304 0.017185
127.699997 0.081884 0.127874 0.661868 0.017097
127.799995 0.080216 0.128526 0.661432 0.016203
127.899994 0.079816 0.128926 0.655631 0.016303
128.000000 0.079008 0.129413 0.653765 0.017102
128.099991 0.079100 0.126100 0.655900 0.017400
128.199997 0.079024 0.127038 0.658097 0.018305
128.300003 0.077978 0.126226 0.654755 0.018018
128.399994 0.078884 0.128874 0.651870 0.017796
128.500000 0.076700 0.125363 0.652949 0.017623
128.599991 0.076608 0.123212 0.647465 0.016502
128.699997 0.077400 0.122100 0.643100 0.016800
128.800003 0.077953 0.122427 0.642514 0.017889
128.899994 0.078900 0.121800 0.643600 0.017800
129.000000 0.079419 0.120180 0.642564 0.018628
129.099991 0.080076 0.121364 0.643307 0.018794
129.199997 0.082175 0.124063 0.647406 0.018894
129.300003 0.082393 0.125437 0.644662 0.018176
129.399994 0.082583 0.124324 0.643343 0.018819
129.500000 0.081365 0.122198 0.642114 0.018715
129.599991 0.081524 0.121536 0.641993 0.018406
129.699997 0.081984 0.120676 0.640272 0.016497
129.800003 0.081916 0.119324 0.637828 0.015803
129.899994 0.080564 0.116093 0.640312 0.015813
130.000000 0.080913 0.118866 0.642099 0.016423
130.099991 0.080224 0.117635 0.636591 0.016505
130.199997 0.080703 0.120655 0.639632 0.016280
130.300003 0.081370 0.122404 0.635583 0.016274
130.399994 0.083783 0.121376 0.634873 0.015497
130.500000 0.084900 0.125200 0.635600 0.015700
130.599991 0.083941 0.128210 0.634156 0.016688
130.699997 0.086587 0.128929 0.639940 0.017017
130.800003 0.087065 0.128649 0.635546 0.016493
130.899994 0.087400 0.131500 0.638900 0.016700
131.000000 0.089473 0.131061 0.641707 0.015495
131.099991 0.088538 0.127611 0.638553 0.014690
131.199997 0.087448 0.124825 0.642514 0.014092
131.300003 0.088165 0.125450 0.638545 0.012695
131.399994 0.087126 0.124337 0.635891 0.012804
131.500000 0.086491 0.123788 0.637836 0.013199
131.599991 0.086543 0.126363 0.637319 0.013107
131.699997 0.085157 0.125937 0.638081 0.012694
131.800003 0.087744 0.128664 0.640720 0.012606
131.899994 0.088573 0.128961 0.645206 0.013396
132.000000 0.087465 0.128449 0.646741 0.013095
132.099991 0.088147 0.129123 0.648411 0.013092
132.199997 0.088773 0.131561 0.642507 0.012596
132.300003 0.089592 0.128246 0.645725 0.012185
132.399994 0.091609 0.129513 0.644464 0.012501
132.500000 0.091091 0.128787 0.642836 0.012999
132.599991 0.089954 0.127677 0.644086 0.013208
132.699997 0.089291 0.128587 0.644935 0.013199
132.800003 0.088753 0.128577 0.641985 0.012307
132.899994 0.087950 0.130923 0.636282 0.011419
133.000000 0.089663 0.131192 0.637846 0.011408
133.099991 0.091018 0.130626 0.639028 0.011702
133.199997 0.090209 0.132013 0.641064 0.011901
133.300003 0.086996 0.126539 0.649214 0.012614
133.399994 0.086647 0.125413 0.643394 0.012621
133.500000 0.086309 0.125113 0.639064 0.013101
133.599991 0.087126 0.125138 0.636491 0.013904
133.699997 0.086669 0.125801 0.637510 0.013411
133.800003 0.088162 0.125788 0.638047 0.014510
133.899994 0.087535 0.125550 0.637455 0.015306
134.000000 0.086783 0.124775 0.634773 0.015197
134.099991 0.086565 0.126649 0.634446 0.015094
134.199997 0.085909 0.127713 0.629463 0.015402
134.300003 0.086331 0.127098 0.634193 0.014688
134.399994 0.086409 0.124412 0.631763 0.015702
134.500000 0.086465 0.126249 0.626050 0.015094
134.599991 0.087661 0.128590 0.623236 0.014910
134.699997 0.089746 0.131121 0.622826 0.015091
134.800003 0.090636 0.130652 0.623349 0.016707
134.899994 0.090419 0.132081 0.621641 0.017185
135.000000 0.091100 0.133293 0.623772 0.017839
135.099991 0.089300 0.133500 0.623400 0.017800
135.199997 0.089746 0.134120 0.621627 0.018289
135.300003 0.089527 0.132140 0.621286 0.017205
135.399994 0.089827 0.130739 0.619186 0.016205
135.500000 0.089171 0.130404 0.621998 0.014612
135.599991 0.088538 0.131008 0.619866 0.014290
135.699997 0.086643 0.125663 0.617109 0.014807
135.800003 0.086904 0.127353 0.612435 0.014818
135.899994 0.086435 0.129552 0.609644 0.014706
136.000000 0.086939 0.128806 0.610877 0.014724
136.099991 0.087718 0.128326 0.611322 0.015603
136.199997 0.087718 0.127225 0.613423 0.014803
136.300003 0.089138 0.129110 0.612271 0.014890
136.399994 0.090918 0.130682 0.613648 0.014687
136.500000 0.092128 0.132540 0.617785 0.014804
136.599991 0.090019 0.126386 0.614047 0.014887
136.699997 0.089264 0.122551 0.610056 0.014494
136.800003 0.090045 0.125763 0.611506 0.014907
136.899994 0.090100 0.126300 0.610000 0.014700
137.000000 0.089918 0.127025 0.610922 0.015103
137.099991 0.089736 0.124850 0.613145 0.015806
137.199997 0.090254 0.126276 0.613968 0.016610
137.300003 0.089564 0.123751 0.614554 0.016593
137.399994 0.089463 0.123587 0.615631 0.017312
137.500000 0.087882 0.123675 0.616977 0.016897
137.599991 0.087770 0.124500 0.616593 0.016213
137.699997 0.088891 0.124988 0.618238 0.015598
137.800003 0.089648 0.123191 0.618548 0.017071
137.899994 0.089182 0.124775 0.622376 0.015297
138.000000 0.086426 0.121236 0.621486 0.016105
138.099991 0.086134 0.122849 0.618247 0.016507
138.199997 0.084908 0.122212 0.620262 0.017902
138.300003 0.083759 0.122486 0.624537 0.018113
138.399994 0.084217 0.123225 0.621124 0.018504
138.500000 0.082507 0.120857 0.623611 0.017523
138.599991 0.082641 0.121661 0.631416 0.016708
138.699997 0.085240 0.124313 0.630159 0.015789
138.800003 0.083067 0.124050 0.627349 0.015694
138.899994 0.085651 0.125275 0.624575 0.015509
139.000000 0.086683 0.129174 0.623775 0.015697
139.099991 0.083642 0.125863 0.624212 0.016108
139.199997 0.083066 0.124400 0.622098 0.015813
139.300003 0.080968 0.122551 0.618852 0.015294
139.399994 0.080292 0.119688 0.618738 0.014699
139.500000 0.080600 0.119300 0.613000 0.015400
139.599991 0.077016 0.117777 0.606410 0.016024
139.699997 0.075764 0.114394 0.606608 0.015971
139.800003 0.076938 0.116758 0.609105 0.016208
139.899994 0.075800 0.116100 0.611500 0.015100
140.000000 0.076354 0.114531 0.618529 0.014391
140.099991 0.076946 0.114120 0.618467 0.015189
140.199997 0.076099 0.112847 0.622409 0.014519
140.300003 0.074652 0.111278 0.623136 0.014810
140.399994 0.074648 0.109823 0.621465 0.013191
140.500000 0.074163 0.108046 0.619290 0.013393
140.599991 0.074440 0.105715 0.618805 0.013789
140.699997 0.074637 0.106853 0.618209 0.012606
140.800003 0.074037 0.109655 0.619810 0.012206
140.899994 0.074230 0.108643 0.623749 0.013205
141.000000 0.074478 0.108667 0.622713 0.013696
141.099991 0.073870 0.110756 0.619252 0.014594
141.199997 0.075215 0.111522 0.620824 0.013703
141.300003 0.075932 0.113398 0.620941 0.013788
141.399994 0.075783 0.114626 0.619481 0.013915
141.500000 0.075515 0.112422 0.623225 0.014203
141.599991 0.074440 0.110512 0.624400 0.013989
141.699997 0.074522 0.108332 0.628889 0.014604
141.800003 0.074322 0.108032 0.628689 0.014004
141.899994 0.074578 0.107768 0.629511 0.014496
142.000000 0.074570 0.109756 0.629248 0.014294
142.099991 0.073596 0.109342 0.631221 0.015020
142.199997 0.074452 0.108176 0.631842 0.014610
142.300003 0.073110 0.107061 0.633250 0.014722
142.399994 0.073356 0.109634 0.635419 0.015091
142.500000 0.074259 0.111788 0.637988 0.015371
142.599991 0.073341 0.113309 0.637490 0.014788
142.699997 0.073271 0.113655 0.637945 0.014294
142.800003 0.074407 0.111811 0.636764 0.013501
142.899994 0.075392 0.112389 0.636336 0.014199
143.000000 0.076170 0.111855 0.633846 0.013295
143.099991 0.077423 0.111033 0.636691 0.012904
143.199997 0.077377 0.109009 0.635736 0.013113
143.300003 0.076746 0.111022 0.641251 0.013391
143.399994 0.076347 0.112321 0.637154 0.014490
143.500000 0.074935 0.110098 0.638449 0.013324
143.599991 0.074352 0.109076 0.640448 0.013209
143.699997 0.074496 0.107649 0.643000 0.013881
143.800003 0.076985 0.110278 0.643071 0.013297
143.899994 0.076353 0.110978 0.643150 0.013409
144.000000 0.076277 0.110767 0.644507 0.014196
144.099991 0.075245 0.111067 0.641885 0.013908
144.199997 0.076400 0.112300 0.643500 0.014200
144.300003 0.075200 0.110800 0.644300 0.014500
144.399994 0.074215 0.111922 0.645929 0.015303
144.500000 0.074148 0.111222 0.643849 0.016688
144.599991 0.071743 0.110066 0.644587 0.015609
144.699997 0.071936 0.108754 0.647424 0.015408
144.800003 0.072785 0.109578 0.656669 0.015397
144.899994 0.072078 0.110367 0.653604 0.014696
145.000000 0.072980 0.109621 0.655121 0.014716
145.099991 0.073641 0.108613 0.659273 0.014888
145.199997 0.073378 0.108667 0.658802 0.014696
145.300003 0.074385 0.107578 0.659268 0.013897
145.399994 0.072100 0.109200 0.659800 0.014300
145.500000 0.071786 0.107329 0.663797 0.014117
145.599991 0.073156 0.105936 0.662003 0.014191
145.699997 0.073615 0.107121 0.659632 0.015003
145.800003 0.074800 0.112300 0.658800 0.014200
145.899994 0.075110 0.115861 0.661906 0.014483
146.000000 0.077692 0.116388 0.664334 0.014499
146.099991 0.077347 0.116521 0.663761 0.015429
146.199997 0.076347 0.115319 0.667633 0.014790
146.300003 0.075808 0.115112 0.667567 0.015102
146.399994 0.075977 0.114866 0.666200 0.014896
146.500000 0.078100 0.115100 0.668100 0.014300
146.599991 0.078992 0.115788 0.668533 0.013899
146.699997 0.078798 0.115650 0.666134 0.015680
146.800003 0.077730 0.114997 0.669897 0.016385
146.899994 0.077430 0.115396 0.666500 0.017185
147.000000 0.077085 0.113477 0.664967 0.016897
147.099991 0.076001 0.115350 0.666933 0.016578
147.199997 0.075623 0.112434 0.666300 0.015905
147.300003 0.075923 0.114234 0.667000 0.017205
147.399994 0.074263 0.118141 0.667266 0.016792
147.500000 0.074315 0.117323 0.667333 0.017103
147.599991 0.074805 0.119968 0.665331 0.017424
147.699997 0.074485 0.119676 0.662567 0.018096
147.800003 0.074363 0.118241 0.660770 0.017591
147.899994 0.074810 0.114762 0.660607 0.018078
148.000000 0.075783 0.111222 0.658825 0.018620
148.099991 0.076208 0.111511 0.663066 0.018602
148.199997 0.077100 0.112300 0.660700 0.019000
148.300003 0.077708 0.113611 0.659066 0.018702
148.399994 0.076254 0.116130 0.659904 0.018389
148.500000 0.077254 0.116582 0.655759 0.018213
148.599991 0.076946 0.117218 0.653443 0.017788
148.699997 0.076177 0.117565 0.653704 0.017795
148.800003 0.076361 0.117494 0.656225 0.017614
148.899994 0.077339 0.116658 0.657129 0.017409
149.000000 0.076138 0.113057 0.651126 0.017309
149.099991 0.075000 0.112800 0.647500 0.017100
149.199997 0.076492 0.113489 0.643936 0.017198
149.300003 0.077393 0.115138 0.644774 0.016620
149.399994 0.076462 0.113343 0.648176 0.016992
149.500000 0.075608 0.112411 0.646565 0.015602
149.599991 0.075062 0.111244 0.644178 0.014993
149.699997 0.075615 0.111622 0.642228 0.014903
149.800003 0.074185 0.109878 0.642372 0.014697
149.899994 0.074252 0.112579 0.642250 0.014910
150.000000 0.073349 0.108724 0.641551 0.015389
150.099991 0.072858 0.106485 0.642214 0.015212
150.199997 0.071343 0.107814 0.642586 0.015787
150.300003 0.071628 0.108691 0.635764 0.015085
150.399994 0.071200 0.108400 0.634300 0.015100
150.500000 0.070529 0.107692 0.634765 0.016184
150.599991 0.071486 0.105679 0.634073 0.016097
150.699997 0.072443 0.105463 0.632880 0.017010
150.800003 0.072442 0.106015 0.629097 0.016487
150.899994 0.070950 0.107075 0.627840 0.017312
151.000000 0.071257 0.106385 0.632806 0.017714
151.099991 0.071486 0.106779 0.632773 0.017097
151.199997 0.071621 0.107182 0.630506 0.016881
151.300003 0.070914 0.109222 0.633127 0.016903
151.399994 0.070423 0.110678 0.637399 0.017181
151.500000 0.069079 0.106368 0.634710 0.017495
151.599991 0.068755 0.106385 0.634207 0.019516
151.699997 0.069265 0.106547 0.631784 0.019990
151.800003 0.071007 0.102910 0.630363 0.019602
151.899994 0.071250 0.101271 0.632643 0.019213
152.000000 0.071307 0.102210 0.637564 0.018502
152.099991 0.069979 0.101669 0.637009 0.018095
152.199997 0.069958 0.102339 0.634719 0.018589
152.300003 0.070107 0.102610 0.635064 0.018102
152.399994 0.070928 0.104142 0.634454 0.018707
152.500000 0.070135 0.105153 0.636618 0.018009
152.599991 0.070822 0.107582 0.635101 0.018080
152.699997 0.072664 0.109245 0.637181 0.017791
152.800003 0.072335 0.108902 0.639125 0.016385
152.899994 0.072722 0.106932 0.638191 0.015705
153.000000 0.074167 0.107397 0.647182 0.015614
153.099991 0.076184 0.107418 0.643107 0.014516
153.199997 0.074835 0.107393 0.637247 0.015227
153.300003 0.075591 0.110232 0.634862 0.015318
153.399994 0.075806 0.110555 0.633787 0.014721
153.500000 0.074693 0.110589 0.634137 0.013899
153.599991 0.075647 0.111922 0.635655 0.013790
153.699997 0.075300 0.108200 0.636400 0.013200
153.800003 0.073378 0.105768 0.629611 0.013596
153.899994 0.074104 0.105962 0.632877 0.013882
154.000000 0.072135 0.106204 0.632930 0.013987
154.099991 0.072265 0.104494 0.634571 0.014713
154.199997 0.072366 0.104039 0.633357 0.014734
154.300003 0.071901 0.101142 0.634989 0.015321
154.399994 0.071092 0.098128 0.631921 0.015120
154.500000 0.071529 0.098840 0.635754 0.016307
154.599991 0.072556 0.099141 0.633420 0.016790
154.699997 0.074355 0.100740 0.635319 0.016390
154.800003 0.074455 0.101639 0.636618 0.016190
154.899994 0.074640 0.102118 0.640488 0.016087
155.000000 0.072866 0.100290 0.638475 0.015314
155.099991 0.072193 0.098290 0.641336 0.014599
155.199997 0.072971 0.098561 0.638744 0.015094
155.300003 0.073261 0.099112 0.639186 0.014872
155.399994 0.073381 0.098108 0.636600 0.014015
155.500000 0.073024 0.099068 0.640890 0.014124
155.599991 0.073466 0.098789 0.644480 0.014413
155.699997 0.073405 0.098372 0.643663 0.014581
155.800003 0.072636 0.099450 0.645223 0.015608
155.899994 0.073000 0.099100 0.645500 0.015800
156.000000 0.073071 0.102259 0.649340 0.016194
156.099991 0.071979 0.101111 0.645510 0.017019
156.199997 0.071393 0.102690 0.648235 0.017498
156.300003 0.071014 0.104521 0.649530 0.018104
156.399994 0.070628 0.105842 0.649160 0.018607
156.500000 0.070706 0.105959 0.646970 0.020330
156.599991 0.071564 0.105747 0.653173 0.020690
156.699997 0.070728 0.105542 0.650060 0.020408
156.800003 0.069407 0.103210 0.649465 0.019502
156.899994 0.067379 0.103514 0.650329 0.020763
157.000000 0.066767 0.101802 0.652152 0.019319
157.099991 0.067632 0.104595 0.654645 0.019081
157.199997 0.066300 0.105200 0.652200 0.018100
157.300003 0.066380 0.104169 0.646006 0.018694
157.399994 0.068025 0.106383 0.646589 0.017980
157.500000 0.067568 0.107307 0.643844 0.017518
157.599991 0.067714 0.109122 0.643529 0.017503
157.699997 0.065820 0.109433 0.643193 0.017605
157.800003 0.066580 0.108767 0.645406 0.018494
157.899994 0.067440 0.107665 0.646488 0.017310
158.000000 0.067693 0.106589 0.648735 0.017698
158.099991 0.067580 0.104669 0.651105 0.017895
158.199997 0.065966 0.103904 0.645746 0.018218
158.300003 0.066867 0.106147 0.646077 0.018891
158.399994 0.066627 0.106643 0.638555 0.019108
158.500000 0.065880 0.108867 0.641508 0.019394
158.599991 0.066207 0.107111 0.640664 0.020702
158.699997 0.066613 0.105521 0.642428 0.021304
158.800003 0.064648 0.105116 0.643086 0.020783
158.899994 0.063357 0.104494 0.644080 0.019718
159.000000 0.062906 0.104310 0.644764 0.019002
159.099991 0.062550 0.104584 0.642114 0.019416
159.199997 0.063100 0.107300 0.640800 0.019900
159.300003 0.062481 0.106597 0.639585 0.020162
159.399994 0.061756 0.106496 0.641778 0.020218
159.500000 0.061204 0.104878 0.638986 0.019834
159.599991 0.062481 0.105568 0.637209 0.019294
159.699997 0.063602 0.106771 0.638121 0.019131
159.800003 0.063675 0.102659 0.637545 0.017793
159.899994 0.064162 0.103138 0.635918 0.018089
160.000000 0.062513 0.103621 0.636727 0.016703
160.099991 0.062350 0.101681 0.638211 0.017114
160.199997 0.059800 0.098900 0.639000 0.017400
160.300003 0.060354 0.098989 0.644480 0.018316
160.399994 0.060957 0.099031 0.644949 0.017987
160.500000 0.059494 0.097490 0.645935 0.017598
160.599991 0.061439 0.101399 0.647253 0.017582
160.699997 0.062800 0.100700 0.646500 0.016900
160.800003 0.063319 0.100630 0.648295 0.016005
160.899994 0.063343 0.099011 0.647917 0.016485
161.000000 0.063625 0.100540 0.645858 0.016006
161.099991 0.064300 0.102400 0.647800 0.016800
161.199997 0.063362 0.100740 0.650710 0.016790
161.300003 0.062206 0.099469 0.650506 0.016428
161.399994 0.060912 0.099820 0.647329 0.017003
161.500000 0.060555 0.098288 0.647583 0.017916
161.599991 0.062388 0.098280 0.650770 0.016197
161.699997 0.061018 0.097829 0.651896 0.016805
161.800003 0.060270 0.099350 0.652874 0.017591
161.899994 0.058441 0.095567 0.652457 0.018313
162.000000 0.058818 0.096629 0.657697 0.018305
162.099991 0.058065 0.095842 0.658805 0.018389
162.199997 0.057200 0.096300 0.656700 0.019000
162.300003 0.056283 0.095671 0.662201 0.018994
162.399994 0.058064 0.095505 0.661327 0.018921
162.500000 0.058923 0.093878 0.661840 0.018576
162.599991 0.060527 0.095485 0.660008 0.018178
162.699997 0.059960 0.095195 0.658258 0.017618
162.800003 0.061018 0.097429 0.652596 0.017405
162.899994 0.060703 0.098467 0.653210 0.018131
163.000000 0.059966 0.096306 0.653319 0.019021
163.099991 0.059300 0.093600 0.654500 0.018500
163.199997 0.061331 0.094647 0.657329 0.018209
163.300003 0.061263 0.092045 0.653508 0.018089
163.399994 0.061763 0.093044 0.654008 0.016590
163.500000 0.061186 0.091228 0.655017 0.015922
163.599991 0.061518 0.091928 0.659598 0.015605
163.699997 0.063200 0.092700 0.656000 0.014500
163.800003 0.064432 0.094247 0.662131 0.015508
163.899994 0.063832 0.093447 0.666233 0.015408
164.000000 0.063606 0.094509 0.664867 0.015302
164.099991 0.063787 0.095881 0.666167 0.015197
164.199997 0.063494 0.096790 0.665233 0.015198
164.300003 0.065808 0.097763 0.664570 0.016077
164.399994 0.065820 0.097529 0.661398 0.015605
164.500000 0.065174 0.098161 0.664934 0.015494
164.599991 0.064339 0.099152 0.666833 0.015661
164.699997 0.063263 0.099600 0.663664 0.016016
164.800003 0.064319 0.099930 0.663399 0.015605
164.899994 0.064322 0.101593 0.663260 0.015129
165.000000 0.064581 0.102169 0.663401 0.014896
165.099991 0.065772 0.103414 0.662729 0.014816
165.199997 0.067013 0.101320 0.663033 0.015103
165.300003 0.066053 0.100180 0.663030 0.014311
165.399994 0.065474 0.098860 0.664134 0.015194
165.500000 0.066041 0.100909 0.666400 0.015586
165.599991 0.067466 0.100650 0.669065 0.016192
165.699997 0.068928 0.099240 0.671469 0.016507
165.800003 0.069514 0.096719 0.669734 0.017503
165.899994 0.069186 0.097880 0.669666 0.016697
166.000000 0.068211 0.099770 0.674923 0.016279
166.099991 0.066640 0.099910 0.678190 0.016485
166.199997 0.067480 0.099470 0.678496 0.016995
166.300003 0.067754 0.100881 0.673439 0.016813
166.399994 0.068511 0.104165 0.669030 0.015979
166.500000 0.070000 0.104200 0.667200 0.016300
166.599991 0.069693 0.103990 0.666733 0.015098
166.699997 0.070572 0.103359 0.669832 0.015994
166.800003 0.070757 0.102782 0.671938 0.016813
166.899994 0.070221 0.103631 0.674202 0.016505
167.000000 0.071064 0.103493 0.673006 0.016615
167.099991 0.072349 0.101429 0.675027 0.016189
167.199997 0.071872 0.099600 0.677878 0.015415
167.300003 0.072393 0.099590 0.680032 0.015498
167.399994 0.072397 0.100319 0.681193 0.015955
167.500000 0.071607 0.099810 0.684068 0.015502
167.599991 0.070349 0.102672 0.680877 0.014810
167.699997 0.073022 0.103931 0.681404 0.015205
167.800003 0.072615 0.103821 0.684937 0.015903
167.899994 0.071464 0.103848 0.685957 0.015492
168.000000 0.072785 0.104679 0.685963 0.015697
168.099991 0.071300 0.102100 0.685700 0.015800
168.199997 0.070835 0.102351 0.683442 0.015408
168.300003 0.071686 0.103679 0.687063 0.015097
168.399994 0.073188 0.104325 0.693532 0.015419
168.500000 0.074430 0.104942 0.695678 0.017007
168.599991 0.072393 0.103090 0.698130 0.016498
168.699997 0.071493 0.104190 0.699130 0.015698
168.800003 0.071856 0.106387 0.701297 0.015868
168.899994 0.072964 0.110645 0.701349 0.017891
169.000000 0.071372 0.108006 0.701937 0.016570
169.099991 0.071793 0.106789 0.700130 0.016698
169.199997 0.070936 0.105905 0.702268 0.015286
169.300003 0.070864 0.104294 0.701131 0.014313
169.399994 0.070251 0.103528 0.699710 0.013890
169.500000 0.069851 0.105126 0.699310 0.014190
169.599991 0.070700 0.105900 0.695800 0.014100
169.699997 0.071714 0.107522 0.690638 0.013703
169.800003 0.071157 0.103538 0.694283 0.012792
169.899994 0.072086 0.106379 0.693161 0.012697
170.000000 0.071621 0.105332 0.690407 0.011904
170.099991 0.070707 0.103210 0.692269 0.010901
170.199997 0.070335 0.104152 0.695748 0.010405
170.300003 0.070056 0.104984 0.692354 0.011109
170.399994 0.069765 0.105347 0.694953 0.010495
170.500000 0.069993 0.105189 0.696930 0.010299
170.599991 0.070480 0.106020 0.699311 0.010582
170.699997 0.070321 0.102731 0.699710 0.010803
170.800003 0.070165 0.104048 0.701949 0.011394
170.899994 0.071193 0.104090 0.703830 0.010299
171.000000 0.070485 0.104425 0.700541 0.010513
171.099991 0.069314 0.105021 0.698940 0.010502
171.199997 0.071371 0.103159 0.695422 0.010596
171.300003 0.068804 0.102357 0.693629 0.010585
171.399994 0.069417 0.102777 0.693967 0.010687
171.500000 0.069993 0.103190 0.689731 0.011499
171.599991 0.070537 0.102907 0.691977 0.011989
171.699997 0.070808 0.101468 0.692000 0.013283
171.800003 0.070607 0.100210 0.690869 0.012801
171.899994 0.070636 0.099311 0.690079 0.013288
172.000000 0.071450 0.099870 0.692385 0.013309
172.099991 0.071236 0.101551 0.692946 0.012906
172.199997 0.072813 0.102877 0.700060 0.012984
172.300003 0.073093 0.103890 0.701430 0.011999
172.399994 0.074052 0.106074 0.697888 0.012509
172.500000 0.073863 0.105747 0.699350 0.012694
172.599991 0.073022 0.104531 0.702811 0.012104
172.699997 0.073315 0.106221 0.700340 0.013703
172.800003 0.072902 0.107150 0.704386 0.014220
172.899994 0.074207 0.106211 0.699470 0.014601
173.000000 0.073056 0.104337 0.700680 0.013892
173.099991 0.072807 0.103310 0.704070 0.014201
173.199997 0.072294 0.100831 0.701412 0.012917
173.300003 0.073037 0.101451 0.698749 0.013407
173.399994 0.072000 0.103700 0.703000 0.014800
173.500000 0.071550 0.104773 0.703092 0.014410
173.599991 0.069914 0.105221 0.701740 0.014003
173.699997 0.071614 0.104621 0.706041 0.013903
173.800003 0.072029 0.102741 0.703882 0.014206
173.899994 0.072042 0.102918 0.705735 0.014988
174.000000 0.070829 0.103097 0.704096 0.015085
174.099991 0.071172 0.102059 0.705218 0.015694
174.199997 0.070286 0.100880 0.703559 0.015597
174.300003 0.069979 0.098970 0.701190 0.015795
174.399994 0.071036 0.099050 0.700450 0.016308
174.500000 0.072186 0.101380 0.697161 0.016797
174.599991 0.072319 0.099352 0.694364 0.015661
174.699997 0.073459 0.101181 0.698559 0.015913
174.800003 0.074163 0.102949 0.704048 0.016792
174.899994 0.074690 0.104225 0.704846 0.017121
175.000000 0.074645 0.104763 0.702922 0.017410
175.099991 0.075977 0.104569 0.701290 0.017995
175.199997 0.076330 0.106782 0.701893 0.018331
175.300003 0.077169 0.105858 0.702519 0.017793
175.399994 0.077300 0.106600 0.703200 0.018400
175.500000 0.077208 0.105411 0.701970 0.017202
175.599991 0.078700 0.105900 0.704500 0.017700
175.699997 0.078755 0.105274 0.703092 0.016712
175.800003 0.078614 0.107282 0.708021 0.017481
175.899994 0.079440 0.106953 0.708754 0.018709
176.000000 0.078500 0.104600 0.708900 0.021200
176.099991 0.076515 0.102621 0.706941 0.021304
176.199997 0.078476 0.103069 0.703689 0.020694
176.300003 0.078277 0.103569 0.706188 0.020894
176.399994 0.079764 0.104584 0.707066 0.019416
176.500000 0.080076 0.104169 0.707288 0.020394
176.599991 0.079433 0.102784 0.707215 0.019659
176.699997 0.081335 0.103018 0.709133 0.020484
176.800003 0.081588 0.103638 0.704520 0.020247
176.899994 0.080684 0.103279 0.704759 0.020196
177.000000 0.078586 0.101512 0.708980 0.021023
177.099991 0.080857 0.103172 0.708496 0.021315
177.199997 0.080268 0.103659 0.710116 0.020592
177.300003 0.080876 0.104369 0.712586 0.021294
177.399994 0.079095 0.102723 0.714557 0.021826
177.500000 0.080916 0.104721 0.717643 0.020204
177.599991 0.082282 0.107107 0.724625 0.020420
177.699997 0.083433 0.106815 0.726419 0.021383
177.800003 0.082742 0.106625 0.726491 0.023284
177.899994 0.083350 0.103762 0.729838 0.022113
178.000000 0.082541 0.104152 0.732966 0.022111
178.099991 0.082992 0.103190 0.729227 0.021198
178.199997 0.083817 0.105221 0.727946 0.020904
178.300003 0.084683 0.107279 0.727255 0.020096
178.399994 0.083425 0.107603 0.725347 0.020182
178.500000 0.083833 0.105216 0.724321 0.019484
178.599991 0.084150 0.104437 0.725365 0.020188
178.699997 0.083433 0.106587 0.730140 0.021457
178.800003 0.082908 0.106411 0.731373 0.021302
178.899994 0.083842 0.107354 0.729965 0.019610
179.000000 0.082301 0.107671 0.726029 0.017779
179.099991 0.082242 0.103528 0.724393 0.017588
179.199997 0.082650 0.107464 0.728237 0.018911
179.300003 0.082976 0.110534 0.725612 0.019471
179.399994 0.083892 0.110189 0.729127 0.019598
179.500000 0.083868 0.113126 0.726653 0.020140
179.599991 0.082975 0.110367 0.724783 0.019494
179.699997 0.082733 0.112545 0.724590 0.019608
179.800003 0.081557 0.111878 0.725208 0.020014
179.899994 0.082141 0.112956 0.719460 0.020010
180.000000 0.081843 0.113221 0.721695 0.019886
180.099991 0.082792 0.113889 0.722828 0.020798
180.199997 0.081786 0.113541 0.725684 0.021170
180.300003 0.082258 0.114580 0.725708 0.020114
180.399994 0.081933 0.115646 0.721589 0.020608
180.500000 0.082917 0.116123 0.721544 0.021504
180.599991 0.083850 0.115531 0.723066 0.020987
180.699997 0.083916 0.112787 0.721179 0.020979
180.800003 0.084100 0.111500 0.720200 0.020700
180.899994 0.084008 0.112211 0.719372 0.020302
181.000000 0.082451 0.112133 0.717070 0.019788
181.099991 0.080600 0.110100 0.719600 0.019100
181.199997 0.079976 0.112066 0.720884 0.019694
181.300003 0.078392 0.113989 0.718428 0.018798
181.399994 0.078955 0.114280 0.721605 0.018313
181.500000 0.079371 0.114003 0.721549 0.018417
181.599991 0.079804 0.113848 0.719836 0.018624
181.699997 0.079436 0.112110 0.711531 0.018785
181.800003 0.079103 0.112346 0.714229 0.019726
181.899994 0.078950 0.111588 0.709751 0.021160
182.000000 0.078108 0.111811 0.710871 0.020202
182.099991 0.079513 0.113475 0.703726 0.021077
182.199997 0.079592 0.112089 0.706429 0.020898
182.300003 0.080288 0.112424 0.703974 0.020222
182.399994 0.080376 0.111467 0.708188 0.019594
182.500000 0.080168 0.111555 0.707017 0.018992
182.599991 0.080392 0.109889 0.707129 0.017698
182.699997 0.080735 0.110612 0.710631 0.016387
182.800003 0.080927 0.112399 0.710860 0.016185
182.899994 0.080132 0.113045 0.711885 0.016206
183.000000 0.081527 0.115496 0.709861 0.016585
183.099991 0.080184 0.114777 0.708558 0.016897
183.199997 0.080272 0.113602 0.712141 0.016014
183.300003 0.080676 0.111167 0.714486 0.016295
183.399994 0.078222 0.109690 0.712587 0.016084
183.500000 0.078390 0.109147 0.709207 0.015878
183.599991 0.078576 0.110367 0.710787 0.014396
183.699997 0.079608 0.109911 0.710271 0.014801
183.800003 0.079912 0.111377 0.708021 0.015982
183.899994 0.080384 0.110978 0.708258 0.015597
184.000000 0.079776 0.107568 0.712486 0.015895
184.099991 0.081800 0.107800 0.712200 0.016800
184.199997 0.081486 0.108548 0.714999 0.017076
184.300003 0.083192 0.111155 0.719465 0.016678
184.399994 0.082692 0.111489 0.720928 0.016698
184.500000 0.083300 0.112700 0.720600 0.017300
184.599991 0.082916 0.113359 0.719607 0.018626
184.699997 0.082067 0.112955 0.719112 0.018193
184.800003 0.082200 0.115200 0.718700 0.018200
184.899994 0.081111 0.113575 0.719009 0.017780
185.000000 0.081189 0.115127 0.723195 0.017019
185.099991 0.082374 0.118206 0.720048 0.018116
185.199997 0.083641 0.120316 0.720596 0.018987
185.300003 0.082683 0.118018 0.720921 0.018418
185.399994 0.084517 0.118524 0.723445 0.019404
185.500000 0.085247 0.118686 0.721302 0.020164
185.599991 0.084158 0.118141 0.717041 0.019390
185.699997 0.084241 0.117917 0.720296 0.018987
185.800003 0.083242 0.118459 0.719260 0.019310
185.899994 0.082351 0.116930 0.715870 0.019788
186.000000 0.080164 0.113991 0.717574 0.021117
186.099991 0.082067 0.116853 0.716413 0.021092
186.199997 0.082633 0.116747 0.719388 0.021809
186.300003 0.082434 0.115608 0.720524 0.020983
186.399994 0.082975 0.115304 0.718146 0.021019
186.500000 0.082584 0.116137 0.718494 0.021869
186.599991 0.083033 0.115646 0.716587 0.020708
186.699997 0.082934 0.116607 0.721223 0.021083
186.800003 0.084625 0.119336 0.724617 0.021006
186.899994 0.085977 0.119407 0.721950 0.020819
187.000000 0.086057 0.122839 0.724938 0.020990
187.099991 0.084559 0.122886 0.725408 0.019914
187.199997 0.084375 0.120364 0.722183 0.019194
187.300003 0.082892 0.120188 0.719328 0.018898
187.399994 0.085066 0.121951 0.720512 0.018493
187.500000 0.086400 0.123100 0.722000 0.017700
187.599991 0.086930 0.122802 0.722122 0.016387
187.699997 0.087430 0.125899 0.722522 0.017086
187.800003 0.086105 0.125262 0.721107 0.016981
187.899994 0.085634 0.125450 0.720288 0.017307
188.000000 0.087474 0.125062 0.718185 0.017495
188.099991 0.089107 0.124349 0.718162 0.016620
188.199997 0.088091 0.123288 0.720528 0.015998
188.300003 0.086404 0.123248 0.720965 0.016520
188.399994 0.086431 0.123301 0.720823 0.015588
188.500000 0.086491 0.122888 0.724628 0.016198
188.599991 0.085183 0.122476 0.721956 0.017696
188.699997 0.086461 0.122286 0.721205 0.017412
188.800003 0.085057 0.122939 0.723738 0.019190
188.899994 0.085877 0.121710 0.720549 0.020418
189.000000 0.085729 0.119780 0.722183 0.021032
189.099991 0.087647 0.121027 0.726164 0.019788
189.199997 0.089481 0.120809 0.725753 0.020218
189.300003 0.087674 0.117165 0.725782 0.021993
189.399994 0.087244 0.113657 0.724662 0.021011
189.500000 0.086683 0.113177 0.725655 0.019596
189.599991 0.086152 0.115069 0.727136 0.019812
189.699997 0.086409 0.115912 0.730173 0.019402
189.800003 0.087317 0.116023 0.731946 0.018204
189.899994 0.089727 0.115835 0.730619 0.018005
190.000000 0.090263 0.115981 0.734014 0.018113
190.099991 0.090582 0.115977 0.733353 0.018196
190.199997 0.091046 0.118890 0.732772 0.018630
190.300003 0.089882 0.119776 0.731554 0.017696
190.399994 0.089564 0.119252 0.730608 0.016593
190.500000 0.090827 0.119636 0.731019 0.016905
190.599991 0.091027 0.119668 0.728520 0.017525
190.699997 0.089118 0.118324 0.728646 0.017303
190.800003 0.088100 0.117500 0.728500 0.016500
190.899994 0.088476 0.117436 0.727182 0.017376
191.000000 0.089808 0.117341 0.728374 0.016720
191.099991 0.089153 0.120873 0.726136 0.017410
191.199997 0.088162 0.121085 0.722906 0.016512
191.300003 0.089334 0.122684 0.728393 0.017927
191.399994 0.090936 0.123913 0.729789 0.017388
191.500000 0.090655 0.123902 0.730132 0.018271
191.599991 0.088138 0.120716 0.730788 0.017887
191.699997 0.087430 0.121503 0.734912 0.017986
191.800003 0.088820 0.121990 0.737037 0.017384
191.899994 0.089745 0.122661 0.735968 0.017809
192.000000 0.090328 0.123501 0.738809 0.016387
192.099991 0.089945 0.122061 0.734967 0.014707
192.199997 0.088038 0.118617 0.735385 0.015089
192.300003 0.087161 0.118883 0.739117 0.014810
192.399994 0.085826 0.115235 0.742123 0.014104
192.500000 0.086717 0.115023 0.740348 0.014403
192.599991 0.085628 0.115073 0.740811 0.014221
192.699997 0.086648 0.115531 0.741355 0.013292
192.800003 0.087035 0.112945 0.747499 0.013605
192.899994 0.086596 0.110867 0.747004 0.013484
193.000000 0.086369 0.110889 0.752002 0.013411
193.099991 0.085389 0.108559 0.753720 0.013582
193.199997 0.086071 0.111832 0.752771 0.013080
193.300003 0.086552 0.111467 0.755053 0.011307
193.399994 0.085251 0.111267 0.759055 0.013108
193.500000 0.085700 0.111000 0.759000 0.012500
193.599991 0.085483 0.107778 0.760748 0.013397
193.699997 0.085383 0.110578 0.759148 0.012797
193.800003 0.085291 0.109789 0.757524 0.013599
193.899994 0.085455 0.113407 0.762803 0.014276
194.000000 0.087509 0.114111 0.764076 0.013701
194.099991 0.086865 0.111955 0.765694 0.013195
194.199997 0.087252 0.114469 0.762357 0.014409
194.300003 0.085891 0.113389 0.762624 0.013999
194.399994 0.085100 0.111600 0.758300 0.013600
194.500000 0.083625 0.108933 0.759428 0.013204
194.599991 0.083924 0.107403 0.760016 0.013288
194.699997 0.082326 0.106304 0.762514 0.013588
194.800003 0.081810 0.106183 0.765758 0.014184
194.899994 0.081516 0.106521 0.765853 0.013703
195.000000 0.081073 0.106896 0.766290 0.014413
195.099991 0.080032 0.107743 0.769208 0.014206
195.199997 0.080363 0.109214 0.769692 0.014775
195.300003 0.080792 0.111489 0.769823 0.015398
195.399994 0.080460 0.113343 0.768316 0.015792
195.500000 0.078776 0.110867 0.767370 0.014996
195.599991 0.077376 0.111222 0.766474 0.015775
195.699997 0.075800 0.109200 0.767700 0.015500
195.800003 0.077177 0.110767 0.767270 0.015795
195.899994 0.077800 0.111300 0.770600 0.015000
196.000000 0.076308 0.112511 0.772477 0.015102
196.099991 0.076377 0.111167 0.771369 0.015595
196.199997 0.076015 0.110022 0.769554 0.014803
196.300003 0.076108 0.109911 0.771877 0.015102
196.399994 0.076230 0.109944 0.773910 0.016307
196.500000 0.076269 0.111255 0.773491 0.016393
196.599991 0.077277 0.111866 0.773368 0.016695
196.699997 0.076515 0.113323 0.774355 0.016803
196.800003 0.077992 0.114489 0.776022 0.016998
196.899994 0.077261 0.111344 0.774513 0.016592
197.000000 0.077023 0.109990 0.770729 0.017682
197.099991 0.077031 0.109644 0.768207 0.017407
197.199997 0.077077 0.108967 0.763471 0.017895
197.300003 0.076846 0.110223 0.762366 0.017288
197.399994 0.077878 0.109710 0.754955 0.017618
197.500000 0.077814 0.107382 0.753371 0.017980
197.599991 0.075985 0.107578 0.749850 0.017097
197.699997 0.076376 0.107808 0.745746 0.017818
197.800003 0.076492 0.109289 0.746025 0.019398
197.899994 0.075824 0.107592 0.746653 0.019780
198.000000 0.074912 0.108262 0.748623 0.020130
198.099991 0.074118 0.107781 0.747178 0.020577
198.199997 0.074748 0.108524 0.745378 0.020885
198.300003 0.074822 0.107532 0.748224 0.020906
198.399994 0.074393 0.110089 0.748525 0.019598
198.500000 0.074185 0.109178 0.748650 0.019496
198.599991 0.073288 0.108530 0.747898 0.019123
198.699997 0.074793 0.107789 0.743526 0.018098
198.800003 0.075355 0.109035 0.740356 0.018389
198.899994 0.075330 0.108743 0.741297 0.019408
199.000000 0.077069 0.109356 0.739104 0.019592
199.099991 0.075985 0.111078 0.737952 0.019196
199.199997 0.076746 0.109366 0.737242 0.019111
199.300003 0.076008 0.108111 0.734073 0.018602
199.399994 0.076184 0.107018 0.730103 0.018320
199.500000 0.075283 0.107018 0.732205 0.017419
199.599991 0.075415 0.108022 0.733647 0.017403
199.699997 0.075783 0.107018 0.733507 0.017619
199.800003 0.074652 0.107976 0.734414 0.017913
199.899994 0.075070 0.107657 0.732407 0.018193
