0.000000 0.000000 0.001200 0.000400 0.000000
0.100000 0.000700 0.008504 0.001001 0.001001
0.200000 0.001803 0.012618 0.001702 0.001903
0.300000 0.002098 0.019085 0.002298 0.002698
0.400000 0.003498 0.024088 0.003198 0.002899
0.500000 0.004501 0.029109 0.004201 0.003301
0.600000 0.004808 0.034459 0.005710 0.003506
0.700000 0.005499 0.037093 0.006399 0.004199
0.800000 0.006204 0.041025 0.008305 0.004703
0.900000 0.007197 0.043183 0.008697 0.005298
1.000000 0.007906 0.045737 0.011309 0.005204
1.100000 0.009010 0.046551 0.012414 0.005706
1.200000 0.010192 0.049361 0.013189 0.006695
1.300000 0.011392 0.050165 0.014290 0.007495
1.400000 0.012780 0.052616 0.015176 0.007788
1.500000 0.013516 0.052964 0.014818 0.008510
1.600000 0.014903 0.053911 0.015103 0.008702
1.700000 0.015890 0.056066 0.015791 0.008395
1.800000 0.017488 0.055261 0.016988 0.008594
1.900000 0.018382 0.056643 0.018482 0.008492
2.000000 0.018302 0.057706 0.019202 0.007901
2.100000 0.020126 0.059277 0.018424 0.008912
2.200000 0.020781 0.060546 0.018583 0.009491
2.300000 0.020704 0.061012 0.019704 0.009802
2.400000 0.021667 0.059511 0.021767 0.010384
2.500000 0.022984 0.059159 0.021885 0.010693
2.600000 0.023398 0.060194 0.022398 0.011399
2.700000 0.023924 0.058659 0.022923 0.011612
2.800000 0.024288 0.060570 0.024388 0.012094
2.900000 0.024795 0.059188 0.024795 0.010798
3.000000 0.024483 0.059558 0.027081 0.010493
3.100000 0.026474 0.058941 0.027972 0.010390
3.200000 0.026505 0.058612 0.026705 0.010202
3.300000 0.027143 0.061571 0.027043 0.010478
3.400000 0.028317 0.063738 0.028917 0.011707
3.500000 0.028611 0.063425 0.028711 0.012405
3.600000 0.029800 0.061600 0.029500 0.012300
3.700000 0.030346 0.061893 0.030846 0.012118
3.800000 0.029794 0.064087 0.032793 0.011998
3.900000 0.030791 0.064881 0.032890 0.012596
4.000000 0.031587 0.065674 0.032987 0.012295
4.100000 0.032816 0.067234 0.034517 0.012106
4.200000 0.032797 0.066893 0.035896 0.012399
4.300000 0.034107 0.065813 0.037508 0.012302
4.400000 0.034179 0.063262 0.036678 0.014191
4.500000 0.033803 0.063406 0.038504 0.015002
4.600000 0.034910 0.061318 0.037611 0.015605
4.700000 0.036511 0.063119 0.038612 0.015405
4.800000 0.036604 0.065607 0.041904 0.013801
4.900000 0.036289 0.066380 0.040188 0.013496
5.000000 0.035700 0.065000 0.039100 0.013300
5.100000 0.037747 0.064709 0.042940 0.012982
5.200000 0.038608 0.065913 0.043209 0.012703
5.300000 0.038377 0.067260 0.043774 0.012792
5.400000 0.037422 0.065439 0.043326 0.013208
5.500000 0.038588 0.067380 0.044587 0.013896
5.600000 0.038904 0.066907 0.044904 0.014301
5.700000 0.040232 0.066387 0.044025 0.015474
5.800000 0.041075 0.064461 0.043374 0.015291
5.900000 0.040460 0.067033 0.044356 0.016084
6.000000 0.040680 0.068166 0.045977 0.016592
6.100000 0.042566 0.068745 0.047762 0.017286
6.200000 0.042451 0.069684 0.048058 0.017221
6.300000 0.042466 0.069245 0.047162 0.017986
6.400000 0.042804 0.070207 0.049005 0.017602
6.500000 0.042628 0.069382 0.048518 0.018069
6.600000 0.043761 0.069637 0.051454 0.018184
6.700000 0.045264 0.070643 0.053058 0.018086
6.800000 0.045386 0.072678 0.055483 0.018195
6.900000 0.045264 0.071843 0.055156 0.019584
7.000000 0.044713 0.073322 0.058618 0.018305
7.100000 0.044436 0.074359 0.057846 0.017614
7.200000 0.044845 0.074374 0.059359 0.018118
7.300000 0.045977 0.075362 0.060970 0.017291
7.400000 0.044799 0.075165 0.062237 0.018140
7.500000 0.046391 0.074185 0.064387 0.019096
7.600000 0.046863 0.075340 0.064349 0.019285
7.700000 0.046681 0.076469 0.063974 0.019392
7.800000 0.045445 0.078679 0.063964 0.019319
7.900000 0.045750 0.080711 0.065528 0.018580
8.000000 0.045132 0.080757 0.065046 0.018713
8.099999 0.044482 0.078768 0.065774 0.018792
8.200000 0.043822 0.080440 0.064532 0.019210
8.300000 0.044391 0.078784 0.064987 0.020096
8.400000 0.042751 0.078995 0.065879 0.019523
8.500000 0.042296 0.077992 0.065893 0.018798
8.599999 0.043153 0.078014 0.064629 0.017281
8.700000 0.044091 0.079584 0.066887 0.017896
8.800000 0.043417 0.080432 0.069528 0.016607
8.900000 0.043630 0.079373 0.067991 0.018371
9.000000 0.043626 0.082650 0.067240 0.017611
9.099999 0.044456 0.082218 0.068232 0.018581
9.200000 0.046500 0.083100 0.068100 0.019400
9.300000 0.048005 0.083208 0.070407 0.018702
9.400000 0.048524 0.086543 0.072536 0.017909
9.500000 0.048495 0.086891 0.074993 0.017398
9.599999 0.048348 0.086486 0.074174 0.016517
9.700000 0.049650 0.085015 0.074525 0.016683
9.800000 0.049810 0.085617 0.075915 0.016303
9.900000 0.051426 0.085343 0.074437 0.016408
10.000000 0.052716 0.085126 0.075223 0.017205
10.099999 0.055100 0.086900 0.076600 0.015600
10.200000 0.056149 0.087222 0.081227 0.015586
10.300000 0.056621 0.086379 0.082784 0.014679
10.400000 0.056483 0.085674 0.081975 0.014596
10.500000 0.056711 0.085017 0.083617 0.014803
10.599999 0.056700 0.083100 0.082900 0.015800
10.700000 0.057226 0.082692 0.083591 0.014881
10.800000 0.056677 0.083866 0.083567 0.015294
10.900000 0.056306 0.085609 0.082108 0.015402
11.000000 0.056596 0.088651 0.080036 0.015526
11.099999 0.056611 0.087818 0.080616 0.014903
11.200000 0.056623 0.088735 0.083033 0.015406
11.300000 0.057612 0.088618 0.083317 0.015703
11.400000 0.057614 0.085771 0.082676 0.015577
11.500000 0.058659 0.085440 0.082742 0.015789
11.599999 0.059630 0.086843 0.084742 0.014207
11.700000 0.059065 0.086748 0.085549 0.014191
11.800000 0.060879 0.087013 0.089116 0.014519
11.900000 0.061849 0.087870 0.089972 0.015012
12.000000 0.061549 0.087970 0.090673 0.016013
12.099999 0.061133 0.087304 0.091999 0.015383
12.200000 0.060870 0.091454 0.094853 0.015892
12.300000 0.061844 0.093416 0.093616 0.016086
12.400000 0.060066 0.093102 0.095205 0.015317
12.500000 0.060070 0.094253 0.095352 0.015492
12.599999 0.060452 0.091527 0.096823 0.014988
12.700000 0.061475 0.092563 0.097761 0.013894
12.799999 0.061224 0.090836 0.099340 0.014606
12.900000 0.059000 0.090900 0.100100 0.014900
13.000000 0.059612 0.091118 0.102420 0.014103
13.099999 0.060024 0.090336 0.102841 0.015006
13.200000 0.060354 0.092483 0.101191 0.015214
13.299999 0.060546 0.093416 0.103007 0.014287
13.400000 0.059906 0.090209 0.106211 0.014001
13.500000 0.060200 0.091400 0.107200 0.014600
13.599999 0.061155 0.093684 0.109499 0.015314
13.700000 0.061518 0.092928 0.110033 0.014604
13.799999 0.061738 0.094605 0.111588 0.014386
13.900000 0.061423 0.092385 0.113928 0.014028
14.000000 0.061844 0.089619 0.114797 0.015486
14.099999 0.064223 0.091191 0.116760 0.014083
14.200000 0.064694 0.091191 0.117388 0.014999
14.299999 0.064026 0.091937 0.119448 0.015106
14.400000 0.065495 0.093950 0.119010 0.015375
14.500000 0.065007 0.092809 0.121212 0.015602
14.599999 0.065459 0.092483 0.121009 0.015614
14.700000 0.066520 0.091227 0.120636 0.014204
14.799999 0.065900 0.092000 0.123000 0.014100
14.900000 0.066213 0.092118 0.125825 0.014103
15.000000 0.066533 0.092807 0.127373 0.013786
15.099999 0.066900 0.093700 0.129500 0.012900
15.200000 0.067825 0.094696 0.131655 0.013285
15.299999 0.067000 0.093500 0.133600 0.013300
15.400000 0.067914 0.096219 0.128526 0.013903
15.500000 0.067566 0.097451 0.130035 0.013693
15.599999 0.068018 0.095186 0.133140 0.013684
15.700000 0.068548 0.093766 0.133193 0.012809
15.799999 0.067807 0.095210 0.135814 0.013201
15.900000 0.067219 0.096584 0.135737 0.013584
16.000000 0.065167 0.095252 0.136632 0.013893
16.100000 0.064929 0.093797 0.137049 0.013885
16.199999 0.064932 0.091946 0.138769 0.014507
16.299999 0.065335 0.091808 0.142258 0.015185
16.400000 0.063394 0.092091 0.143586 0.015598
16.500000 0.063194 0.090791 0.143586 0.015398
16.600000 0.062975 0.092663 0.143043 0.015294
16.699999 0.062925 0.093737 0.143958 0.014306
16.799999 0.062519 0.095129 0.145244 0.014404
16.900000 0.062500 0.095653 0.149439 0.014123
17.000000 0.063868 0.097051 0.146627 0.014193
17.100000 0.065461 0.099141 0.145613 0.015091
17.199999 0.066153 0.101982 0.147418 0.015312
17.299999 0.065346 0.101671 0.153608 0.014310
17.400000 0.064987 0.104679 0.154869 0.013697
17.500000 0.065413 0.103721 0.154931 0.013403
17.600000 0.066013 0.104621 0.156331 0.014403
17.699999 0.066880 0.104269 0.153554 0.014496
17.799999 0.066787 0.103679 0.155569 0.015597
17.900000 0.066207 0.102810 0.154715 0.016302
18.000000 0.066773 0.102459 0.156437 0.015094
18.100000 0.067427 0.106643 0.154962 0.014506
18.199999 0.068100 0.105700 0.152800 0.014800
18.299999 0.067346 0.106315 0.156875 0.015987
18.400000 0.067886 0.106379 0.163067 0.016297
18.500000 0.067800 0.104000 0.164800 0.016600
18.600000 0.068579 0.102069 0.163451 0.016095
18.699999 0.067786 0.101180 0.165467 0.016997
18.799999 0.069238 0.101509 0.166850 0.016985
18.900000 0.067234 0.101851 0.163782 0.016408
19.000000 0.065380 0.098171 0.165350 0.016795
19.100000 0.065834 0.096004 0.167233 0.015584
19.199999 0.066280 0.093913 0.167201 0.017020
19.299999 0.066573 0.095762 0.171831 0.015894
19.400000 0.066346 0.096167 0.175723 0.016512
19.500000 0.064842 0.094615 0.177141 0.015586
19.600000 0.065800 0.097000 0.177000 0.016000
19.699999 0.068114 0.100820 0.175135 0.016703
19.799999 0.066426 0.098086 0.178539 0.016131
19.900000 0.065041 0.098511 0.183335 0.017484
20.000000 0.065621 0.100080 0.185078 0.017679
20.100000 0.066400 0.097500 0.184600 0.018800
20.199999 0.066247 0.098022 0.183253 0.017786
20.299999 0.066193 0.098190 0.186781 0.017798
20.400000 0.064832 0.095248 0.184192 0.018109
20.500000 0.065682 0.094829 0.187363 0.017668
20.600000 0.064948 0.093026 0.187450 0.017386
20.699999 0.065620 0.094128 0.192858 0.017505
20.799999 0.063855 0.092735 0.192965 0.017688
20.900000 0.065546 0.093265 0.192235 0.018213
21.000000 0.065487 0.091082 0.191762 0.017896
21.100000 0.065554 0.088138 0.196063 0.018287
21.199999 0.067420 0.090727 0.196959 0.020106
21.299999 0.067308 0.090946 0.197716 0.019131
21.400000 0.065987 0.087582 0.201560 0.020196
21.500000 0.066753 0.089138 0.201259 0.019087
21.600000 0.067673 0.089964 0.200520 0.019492
21.699999 0.067487 0.090482 0.199060 0.019496
21.799999 0.068724 0.087803 0.197782 0.018779
21.900000 0.068080 0.089073 0.197641 0.017295
22.000000 0.067046 0.086031 0.195943 0.016287
22.100000 0.067127 0.082633 0.199180 0.016507
22.199999 0.068318 0.083899 0.202157 0.017779
22.299999 0.069742 0.084050 0.203622 0.017410
22.400000 0.069621 0.086426 0.204861 0.017805
22.500000 0.069730 0.086913 0.206793 0.017183
22.600000 0.069010 0.087786 0.208129 0.017777
22.699999 0.068459 0.086948 0.211173 0.017889
22.799999 0.067294 0.088524 0.213299 0.018226
22.900000 0.068293 0.088091 0.214279 0.017398
23.000000 0.068514 0.091918 0.219044 0.016403
23.100000 0.069083 0.093441 0.219726 0.016871
23.199999 0.069644 0.091827 0.219325 0.017586
23.299999 0.069193 0.092991 0.218478 0.017898
23.400000 0.070423 0.093397 0.218260 0.017081
23.500000 0.070585 0.097517 0.214858 0.018522
23.600000 0.069770 0.096797 0.210010 0.019319
23.699999 0.069644 0.097422 0.211131 0.018785
23.799999 0.067807 0.095410 0.206621 0.017802
23.900000 0.068227 0.094738 0.207383 0.018407
24.000000 0.069737 0.095414 0.209412 0.018483
24.100000 0.069749 0.095867 0.207445 0.017512
24.199999 0.070465 0.096552 0.205897 0.018491
24.299999 0.071300 0.099700 0.206400 0.018600
24.400000 0.072314 0.100820 0.207542 0.019204
24.500000 0.072651 0.100771 0.207345 0.018213
24.600000 0.072400 0.100900 0.210400 0.018700
24.699999 0.071293 0.101933 0.209873 0.019025
24.799999 0.070836 0.100909 0.209212 0.019283
24.900000 0.070265 0.098551 0.207196 0.018491
25.000000 0.070635 0.098549 0.207904 0.019210
25.100000 0.071179 0.100670 0.207738 0.018594
25.199999 0.070009 0.099171 0.208329 0.018576
25.299999 0.069014 0.100920 0.207041 0.017704
25.400000 0.067980 0.101869 0.205338 0.017995
25.500000 0.067447 0.098769 0.205644 0.019013
25.599998 0.067727 0.099940 0.207483 0.018908
25.699999 0.068093 0.099890 0.211179 0.018398
25.799999 0.068593 0.099290 0.214179 0.018398
25.900000 0.068600 0.097800 0.213800 0.018300
26.000000 0.069007 0.099410 0.211821 0.018202
26.099998 0.070214 0.099620 0.210142 0.017704
26.199999 0.069807 0.100910 0.209521 0.018502
26.299999 0.070007 0.100610 0.207621 0.018602
26.400000 0.069772 0.100860 0.208217 0.019692
26.500000 0.070972 0.104058 0.210216 0.020192
26.599998 0.072086 0.103879 0.210458 0.020196
26.699999 0.071779 0.104415 0.213034 0.019622
26.799999 0.070314 0.102821 0.211842 0.019504
26.900000 0.072264 0.103248 0.213493 0.018691
27.000000 0.072907 0.102410 0.209621 0.019502
27.099998 0.073159 0.100981 0.212070 0.017714
27.199999 0.073700 0.100900 0.212900 0.016900
27.299999 0.073574 0.103504 0.210611 0.016517
27.400000 0.072635 0.101509 0.210011 0.016585
27.500000 0.072409 0.098047 0.206309 0.016024
27.599998 0.073878 0.098570 0.206738 0.016195
27.699999 0.074448 0.096432 0.207954 0.017088
27.799999 0.074730 0.096639 0.207783 0.016407
27.900000 0.074737 0.097749 0.206303 0.016408
28.000000 0.075092 0.097990 0.208479 0.015798
28.099998 0.074673 0.100230 0.208046 0.015873
28.199999 0.075455 0.102039 0.211073 0.016190
28.299999 0.074870 0.102159 0.212815 0.016593
28.400000 0.075238 0.100050 0.213207 0.016808
28.500000 0.074937 0.100950 0.216308 0.017009
28.599998 0.075315 0.102320 0.218544 0.017804
28.699999 0.075515 0.101320 0.219144 0.017103
28.799999 0.077246 0.101929 0.218047 0.016888
28.900000 0.077624 0.101663 0.213442 0.016627
29.000000 0.078706 0.102577 0.215641 0.016780
29.099998 0.079248 0.102762 0.215529 0.017110
29.199999 0.080344 0.106426 0.216448 0.017488
29.299999 0.079216 0.106121 0.218944 0.017804
29.400000 0.080244 0.109323 0.220346 0.018487
29.500000 0.080428 0.108802 0.222700 0.016585
29.599998 0.079948 0.108965 0.225235 0.016710
29.699999 0.079076 0.110867 0.222033 0.017795
29.799999 0.079276 0.110267 0.221634 0.017095
29.900000 0.080965 0.110588 0.221377 0.016613
30.000000 0.078818 0.108763 0.222133 0.016825
30.099998 0.078776 0.108567 0.222833 0.015095
30.199999 0.078547 0.107264 0.220632 0.016310
30.299999 0.078892 0.107689 0.222878 0.017298
30.400000 0.077339 0.105753 0.222811 0.017309
30.500000 0.079340 0.107854 0.221511 0.017409
30.599998 0.080244 0.108024 0.224243 0.017488
30.699999 0.080748 0.108565 0.227036 0.017711
30.799999 0.081684 0.108878 0.227055 0.017696
30.900000 0.084284 0.110911 0.229630 0.016316
31.000000 0.083683 0.110778 0.229954 0.017397
31.099998 0.083525 0.114234 0.233170 0.017605
31.199999 0.084751 0.114169 0.234140 0.017210
31.299999 0.083275 0.114166 0.233430 0.017695
31.400000 0.080895 0.111855 0.238490 0.018776
31.500000 0.081076 0.112366 0.238329 0.018594
31.599998 0.082125 0.107032 0.235571 0.017705
31.699999 0.082225 0.106432 0.235671 0.017605
31.799999 0.083133 0.107314 0.237910 0.018485
31.900000 0.083183 0.110210 0.237137 0.018919
32.000000 0.083966 0.109056 0.238505 0.019792
32.099998 0.084734 0.107543 0.241597 0.018207
32.200001 0.084866 0.108257 0.241703 0.018593
32.299999 0.083450 0.108035 0.241355 0.018789
32.399998 0.084192 0.111389 0.243576 0.018998
32.500000 0.084617 0.111522 0.245049 0.019804
32.599998 0.085626 0.113234 0.244873 0.020306
32.700001 0.086595 0.112324 0.243668 0.020623
32.799999 0.084134 0.112045 0.246499 0.019508
32.899998 0.083650 0.110967 0.244847 0.018311
33.000000 0.083400 0.112165 0.246504 0.016680
33.099998 0.084109 0.109042 0.243917 0.017022
33.200001 0.083575 0.109267 0.245926 0.017295
33.299999 0.082959 0.108346 0.245877 0.017491
33.399998 0.082867 0.110156 0.244002 0.016693
33.500000 0.084233 0.111711 0.241407 0.016087
33.599998 0.084600 0.111600 0.238800 0.016800
33.700001 0.082784 0.111144 0.242860 0.016077
33.799999 0.081849 0.110566 0.243046 0.015609
33.899998 0.082057 0.111778 0.245072 0.015711
34.000000 0.083275 0.109298 0.239215 0.016014
34.099998 0.083192 0.111189 0.238776 0.016198
34.200001 0.081384 0.112777 0.238452 0.016797
34.299999 0.079500 0.112100 0.241500 0.017300
34.399998 0.076969 0.108057 0.243403 0.017393
34.500000 0.077408 0.108011 0.242524 0.018102
34.599998 0.078824 0.110233 0.244673 0.017105
34.700001 0.077830 0.108303 0.244280 0.016885
34.799999 0.078571 0.106596 0.245021 0.017115
34.899998 0.076977 0.111022 0.245907 0.018970
35.000000 0.076492 0.112889 0.244776 0.018798
35.099998 0.075915 0.112523 0.239348 0.017203
35.200001 0.075662 0.113143 0.239680 0.017091
35.299999 0.075262 0.111144 0.239680 0.016992
35.399998 0.074455 0.112532 0.241155 0.017390
35.500000 0.075040 0.113509 0.243605 0.016487
35.599998 0.074307 0.114411 0.243024 0.016402
35.700001 0.074259 0.111089 0.240543 0.015970
35.799999 0.074293 0.112289 0.245575 0.017398
35.899998 0.074540 0.113010 0.243405 0.018086
36.000000 0.074448 0.114620 0.246527 0.019287
36.099998 0.074537 0.114857 0.246123 0.019610
36.200001 0.073515 0.112422 0.247850 0.018904
36.299999 0.074063 0.113743 0.248876 0.019090
36.399998 0.074429 0.114437 0.252120 0.018258
36.500000 0.073478 0.117165 0.254324 0.018494
36.599998 0.073678 0.114666 0.255423 0.018095
36.700001 0.072615 0.115623 0.255151 0.017704
36.799999 0.073497 0.115538 0.254743 0.017875
36.899998 0.073967 0.115204 0.252828 0.017215
37.000000 0.074825 0.115584 0.251249 0.017083
37.099998 0.075255 0.114132 0.247951 0.016290
37.200001 0.075962 0.114743 0.248776 0.015292
37.299999 0.075617 0.114674 0.252822 0.015583
37.399998 0.075540 0.112110 0.254596 0.016087
37.500000 0.077623 0.113934 0.257177 0.015305
37.599998 0.077215 0.114574 0.260214 0.015183
37.700001 0.077477 0.114915 0.259960 0.016116
37.799999 0.075330 0.112845 0.264506 0.017207
37.899998 0.073410 0.112669 0.262394 0.017526
38.000000 0.071857 0.111890 0.260008 0.017514
38.099998 0.070887 0.114716 0.257688 0.016573
38.200001 0.073134 0.116795 0.259367 0.016985
38.299999 0.073866 0.116805 0.259834 0.016315
38.399998 0.076014 0.117877 0.255684 0.016425
38.500000 0.075615 0.118224 0.254751 0.016603
38.599998 0.074785 0.116477 0.253949 0.015097
38.700001 0.076292 0.117341 0.253704 0.016420
38.799999 0.076831 0.116698 0.252930 0.016728
38.899998 0.075417 0.116971 0.251523 0.016881
39.000000 0.075038 0.117859 0.254027 0.017909
39.099998 0.075475 0.118519 0.251952 0.017317
39.200001 0.076539 0.120104 0.253397 0.018086
39.299999 0.076085 0.117277 0.257149 0.017497
39.399998 0.075155 0.115031 0.258745 0.016690
39.500000 0.073351 0.113780 0.256480 0.016912
39.599998 0.072878 0.114666 0.256523 0.015795
39.700001 0.072314 0.116023 0.257452 0.015303
39.799999 0.071693 0.114989 0.256774 0.014499
39.899998 0.072451 0.115581 0.263584 0.013610
40.000000 0.075238 0.118159 0.265033 0.014307
40.099998 0.074111 0.116660 0.267679 0.014782
40.200001 0.074355 0.115930 0.268639 0.015191
40.299999 0.075392 0.115588 0.271273 0.015698
40.399998 0.073952 0.115081 0.269989 0.016011
40.500000 0.074030 0.115046 0.269308 0.016807
40.599998 0.074418 0.114274 0.265808 0.015982
40.700001 0.073051 0.109777 0.262684 0.016512
40.799999 0.072484 0.109026 0.263478 0.016074
40.899998 0.073327 0.108691 0.265834 0.016683
41.000000 0.073078 0.109267 0.266420 0.015995
41.099998 0.073782 0.112520 0.266074 0.015176
41.200001 0.074722 0.113534 0.265680 0.015105
41.299999 0.073456 0.111633 0.267639 0.014191
41.399998 0.072895 0.111745 0.263042 0.014419
41.500000 0.074940 0.112510 0.258593 0.014289
41.599998 0.076070 0.112055 0.258397 0.014694
41.700001 0.076424 0.109690 0.260839 0.013487
41.799999 0.077569 0.111355 0.262995 0.013894
41.899998 0.078084 0.112178 0.262348 0.013797
42.000000 0.077300 0.110656 0.259662 0.014182
42.099998 0.077747 0.113868 0.260456 0.014108
42.200001 0.078455 0.113780 0.258181 0.014610
42.299999 0.077608 0.112411 0.255526 0.014801
42.399998 0.077715 0.114374 0.257017 0.014684
42.500000 0.077622 0.114386 0.253047 0.014286
42.599998 0.075823 0.113634 0.252576 0.016205
42.700001 0.076362 0.113043 0.256472 0.016492
42.799999 0.076815 0.112669 0.255083 0.017927
42.899998 0.076384 0.111022 0.255281 0.017319
43.000000 0.077023 0.111433 0.257877 0.017005
43.099998 0.076577 0.112913 0.258058 0.017217
43.200001 0.077884 0.114677 0.257648 0.017596
43.299999 0.076515 0.111422 0.253851 0.017303
43.399998 0.076199 0.112947 0.253229 0.017122
43.500000 0.077269 0.115354 0.256397 0.017393
43.599998 0.075600 0.113900 0.254600 0.017200
43.700001 0.075661 0.115392 0.254804 0.016613
43.799999 0.075985 0.115377 0.255349 0.015297
43.899998 0.075430 0.114046 0.257403 0.015306
44.000000 0.075961 0.112790 0.257806 0.016113
44.099998 0.075523 0.111834 0.262679 0.016805
44.200001 0.076216 0.111577 0.263011 0.015683
44.299999 0.074603 0.108858 0.261860 0.015779
44.399998 0.074822 0.108332 0.261078 0.014904
44.500000 0.075870 0.111355 0.259696 0.014694
44.599998 0.074767 0.110700 0.261936 0.015014
44.700001 0.074352 0.109977 0.263885 0.016311
44.799999 0.075153 0.110577 0.265086 0.016011
44.899998 0.075428 0.112491 0.266553 0.015827
45.000000 0.075398 0.111845 0.268849 0.015520
45.099998 0.076200 0.114900 0.269400 0.015600
45.200001 0.075183 0.116829 0.262889 0.015617
45.299999 0.076600 0.117300 0.263200 0.016000
45.399998 0.075761 0.113391 0.264311 0.015212
45.500000 0.075447 0.116019 0.264415 0.015989
45.599998 0.073319 0.114174 0.264809 0.015583
45.700001 0.073493 0.115988 0.267873 0.015998
45.799999 0.075123 0.116535 0.264979 0.015605
45.899998 0.075292 0.117888 0.263274 0.015698
46.000000 0.074722 0.118135 0.263979 0.016805
46.099998 0.073848 0.118817 0.268512 0.016588
46.200001 0.073881 0.119231 0.273901 0.015918
46.299999 0.074348 0.120016 0.274508 0.015989
46.399998 0.074026 0.115584 0.277423 0.017083
46.500000 0.074241 0.120304 0.274081 0.017486
46.599998 0.073593 0.120288 0.272373 0.017298
46.700001 0.074504 0.122071 0.276687 0.016824
46.799999 0.076230 0.121249 0.280912 0.017107
46.899998 0.075153 0.121185 0.284899 0.015411
47.000000 0.073444 0.119372 0.284371 0.016410
47.099998 0.073407 0.121712 0.287229 0.016302
47.200001 0.074289 0.121446 0.284541 0.015318
47.299999 0.075445 0.122373 0.287673 0.015910
47.399998 0.076954 0.122327 0.291725 0.015491
47.500000 0.076331 0.122549 0.293117 0.014606
47.599998 0.074875 0.121822 0.302302 0.014314
47.700001 0.076500 0.123200 0.301900 0.013900
47.799999 0.077069 0.124150 0.299780 0.014994
47.899998 0.078114 0.121067 0.299970 0.015683
48.000000 0.077162 0.120196 0.298639 0.015713
48.099998 0.078639 0.120960 0.300150 0.016508
48.200001 0.078516 0.121924 0.297559 0.016603
48.299999 0.080128 0.120591 0.296133 0.017384
48.399998 0.080240 0.119060 0.297649 0.015808
48.500000 0.079852 0.117330 0.303118 0.016090
48.599998 0.079421 0.115984 0.302198 0.016284
48.700001 0.078963 0.115192 0.299940 0.017714
48.799999 0.079513 0.115073 0.298272 0.017481
48.899998 0.079836 0.114309 0.296763 0.017086
49.000000 0.079221 0.114785 0.296503 0.018282
49.099998 0.078655 0.117983 0.299109 0.018713
49.200001 0.080320 0.117882 0.298501 0.019281
49.299999 0.079732 0.117847 0.306222 0.019608
49.399998 0.080012 0.119169 0.308760 0.019578
49.500000 0.081333 0.119148 0.310124 0.019808
49.599998 0.080308 0.119012 0.314631 0.019702
49.700001 0.079900 0.118800 0.317900 0.021900
49.799999 0.079916 0.117624 0.316363 0.021704
49.899998 0.080308 0.120012 0.319432 0.022902
50.000000 0.080152 0.120228 0.320108 0.022886
50.099998 0.078616 0.120824 0.320864 0.020804
50.200001 0.078913 0.120467 0.322345 0.020977
50.299999 0.078702 0.122960 0.324121 0.020427
50.399998 0.078887 0.126039 0.325858 0.020823
50.500000 0.078713 0.127560 0.324243 0.021476
50.599998 0.077884 0.126275 0.323035 0.023395
50.700001 0.079124 0.126838 0.324497 0.022507
50.799999 0.077038 0.126599 0.324740 0.023281
50.899998 0.078471 0.128315 0.319588 0.021319
51.000000 0.079864 0.127102 0.319055 0.020917
51.099998 0.080264 0.128002 0.320556 0.020116
51.199997 0.080224 0.126238 0.320696 0.020406
51.299999 0.078531 0.126351 0.323229 0.019508
51.399998 0.080779 0.131702 0.321418 0.018372
51.500000 0.081841 0.129765 0.321361 0.017909
51.599998 0.082151 0.130822 0.322906 0.018589
51.699997 0.082592 0.130987 0.318968 0.019098
51.799999 0.081584 0.126775 0.313237 0.018696
51.899998 0.082609 0.126461 0.309759 0.017181
52.000000 0.081116 0.123625 0.304461 0.016803
52.099998 0.079237 0.123701 0.303157 0.017086
52.199997 0.080268 0.123551 0.300980 0.016993
52.299999 0.079640 0.123862 0.300050 0.016208
52.399998 0.078968 0.123351 0.299680 0.015594
52.500000 0.079944 0.124313 0.299091 0.016588
52.599998 0.079492 0.125387 0.297770 0.017898
52.699997 0.078363 0.120997 0.301741 0.018915
52.799999 0.079628 0.123289 0.301728 0.017784
52.899998 0.078824 0.118536 0.303391 0.017805
53.000000 0.079084 0.119276 0.300440 0.018296
53.099998 0.079636 0.122302 0.299361 0.018285
53.199997 0.080316 0.122424 0.301760 0.017503
53.299999 0.078375 0.120607 0.302216 0.017572
53.399998 0.078278 0.122923 0.301401 0.016917
53.500000 0.078062 0.122598 0.301441 0.017314
53.599998 0.076439 0.122102 0.299760 0.016187
53.699997 0.075617 0.120867 0.298572 0.015483
53.799999 0.075370 0.117553 0.303479 0.015294
53.899998 0.075532 0.118493 0.309022 0.016185
54.000000 0.075555 0.119828 0.311613 0.017390
54.099998 0.073893 0.118488 0.310069 0.017698
54.199997 0.073852 0.118583 0.311318 0.017712
54.299999 0.073937 0.120460 0.315658 0.018409
54.399998 0.074540 0.121403 0.315248 0.019185
54.500000 0.074067 0.120308 0.317486 0.018116
54.599998 0.073756 0.121127 0.318909 0.018089
54.699997 0.071322 0.124064 0.320248 0.016881
54.799999 0.072386 0.123075 0.323835 0.016897
54.899998 0.072292 0.122716 0.325512 0.017873
55.000000 0.073671 0.123751 0.323770 0.017893
55.099998 0.073303 0.121770 0.326757 0.017525
55.199997 0.074785 0.123475 0.328534 0.017696
55.299999 0.075285 0.122575 0.327534 0.016897
55.399998 0.075060 0.119496 0.326061 0.017114
55.500000 0.074815 0.120724 0.328266 0.017403
55.599998 0.075468 0.120609 0.331298 0.017115
55.699997 0.075355 0.122227 0.332700 0.016590
55.799999 0.075053 0.123086 0.331932 0.015811
55.899998 0.075655 0.124925 0.329103 0.016090
56.000000 0.076216 0.126061 0.334332 0.016082
56.099998 0.076338 0.122861 0.330965 0.016408
56.199997 0.078070 0.125313 0.335102 0.014713
56.299999 0.077131 0.123389 0.334199 0.015886
56.399998 0.074863 0.119540 0.335732 0.015292
56.500000 0.073518 0.119191 0.340244 0.015224
56.599998 0.073056 0.117430 0.338197 0.014691
56.699997 0.073178 0.118664 0.341498 0.014496
56.799999 0.071757 0.119129 0.341695 0.014891
56.899998 0.070507 0.118312 0.347835 0.015202
57.000000 0.069021 0.117035 0.347504 0.015605
57.099998 0.068679 0.116565 0.344397 0.015995
57.199997 0.069779 0.114866 0.344697 0.015295
57.299999 0.069651 0.114220 0.344459 0.015489
57.399998 0.069393 0.113989 0.343766 0.017198
57.500000 0.070014 0.115623 0.341968 0.017303
57.599998 0.071114 0.115623 0.343369 0.017604
57.699997 0.071743 0.117971 0.340004 0.017210
57.799999 0.070993 0.117788 0.341266 0.017598
57.899998 0.072214 0.118924 0.344769 0.018504
58.000000 0.071414 0.118824 0.344069 0.019204
58.099998 0.069728 0.118047 0.346839 0.019208
58.199997 0.069786 0.120976 0.347830 0.018596
58.299999 0.069110 0.121143 0.346849 0.017677
58.399998 0.068300 0.120100 0.347600 0.017600
58.500000 0.069507 0.115712 0.350635 0.018202
58.599998 0.068718 0.115461 0.352177 0.017978
58.699997 0.067500 0.114400 0.356300 0.017200
58.799999 0.067453 0.114220 0.360548 0.016389
58.899998 0.065415 0.111655 0.361230 0.018176
59.000000 0.064816 0.111355 0.359533 0.018975
59.099998 0.063774 0.112655 0.360956 0.020192
59.199997 0.063719 0.112334 0.359108 0.019606
59.299999 0.064668 0.111144 0.367616 0.018291
59.399998 0.063624 0.109868 0.373652 0.016980
59.500000 0.062469 0.110722 0.371909 0.017519
59.599998 0.065046 0.112078 0.369659 0.017913
59.699997 0.066940 0.114169 0.373424 0.016810
59.799999 0.066647 0.112479 0.368958 0.017612
59.899998 0.065580 0.110667 0.368090 0.017395
60.000000 0.064413 0.111022 0.369974 0.017403
60.099998 0.065100 0.109900 0.367500 0.017400
60.199997 0.064826 0.107143 0.370748 0.017507
60.299999 0.064674 0.107357 0.371152 0.016593
60.399998 0.065291 0.109654 0.371921 0.016523
60.500000 0.064342 0.111345 0.373722 0.015935
60.599998 0.063981 0.110367 0.376387 0.016595
60.699997 0.062762 0.108635 0.376074 0.016790
60.799999 0.062287 0.109553 0.375025 0.018025
60.899998 0.062444 0.107104 0.373464 0.018983
61.000000 0.063862 0.108735 0.376274 0.018189
61.099998 0.064913 0.108622 0.378076 0.017604
61.199997 0.064913 0.108922 0.380776 0.016803
61.299999 0.066826 0.110179 0.381281 0.017281
61.399998 0.067547 0.110077 0.383969 0.016912
61.500000 0.066680 0.110667 0.386284 0.016295
61.599998 0.067333 0.107293 0.385714 0.016783
61.699997 0.066973 0.110656 0.384446 0.015694
61.799999 0.068218 0.112365 0.382241 0.014982
61.899998 0.068034 0.110455 0.379690 0.014707
62.000000 0.068534 0.109755 0.377889 0.015108
62.099998 0.068841 0.111767 0.378527 0.015809
62.199997 0.070449 0.113079 0.378665 0.015911
62.299999 0.070470 0.113514 0.380280 0.016416
62.399998 0.070572 0.110456 0.377049 0.016993
62.500000 0.069986 0.106579 0.378724 0.016397
62.599998 0.070942 0.105912 0.376653 0.017335
62.699997 0.070307 0.106211 0.373637 0.015402
62.799999 0.068573 0.104158 0.374250 0.015594
62.899998 0.069024 0.104385 0.376486 0.014584
63.000000 0.069472 0.105858 0.375750 0.014394
63.099998 0.071072 0.106457 0.377249 0.014394
63.199997 0.071443 0.103317 0.374001 0.013789
63.299999 0.070572 0.103858 0.374250 0.013095
63.399998 0.070850 0.102628 0.375837 0.013091
63.500000 0.071757 0.104138 0.375175 0.014191
63.599998 0.070558 0.103838 0.377673 0.014591
63.699997 0.071814 0.105274 0.376249 0.015881
63.799999 0.071864 0.106447 0.376712 0.015892
63.899998 0.072014 0.107421 0.375875 0.015803
64.000000 0.070030 0.105295 0.376923 0.016484
64.099998 0.070366 0.102705 0.374389 0.016069
64.199997 0.069062 0.102492 0.373136 0.016115
64.299995 0.069942 0.104863 0.369922 0.015509
64.400002 0.070193 0.104890 0.366363 0.015098
64.500000 0.069225 0.105590 0.369565 0.015728
64.599998 0.069935 0.107854 0.369285 0.016108
64.699997 0.069995 0.107139 0.363854 0.016675
64.799995 0.069093 0.108789 0.362864 0.015298
64.900002 0.069093 0.109589 0.362764 0.015298
65.000000 0.068427 0.109644 0.360644 0.015406
65.099998 0.068307 0.110411 0.364536 0.015102
65.199997 0.068041 0.109266 0.362217 0.014809
65.299995 0.067460 0.106936 0.362582 0.015291
65.400002 0.067354 0.106185 0.362190 0.014912
65.500000 0.065927 0.106583 0.364199 0.013785
65.599998 0.066993 0.106189 0.362564 0.013199
65.699997 0.068041 0.104963 0.362117 0.013708
65.799995 0.067971 0.105699 0.367502 0.012776
65.900002 0.069893 0.109089 0.369463 0.013299
66.000000 0.069637 0.107204 0.370966 0.012988
66.099998 0.070714 0.105721 0.366073 0.012903
66.199997 0.071257 0.105537 0.366080 0.012992
66.299995 0.072243 0.107965 0.366420 0.012307
66.400002 0.072815 0.112022 0.370174 0.011902
66.500000 0.073948 0.113720 0.375437 0.012691
66.599998 0.073989 0.112735 0.374249 0.013817
66.699997 0.074355 0.113432 0.376874 0.013892
66.799995 0.073058 0.111689 0.377502 0.014612
66.900002 0.071021 0.113234 0.373212 0.015005
67.000000 0.070879 0.115465 0.372288 0.014696
67.099998 0.070886 0.113377 0.373225 0.014497
67.199997 0.071364 0.113343 0.370715 0.013493
67.299995 0.070693 0.113489 0.370463 0.013099
67.400002 0.071128 0.115146 0.370548 0.012805
67.500000 0.070979 0.111467 0.371788 0.012296
67.599998 0.070135 0.110755 0.370285 0.011906
67.699997 0.070165 0.111644 0.370915 0.012894
67.799995 0.070128 0.113045 0.366647 0.013605
67.900002 0.068931 0.114486 0.371429 0.013686
68.000000 0.070214 0.116223 0.377776 0.013503
68.099998 0.070907 0.114611 0.374437 0.014301
68.199997 0.070885 0.115739 0.376251 0.013716
68.299995 0.069937 0.115296 0.376261 0.014487
68.400002 0.071414 0.116323 0.375575 0.014703
68.500000 0.071657 0.118295 0.377002 0.014412
68.599998 0.071843 0.119372 0.379728 0.014309
68.699997 0.071857 0.119596 0.379303 0.014412
68.799995 0.073826 0.121878 0.379321 0.014585
68.900002 0.073685 0.120476 0.376325 0.014597
69.000000 0.074093 0.122788 0.376262 0.014899
69.099998 0.073778 0.125462 0.379586 0.015695
69.199997 0.074815 0.127025 0.376975 0.015903
69.299995 0.076431 0.128551 0.378351 0.016807
69.400002 0.075060 0.129303 0.373999 0.016513
69.500000 0.074393 0.131787 0.370463 0.017098
69.599998 0.073451 0.127189 0.370459 0.017312
69.699997 0.075325 0.125574 0.370929 0.017283
69.799995 0.076985 0.123875 0.372825 0.016997
69.900002 0.076661 0.125701 0.377202 0.018815
70.000000 0.075253 0.123186 0.381467 0.019314
70.099998 0.075685 0.122675 0.381924 0.020196
70.199997 0.075377 0.123563 0.386184 0.019694
70.299995 0.075491 0.123348 0.384161 0.019724
70.400002 0.075846 0.122373 0.386132 0.019912
70.500000 0.076124 0.124875 0.384416 0.021479
70.599998 0.077139 0.126263 0.380390 0.021611
70.699997 0.078014 0.125662 0.383079 0.020378
70.799995 0.077108 0.126377 0.387743 0.020929
70.900002 0.077085 0.125075 0.391522 0.020396
71.000000 0.077609 0.125676 0.396755 0.020128
71.099998 0.076885 0.126439 0.397738 0.019922
71.199997 0.078868 0.126150 0.398641 0.019692
71.299995 0.079260 0.126437 0.400500 0.018991
71.400002 0.080032 0.126250 0.398159 0.019208
71.500000 0.079784 0.128374 0.397920 0.018196
71.599998 0.076600 0.125836 0.398582 0.017278
71.699997 0.074130 0.123149 0.397359 0.017207
71.799995 0.073752 0.122085 0.397278 0.016912
71.900002 0.075338 0.124362 0.392696 0.016408
72.000000 0.074245 0.122273 0.388633 0.016210
72.099998 0.076723 0.122337 0.389617 0.016705
72.199997 0.077092 0.123088 0.384861 0.015998
72.299995 0.078400 0.124500 0.386800 0.015500
72.400002 0.077639 0.124162 0.385093 0.015908
72.500000 0.078716 0.122124 0.383677 0.016803
72.599998 0.079357 0.123178 0.379517 0.016171
72.699997 0.078292 0.123888 0.382262 0.016098
72.799995 0.079029 0.121591 0.386152 0.015586
72.900002 0.077784 0.119076 0.389122 0.016297
73.000000 0.078963 0.117894 0.391914 0.017014
73.099998 0.079560 0.120640 0.393503 0.017491
73.199997 0.080544 0.122614 0.392625 0.018587
73.299995 0.081576 0.121763 0.394082 0.018394
73.400002 0.081267 0.121651 0.396142 0.017893
73.500000 0.079832 0.121248 0.395458 0.017407
73.599998 0.078829 0.122090 0.394345 0.016285
73.699997 0.079363 0.120997 0.392214 0.016813
73.799995 0.079408 0.123012 0.390439 0.017002
73.900002 0.079332 0.121849 0.390956 0.016307
74.000000 0.079876 0.120664 0.392182 0.017995
74.099998 0.078997 0.122541 0.395486 0.018875
74.199997 0.079384 0.122575 0.396121 0.018496
74.299995 0.078410 0.122271 0.398057 0.018726
74.400002 0.077830 0.117894 0.398641 0.019183
74.500000 0.076669 0.118553 0.399840 0.018792
74.599998 0.077230 0.119592 0.398641 0.018983
74.699997 0.076377 0.118564 0.396581 0.018195
74.799995 0.075425 0.114286 0.398002 0.018781
74.900002 0.075075 0.113614 0.402603 0.019520
75.000000 0.076869 0.111655 0.406238 0.020892
75.099998 0.077540 0.114606 0.408235 0.020036
75.199997 0.077646 0.119516 0.411012 0.018687
75.299995 0.078062 0.120496 0.417834 0.018215
75.400002 0.077908 0.119012 0.418042 0.018402
75.500000 0.076938 0.120304 0.413969 0.018285
75.599998 0.075538 0.120060 0.416508 0.018109
75.699997 0.074289 0.119243 0.415899 0.017922
75.799995 0.074041 0.121130 0.411482 0.018134
75.900002 0.073622 0.120436 0.416625 0.017005
76.000000 0.073115 0.118924 0.415583 0.016803
76.099998 0.074385 0.121476 0.418216 0.016397
76.199997 0.074615 0.118724 0.423485 0.016303
76.299995 0.075792 0.116088 0.420758 0.016998
76.400002 0.074400 0.114600 0.421100 0.017000
76.500000 0.075472 0.114705 0.425077 0.019068
76.599998 0.074918 0.115173 0.425132 0.019279
76.699997 0.072669 0.111699 0.419844 0.018067
76.799995 0.071564 0.111400 0.415874 0.017716
76.900002 0.070707 0.114011 0.420642 0.018802
77.000000 0.070679 0.114066 0.419974 0.018295
77.099998 0.070172 0.116054 0.423531 0.017493
77.199997 0.069772 0.115354 0.423331 0.018892
77.299995 0.069428 0.114846 0.422069 0.019508
77.400002 0.068921 0.115035 0.424327 0.019006
77.500000 0.070209 0.114651 0.428443 0.018176
77.599998 0.071357 0.114231 0.430042 0.018189
77.699997 0.070943 0.114109 0.435152 0.017486
77.799995 0.070772 0.113954 0.434426 0.015994
77.900002 0.071486 0.112235 0.435523 0.016620
78.000000 0.073222 0.116035 0.439132 0.017105
78.099998 0.073704 0.115350 0.440727 0.017377
78.199997 0.071907 0.112211 0.441844 0.018102
78.299995 0.070886 0.111678 0.441212 0.017197
78.400002 0.070128 0.110444 0.445878 0.017507
78.500000 0.070114 0.110922 0.441888 0.017303
78.599998 0.069159 0.111833 0.440336 0.017390
78.699997 0.070009 0.113353 0.439628 0.017377
78.799995 0.070521 0.112734 0.440232 0.017105
78.900002 0.070992 0.112546 0.439872 0.017423
79.000000 0.072443 0.112668 0.443366 0.018711
79.099998 0.071893 0.110889 0.440656 0.018498
79.199997 0.072778 0.114166 0.442667 0.018195
79.299995 0.073237 0.113357 0.440720 0.017509
79.400002 0.071622 0.112692 0.438846 0.018331
79.500000 0.072086 0.113577 0.439612 0.018496
79.599998 0.071557 0.114631 0.438237 0.019388
79.699997 0.070843 0.113709 0.434752 0.019085
79.799995 0.070114 0.115823 0.433187 0.017804
79.900002 0.069479 0.113566 0.433370 0.016695
80.000000 0.067586 0.114077 0.433213 0.016697
80.099998 0.067653 0.112721 0.434196 0.016089
80.199997 0.068993 0.114489 0.434357 0.015898
80.299995 0.067693 0.112189 0.434057 0.016198
80.400002 0.068059 0.114731 0.439137 0.015691
80.500000 0.068400 0.117100 0.440900 0.016200
80.599998 0.068569 0.118118 0.440741 0.017217
80.699997 0.068893 0.117088 0.443256 0.016898
80.799995 0.069207 0.114111 0.450845 0.018302
80.900002 0.070377 0.113024 0.454400 0.017719
81.000000 0.070158 0.114331 0.453628 0.017889
81.099998 0.071243 0.113209 0.453837 0.017286
81.199997 0.069914 0.111922 0.455591 0.018204
81.299995 0.071493 0.111789 0.456854 0.017298
81.400002 0.071800 0.113000 0.456700 0.017000
81.500000 0.072142 0.110112 0.455635 0.015987
81.599998 0.069228 0.111144 0.453181 0.016206
81.699997 0.068334 0.111756 0.452526 0.016908
81.799995 0.069179 0.113666 0.453964 0.017495
81.900002 0.069621 0.113634 0.455637 0.017205
82.000000 0.070701 0.116337 0.457460 0.016477
82.099998 0.070400 0.117600 0.457500 0.016600
82.199997 0.070586 0.117277 0.456809 0.015897
82.299995 0.070865 0.118341 0.456672 0.016292
82.400002 0.071121 0.118035 0.458638 0.016405
82.500000 0.070794 0.118422 0.458412 0.015876
82.599998 0.070349 0.118483 0.462123 0.016512
82.699997 0.070107 0.117812 0.463046 0.017002
82.799995 0.070379 0.119564 0.460962 0.016595
82.900002 0.071450 0.122514 0.461677 0.017588
83.000000 0.071686 0.122875 0.458908 0.016997
83.099998 0.073329 0.124950 0.462885 0.017607
83.199997 0.073819 0.124263 0.469284 0.017581
83.299995 0.074500 0.125800 0.475400 0.017000
83.400002 0.075230 0.125450 0.473389 0.015806
83.500000 0.075568 0.128015 0.475928 0.015114
83.599998 0.074715 0.127626 0.482997 0.015003
83.699997 0.076616 0.129557 0.487064 0.014584
83.799995 0.075449 0.129840 0.487525 0.015768
83.900002 0.074563 0.129935 0.488956 0.015592
84.000000 0.075032 0.132081 0.492557 0.016086
84.099998 0.074967 0.129717 0.494045 0.015314
84.199997 0.075085 0.129374 0.494301 0.015797
84.299995 0.074990 0.130857 0.492791 0.015819
84.400002 0.075961 0.129504 0.494496 0.014211
84.500000 0.074607 0.128613 0.491649 0.014601
84.599998 0.074893 0.131187 0.490151 0.013799
84.699997 0.074648 0.131808 0.490157 0.013491
84.799995 0.074093 0.128587 0.488551 0.013599
84.900002 0.073678 0.126562 0.493352 0.013396
85.000000 0.074326 0.127116 0.491235 0.013423
85.099998 0.074570 0.126150 0.489504 0.014694
85.199997 0.074204 0.128833 0.491761 0.013682
85.299995 0.075170 0.128249 0.491204 0.014394
85.400002 0.075900 0.127700 0.492400 0.015000
85.500000 0.077523 0.130439 0.494048 0.015705
85.599998 0.078584 0.130274 0.493401 0.015597
85.699997 0.077956 0.131363 0.495491 0.015631
85.799995 0.077584 0.130074 0.497700 0.016097
85.900002 0.076354 0.126724 0.497202 0.015491
86.000000 0.074952 0.127789 0.496347 0.016311
86.099998 0.074795 0.128220 0.497503 0.016677
86.199997 0.074693 0.128887 0.500450 0.016698
86.299995 0.074578 0.127162 0.498850 0.016195
86.400002 0.074845 0.126776 0.504002 0.017010
86.500000 0.076499 0.127466 0.504055 0.016822
86.599998 0.075455 0.127224 0.506596 0.015791
86.699997 0.075347 0.124213 0.504747 0.015589
86.799995 0.076015 0.123225 0.506801 0.015103
86.900002 0.076377 0.122963 0.506848 0.016695
87.000000 0.075770 0.123451 0.505298 0.016893
87.099998 0.075615 0.124925 0.507401 0.017103
87.199997 0.075853 0.122786 0.510157 0.016411
87.299995 0.076300 0.124600 0.504000 0.015900
87.400002 0.076100 0.123600 0.507700 0.016800
87.500000 0.076677 0.120064 0.508747 0.016495
87.599998 0.077115 0.121267 0.511437 0.016582
87.699997 0.076938 0.122461 0.511156 0.016608
87.799995 0.076785 0.123315 0.514229 0.016276
87.900002 0.077825 0.123498 0.517628 0.017127
88.000000 0.078400 0.126700 0.520500 0.016800
88.099998 0.079084 0.127075 0.522695 0.015997
88.199997 0.079560 0.129035 0.522139 0.016492
88.299995 0.079592 0.127987 0.522448 0.016098
88.400002 0.080932 0.130952 0.528411 0.016307
88.500000 0.079968 0.132347 0.527189 0.015894
88.599998 0.081143 0.131808 0.524833 0.015089
88.699997 0.080568 0.130048 0.525790 0.015594
88.799995 0.080724 0.135641 0.535061 0.015305
88.900002 0.081667 0.139644 0.536385 0.015394
89.000000 0.080924 0.138241 0.541362 0.015905
89.099998 0.081249 0.138483 0.538623 0.016110
89.199997 0.083083 0.139472 0.536793 0.016797
89.299995 0.083175 0.137159 0.537039 0.016395
89.400002 0.083975 0.139158 0.537439 0.017595
89.500000 0.082892 0.138086 0.536146 0.017798
89.599998 0.083275 0.138858 0.539038 0.017295
89.699997 0.083742 0.138569 0.541671 0.017109
89.799995 0.083650 0.140184 0.542526 0.016910
89.900002 0.085032 0.139588 0.537570 0.017486
90.000000 0.084066 0.137945 0.534786 0.018393
90.099998 0.082082 0.137838 0.529830 0.020521
90.199997 0.081451 0.136318 0.526584 0.019688
90.299995 0.080260 0.139330 0.531434 0.018791
90.400002 0.080784 0.137373 0.528194 0.016797
90.500000 0.080208 0.135314 0.529153 0.016102
90.599998 0.080008 0.137114 0.530853 0.016002
90.699997 0.079063 0.132906 0.533527 0.014812
90.799995 0.078653 0.132221 0.531181 0.015691
90.900002 0.078808 0.130013 0.528753 0.015902
91.000000 0.080000 0.131700 0.531000 0.015100
91.099998 0.080276 0.133560 0.532540 0.014196
91.199997 0.079400 0.131800 0.536100 0.015100
91.299995 0.080108 0.134513 0.533953 0.014901
91.400002 0.080611 0.131755 0.534212 0.014484
91.500000 0.078371 0.131318 0.534081 0.015514
91.599998 0.078924 0.134240 0.533260 0.015705
91.699997 0.077908 0.134013 0.536154 0.015302
91.799995 0.078337 0.130196 0.537170 0.016787
91.900002 0.079160 0.133933 0.533533 0.016192
92.000000 0.080360 0.135832 0.538231 0.015292
92.099998 0.080927 0.137876 0.533120 0.015986
92.199997 0.080957 0.135995 0.535375 0.015811
92.299995 0.078355 0.133493 0.537176 0.015111
92.400002 0.078200 0.134600 0.539900 0.014900
92.500000 0.078547 0.132680 0.544327 0.015409
92.599998 0.077323 0.134240 0.542463 0.015005
92.699997 0.078392 0.131687 0.538746 0.015098
92.799995 0.079208 0.133013 0.530953 0.016202
92.900002 0.078406 0.132841 0.533660 0.015881
93.000000 0.078363 0.132606 0.532926 0.017114
93.099998 0.077546 0.131308 0.537224 0.016289
93.199997 0.078231 0.131152 0.539216 0.015706
93.299995 0.078294 0.129856 0.539648 0.016119
93.400002 0.077808 0.130713 0.543654 0.016002
93.500000 0.078445 0.126012 0.543819 0.015589
93.599998 0.080548 0.128077 0.542125 0.015209
93.699997 0.080456 0.127890 0.540178 0.015311
93.799995 0.080784 0.129474 0.546691 0.015397
93.900002 0.080692 0.128687 0.548845 0.014999
94.000000 0.079456 0.124687 0.544381 0.015011
94.099998 0.078829 0.123089 0.546908 0.015786
94.199997 0.079752 0.123126 0.544773 0.016390
94.299995 0.079084 0.121676 0.549890 0.017297
94.400002 0.078461 0.122039 0.550525 0.015692
94.500000 0.078818 0.123285 0.548122 0.016425
94.599998 0.079932 0.123549 0.548920 0.016707
94.699997 0.079524 0.120436 0.548164 0.016605
94.799995 0.079305 0.118757 0.554734 0.017080
94.900002 0.079916 0.118024 0.549110 0.017804
95.000000 0.078077 0.118364 0.552334 0.017695
95.099998 0.078824 0.118936 0.554766 0.017805
95.199997 0.077208 0.118712 0.558256 0.017202
95.299995 0.076138 0.118859 0.560880 0.018309
95.400002 0.076139 0.120204 0.559852 0.018086
95.500000 0.076869 0.119808 0.563407 0.018517
95.599998 0.076608 0.116760 0.567219 0.018977
95.699997 0.078123 0.116335 0.564569 0.018506
95.799995 0.078237 0.114708 0.562750 0.017286
95.900002 0.077400 0.113100 0.562100 0.015700
96.000000 0.076577 0.115365 0.559332 0.016395
96.099998 0.075298 0.115951 0.560228 0.016021
96.199997 0.075970 0.115154 0.560376 0.015794
96.299995 0.076000 0.116200 0.558900 0.015700
96.400002 0.075815 0.117824 0.555811 0.015403
96.500000 0.077676 0.117512 0.555212 0.016573
96.599998 0.077869 0.117153 0.555478 0.016693
96.699997 0.077801 0.117252 0.557725 0.017423
96.799995 0.078239 0.120460 0.558079 0.017809
96.900002 0.077784 0.120476 0.556189 0.018496
97.000000 0.076723 0.120080 0.556943 0.019081
97.099998 0.077516 0.119824 0.559112 0.019004
97.199997 0.077977 0.121564 0.561632 0.018794
97.299995 0.077115 0.119424 0.562913 0.017503
97.400002 0.076408 0.118312 0.563456 0.017402
97.500000 0.078439 0.119060 0.555778 0.018109
97.599998 0.079168 0.119052 0.562275 0.018093
97.699997 0.078868 0.114654 0.563874 0.017893
97.799995 0.078261 0.112744 0.561919 0.017991
97.900002 0.077123 0.111133 0.563869 0.018105
98.000000 0.076946 0.109666 0.568241 0.017811
98.099998 0.077339 0.110355 0.572786 0.018109
98.199997 0.075330 0.110244 0.574130 0.018207
98.299995 0.075724 0.108991 0.571329 0.017682
98.400002 0.074790 0.109031 0.577293 0.018422
98.500000 0.074893 0.111489 0.578542 0.018498
98.599998 0.073959 0.111189 0.578401 0.018265
98.699997 0.073588 0.110132 0.580096 0.017821
98.799995 0.073685 0.111478 0.584883 0.018296
98.900002 0.073307 0.112811 0.582958 0.017902
99.000000 0.072249 0.112921 0.584991 0.018287
99.099998 0.070463 0.109899 0.587028 0.017416
99.199997 0.071457 0.107436 0.585649 0.017390
99.299995 0.071128 0.104789 0.579243 0.017031
99.400002 0.071935 0.107803 0.577780 0.016485
99.500000 0.071371 0.108308 0.579580 0.016617
99.599998 0.070493 0.107689 0.579842 0.016998
99.699997 0.071229 0.104496 0.582717 0.016983
99.799995 0.069521 0.104231 0.583275 0.016105
99.900002 0.068755 0.103583 0.581765 0.015412
100.000000 0.069369 0.104605 0.578278 0.015816
100.099998 0.069537 0.108802 0.573784 0.015486
100.199997 0.069451 0.109523 0.575197 0.015689
100.299995 0.068969 0.108909 0.573473 0.015516
100.400002 0.068534 0.108554 0.571486 0.016308
100.500000 0.069456 0.108287 0.571958 0.016413
100.599998 0.069393 0.111889 0.576142 0.015698
100.699997 0.069521 0.114034 0.581875 0.015405
100.799995 0.069765 0.115642 0.583508 0.016192
100.900002 0.069083 0.117040 0.582199 0.016119
101.000000 0.069972 0.115754 0.579068 0.014394
101.099998 0.070514 0.114723 0.579016 0.015303
101.199997 0.070242 0.115469 0.577847 0.016310
101.299995 0.070507 0.114711 0.575458 0.016102
101.400002 0.071314 0.117223 0.576415 0.015803
101.500000 0.072544 0.120472 0.574545 0.015109
101.599998 0.072343 0.121173 0.579148 0.014709
101.699997 0.071007 0.120512 0.577958 0.014701
101.799995 0.068693 0.118988 0.580042 0.015198
101.900002 0.068689 0.117252 0.579453 0.015821
102.000000 0.069835 0.120060 0.578789 0.014907
102.099998 0.068959 0.119328 0.572756 0.014391
102.199997 0.068607 0.116112 0.575158 0.013601
102.299995 0.069424 0.116871 0.576166 0.013885
102.399994 0.069086 0.117477 0.582883 0.014797
102.500000 0.069000 0.117900 0.580300 0.014800
102.599998 0.066507 0.111411 0.579558 0.015302
102.699997 0.066553 0.112321 0.575097 0.015889
102.799995 0.065405 0.109976 0.576923 0.016226
102.899994 0.065953 0.110088 0.579664 0.016914
103.000000 0.068248 0.109477 0.575403 0.017112
103.099998 0.069586 0.114477 0.574585 0.015897
103.199997 0.069148 0.112979 0.577004 0.014610
103.299995 0.069490 0.113848 0.573546 0.014319
103.399994 0.068634 0.113557 0.574687 0.014307
103.500000 0.067293 0.111789 0.578342 0.015598
103.599998 0.066034 0.111289 0.578022 0.015684
103.699997 0.065728 0.109380 0.575367 0.014584
103.799995 0.065074 0.111455 0.573970 0.012695
103.899994 0.064794 0.108389 0.567543 0.012899
104.000000 0.063857 0.108097 0.570113 0.013112
104.099998 0.064251 0.110188 0.570757 0.013811
104.199997 0.064655 0.112821 0.574798 0.012791
104.299995 0.064200 0.112900 0.581100 0.013400
104.399994 0.063774 0.112355 0.579768 0.012495
104.500000 0.062924 0.112964 0.582201 0.012685
104.599998 0.063587 0.114877 0.580784 0.012398
104.699997 0.066280 0.114166 0.581526 0.011597
104.799995 0.067986 0.119276 0.582384 0.012298
104.899994 0.067895 0.119968 0.582115 0.011516
105.000000 0.067413 0.117123 0.579716 0.012002
105.099998 0.068800 0.117500 0.577900 0.013400
105.199997 0.070086 0.119776 0.576985 0.013397
105.299995 0.069707 0.118412 0.582458 0.013001
105.399994 0.071271 0.121321 0.579179 0.012713
105.500000 0.070700 0.121600 0.577200 0.013100
105.599998 0.071279 0.120364 0.576327 0.014796
105.699997 0.072429 0.118047 0.578431 0.014506
105.799995 0.072822 0.120136 0.580874 0.015405
105.899994 0.072607 0.119512 0.579458 0.016402
106.000000 0.071379 0.114466 0.578526 0.016595
106.099998 0.072122 0.114934 0.581474 0.017405
106.199997 0.071728 0.113487 0.580320 0.017083
106.299995 0.070900 0.112000 0.578400 0.018200
106.399994 0.072107 0.111611 0.572757 0.018702
106.500000 0.071700 0.111843 0.575494 0.018874
106.599998 0.071386 0.109531 0.575390 0.018322
106.699997 0.070556 0.109788 0.574460 0.019015
106.799995 0.071850 0.107575 0.575403 0.019514
106.899994 0.071172 0.109256 0.580868 0.019092
107.000000 0.071000 0.110300 0.581400 0.017900
107.099998 0.071443 0.110666 0.586952 0.017511
107.199997 0.071994 0.110944 0.585261 0.017723
107.299995 0.072022 0.108232 0.583875 0.017105
107.399994 0.071722 0.110333 0.585176 0.016805
107.500000 0.072800 0.108700 0.593200 0.016800
107.599998 0.072507 0.109111 0.592959 0.016702
107.699997 0.071907 0.109911 0.586659 0.016902
107.799995 0.071314 0.107522 0.585417 0.017904
107.899994 0.072249 0.109323 0.582392 0.018787
108.000000 0.073549 0.111922 0.581993 0.017887
108.099998 0.073793 0.113889 0.580742 0.017398
108.199997 0.073785 0.114177 0.581084 0.016897
108.299995 0.073544 0.115069 0.588753 0.017110
108.399994 0.074237 0.112556 0.586893 0.018309
108.500000 0.073171 0.114154 0.587065 0.019092
108.599998 0.073437 0.113157 0.589395 0.019010
108.699997 0.074330 0.116246 0.592037 0.019808
108.799995 0.074396 0.115438 0.592471 0.019972
108.899994 0.074700 0.115600 0.591600 0.019700
109.000000 0.075938 0.115458 0.590295 0.020910
109.099998 0.076269 0.116405 0.594635 0.020318
109.199997 0.075906 0.112457 0.596535 0.020729
109.299995 0.075132 0.111799 0.600360 0.020581
109.399994 0.075817 0.112276 0.600739 0.020777
109.500000 0.075815 0.113523 0.599620 0.019204
109.599998 0.074370 0.112955 0.598461 0.020092
109.699997 0.076292 0.112936 0.598318 0.020925
109.799995 0.074903 0.111954 0.600519 0.020673
109.899994 0.074389 0.113136 0.603524 0.020525
110.000000 0.073866 0.113002 0.604044 0.020418
110.099998 0.074070 0.111955 0.606757 0.020592
110.199997 0.071650 0.110477 0.603222 0.020915
110.299995 0.073042 0.112610 0.605016 0.021183
110.399994 0.072720 0.113076 0.601339 0.019778
110.500000 0.072978 0.112266 0.604219 0.018994
110.599998 0.072314 0.115723 0.601020 0.018304
110.699997 0.073641 0.115308 0.596922 0.018685
110.799995 0.073600 0.113600 0.600100 0.018900
110.899994 0.073293 0.112389 0.596640 0.018798
111.000000 0.074888 0.111233 0.600200 0.017973
111.099998 0.075954 0.112333 0.600740 0.016690
111.199997 0.076239 0.111910 0.600220 0.017986
111.299995 0.075208 0.110811 0.596460 0.019402
111.399994 0.075655 0.111633 0.600140 0.019588
111.500000 0.075832 0.114197 0.596363 0.019682
111.599998 0.077246 0.115669 0.601161 0.020212
111.699997 0.076846 0.114720 0.602079 0.019386
111.799995 0.076646 0.113668 0.607264 0.019612
111.899994 0.075500 0.114400 0.606700 0.020200
112.000000 0.072920 0.114874 0.612726 0.021576
112.099998 0.073870 0.115154 0.612355 0.021591
112.199997 0.076315 0.114423 0.610322 0.020404
112.299995 0.075208 0.116512 0.607261 0.020002
112.399994 0.074211 0.115473 0.603605 0.020130
112.500000 0.072516 0.112380 0.606971 0.020232
112.599998 0.073719 0.111677 0.603736 0.020178
112.699997 0.075183 0.112924 0.602763 0.021023
112.799995 0.075305 0.113759 0.602844 0.019728
112.899994 0.077123 0.116887 0.603666 0.019732
113.000000 0.078669 0.114854 0.602159 0.020192
113.099998 0.078031 0.116747 0.602541 0.020108
113.199997 0.079268 0.116453 0.605058 0.019792
113.299995 0.080252 0.119228 0.605837 0.019588
113.399994 0.079732 0.117747 0.602941 0.020008
113.500000 0.080689 0.116628 0.598759 0.020623
113.599998 0.079768 0.115854 0.598760 0.020292
113.699997 0.077875 0.112919 0.597644 0.020467
113.799995 0.076053 0.111478 0.597818 0.020514
113.899994 0.074448 0.109024 0.596283 0.019886
114.000000 0.075168 0.109799 0.594135 0.018917
114.099998 0.073563 0.108146 0.595002 0.019490
114.199997 0.074818 0.108481 0.591949 0.019778
114.299995 0.074115 0.109022 0.595519 0.019904
114.399994 0.074675 0.108709 0.596597 0.020020
114.500000 0.075015 0.107622 0.599120 0.020504
114.599998 0.074200 0.108900 0.598800 0.021300
114.699997 0.073629 0.108343 0.597939 0.021509
114.799995 0.072142 0.105116 0.597422 0.022682
114.899994 0.072629 0.105942 0.601341 0.022109
115.000000 0.072995 0.107540 0.604686 0.022329
115.099998 0.072771 0.106457 0.607457 0.022391
115.199997 0.071557 0.106236 0.604837 0.021987
115.299995 0.069709 0.104664 0.602617 0.022571
115.399994 0.069286 0.103679 0.604179 0.021896
115.500000 0.069805 0.103455 0.607111 0.022233
115.599998 0.070943 0.103517 0.609013 0.022282
115.699997 0.070114 0.106321 0.607121 0.022705
115.799995 0.070379 0.106468 0.605918 0.023593
115.899994 0.071479 0.109267 0.600820 0.023593
116.000000 0.070366 0.107695 0.601757 0.023755
116.099998 0.070544 0.106215 0.601519 0.022682
116.199997 0.071942 0.104416 0.601918 0.020883
116.299995 0.071164 0.107246 0.604598 0.021389
116.399994 0.071750 0.108276 0.602422 0.020815
116.500000 0.071864 0.109245 0.603298 0.020190
116.599998 0.071014 0.109422 0.607622 0.020604
116.699997 0.072050 0.108376 0.605724 0.021015
116.799995 0.072713 0.109569 0.603176 0.021175
116.899994 0.073415 0.109422 0.596019 0.020004
117.000000 0.073644 0.107865 0.595757 0.020612
117.099998 0.074122 0.108333 0.599380 0.020906
117.199997 0.074436 0.110158 0.599880 0.020655
117.299995 0.073071 0.107957 0.593862 0.020492
117.399994 0.072820 0.107382 0.589152 0.020078
117.500000 0.072506 0.109158 0.594128 0.019674
117.599998 0.072842 0.109712 0.596423 0.020584
117.699997 0.070807 0.112311 0.591959 0.019502
117.799995 0.069835 0.112956 0.593397 0.018509
117.899994 0.069723 0.111577 0.597243 0.017381
118.000000 0.068161 0.109899 0.599840 0.017616
118.099998 0.068073 0.110156 0.599460 0.017893
118.199997 0.068679 0.111167 0.600220 0.018494
118.299995 0.069390 0.110744 0.596676 0.018424
118.399994 0.069062 0.111100 0.596437 0.018617
118.500000 0.070356 0.110388 0.598078 0.018014
118.599998 0.070042 0.108965 0.597759 0.017410
118.699997 0.070393 0.109589 0.598340 0.017498
118.799995 0.070971 0.112212 0.598398 0.017017
118.899994 0.070079 0.110867 0.598221 0.017495
119.000000 0.070300 0.110800 0.599000 0.017500
119.099998 0.069349 0.108776 0.599520 0.017212
119.199997 0.069021 0.108833 0.598580 0.017405
119.299995 0.069621 0.110733 0.601080 0.017605
119.399994 0.068382 0.108530 0.600420 0.017221
119.500000 0.069431 0.108492 0.601399 0.016983
119.599998 0.068821 0.108833 0.597979 0.015705
119.699997 0.069283 0.110332 0.602123 0.014918
119.799995 0.068562 0.110800 0.608047 0.013913
119.899994 0.070586 0.112178 0.611578 0.013797
120.000000 0.071986 0.108578 0.609778 0.013197
120.099998 0.072257 0.110334 0.611633 0.014092
120.199997 0.072756 0.109734 0.610334 0.015191
120.299995 0.073970 0.109356 0.610256 0.015294
120.399994 0.074293 0.108789 0.616038 0.015198
120.500000 0.075077 0.107768 0.616515 0.015895
120.599998 0.076138 0.108554 0.615308 0.016508
120.699997 0.075062 0.109245 0.615792 0.016692
120.799995 0.073737 0.108554 0.614007 0.016208
120.899994 0.074311 0.108262 0.615223 0.017126
121.000000 0.074548 0.107625 0.615669 0.018287
121.099998 0.074663 0.109445 0.614992 0.018691
121.199997 0.076731 0.109444 0.618547 0.019308
121.299995 0.075192 0.110289 0.616238 0.018598
121.399994 0.074245 0.111267 0.617270 0.019312
121.500000 0.075153 0.112879 0.613029 0.018913
121.599998 0.076538 0.112756 0.616708 0.019210
121.699997 0.076615 0.111722 0.616323 0.019204
121.799995 0.075785 0.113577 0.611678 0.018096
121.899994 0.076192 0.116088 0.613939 0.016798
122.000000 0.076862 0.116942 0.615692 0.016892
122.099998 0.077054 0.116430 0.615930 0.017290
122.199997 0.077362 0.119295 0.611589 0.016713
122.299995 0.076531 0.117947 0.610644 0.016206
122.399994 0.076577 0.121522 0.611612 0.016316
122.500000 0.078761 0.124338 0.614793 0.015092
122.599998 0.077700 0.122100 0.613300 0.016500
122.699997 0.077177 0.119764 0.614916 0.016195
122.799995 0.077684 0.122076 0.612178 0.016697
122.899994 0.077599 0.122740 0.615300 0.017677
123.000000 0.077231 0.123749 0.613846 0.018707
123.099998 0.077261 0.123538 0.615892 0.019090
123.199997 0.078208 0.123112 0.619062 0.018602
123.299995 0.079137 0.124201 0.620004 0.018485
123.399994 0.079053 0.123526 0.624525 0.018889
123.500000 0.078631 0.122749 0.629852 0.019708
123.599998 0.077877 0.122663 0.626912 0.019594
123.699997 0.076408 0.118812 0.623062 0.019302
123.799995 0.076415 0.119824 0.621724 0.018604
123.899994 0.077307 0.120555 0.622753 0.018777
124.000000 0.076192 0.119388 0.621238 0.019698
124.099998 0.074107 0.119612 0.624062 0.019702
124.199997 0.072851 0.116782 0.622136 0.019814
124.299995 0.071450 0.114541 0.622106 0.020042
124.399994 0.071771 0.115154 0.621751 0.018792
124.500000 0.072078 0.114866 0.621813 0.018894
124.599998 0.073526 0.117782 0.623976 0.018581
124.699997 0.073978 0.121464 0.621114 0.018594
124.799995 0.073870 0.117553 0.622751 0.017893
124.899994 0.073185 0.113877 0.622476 0.017996
125.000000 0.072093 0.116088 0.627337 0.017298
125.099998 0.073678 0.115765 0.624613 0.017695
125.199997 0.073852 0.113980 0.628340 0.018113
125.299995 0.073278 0.113366 0.626612 0.017995
125.399994 0.074185 0.116177 0.626075 0.018396
125.500000 0.074648 0.112721 0.627960 0.019287
125.599998 0.073093 0.112189 0.632237 0.017898
125.699997 0.073551 0.113079 0.635845 0.017412
125.799995 0.072515 0.111422 0.640128 0.017003
125.899994 0.072700 0.114400 0.638100 0.017600
126.000000 0.074633 0.115396 0.634029 0.016685
126.099998 0.074778 0.115965 0.630911 0.016695
126.199997 0.075445 0.117971 0.633980 0.016310
126.299995 0.075115 0.119924 0.632827 0.017303
126.399994 0.073563 0.121939 0.634483 0.016892
126.500000 0.075275 0.121822 0.629129 0.016216
126.599998 0.074922 0.122437 0.633390 0.015205
126.699997 0.074245 0.123174 0.634681 0.016610
126.799995 0.073241 0.120703 0.632094 0.016787
126.899994 0.072971 0.123750 0.633147 0.016094
127.000000 0.074367 0.127014 0.635872 0.016014
127.099998 0.074655 0.125325 0.640915 0.015591
127.199997 0.074352 0.123787 0.639848 0.015711
127.299995 0.074933 0.122889 0.640923 0.015686
127.399994 0.073637 0.120860 0.639920 0.016508
127.500000 0.073652 0.122186 0.642750 0.015611
127.599998 0.074830 0.124050 0.646459 0.015306
127.699997 0.073663 0.121839 0.644478 0.016092
127.799995 0.072771 0.120852 0.643243 0.015094
127.899994 0.074800 0.123300 0.643800 0.015500
128.000000 0.074782 0.121834 0.643908 0.015417
128.099991 0.073578 0.120764 0.645906 0.016295
128.199997 0.073029 0.119148 0.648259 0.015506
128.300003 0.073449 0.120516 0.650545 0.015189
128.399994 0.074818 0.119169 0.652482 0.015583
128.500000 0.076361 0.123299 0.651421 0.015612
128.599991 0.075562 0.121839 0.654673 0.015192
128.699997 0.075670 0.123251 0.647941 0.015894
128.800003 0.075694 0.124326 0.652786 0.015878
128.899994 0.075930 0.121449 0.654962 0.015906
129.000000 0.074445 0.115369 0.653592 0.015109
129.099991 0.074622 0.115135 0.655097 0.015905
129.199997 0.074835 0.115909 0.655280 0.016029
129.300003 0.075053 0.117082 0.654858 0.016111
129.399994 0.075090 0.117241 0.654485 0.016420
129.500000 0.076184 0.118931 0.656222 0.016118
129.599991 0.077562 0.121297 0.659027 0.015312
129.699997 0.075645 0.118471 0.661197 0.015709
129.800003 0.074196 0.115838 0.660775 0.014779
129.899994 0.074493 0.114889 0.662434 0.015298
130.000000 0.076985 0.117876 0.663367 0.014897
130.099991 0.075908 0.116412 0.668967 0.015802
130.199997 0.075408 0.116812 0.665467 0.016102
130.300003 0.074400 0.115300 0.666800 0.017100
130.399994 0.074104 0.114851 0.669530 0.016279
130.500000 0.071958 0.115292 0.669035 0.016113
130.599991 0.073885 0.116377 0.665967 0.015997
130.699997 0.074133 0.117694 0.669897 0.016185
130.800003 0.075270 0.118553 0.670132 0.016993
130.899994 0.076723 0.119580 0.673427 0.016484
131.000000 0.077508 0.120612 0.669967 0.015802
131.099991 0.078161 0.120840 0.670065 0.015392
131.199997 0.077746 0.119316 0.670730 0.014590
131.300003 0.078424 0.121837 0.672802 0.013904
131.399994 0.079476 0.120864 0.669099 0.013896
131.500000 0.079988 0.123436 0.668035 0.014116
131.599991 0.080224 0.121636 0.669101 0.014204
131.699997 0.080603 0.121854 0.674191 0.014682
131.800003 0.079240 0.123862 0.675738 0.014907
131.899994 0.080448 0.122473 0.674705 0.015709
132.000000 0.081573 0.124512 0.677510 0.015814
132.099991 0.081784 0.121476 0.674065 0.015497
132.199997 0.081826 0.122690 0.674593 0.015786
132.300003 0.082607 0.124362 0.679784 0.015120
132.399994 0.085834 0.126251 0.681673 0.014906
132.500000 0.086088 0.127334 0.681214 0.015680
132.599991 0.086304 0.131057 0.682018 0.015719
132.699997 0.086009 0.129413 0.683068 0.016502
132.800003 0.085568 0.129103 0.682646 0.015212
132.899994 0.086152 0.127677 0.682309 0.015209
133.000000 0.085317 0.128026 0.678336 0.015103
133.099991 0.083667 0.128349 0.676529 0.013794
133.199997 0.084383 0.125475 0.673265 0.013397
133.300003 0.085149 0.128323 0.666000 0.013692
133.399994 0.084534 0.127251 0.667267 0.013105
133.500000 0.085457 0.124838 0.668166 0.014093
133.599991 0.085174 0.121963 0.668999 0.014996
133.699997 0.085174 0.119764 0.665700 0.014796
133.800003 0.083591 0.117747 0.667033 0.015280
133.899994 0.085032 0.118505 0.666167 0.014788
134.000000 0.083492 0.115627 0.664131 0.015417
134.099991 0.083258 0.117582 0.664365 0.015811
134.199997 0.082049 0.114669 0.665399 0.016310
134.300003 0.081551 0.115631 0.667100 0.016990
134.399994 0.080895 0.116449 0.673325 0.016179
134.500000 0.078631 0.115546 0.675370 0.016607
134.599991 0.077269 0.115854 0.676429 0.016393
134.699997 0.077262 0.114091 0.673138 0.015512
134.800003 0.076292 0.116788 0.672833 0.015998
134.899994 0.076662 0.119340 0.671464 0.015992
135.000000 0.075215 0.120224 0.669034 0.015803
135.099991 0.074897 0.120256 0.671273 0.016221
135.199997 0.075170 0.118553 0.667033 0.015394
135.300003 0.075210 0.116960 0.665801 0.015082
135.399994 0.076646 0.118871 0.663298 0.015309
135.500000 0.077169 0.120395 0.664470 0.015574
135.599991 0.077800 0.120700 0.666600 0.015900
135.699997 0.076070 0.118852 0.669932 0.015494
135.800003 0.075592 0.117488 0.671633 0.014399
135.899994 0.074070 0.116054 0.672431 0.015594
136.000000 0.073415 0.115323 0.671434 0.015603
136.099991 0.073185 0.114677 0.675265 0.017397
136.199997 0.071822 0.116335 0.678504 0.016905
136.300003 0.069728 0.112545 0.683273 0.017407
136.399994 0.069663 0.110800 0.681313 0.018216
136.500000 0.070843 0.110112 0.682254 0.017186
136.599991 0.070728 0.111645 0.686074 0.017907
136.699997 0.070437 0.109601 0.681686 0.017484
136.800003 0.069693 0.107289 0.686331 0.018298
136.899994 0.070035 0.108254 0.683942 0.019010
137.000000 0.070149 0.111178 0.683178 0.018413
137.099991 0.070051 0.112921 0.684721 0.017588
137.199997 0.072636 0.114757 0.690045 0.017009
137.300003 0.072428 0.115584 0.688112 0.017183
137.399994 0.072880 0.116829 0.690760 0.017319
137.500000 0.071986 0.115477 0.691962 0.016297
137.599991 0.073948 0.117318 0.687319 0.016788
137.699997 0.071922 0.120336 0.685406 0.017405
137.800003 0.072958 0.119396 0.684748 0.016914
137.899994 0.072680 0.117429 0.685654 0.018020
138.000000 0.071793 0.116188 0.688431 0.018698
138.099991 0.071950 0.115019 0.690217 0.017887
138.199997 0.073744 0.118071 0.693516 0.017811
138.300003 0.074000 0.120300 0.694300 0.018600
138.399994 0.074104 0.118766 0.696275 0.018926
138.500000 0.073688 0.118342 0.695535 0.019423
138.599991 0.074945 0.118471 0.695918 0.020012
138.699997 0.074975 0.118018 0.700701 0.019820
138.800003 0.074775 0.119520 0.702803 0.020721
138.899994 0.075075 0.118719 0.704004 0.019119
139.000000 0.074649 0.118537 0.704709 0.020341
139.099991 0.076577 0.120064 0.705188 0.019694
139.199997 0.075608 0.118612 0.708171 0.019302
139.300003 0.076277 0.116565 0.708887 0.020694
139.399994 0.076077 0.116165 0.707688 0.019594
139.500000 0.076215 0.117824 0.705041 0.019904
139.599991 0.075345 0.116770 0.705223 0.019912
139.699997 0.076731 0.116395 0.704966 0.020482
139.800003 0.078905 0.115961 0.708550 0.020775
139.899994 0.079316 0.114723 0.706241 0.022104
140.000000 0.078222 0.113786 0.706693 0.022577
140.099991 0.076331 0.111300 0.710860 0.023179
140.199997 0.076600 0.112947 0.714729 0.022229
140.300003 0.078514 0.110878 0.710518 0.021277
140.399994 0.078663 0.110989 0.707766 0.021417
140.500000 0.078782 0.110934 0.708138 0.021368
140.599991 0.079332 0.110644 0.707483 0.021809
140.699997 0.081598 0.113736 0.708550 0.022827
140.800003 0.081567 0.114654 0.705118 0.021891
140.899994 0.081616 0.115323 0.711842 0.020604
141.000000 0.081116 0.113623 0.715243 0.020704
141.099991 0.081794 0.113453 0.712374 0.020973
141.199997 0.080108 0.111611 0.715772 0.021302
141.300003 0.080376 0.111367 0.715485 0.020694
141.399994 0.080344 0.111822 0.712201 0.020286
141.500000 0.079540 0.110855 0.709355 0.020310
141.599991 0.079600 0.111000 0.707200 0.018300
141.699997 0.080060 0.110545 0.706747 0.018791
141.800003 0.078539 0.111356 0.708554 0.017209
141.899994 0.077899 0.112853 0.708080 0.017577
142.000000 0.077769 0.111655 0.709016 0.017893
142.099991 0.078244 0.111976 0.710180 0.017964
142.199997 0.078629 0.114597 0.714257 0.018184
142.300003 0.078253 0.109035 0.715671 0.017789
142.399994 0.080232 0.111144 0.718387 0.016907
142.500000 0.079403 0.111845 0.716532 0.016922
142.599991 0.078606 0.111067 0.715841 0.017579
142.699997 0.079368 0.110756 0.716114 0.017793
142.800003 0.079868 0.110156 0.716014 0.017793
142.899994 0.079984 0.105779 0.721456 0.018396
143.000000 0.079368 0.107657 0.721711 0.019192
143.099991 0.078223 0.109333 0.720116 0.018606
143.199997 0.078278 0.109309 0.723023 0.018919
143.300003 0.079581 0.109636 0.725512 0.019071
143.399994 0.077169 0.108657 0.719212 0.019492
143.500000 0.076669 0.110299 0.719047 0.018517
143.599991 0.078137 0.111611 0.722522 0.018185
143.699997 0.078116 0.110822 0.721744 0.018604
143.800003 0.077822 0.108192 0.721479 0.018981
143.899994 0.079416 0.110422 0.720444 0.019404
144.000000 0.079956 0.110577 0.718403 0.018913
144.099991 0.079400 0.109500 0.718500 0.018300
144.199997 0.078408 0.110511 0.721672 0.019202
144.300003 0.077731 0.110444 0.722789 0.017407
144.399994 0.075430 0.111244 0.723990 0.017307
144.500000 0.074715 0.110322 0.722244 0.016703
144.599991 0.072971 0.107157 0.721711 0.015894
144.699997 0.073166 0.106095 0.721349 0.016615
144.800003 0.072831 0.109898 0.717892 0.017131
144.899994 0.072829 0.107843 0.720188 0.016206
145.000000 0.073756 0.109434 0.722467 0.016190
145.099991 0.074388 0.107239 0.723615 0.017074
145.199997 0.075098 0.108341 0.721137 0.016622
145.300003 0.074700 0.105600 0.719800 0.016500
145.399994 0.075300 0.105600 0.714200 0.016600
145.500000 0.076062 0.107346 0.714243 0.017091
145.599991 0.076423 0.108232 0.712814 0.016405
145.699997 0.076815 0.105121 0.714843 0.016103
145.800003 0.075962 0.105947 0.710145 0.015992
145.899994 0.074215 0.104721 0.710342 0.015403
146.000000 0.074041 0.103196 0.705541 0.015630
146.099991 0.074285 0.101780 0.703959 0.016197
146.199997 0.074400 0.104400 0.702700 0.014700
146.300003 0.075360 0.106185 0.707566 0.015212
146.399994 0.074660 0.104684 0.709568 0.013611
146.500000 0.075362 0.106647 0.710445 0.014193
146.599991 0.077730 0.107503 0.711659 0.013088
146.699997 0.077731 0.105242 0.713485 0.012605
146.800003 0.075932 0.104706 0.711959 0.012988
146.899994 0.075470 0.104258 0.712615 0.013695
147.000000 0.074763 0.105547 0.715742 0.014093
147.099991 0.075370 0.106257 0.715914 0.014294
147.199997 0.074063 0.107946 0.716142 0.014593
147.300003 0.074115 0.107321 0.717043 0.015303
147.399994 0.074163 0.106947 0.718341 0.015292
147.500000 0.074000 0.109500 0.718800 0.014000
147.599991 0.073207 0.108011 0.716872 0.014301
147.699997 0.074382 0.108720 0.715487 0.014316
147.800003 0.074693 0.110389 0.717828 0.015298
147.899994 0.074790 0.109431 0.718062 0.015719
148.000000 0.074778 0.108168 0.717285 0.015695
148.099991 0.076338 0.105653 0.719760 0.015508
148.199997 0.075900 0.106200 0.721000 0.015900
148.300003 0.075685 0.104479 0.723455 0.015997
148.399994 0.074850 0.103992 0.720359 0.015868
148.500000 0.073529 0.104742 0.725890 0.016006
148.599991 0.074274 0.104204 0.726326 0.016416
148.699997 0.076032 0.107703 0.727545 0.015886
148.800003 0.076415 0.108322 0.726345 0.015703
148.899994 0.077315 0.109080 0.722206 0.017880
149.000000 0.076214 0.110866 0.722384 0.017026
149.099991 0.076838 0.112256 0.722561 0.016408
149.199997 0.077846 0.114520 0.725892 0.016189
149.300003 0.079084 0.114677 0.724555 0.015597
149.399994 0.078531 0.114246 0.728191 0.015306
149.500000 0.079884 0.114177 0.729954 0.014497
149.599991 0.080635 0.114309 0.728817 0.014588
149.699997 0.081108 0.115512 0.727573 0.015502
149.800003 0.082166 0.118695 0.730885 0.016113
149.899994 0.081700 0.120600 0.727600 0.015600
150.000000 0.082251 0.119428 0.726264 0.016890
150.099991 0.082084 0.119876 0.723755 0.016297
150.199997 0.080781 0.122122 0.719720 0.015916
150.300003 0.080660 0.119640 0.715142 0.017091
150.399994 0.080995 0.119245 0.716369 0.017278
150.500000 0.080700 0.119000 0.717400 0.017600
150.599991 0.081751 0.120128 0.719868 0.018389
150.699997 0.082057 0.121585 0.718303 0.018413
150.800003 0.081716 0.126025 0.718544 0.018204
150.899994 0.083242 0.123962 0.710155 0.017909
151.000000 0.084334 0.125250 0.707783 0.017507
151.099991 0.083783 0.123975 0.707758 0.016897
151.199997 0.083650 0.123474 0.712427 0.017010
151.300003 0.081833 0.119148 0.713385 0.019808
151.399994 0.081232 0.117447 0.716086 0.020608
151.500000 0.079856 0.114480 0.717903 0.020414
151.599991 0.080060 0.116742 0.721939 0.019490
151.699997 0.080128 0.120591 0.721051 0.020382
151.800003 0.081957 0.123086 0.723506 0.021215
151.899994 0.081716 0.125325 0.725545 0.021204
152.000000 0.081943 0.128610 0.727890 0.020785
152.099991 0.082592 0.130187 0.727527 0.020598
152.199997 0.084308 0.130013 0.731273 0.019902
152.300003 0.084900 0.128400 0.733700 0.019900
152.399994 0.084575 0.128162 0.733480 0.019594
152.500000 0.085415 0.126773 0.739261 0.019680
152.599991 0.086009 0.128213 0.737474 0.019402
152.699997 0.085888 0.129631 0.739938 0.019974
152.800003 0.087083 0.132474 0.739852 0.019896
152.899994 0.086461 0.130992 0.742920 0.021615
153.000000 0.086322 0.127485 0.746628 0.020581
153.099991 0.085517 0.127425 0.747249 0.020604
153.199997 0.085426 0.127138 0.744123 0.019606
153.300003 0.083617 0.124925 0.743549 0.019304
153.399994 0.084399 0.128246 0.740711 0.020376
153.500000 0.082351 0.126324 0.738957 0.020088
153.599991 0.082625 0.126238 0.736721 0.020106
153.699997 0.085140 0.125912 0.742280 0.020486
153.800003 0.082967 0.122151 0.743103 0.020492
153.899994 0.083483 0.119576 0.743751 0.019796
154.000000 0.086005 0.124064 0.746579 0.018879
154.099991 0.086552 0.124975 0.741945 0.017711
154.199997 0.086248 0.122127 0.741955 0.018389
154.300003 0.086278 0.124312 0.739265 0.019718
154.399994 0.085483 0.123075 0.739752 0.018996
154.500000 0.085200 0.123900 0.738700 0.018400
154.599991 0.083909 0.123260 0.740062 0.018824
154.699997 0.084067 0.125801 0.737690 0.018615
154.800003 0.084059 0.126689 0.734414 0.018113
154.899994 0.084249 0.124126 0.735559 0.017889
155.000000 0.082850 0.122327 0.736858 0.016390
155.099991 0.082808 0.121912 0.740374 0.016802
155.199997 0.083066 0.119739 0.745190 0.017535
155.300003 0.082384 0.123175 0.748450 0.016597
155.399994 0.081181 0.122523 0.745546 0.015315
155.500000 0.079860 0.120540 0.744928 0.014093
155.599991 0.078884 0.120576 0.740452 0.014597
155.699997 0.079356 0.121885 0.742820 0.014610
155.800003 0.078521 0.121279 0.742058 0.014086
155.899994 0.078184 0.121476 0.744751 0.013797
156.000000 0.078592 0.120888 0.738226 0.013699
156.099991 0.080016 0.121824 0.737948 0.013603
156.199997 0.079728 0.120791 0.737636 0.012888
156.300003 0.079824 0.120636 0.734020 0.013704
156.399994 0.080000 0.122900 0.736800 0.014100
156.500000 0.080665 0.122098 0.736789 0.013511
156.599991 0.080560 0.121339 0.734733 0.014093
156.699997 0.081365 0.121797 0.737190 0.015112
156.800003 0.082542 0.122914 0.740881 0.015289
156.899994 0.081808 0.124012 0.737874 0.016102
157.000000 0.081700 0.123400 0.740100 0.017800
157.099991 0.082025 0.124637 0.737921 0.018906
157.199997 0.081300 0.120700 0.737000 0.019400
157.300003 0.081219 0.121678 0.740959 0.018881
157.399994 0.080323 0.122032 0.742267 0.017561
157.500000 0.079968 0.119352 0.738705 0.016993
157.599991 0.079508 0.122612 0.739974 0.016802
157.699997 0.077385 0.121676 0.739352 0.016697
157.800003 0.078429 0.120691 0.737137 0.017384
157.899994 0.078563 0.121998 0.733387 0.018114
158.000000 0.077844 0.125150 0.735329 0.017864
158.099991 0.077315 0.122024 0.734747 0.017804
158.199997 0.078484 0.121576 0.733153 0.018696
158.300003 0.078890 0.121031 0.735670 0.018474
158.399994 0.077377 0.120721 0.737938 0.017918
158.500000 0.078070 0.121810 0.739566 0.017716
158.599991 0.079636 0.123701 0.739908 0.018385
158.699997 0.079460 0.125037 0.740230 0.018491
158.800003 0.079384 0.125375 0.743951 0.017796
158.899994 0.079744 0.124613 0.744879 0.016389
159.000000 0.077925 0.123898 0.745192 0.015625
159.099991 0.077415 0.123825 0.742549 0.016003
159.199997 0.078676 0.124663 0.743477 0.014596
159.300003 0.078821 0.126474 0.744855 0.014985
159.399994 0.079071 0.124612 0.743869 0.015214
159.500000 0.079084 0.124775 0.744151 0.015297
159.599991 0.081251 0.125325 0.746452 0.016090
159.699997 0.079716 0.123825 0.746049 0.015803
159.800003 0.079876 0.123263 0.747976 0.016495
159.899994 0.079084 0.126275 0.745451 0.017197
160.000000 0.079284 0.127075 0.744351 0.016797
160.099991 0.079132 0.125350 0.745298 0.017007
160.199997 0.082116 0.126425 0.744349 0.017103
160.300003 0.081975 0.129361 0.741977 0.016595
160.399994 0.083050 0.128777 0.738543 0.016510
160.500000 0.083367 0.129504 0.738791 0.017514
160.599991 0.083733 0.129896 0.740108 0.018185
160.699997 0.083825 0.125238 0.738321 0.016705
160.800003 0.082367 0.123950 0.736305 0.017493
160.899994 0.081733 0.122249 0.739696 0.016707
161.000000 0.082334 0.121703 0.739408 0.017686
161.099991 0.080304 0.121055 0.747203 0.017679
161.199997 0.080316 0.122625 0.744949 0.017103
161.300003 0.080800 0.124100 0.747100 0.017500
161.399994 0.080140 0.126463 0.745673 0.017009
161.500000 0.079808 0.127513 0.745975 0.016102
161.599991 0.078590 0.126323 0.744258 0.015079
161.699997 0.079103 0.124662 0.744968 0.014619
161.800003 0.077330 0.122190 0.742532 0.015686
161.899994 0.077900 0.120100 0.742400 0.015900
162.000000 0.077554 0.120684 0.740919 0.016211
162.099991 0.077939 0.121761 0.742671 0.015808
162.199997 0.079784 0.125875 0.741452 0.016097
162.300003 0.080432 0.126551 0.743397 0.015706
162.399994 0.082774 0.127815 0.744570 0.014913
162.500000 0.084451 0.126676 0.743146 0.015409
162.599991 0.085751 0.127176 0.744247 0.015609
162.699997 0.084310 0.123160 0.742966 0.015320
162.800003 0.083733 0.124900 0.741707 0.015787
162.899994 0.083450 0.122073 0.745547 0.017511
163.000000 0.082282 0.122022 0.749850 0.016517
163.099991 0.081667 0.122451 0.748201 0.018093
163.199997 0.081484 0.121076 0.747850 0.016997
163.300003 0.081726 0.122989 0.749825 0.016285
163.399994 0.081276 0.123863 0.748875 0.016795
163.500000 0.080981 0.123724 0.746046 0.016316
163.599991 0.080865 0.122498 0.745496 0.016914
163.699997 0.080168 0.121152 0.745702 0.016893
163.800003 0.079640 0.119460 0.746573 0.016808
163.899994 0.076215 0.118024 0.751050 0.016603
164.000000 0.074960 0.117294 0.752702 0.015813
164.099991 0.074022 0.115735 0.753426 0.016405
164.199997 0.073837 0.117859 0.752176 0.016108
164.300003 0.074385 0.116377 0.755649 0.016697
164.399994 0.074963 0.117741 0.753123 0.017991
164.500000 0.075438 0.119360 0.755478 0.016808
164.599991 0.075662 0.121239 0.755122 0.016892
164.699997 0.075415 0.120424 0.753551 0.016703
164.800003 0.074893 0.119888 0.754625 0.015598
164.899994 0.073566 0.118907 0.752878 0.015514
165.000000 0.072314 0.116823 0.751250 0.015303
165.099991 0.072474 0.117081 0.754411 0.014334
165.199997 0.071200 0.118200 0.755200 0.015200
165.300003 0.068714 0.114023 0.753551 0.016303
165.399994 0.067666 0.111444 0.755122 0.016692
165.500000 0.068841 0.112467 0.755753 0.018011
165.599991 0.071336 0.112299 0.755820 0.017284
165.699997 0.070549 0.112479 0.753227 0.016411
165.800003 0.069138 0.111799 0.754621 0.016885
165.899994 0.071364 0.113102 0.756080 0.016915
166.000000 0.071093 0.114489 0.753725 0.016598
166.099991 0.071471 0.117453 0.756497 0.016493
166.199997 0.070221 0.114034 0.750625 0.017605
166.300003 0.070228 0.111745 0.752901 0.019608
166.399994 0.070309 0.111056 0.752422 0.020773
166.500000 0.070135 0.110855 0.749175 0.020010
166.599991 0.071735 0.112299 0.749426 0.018483
166.699997 0.073363 0.113043 0.750425 0.018591
166.800003 0.074096 0.115150 0.750876 0.018925
166.899994 0.072172 0.113814 0.754054 0.018619
167.000000 0.073205 0.114351 0.757216 0.018676
167.099991 0.072293 0.112989 0.757624 0.018898
167.199997 0.071621 0.110633 0.753426 0.018506
167.300003 0.071457 0.112190 0.753203 0.017514
167.399994 0.072584 0.110823 0.752196 0.016773
167.500000 0.073285 0.110878 0.752749 0.017896
167.599991 0.074318 0.110379 0.753471 0.016382
167.699997 0.075334 0.114149 0.752145 0.016364
167.800003 0.074322 0.114334 0.753726 0.017305
167.899994 0.075953 0.115881 0.753027 0.017913
168.000000 0.077138 0.115907 0.753497 0.018685
168.099991 0.079000 0.115700 0.753200 0.017700
168.199997 0.080056 0.116690 0.750150 0.017768
168.300003 0.079796 0.116948 0.751223 0.017577
168.399994 0.081232 0.115746 0.751501 0.018307
168.500000 0.081825 0.116435 0.753526 0.019706
168.599991 0.081908 0.117412 0.749575 0.019902
168.699997 0.081825 0.118736 0.745824 0.019006
168.800003 0.081284 0.118076 0.746051 0.017596
168.899994 0.081089 0.120132 0.745420 0.017219
169.000000 0.081343 0.121715 0.741981 0.017288
169.099991 0.082542 0.123014 0.741081 0.017288
169.199997 0.082950 0.118971 0.741145 0.016410
169.300003 0.080940 0.114357 0.739570 0.016408
169.399994 0.080416 0.113523 0.740048 0.016103
169.500000 0.079252 0.114132 0.740456 0.015890
169.599991 0.077569 0.114254 0.738505 0.015694
169.699997 0.077208 0.113911 0.738274 0.016002
169.800003 0.076792 0.114789 0.735826 0.015998
169.899994 0.077923 0.115435 0.732620 0.016105
170.000000 0.076161 0.111890 0.729784 0.016213
170.099991 0.077092 0.112489 0.731927 0.016298
170.199997 0.075870 0.113555 0.732607 0.017493
170.300003 0.075638 0.114357 0.736868 0.017309
170.399994 0.075647 0.114120 0.738083 0.018187
170.500000 0.075732 0.114297 0.737736 0.016585
170.599991 0.076323 0.115835 0.738221 0.016505
170.699997 0.076062 0.116542 0.738031 0.016192
170.800003 0.074815 0.115723 0.740848 0.016703
170.899994 0.074822 0.116335 0.737221 0.015405
171.000000 0.074185 0.116377 0.739752 0.015197
171.099991 0.072393 0.111989 0.741926 0.014299
171.199997 0.072414 0.108822 0.740448 0.014503
171.300003 0.071850 0.110023 0.735085 0.014090
171.399994 0.072336 0.109755 0.732066 0.013707
171.500000 0.072414 0.112222 0.731246 0.012302
171.599991 0.072007 0.111811 0.732873 0.011901
171.699997 0.072805 0.111455 0.733946 0.012384
171.800003 0.072856 0.111633 0.734160 0.012393
171.899994 0.073071 0.111955 0.733707 0.013095
172.000000 0.073878 0.111367 0.736779 0.013096
172.099991 0.073022 0.112134 0.739722 0.013704
172.199997 0.072778 0.112366 0.738079 0.014296
172.300003 0.074848 0.113920 0.733686 0.012691
172.399994 0.073451 0.114680 0.733714 0.012809
172.500000 0.074341 0.115608 0.732314 0.014089
172.599991 0.074048 0.117518 0.735385 0.014490
172.699997 0.074900 0.118500 0.734900 0.014800
172.800003 0.074952 0.117282 0.734014 0.015211
172.899994 0.074545 0.113468 0.734241 0.016210
173.000000 0.075600 0.111200 0.734100 0.016200
173.099991 0.076915 0.110478 0.733293 0.016282
173.199997 0.076346 0.110867 0.734641 0.016810
173.300003 0.077354 0.113832 0.738257 0.017090
173.399994 0.076954 0.112433 0.736158 0.017390
173.500000 0.077870 0.114603 0.737564 0.017316
173.599991 0.078924 0.116135 0.735121 0.017905
173.699997 0.078884 0.115377 0.733553 0.017596
173.800003 0.078600 0.115200 0.733700 0.018300
173.899994 0.078745 0.113021 0.731388 0.019087
174.000000 0.079908 0.114111 0.732173 0.019502
174.099991 0.081527 0.114097 0.733640 0.019083
174.199997 0.083067 0.117853 0.732907 0.018393
174.300003 0.080008 0.115212 0.732173 0.019702
174.399994 0.079716 0.115423 0.735647 0.019804
174.500000 0.078484 0.114677 0.731054 0.019296
174.599991 0.079063 0.115192 0.733187 0.018215
174.699997 0.080048 0.116170 0.737042 0.019111
174.800003 0.079764 0.113891 0.737290 0.019516
174.899994 0.081008 0.115712 0.737274 0.019402
175.000000 0.080808 0.116212 0.743274 0.019902
175.099991 0.081859 0.117441 0.741629 0.019690
175.199997 0.081925 0.117835 0.740722 0.018906
175.300003 0.079948 0.114569 0.739944 0.018011
175.399994 0.080432 0.116847 0.741997 0.018007
175.500000 0.081135 0.118305 0.743006 0.017886
175.599991 0.081416 0.117724 0.738548 0.018804
175.699997 0.082517 0.116883 0.736863 0.017183
175.800003 0.082500 0.119400 0.733500 0.017500
175.899994 0.082842 0.120316 0.735585 0.018687
176.000000 0.082459 0.118941 0.731434 0.018891
176.099991 0.082808 0.117312 0.731973 0.018502
176.199997 0.084600 0.116200 0.731500 0.018100
176.300003 0.084458 0.115342 0.727236 0.017191
176.399994 0.083117 0.118524 0.728346 0.016903
176.500000 0.083025 0.118135 0.726718 0.015405
176.599991 0.083642 0.118559 0.726063 0.016008
176.699997 0.083525 0.119536 0.724117 0.015205
176.800003 0.082733 0.119248 0.722289 0.016006
176.899994 0.082241 0.119460 0.724362 0.015108
177.000000 0.083625 0.118836 0.724817 0.015805
177.099991 0.083300 0.119400 0.722800 0.016000
177.199997 0.084417 0.120724 0.723445 0.015903
177.300003 0.083733 0.123449 0.719788 0.015706
177.399994 0.085074 0.125162 0.719984 0.016395
177.500000 0.084575 0.126962 0.722683 0.014896
177.599991 0.085591 0.124888 0.721228 0.014599
177.699997 0.082608 0.121812 0.719572 0.014301
177.800003 0.081541 0.120060 0.719660 0.014707
177.899994 0.082684 0.121730 0.719992 0.014480
178.000000 0.084341 0.125112 0.720096 0.014490
178.099991 0.086060 0.126589 0.720805 0.014410
178.199997 0.085891 0.126687 0.721328 0.014199
178.300003 0.087217 0.127826 0.720044 0.014303
178.399994 0.088332 0.131151 0.718535 0.015271
178.500000 0.089681 0.133420 0.722851 0.016014
178.599991 0.089754 0.135882 0.723134 0.014909
178.699997 0.089173 0.135459 0.719684 0.014396
178.800003 0.087582 0.133273 0.718456 0.012797
178.899994 0.086500 0.130200 0.716000 0.013200
179.000000 0.087688 0.133033 0.711511 0.013313
179.099991 0.087977 0.134512 0.715598 0.012183
179.199997 0.086865 0.131447 0.714514 0.012195
179.300003 0.087000 0.131400 0.710600 0.012600
179.399994 0.086626 0.131039 0.713714 0.012504
179.500000 0.088091 0.129887 0.715928 0.012799
179.599991 0.087465 0.131248 0.715414 0.012495
179.699997 0.087409 0.129113 0.708971 0.012401
179.800003 0.086626 0.129539 0.708513 0.012204
179.899994 0.086457 0.128136 0.707446 0.011994
180.000000 0.087244 0.128564 0.709855 0.012506
180.099991 0.087950 0.125786 0.707697 0.011580
180.199997 0.087152 0.122774 0.707024 0.012908
180.300003 0.088893 0.124151 0.704055 0.013484
180.399994 0.088847 0.124725 0.698881 0.012892
180.500000 0.090164 0.129248 0.696621 0.012895
180.599991 0.088106 0.126151 0.691129 0.012515
180.699997 0.089327 0.126638 0.691808 0.013604
180.800003 0.091918 0.131926 0.694039 0.013303
180.899994 0.091473 0.134408 0.685448 0.012910
181.000000 0.091091 0.132587 0.686731 0.013099
181.099991 0.091200 0.131156 0.683348 0.013485
181.199997 0.092793 0.130130 0.684585 0.013814
181.300003 0.093207 0.131968 0.683816 0.013487
181.399994 0.091628 0.129682 0.681354 0.014120
181.500000 0.091710 0.129155 0.675911 0.013917
181.599991 0.091937 0.129152 0.676971 0.014306
181.699997 0.092507 0.131169 0.677822 0.013886
181.800003 0.095000 0.131700 0.678300 0.014200
181.899994 0.094962 0.129648 0.682127 0.014194
182.000000 0.094543 0.127424 0.682391 0.014691
182.099991 0.095124 0.129197 0.683553 0.014988
182.199997 0.093191 0.127187 0.683232 0.015298
182.300003 0.091482 0.128874 0.685863 0.015797
182.399994 0.090736 0.129352 0.684974 0.015606
182.500000 0.091700 0.131000 0.684900 0.015600
182.599991 0.090509 0.130313 0.684268 0.015202
182.699997 0.090700 0.130644 0.684253 0.016018
182.800003 0.088306 0.132459 0.686223 0.016320
182.899994 0.089636 0.135054 0.685574 0.016206
183.000000 0.088856 0.132934 0.690455 0.015292
183.099991 0.090072 0.135008 0.694255 0.016013
183.199997 0.088862 0.134494 0.690583 0.015111
183.300003 0.090155 0.135632 0.689955 0.015192
183.399994 0.090137 0.129909 0.686419 0.015189
183.500000 0.091054 0.130735 0.683858 0.015692
183.599991 0.091355 0.127376 0.684911 0.015910
183.699997 0.090500 0.125562 0.687743 0.016182
183.800003 0.088709 0.125913 0.686869 0.016102
183.899994 0.088853 0.126176 0.682309 0.017410
184.000000 0.087078 0.126223 0.680248 0.017675
184.099991 0.084898 0.125949 0.672393 0.017679
184.199997 0.086057 0.128536 0.678461 0.017191
184.300003 0.086856 0.128632 0.676618 0.017431
184.399994 0.084751 0.128477 0.671803 0.017711
184.500000 0.086000 0.127400 0.674000 0.018800
184.599991 0.085726 0.126238 0.675303 0.018205
184.699997 0.085226 0.125838 0.675903 0.018205
184.800003 0.085066 0.126749 0.674330 0.017793
184.899994 0.084975 0.125262 0.678297 0.017395
185.000000 0.083408 0.122312 0.679168 0.016802
185.099991 0.084808 0.121312 0.679968 0.015702
185.199997 0.084367 0.119295 0.678042 0.016613
185.300003 0.085749 0.121427 0.677494 0.017190
185.399994 0.085240 0.120416 0.675827 0.017788
185.500000 0.082692 0.120144 0.678218 0.018076
185.599991 0.083934 0.123297 0.675381 0.017628
185.699997 0.083058 0.119440 0.673263 0.017991
185.800003 0.085637 0.122296 0.673177 0.018830
185.899994 0.084985 0.120621 0.672172 0.019219
186.000000 0.085683 0.120476 0.679564 0.019096
186.099991 0.086609 0.120412 0.682468 0.018402
186.199997 0.086735 0.119748 0.684974 0.017307
186.300003 0.087274 0.121064 0.686594 0.018195
186.399994 0.085377 0.121109 0.685917 0.018917
186.500000 0.086074 0.121164 0.682995 0.018295
186.599991 0.087091 0.118288 0.678832 0.018898
186.699997 0.088126 0.121136 0.683505 0.018806
186.800003 0.088838 0.120416 0.683621 0.018087
186.899994 0.088482 0.120276 0.684663 0.018596
187.000000 0.087730 0.120803 0.683153 0.019684
187.099991 0.087605 0.125050 0.685523 0.019724
187.199997 0.087056 0.123338 0.684258 0.019590
187.300003 0.086283 0.120476 0.686963 0.018196
187.399994 0.086578 0.118707 0.683715 0.018917
187.500000 0.086600 0.119800 0.687700 0.018500
187.599991 0.084975 0.117965 0.688294 0.018095
187.699997 0.084118 0.120068 0.686761 0.016924
187.800003 0.082858 0.118183 0.684079 0.016311
187.899994 0.082675 0.118864 0.684995 0.016595
188.000000 0.082517 0.121624 0.687838 0.015003
188.099991 0.080024 0.120836 0.685506 0.015605
188.199997 0.078818 0.121082 0.686830 0.016224
188.300003 0.079657 0.123877 0.692254 0.016770
188.399994 0.079944 0.124113 0.695413 0.016289
188.500000 0.081584 0.124575 0.696061 0.015297
188.599991 0.082352 0.125274 0.695847 0.014474
188.699997 0.082451 0.127124 0.695183 0.013992
188.800003 0.083125 0.127186 0.695774 0.014087
188.899994 0.081990 0.126940 0.696166 0.014716
189.000000 0.084066 0.129748 0.695622 0.014794
189.099991 0.084249 0.130921 0.695383 0.015491
189.199997 0.083533 0.130252 0.699780 0.015706
189.300003 0.080676 0.126462 0.703389 0.015395
189.399994 0.078553 0.129222 0.704977 0.015691
189.500000 0.078061 0.127936 0.705947 0.016092
189.599991 0.077878 0.125726 0.706707 0.015215
189.699997 0.077639 0.123962 0.706453 0.015208
189.800003 0.076446 0.122674 0.708225 0.016010
189.899994 0.074763 0.122639 0.707146 0.015392
190.000000 0.074422 0.122337 0.705712 0.015205
190.099991 0.073329 0.122249 0.709484 0.014606
190.199997 0.073432 0.125426 0.707473 0.013725
190.300003 0.073712 0.128146 0.707651 0.014383
190.399994 0.073656 0.126824 0.709374 0.014191
190.500000 0.074081 0.125939 0.712183 0.014416
190.599991 0.075462 0.127136 0.710745 0.013993
190.699997 0.077208 0.126813 0.709971 0.016002
190.800003 0.076247 0.124113 0.706206 0.015489
190.899994 0.077377 0.124863 0.707088 0.015095
191.000000 0.077677 0.124463 0.708387 0.014396
191.099991 0.078117 0.124086 0.711267 0.014221
191.199997 0.075747 0.121015 0.706605 0.014590
191.300003 0.077838 0.124301 0.709632 0.014588
191.399994 0.076938 0.122661 0.713557 0.015808
191.500000 0.076338 0.124462 0.717159 0.016608
191.599991 0.076170 0.124850 0.720212 0.016593
191.699997 0.075002 0.121742 0.718965 0.015779
191.800003 0.075270 0.121651 0.717713 0.015694
191.899994 0.074503 0.118446 0.721063 0.015080
192.000000 0.074785 0.119676 0.718056 0.015097
192.099991 0.074800 0.119800 0.720100 0.015900
192.199997 0.074322 0.119613 0.721967 0.014864
192.300003 0.075108 0.123112 0.721772 0.014601
192.399994 0.074137 0.121561 0.720360 0.013707
192.500000 0.076253 0.123286 0.718203 0.014110
192.599991 0.079208 0.124912 0.719272 0.015602
192.699997 0.077724 0.124199 0.716546 0.014924
192.800003 0.077616 0.126825 0.719644 0.014503
192.899994 0.077584 0.124675 0.724955 0.015697
193.000000 0.076992 0.125387 0.728427 0.015398
193.099991 0.077315 0.127726 0.726045 0.017003
193.199997 0.076061 0.127202 0.729684 0.017214
193.300003 0.074970 0.126150 0.730208 0.017793
193.399994 0.076462 0.133833 0.733633 0.017291
193.500000 0.076438 0.131566 0.734867 0.017909
193.599991 0.076846 0.132580 0.738343 0.018111
193.699997 0.076446 0.130609 0.741181 0.017488
193.800003 0.076283 0.127606 0.743083 0.016540
193.899994 0.077838 0.132294 0.738809 0.017286
194.000000 0.077330 0.133979 0.740134 0.018084
194.099991 0.079037 0.136091 0.743006 0.018185
194.199997 0.081665 0.134508 0.747198 0.018815
194.300003 0.081518 0.133666 0.752148 0.019680
194.399994 0.080697 0.132058 0.749800 0.019023
194.500000 0.082440 0.134429 0.750175 0.018331
194.599991 0.081292 0.133087 0.751825 0.018198
194.699997 0.080568 0.131048 0.751699 0.017793
194.800003 0.081192 0.128587 0.748225 0.017498
194.899994 0.081473 0.129316 0.756281 0.019718
195.000000 0.080879 0.129106 0.760160 0.019471
195.099991 0.082226 0.131681 0.761415 0.019283
195.199997 0.082883 0.132873 0.761048 0.020196
195.300003 0.082326 0.131781 0.758717 0.020581
195.399994 0.080992 0.127987 0.758524 0.020598
195.500000 0.081865 0.127602 0.757106 0.019215
195.599991 0.083083 0.126875 0.760048 0.019996
195.699997 0.081867 0.124950 0.762295 0.020092
195.800003 0.081365 0.122798 0.762010 0.021017
195.899994 0.080196 0.122247 0.763416 0.021926
196.000000 0.081373 0.123611 0.770293 0.020318
196.099991 0.083400 0.126000 0.770300 0.020000
196.199997 0.082792 0.126987 0.768823 0.019098
196.300003 0.082325 0.127038 0.769731 0.019406
196.399994 0.082775 0.125662 0.770469 0.020494
196.500000 0.084074 0.124214 0.770245 0.020969
196.599991 0.083758 0.123038 0.773313 0.019690
196.699997 0.082717 0.123325 0.772054 0.019304
196.800003 0.082342 0.124013 0.774158 0.018587
196.899994 0.082092 0.125887 0.779222 0.018098
197.000000 0.082449 0.128077 0.776866 0.017611
197.099991 0.080876 0.126362 0.772368 0.017795
197.199997 0.079860 0.125337 0.770115 0.017491
197.300003 0.078984 0.126175 0.767946 0.016997
197.399994 0.078031 0.125650 0.770308 0.017907
197.500000 0.079248 0.124975 0.769462 0.018111
197.599991 0.080052 0.122626 0.772736 0.018289
197.699997 0.078734 0.123109 0.769107 0.018331
197.800003 0.077808 0.125413 0.769777 0.016302
197.899994 0.077031 0.123649 0.770908 0.016807
198.000000 0.077500 0.123800 0.771600 0.016200
198.099991 0.077684 0.122276 0.772945 0.015697
198.199997 0.077439 0.123162 0.772886 0.015708
198.300003 0.076062 0.122839 0.772314 0.015492
198.399994 0.076300 0.121700 0.772700 0.015500
198.500000 0.077423 0.118035 0.770431 0.014204
198.599991 0.077023 0.117135 0.771731 0.013804
198.699997 0.077115 0.121966 0.776546 0.013086
198.800003 0.078355 0.122386 0.773141 0.013509
198.899994 0.078624 0.123237 0.775633 0.014804
199.000000 0.078584 0.127475 0.770746 0.015997
199.099991 0.075992 0.127987 0.769023 0.015798
199.199997 0.076723 0.129439 0.765930 0.016505
199.300003 0.075560 0.128203 0.764512 0.016513
199.399994 0.076070 0.123751 0.763894 0.015694
199.500000 0.074685 0.120576 0.760348 0.015297
199.599991 0.072966 0.119207 0.755980 0.015314
199.699997 0.075432 0.121191 0.753722 0.015386
199.800003 0.078031 0.120648 0.754002 0.014706
199.899994 0.078277 0.118464 0.752574 0.015695
