0.000000 0.000000 0.000899 0.000000 0.000200
0.100000 0.000999 0.008491 0.000899 0.000400
0.200000 0.002503 0.014816 0.002002 0.001101
0.300000 0.002799 0.020092 0.003299 0.001399
0.400000 0.003204 0.023226 0.004004 0.001802
0.500000 0.004195 0.028069 0.004995 0.002797
0.600000 0.005098 0.032587 0.006297 0.003299
0.700000 0.005901 0.034103 0.007501 0.004100
0.800000 0.006510 0.038862 0.009215 0.004607
0.900000 0.007192 0.041155 0.010588 0.004895
1.000000 0.007998 0.043591 0.012697 0.006099
1.100000 0.008897 0.045486 0.013696 0.007098
1.200000 0.010190 0.046254 0.014386 0.007193
1.300000 0.010494 0.049270 0.014591 0.007895
1.400000 0.011302 0.052611 0.015503 0.007802
1.500000 0.011599 0.055094 0.017198 0.007399
1.600000 0.013008 0.056334 0.019011 0.007204
1.700000 0.012901 0.057806 0.021102 0.007801
1.800000 0.013401 0.057406 0.021102 0.007901
1.900000 0.014690 0.060158 0.022184 0.007595
2.000000 0.015291 0.057466 0.022686 0.007995
2.100000 0.015789 0.058259 0.024183 0.007395
2.200000 0.015984 0.058442 0.026573 0.006893
2.300000 0.016198 0.059394 0.026597 0.008599
2.400000 0.017202 0.061006 0.027403 0.009101
2.500000 0.019314 0.065946 0.029020 0.009507
2.600000 0.020014 0.065446 0.029120 0.011508
2.700000 0.020614 0.064945 0.028820 0.011808
2.800000 0.021017 0.065653 0.029023 0.011910
2.900000 0.021909 0.066126 0.030812 0.011705
3.000000 0.021900 0.064700 0.032900 0.012500
3.100000 0.023002 0.063006 0.034303 0.013001
3.200000 0.024278 0.065341 0.035468 0.013588
3.300000 0.025603 0.067107 0.038104 0.013701
3.400000 0.025605 0.067013 0.038108 0.013203
3.500000 0.026487 0.065567 0.038881 0.013793
3.600000 0.027464 0.066114 0.037751 0.013482
3.700000 0.028297 0.065393 0.038896 0.013999
3.800000 0.028777 0.066347 0.039369 0.013689
3.900000 0.028560 0.065137 0.042589 0.014230
4.000000 0.029103 0.067107 0.041904 0.013701
4.100000 0.030336 0.068382 0.043352 0.013516
4.200000 0.030054 0.069625 0.044981 0.015127
4.300000 0.030133 0.071379 0.045850 0.014416
4.400000 0.030712 0.071429 0.046319 0.015206
4.500000 0.031278 0.071950 0.046567 0.015089
4.600000 0.033350 0.072092 0.044533 0.014378
4.700000 0.035493 0.072785 0.046491 0.014697
4.800000 0.036151 0.074104 0.048468 0.014821
4.900000 0.035435 0.070771 0.047948 0.015215
5.000000 0.035472 0.070544 0.050060 0.015488
5.100000 0.035407 0.070414 0.051110 0.016003
5.200000 0.035786 0.073671 0.052679 0.016293
5.300000 0.035378 0.070355 0.051513 0.016536
5.400000 0.036596 0.070093 0.053495 0.016798
5.500000 0.036589 0.069279 0.054384 0.016495
5.600000 0.039000 0.071200 0.054400 0.017200
5.700000 0.038542 0.070794 0.054518 0.015876
5.800000 0.038784 0.070572 0.056178 0.016094
5.900000 0.039504 0.070307 0.056806 0.015502
6.000000 0.039273 0.071350 0.057959 0.015789
6.100000 0.039229 0.070473 0.057996 0.014374
6.200000 0.038884 0.069872 0.058577 0.013695
6.300000 0.039200 0.069600 0.059700 0.013700
6.400000 0.039472 0.071650 0.059758 0.013890
6.500000 0.039824 0.071043 0.059936 0.014509
6.600000 0.039916 0.069628 0.059624 0.015306
6.700000 0.040392 0.069286 0.061688 0.015897
6.800000 0.041504 0.068707 0.061106 0.015402
6.900000 0.041529 0.066786 0.064191 0.015773
7.000000 0.043561 0.069138 0.065241 0.016285
7.100000 0.043034 0.069155 0.065452 0.015612
7.200000 0.043744 0.069870 0.066066 0.016517
7.300000 0.044831 0.068948 0.066747 0.016712
7.400000 0.045150 0.069923 0.068724 0.015982
7.500000 0.045000 0.070300 0.070800 0.016200
7.600000 0.045763 0.072642 0.070244 0.015488
7.700000 0.044851 0.073120 0.071322 0.016082
7.800000 0.045109 0.074415 0.072114 0.016103
7.900000 0.044960 0.076431 0.072834 0.016685
8.000000 0.044229 0.075080 0.071885 0.016274
8.099999 0.045395 0.075492 0.073493 0.017198
8.200000 0.047239 0.077599 0.075102 0.017477
8.300000 0.046549 0.075916 0.076816 0.016382
8.400000 0.046800 0.075800 0.078900 0.016900
8.500000 0.046905 0.074707 0.081808 0.016502
8.599999 0.047491 0.075385 0.080184 0.016797
8.700000 0.048114 0.075623 0.080524 0.015905
8.800000 0.048447 0.073919 0.082509 0.016382
8.900000 0.047810 0.071914 0.083417 0.017203
9.000000 0.046328 0.070042 0.083750 0.017410
9.099999 0.046800 0.067700 0.085300 0.016900
9.200000 0.047971 0.070758 0.086448 0.016890
9.300000 0.048800 0.072000 0.087900 0.018200
9.400000 0.049095 0.075692 0.088491 0.019298
9.500000 0.050480 0.075670 0.092763 0.020292
9.599999 0.050585 0.076877 0.093872 0.019794
9.700000 0.049650 0.076024 0.096404 0.019580
9.800000 0.051110 0.075815 0.097720 0.019904
9.900000 0.051161 0.076392 0.099119 0.019724
10.000000 0.051510 0.074715 0.102220 0.020404
10.099999 0.052695 0.075292 0.102490 0.019698
10.200000 0.051810 0.074415 0.106421 0.019504
10.300000 0.051748 0.074725 0.106494 0.018881
10.400000 0.051938 0.075010 0.108070 0.019077
10.500000 0.052169 0.075854 0.112832 0.019788
10.599999 0.052289 0.073926 0.111590 0.020735
10.700000 0.052237 0.075953 0.112779 0.020815
10.800000 0.052410 0.078016 0.112322 0.021204
10.900000 0.052574 0.077961 0.115142 0.022089
11.000000 0.053373 0.077361 0.115242 0.020490
11.099999 0.053396 0.079042 0.115708 0.020337
11.200000 0.053835 0.079205 0.120555 0.020875
11.300000 0.053210 0.080064 0.125087 0.022961
11.400000 0.053691 0.078634 0.128418 0.023240
11.500000 0.054844 0.080564 0.130504 0.023319
11.599999 0.055478 0.079968 0.128649 0.022391
11.700000 0.056011 0.078716 0.130326 0.021704
11.800000 0.056989 0.077984 0.130374 0.021596
11.900000 0.056777 0.081068 0.127249 0.021991
12.000000 0.057246 0.081365 0.127902 0.022418
12.099999 0.057988 0.083683 0.125975 0.021296
12.200000 0.060464 0.084449 0.125725 0.021287
12.300000 0.059606 0.083408 0.123612 0.020502
12.400000 0.059682 0.085174 0.124763 0.019494
12.500000 0.060042 0.082658 0.123286 0.019213
12.599999 0.060779 0.083208 0.123861 0.019826
12.700000 0.060194 0.083192 0.124987 0.019998
12.799999 0.060548 0.084568 0.125000 0.019716
12.900000 0.060252 0.085432 0.127198 0.019784
13.000000 0.060282 0.082975 0.128561 0.019594
13.099999 0.059512 0.083417 0.128126 0.019304
13.200000 0.059159 0.081343 0.130609 0.019486
13.299999 0.059106 0.082908 0.130813 0.018302
13.400000 0.059018 0.083025 0.131339 0.019006
13.500000 0.060052 0.083034 0.130396 0.018885
13.599999 0.057588 0.079984 0.133473 0.018996
13.700000 0.057340 0.079756 0.133794 0.019213
13.799999 0.059170 0.078761 0.132234 0.018791
13.900000 0.059636 0.079147 0.137182 0.017811
14.000000 0.060506 0.082508 0.137014 0.017402
14.099999 0.059882 0.084775 0.141258 0.017395
14.200000 0.058753 0.084333 0.139888 0.017786
14.299999 0.058200 0.087000 0.139600 0.017200
14.400000 0.057149 0.086926 0.141167 0.017546
14.500000 0.056657 0.086687 0.142743 0.018218
14.599999 0.057652 0.085677 0.143829 0.017416
14.700000 0.058317 0.086126 0.146444 0.016505
14.799999 0.058382 0.087674 0.147056 0.016695
14.900000 0.059506 0.088509 0.147615 0.017202
15.000000 0.060949 0.089071 0.146918 0.017314
15.099999 0.061088 0.089582 0.147171 0.017796
15.200000 0.060830 0.090145 0.146273 0.018509
15.299999 0.061800 0.091200 0.148300 0.018500
15.400000 0.061863 0.089946 0.148211 0.017889
15.500000 0.062913 0.090318 0.151730 0.018604
15.599999 0.064106 0.091709 0.154315 0.019402
15.700000 0.064610 0.094268 0.156781 0.018374
15.799999 0.064952 0.093875 0.158627 0.017814
15.900000 0.066301 0.091463 0.160959 0.016675
16.000000 0.066600 0.092900 0.167500 0.017100
16.100000 0.067373 0.090864 0.166833 0.017993
16.199999 0.067174 0.091401 0.166483 0.018420
16.299999 0.066700 0.090700 0.167800 0.018300
16.400000 0.066773 0.090399 0.168585 0.017219
16.500000 0.065761 0.089047 0.171897 0.017989
16.600000 0.065893 0.090291 0.169883 0.016898
16.699999 0.064519 0.087526 0.166850 0.016505
16.799999 0.064968 0.086357 0.172014 0.015992
16.900000 0.065859 0.084876 0.171855 0.016215
17.000000 0.066160 0.085149 0.169598 0.015591
17.100000 0.067361 0.086978 0.171955 0.015314
17.199999 0.066713 0.087518 0.174535 0.015403
17.299999 0.068239 0.087721 0.175042 0.015586
17.400000 0.069204 0.089034 0.174161 0.014422
17.500000 0.068845 0.090428 0.171962 0.014588
17.600000 0.069293 0.091391 0.171283 0.015298
17.699999 0.069258 0.090746 0.174695 0.014891
17.799999 0.067408 0.090445 0.176583 0.015525
17.900000 0.068593 0.089691 0.176182 0.016298
18.000000 0.069086 0.092382 0.174865 0.016697
18.100000 0.069507 0.094809 0.177018 0.016202
18.199999 0.067948 0.095067 0.177224 0.015111
18.299999 0.069079 0.096971 0.179646 0.014096
18.400000 0.070309 0.094577 0.179267 0.013183
18.500000 0.070671 0.093393 0.177477 0.014515
18.600000 0.070545 0.095091 0.180403 0.015566
18.699999 0.070021 0.097029 0.182555 0.014504
18.799999 0.070063 0.097788 0.180663 0.014313
18.900000 0.070265 0.097051 0.181409 0.013793
19.000000 0.070628 0.099040 0.179072 0.013806
19.100000 0.070907 0.098410 0.182418 0.013801
19.199999 0.071129 0.098701 0.185614 0.012987
19.299999 0.068807 0.097910 0.187819 0.013201
19.400000 0.068116 0.097666 0.186717 0.013423
19.500000 0.068962 0.098188 0.186668 0.013913
19.600000 0.067925 0.098891 0.187494 0.012586
19.699999 0.066527 0.096939 0.190676 0.013806
19.799999 0.067639 0.095814 0.191927 0.013888
19.900000 0.068400 0.095200 0.193700 0.013600
20.000000 0.070121 0.097529 0.191557 0.013604
20.100000 0.069830 0.097403 0.191309 0.013686
20.199999 0.070479 0.097671 0.192642 0.013896
20.299999 0.070370 0.098298 0.191792 0.014214
20.400000 0.071114 0.101720 0.191238 0.014403
20.500000 0.071479 0.099270 0.190743 0.014896
20.600000 0.071022 0.099990 0.186295 0.014984
20.699999 0.070843 0.102461 0.185611 0.015609
20.799999 0.071372 0.103514 0.184568 0.015572
20.900000 0.072093 0.103890 0.189781 0.015598
21.000000 0.072007 0.106611 0.189719 0.015802
21.100000 0.070458 0.107036 0.191885 0.015091
21.199999 0.070935 0.106553 0.192997 0.016808
21.299999 0.070535 0.105653 0.195598 0.015308
21.400000 0.071243 0.106964 0.198419 0.015709
21.500000 0.071221 0.105032 0.200360 0.015705
21.600000 0.070836 0.102608 0.206714 0.015786
21.699999 0.070708 0.101268 0.209128 0.016079
21.799999 0.071764 0.099250 0.210795 0.016092
21.900000 0.070328 0.099640 0.209384 0.015606
22.000000 0.071271 0.099099 0.208509 0.015015
22.100000 0.072401 0.101242 0.205688 0.015422
22.199999 0.072306 0.102067 0.206631 0.016079
22.299999 0.071958 0.101781 0.207966 0.014311
22.400000 0.073737 0.104152 0.210005 0.013907
22.500000 0.073000 0.102800 0.213500 0.014300
22.600000 0.072278 0.102369 0.217735 0.013296
22.699999 0.073522 0.103831 0.220266 0.013204
22.799999 0.073878 0.103769 0.221434 0.012296
22.900000 0.075100 0.105000 0.219500 0.012300
23.000000 0.075400 0.104000 0.220300 0.013500
23.100000 0.075800 0.102500 0.223700 0.013300
23.199999 0.076008 0.103810 0.219722 0.012901
23.299999 0.074790 0.103224 0.219664 0.012615
23.400000 0.074880 0.104150 0.218224 0.013833
23.500000 0.074122 0.104531 0.224167 0.014204
23.600000 0.071914 0.106272 0.221734 0.014383
23.699999 0.071407 0.106911 0.225323 0.014301
23.799999 0.071000 0.103000 0.221700 0.014600
23.900000 0.071778 0.104769 0.223733 0.015095
24.000000 0.071707 0.105363 0.223310 0.015080
24.100000 0.070593 0.105689 0.223778 0.014799
24.199999 0.071228 0.102641 0.226190 0.014606
24.299999 0.070950 0.100230 0.223743 0.014990
24.400000 0.069707 0.097410 0.220322 0.015702
24.500000 0.067651 0.096687 0.221413 0.015865
24.600000 0.069258 0.098041 0.221967 0.016190
24.699999 0.069865 0.100350 0.219590 0.016992
24.799999 0.070021 0.101430 0.221466 0.017305
24.900000 0.069886 0.100780 0.226555 0.016497
25.000000 0.069763 0.102292 0.227405 0.017716
25.100000 0.071043 0.101619 0.225220 0.016886
25.199999 0.071786 0.101480 0.225055 0.017097
25.299999 0.073356 0.102039 0.226464 0.016390
25.400000 0.073600 0.102000 0.225900 0.016100
25.500000 0.072849 0.100030 0.225442 0.017288
25.599998 0.073596 0.100330 0.226795 0.018524
25.699999 0.072773 0.104404 0.227928 0.018719
25.799999 0.073278 0.105368 0.229431 0.018994
25.900000 0.073637 0.106353 0.226613 0.018609
26.000000 0.075217 0.107781 0.224253 0.018979
26.099998 0.074237 0.108254 0.227414 0.019410
26.199999 0.074793 0.108889 0.227377 0.018698
26.299999 0.074411 0.109169 0.228426 0.018478
26.400000 0.074870 0.108956 0.229208 0.017793
26.500000 0.074937 0.107854 0.234217 0.018109
26.599998 0.074985 0.108378 0.233653 0.018496
26.699999 0.074500 0.106600 0.238500 0.019100
26.799999 0.074615 0.107922 0.239048 0.019104
26.900000 0.074707 0.108911 0.241924 0.018902
27.000000 0.074652 0.110878 0.239968 0.019314
27.099998 0.074633 0.109102 0.240983 0.018284
27.199999 0.073115 0.109622 0.240548 0.018804
27.299999 0.073666 0.107196 0.243619 0.020018
27.400000 0.074448 0.107525 0.241931 0.018987
27.500000 0.075592 0.107089 0.237776 0.018798
27.599998 0.076723 0.110633 0.240372 0.018506
27.699999 0.077816 0.110922 0.246849 0.016703
27.799999 0.079371 0.112701 0.248223 0.015914
27.900000 0.079868 0.112755 0.247201 0.017093
28.000000 0.080592 0.116188 0.251975 0.017998
28.099998 0.080516 0.115623 0.250950 0.017303
28.199999 0.081032 0.118647 0.249400 0.016106
28.299999 0.081967 0.116353 0.251399 0.016393
28.400000 0.081767 0.114154 0.251799 0.017093
28.500000 0.081232 0.117147 0.250600 0.016507
28.599998 0.080348 0.119071 0.252251 0.016610
28.699999 0.081076 0.120464 0.252924 0.018195
28.799999 0.081241 0.120860 0.255028 0.018109
28.900000 0.082341 0.123462 0.258229 0.017609
29.000000 0.082392 0.118888 0.259574 0.018098
29.099998 0.081289 0.121434 0.260086 0.018120
29.199999 0.079972 0.120907 0.258986 0.018171
29.299999 0.079192 0.121688 0.258974 0.018898
29.400000 0.079368 0.122551 0.258197 0.020692
29.500000 0.078008 0.118912 0.261926 0.019902
29.599998 0.078330 0.120192 0.258367 0.019982
29.699999 0.078253 0.120528 0.255347 0.019488
29.799999 0.077323 0.118536 0.260078 0.019106
29.900000 0.076915 0.119524 0.263253 0.019204
30.000000 0.076708 0.119257 0.266580 0.018777
30.099998 0.077231 0.120248 0.264106 0.018207
30.199999 0.074922 0.118836 0.266980 0.018806
30.299999 0.074670 0.120952 0.269092 0.018193
30.400000 0.074578 0.122663 0.274018 0.018295
30.500000 0.074663 0.123638 0.274963 0.017491
30.599998 0.074248 0.120416 0.270810 0.017288
30.699999 0.075068 0.120709 0.272045 0.017416
30.799999 0.075761 0.121097 0.277922 0.017514
30.900000 0.076230 0.122007 0.278574 0.018131
31.000000 0.076685 0.120676 0.276145 0.017696
31.099998 0.076238 0.119260 0.276538 0.017209
31.199999 0.074785 0.116977 0.280044 0.016197
31.299999 0.075615 0.119924 0.278856 0.016203
31.400000 0.074745 0.121573 0.281469 0.015709
31.500000 0.074311 0.120855 0.281562 0.016380
31.599998 0.073830 0.119448 0.279812 0.016407
31.699999 0.073507 0.118512 0.281228 0.016502
31.799999 0.072971 0.116853 0.282687 0.015594
31.900000 0.074670 0.117053 0.285186 0.015794
32.000000 0.074400 0.118100 0.284700 0.016600
32.099998 0.074548 0.117917 0.288698 0.016688
32.200001 0.075162 0.115942 0.288456 0.016992
32.299999 0.075608 0.114611 0.290329 0.017102
32.399998 0.075138 0.113857 0.291046 0.016208
32.500000 0.075662 0.112644 0.290655 0.016192
32.599998 0.074910 0.112565 0.293648 0.015781
32.700001 0.074882 0.114025 0.296226 0.015317
32.799999 0.073185 0.114677 0.294241 0.015597
32.899998 0.072342 0.113509 0.296163 0.014888
33.000000 0.070950 0.113279 0.296508 0.015811
33.099998 0.069730 0.113387 0.295704 0.014585
33.200001 0.069565 0.115142 0.299250 0.014093
33.299999 0.069286 0.114377 0.302639 0.013997
33.399998 0.069663 0.113002 0.305675 0.014113
33.500000 0.068966 0.113743 0.307246 0.013693
33.599998 0.069389 0.112220 0.307208 0.013578
33.700001 0.068731 0.111988 0.310390 0.013686
33.799999 0.068866 0.110045 0.306247 0.014293
33.899998 0.069083 0.112435 0.305567 0.014117
34.000000 0.068173 0.110856 0.309076 0.014394
34.099998 0.068120 0.112734 0.306692 0.014004
34.200001 0.066847 0.111611 0.304956 0.014988
34.299999 0.066267 0.110345 0.301549 0.014593
34.399998 0.065426 0.110144 0.301020 0.015806
34.500000 0.065907 0.110411 0.302730 0.016002
34.599998 0.066100 0.110000 0.303800 0.016100
34.700001 0.065774 0.108657 0.301879 0.015594
34.799999 0.065167 0.106647 0.304948 0.015492
34.899998 0.066286 0.107440 0.302293 0.015320
35.000000 0.067600 0.106200 0.302700 0.015000
35.099998 0.068086 0.104879 0.305539 0.015197
35.200001 0.068120 0.103831 0.306492 0.016205
35.299999 0.067034 0.102851 0.307754 0.016008
35.399998 0.067147 0.106074 0.309016 0.016311
35.500000 0.067680 0.105668 0.305408 0.017195
35.599998 0.069444 0.102918 0.305356 0.017286
35.700001 0.069221 0.102231 0.305592 0.018706
35.799999 0.068589 0.102233 0.304996 0.018023
35.899998 0.068441 0.100260 0.308085 0.018411
36.000000 0.068504 0.099860 0.307969 0.018274
36.099998 0.068983 0.097317 0.305867 0.019123
36.200001 0.069411 0.098057 0.308093 0.020333
36.299999 0.068969 0.094995 0.308208 0.020020
36.399998 0.069283 0.097016 0.307970 0.019223
36.500000 0.069114 0.094819 0.309662 0.019204
36.599998 0.069114 0.096819 0.310462 0.019104
36.700001 0.069400 0.098700 0.313900 0.018700
36.799999 0.068170 0.100251 0.311579 0.018045
36.899998 0.067580 0.096471 0.313606 0.018095
37.000000 0.068421 0.096529 0.310793 0.017205
37.099998 0.065927 0.095994 0.308461 0.016382
37.200001 0.065680 0.096971 0.312906 0.017695
37.299999 0.067046 0.096823 0.313050 0.017586
37.399998 0.066673 0.094804 0.314346 0.018120
37.500000 0.067814 0.095719 0.310362 0.018104
37.599998 0.068059 0.095942 0.307416 0.017190
37.700001 0.068534 0.094747 0.302251 0.017809
37.799999 0.069286 0.098180 0.305039 0.017696
37.899998 0.070779 0.098271 0.303809 0.016595
38.000000 0.070037 0.096913 0.305125 0.016585
38.099998 0.070872 0.097624 0.305949 0.015173
38.200001 0.070463 0.098489 0.309879 0.013812
38.299999 0.069252 0.099131 0.311482 0.014390
38.399998 0.068455 0.098879 0.313551 0.013911
38.500000 0.068338 0.101609 0.313818 0.014487
38.599998 0.070451 0.101629 0.316279 0.014190
38.700001 0.072449 0.102228 0.317778 0.013191
38.799999 0.072165 0.101591 0.317886 0.012711
38.899998 0.072564 0.099450 0.319240 0.013693
39.000000 0.070592 0.098128 0.319816 0.014118
39.099998 0.071471 0.101060 0.320072 0.014794
39.200001 0.071022 0.100290 0.320048 0.015783
39.299999 0.071771 0.100360 0.319372 0.015394
39.399998 0.072342 0.099720 0.316747 0.015687
39.500000 0.071621 0.099430 0.318696 0.015305
39.599998 0.070993 0.098990 0.321168 0.014699
39.700001 0.070950 0.099570 0.320324 0.014510
39.799999 0.069737 0.098312 0.321111 0.014587
39.899998 0.069914 0.097620 0.327966 0.012603
40.000000 0.070037 0.097912 0.329104 0.014087
40.099998 0.070806 0.098948 0.327692 0.014622
40.200001 0.071143 0.100120 0.327238 0.015188
40.299999 0.070605 0.100592 0.326748 0.015645
40.399998 0.069807 0.098310 0.323832 0.016302
40.500000 0.070515 0.098981 0.324610 0.017080
40.599998 0.069707 0.100510 0.320932 0.016802
40.700001 0.069193 0.098890 0.322668 0.016298
40.799999 0.068900 0.101200 0.322600 0.016000
40.899998 0.068700 0.101100 0.329200 0.017000
41.000000 0.069169 0.105005 0.329129 0.015516
41.099998 0.068845 0.101519 0.330436 0.014888
41.200001 0.069590 0.098228 0.330830 0.015720
41.299999 0.071222 0.100789 0.329837 0.015982
41.399998 0.071707 0.102667 0.333067 0.016678
41.500000 0.071057 0.101639 0.332101 0.016290
41.599998 0.071528 0.104795 0.325974 0.014885
41.700001 0.071907 0.105511 0.325933 0.014301
41.799999 0.070514 0.099620 0.328166 0.015603
41.899998 0.071036 0.100150 0.326463 0.016108
42.000000 0.070793 0.098190 0.322568 0.017098
42.099998 0.069021 0.096929 0.320396 0.017505
42.200001 0.069614 0.096419 0.320664 0.016603
42.299999 0.071314 0.095319 0.318464 0.015803
42.399998 0.071250 0.094899 0.318168 0.015533
42.500000 0.071336 0.096148 0.315858 0.015208
42.599998 0.071614 0.099020 0.314363 0.015603
42.700001 0.070807 0.097510 0.312831 0.015502
42.799999 0.072515 0.097119 0.309062 0.016003
42.899998 0.072922 0.098830 0.313994 0.015205
43.000000 0.070843 0.096358 0.315789 0.014108
43.099998 0.070886 0.096881 0.312438 0.015097
43.200001 0.070921 0.096729 0.310293 0.015505
43.299999 0.070686 0.097780 0.311438 0.015297
43.399998 0.070678 0.097908 0.314446 0.015017
43.500000 0.071314 0.098620 0.316463 0.014403
43.599998 0.074515 0.097820 0.318964 0.014503
43.700001 0.074352 0.100670 0.322025 0.014510
43.799999 0.074448 0.103228 0.325972 0.013990
43.899998 0.074478 0.101270 0.326902 0.013996
44.000000 0.076385 0.103279 0.328934 0.014597
44.099998 0.078009 0.104647 0.329461 0.014520
44.200001 0.076139 0.102218 0.327738 0.013689
44.299999 0.075060 0.102482 0.326962 0.014412
44.399998 0.074697 0.107940 0.325824 0.014819
44.500000 0.075183 0.106517 0.324657 0.014116
44.599998 0.075013 0.106259 0.325588 0.014021
44.700001 0.074867 0.104494 0.326994 0.013812
44.799999 0.074940 0.102818 0.330835 0.013989
44.899998 0.074945 0.105663 0.336502 0.013408
45.000000 0.075087 0.103245 0.340290 0.014279
45.099998 0.074820 0.104167 0.342748 0.013822
45.200001 0.075500 0.105400 0.348300 0.013400
45.299999 0.074293 0.103890 0.345965 0.013799
45.399998 0.074093 0.104690 0.350465 0.013799
45.500000 0.073093 0.102290 0.351565 0.014299
45.599998 0.073863 0.101249 0.353323 0.013293
45.700001 0.073195 0.100030 0.355963 0.013117
45.799999 0.072028 0.100599 0.356843 0.013686
45.899998 0.070986 0.101280 0.356829 0.013597
46.000000 0.070809 0.100529 0.355341 0.012566
46.099998 0.070942 0.098998 0.357315 0.012325
46.200001 0.071586 0.099980 0.355129 0.011998
46.299999 0.070620 0.100070 0.354402 0.012922
46.399998 0.069258 0.097541 0.356486 0.012692
46.500000 0.068990 0.099141 0.357029 0.013978
46.599998 0.067067 0.096597 0.361562 0.012713
46.700001 0.066420 0.101278 0.357271 0.013684
46.799999 0.065354 0.103428 0.357949 0.013890
46.899998 0.065734 0.101698 0.355544 0.013087
47.000000 0.065196 0.098243 0.355831 0.013379
47.099998 0.066533 0.097203 0.361139 0.013986
47.200001 0.066041 0.094215 0.365971 0.013987
47.299999 0.065874 0.092363 0.369452 0.013994
47.399998 0.066593 0.094691 0.372563 0.014399
47.500000 0.065840 0.095958 0.374124 0.014108
47.599998 0.066580 0.095114 0.377753 0.014217
47.700001 0.067146 0.097722 0.377798 0.014488
47.799999 0.066033 0.097949 0.376788 0.014907
47.899998 0.065661 0.096942 0.376374 0.014691
48.000000 0.064891 0.097136 0.378430 0.014220
48.099998 0.065389 0.095438 0.378756 0.013876
48.200001 0.065054 0.095733 0.379934 0.013291
48.299999 0.064945 0.094566 0.380366 0.012709
48.399998 0.064845 0.096367 0.385570 0.013610
48.500000 0.064922 0.099281 0.386237 0.014083
48.599998 0.064935 0.098102 0.388511 0.014585
48.700001 0.066540 0.098559 0.387633 0.014709
48.799999 0.066753 0.098231 0.386729 0.014790
48.899998 0.066760 0.098141 0.385269 0.014891
49.000000 0.067340 0.099260 0.386532 0.014909
49.099998 0.066093 0.096836 0.383036 0.015422
49.200001 0.064555 0.095433 0.384931 0.015289
49.299999 0.063800 0.096800 0.386500 0.015100
49.399998 0.064987 0.099680 0.385023 0.015397
49.500000 0.065925 0.100491 0.385032 0.015229
49.599998 0.066367 0.101949 0.383708 0.016592
49.700001 0.065393 0.101090 0.386661 0.015798
49.799999 0.066074 0.099060 0.385646 0.016393
49.899998 0.066753 0.096832 0.387429 0.016988
50.000000 0.066720 0.094628 0.385116 0.015705
50.099998 0.065672 0.094704 0.386325 0.015517
50.200001 0.067007 0.096310 0.387139 0.015702
50.299999 0.067952 0.096832 0.387029 0.014890
50.399998 0.067786 0.094681 0.385723 0.014997
50.500000 0.068141 0.091655 0.388933 0.015209
50.599998 0.068772 0.094362 0.389344 0.014194
50.700001 0.069807 0.094509 0.384538 0.014201
50.799999 0.069958 0.094243 0.389167 0.015191
50.899998 0.070307 0.093309 0.393039 0.016002
51.000000 0.070800 0.093600 0.395800 0.015400
51.099998 0.070800 0.092200 0.397200 0.015300
51.199997 0.071357 0.092474 0.396617 0.015713
51.299999 0.070144 0.093325 0.395683 0.016487
51.399998 0.071586 0.092082 0.397221 0.015797
51.500000 0.071407 0.090183 0.396784 0.015979
51.599998 0.069328 0.089636 0.398359 0.016006
51.699997 0.070850 0.091264 0.391974 0.015811
51.799999 0.071364 0.089581 0.395756 0.015914
51.899998 0.070972 0.090964 0.392443 0.016393
52.000000 0.071093 0.094291 0.389461 0.016598
52.099998 0.071714 0.096219 0.388378 0.017003
52.199997 0.071329 0.095904 0.388911 0.015584
52.299999 0.070901 0.095866 0.393849 0.016077
52.399998 0.071343 0.094424 0.393485 0.015687
52.500000 0.071371 0.096296 0.391792 0.015916
52.599998 0.072071 0.094962 0.397341 0.015894
52.699997 0.071999 0.096765 0.399041 0.016577
52.799999 0.071958 0.095877 0.400620 0.016213
52.899998 0.070793 0.098090 0.400560 0.016898
53.000000 0.071072 0.100819 0.402376 0.015572
53.099998 0.069742 0.100160 0.400140 0.016110
53.199997 0.070857 0.103738 0.400859 0.015990
53.299999 0.071179 0.104469 0.403579 0.015495
53.399998 0.071464 0.107146 0.401899 0.015692
53.500000 0.072343 0.108765 0.405643 0.016210
53.599998 0.072357 0.106036 0.404557 0.016390
53.699997 0.070221 0.105732 0.401821 0.017405
53.799999 0.069744 0.105915 0.401579 0.017886
53.899998 0.070708 0.107660 0.399780 0.018576
54.000000 0.071564 0.106147 0.397501 0.018791
54.099998 0.070456 0.105084 0.400420 0.018114
54.199997 0.070384 0.104525 0.400981 0.017922
54.299999 0.069138 0.103407 0.403037 0.018284
54.399998 0.069279 0.105368 0.405078 0.018195
54.500000 0.067413 0.103021 0.404981 0.017103
54.599998 0.067194 0.104046 0.412678 0.016824
54.699997 0.066853 0.105184 0.414432 0.017214
54.799999 0.067399 0.102846 0.415976 0.018772
54.899998 0.067247 0.098769 0.416391 0.018913
55.000000 0.068189 0.100130 0.418945 0.017623
55.099998 0.069265 0.099550 0.413993 0.016792
55.199997 0.070372 0.101259 0.416433 0.017493
55.299999 0.070028 0.102841 0.413465 0.017207
55.399998 0.068141 0.099660 0.414048 0.017511
55.500000 0.068462 0.101992 0.418076 0.017716
55.599998 0.069003 0.103156 0.417915 0.017875
55.699997 0.068552 0.103028 0.423104 0.018087
55.799999 0.070037 0.101808 0.422520 0.018483
55.899998 0.069521 0.100530 0.423427 0.018305
56.000000 0.069114 0.101320 0.422985 0.017604
56.099998 0.070836 0.100310 0.422420 0.018284
56.199997 0.070606 0.099449 0.421933 0.017226
56.299999 0.071214 0.100561 0.418369 0.015725
56.399998 0.071493 0.099890 0.417858 0.016198
56.500000 0.071664 0.099750 0.417391 0.016392
56.599998 0.070086 0.096481 0.416517 0.016997
56.699997 0.069463 0.096987 0.418477 0.016215
56.799999 0.068373 0.096761 0.415134 0.015394
56.899998 0.070786 0.098480 0.412018 0.015497
57.000000 0.070000 0.098700 0.417100 0.014500
57.099998 0.069579 0.100770 0.416975 0.014296
57.199997 0.068559 0.101539 0.413052 0.014691
57.299999 0.067367 0.100300 0.414815 0.015516
57.399998 0.065243 0.099661 0.420291 0.014066
57.500000 0.065261 0.103238 0.421347 0.012892
57.599998 0.065747 0.103617 0.418665 0.012990
57.699997 0.065459 0.103593 0.420078 0.012912
57.799999 0.065244 0.102626 0.424434 0.013630
57.899998 0.066254 0.100530 0.427001 0.013990
58.000000 0.067761 0.100691 0.426984 0.014713
58.099998 0.069709 0.099571 0.432038 0.015180
58.199997 0.068300 0.098000 0.433900 0.015100
58.299999 0.068230 0.100090 0.435327 0.014427
58.399998 0.067900 0.099800 0.433300 0.014100
58.500000 0.068493 0.100790 0.432657 0.013699
58.599998 0.069635 0.102751 0.432716 0.013207
58.699997 0.069345 0.103417 0.432854 0.013689
58.799999 0.069707 0.101010 0.434743 0.013301
58.899998 0.069035 0.103652 0.431716 0.013407
59.000000 0.069583 0.104826 0.434321 0.013416
59.099998 0.068779 0.105468 0.437369 0.013396
59.199997 0.068514 0.107021 0.436287 0.012603
59.299999 0.068693 0.106789 0.437256 0.012499
59.399998 0.069469 0.106607 0.439840 0.012713
59.500000 0.070480 0.105820 0.442049 0.011680
59.599998 0.071807 0.107261 0.440827 0.012284
59.699997 0.072500 0.107900 0.442600 0.011800
59.799999 0.072600 0.105900 0.444400 0.011800
59.899998 0.073615 0.105421 0.447890 0.011802
60.000000 0.073674 0.107608 0.448849 0.012613
60.099998 0.074159 0.109588 0.446357 0.013211
60.199997 0.075277 0.110667 0.450265 0.014296
60.299999 0.077323 0.111533 0.451535 0.014304
60.399998 0.077691 0.110046 0.447374 0.014779
60.500000 0.076346 0.108265 0.447268 0.014609
60.599998 0.075930 0.105442 0.442577 0.015806
60.699997 0.076092 0.105389 0.441456 0.015998
60.799999 0.076146 0.107164 0.444167 0.015309
60.899998 0.075530 0.107543 0.447479 0.015506
61.000000 0.074588 0.105142 0.441638 0.014778
61.099998 0.072993 0.103290 0.442056 0.015298
61.199997 0.074637 0.103352 0.439820 0.016408
61.299999 0.073993 0.102090 0.435956 0.016498
61.399998 0.074233 0.101409 0.440104 0.015686
61.500000 0.073178 0.102169 0.442567 0.015595
61.599998 0.073870 0.101259 0.443922 0.015194
61.699997 0.072715 0.100420 0.441288 0.016003
61.799999 0.073122 0.099830 0.437731 0.015905
61.899998 0.071407 0.098772 0.439828 0.017078
62.000000 0.072727 0.101299 0.438661 0.017882
62.099998 0.073278 0.100870 0.439468 0.017695
62.199997 0.073200 0.099400 0.441700 0.017500
62.299999 0.072915 0.098920 0.440788 0.017303
62.399998 0.072778 0.099470 0.437469 0.018295
62.500000 0.072336 0.097549 0.440720 0.018309
62.599998 0.073071 0.094862 0.440524 0.016993
62.699997 0.073919 0.094995 0.442513 0.016981
62.799999 0.075183 0.096706 0.441486 0.017219
62.899998 0.073718 0.097756 0.436098 0.016627
63.000000 0.074763 0.098751 0.440580 0.016792
63.099998 0.076392 0.100390 0.439856 0.017498
63.199997 0.075400 0.102700 0.438700 0.017000
63.299999 0.076301 0.103965 0.443523 0.016978
63.399998 0.076992 0.105226 0.444634 0.016520
63.500000 0.076154 0.106636 0.441635 0.016790
63.599998 0.076623 0.106732 0.441933 0.016005
63.699997 0.077062 0.106385 0.440152 0.016313
63.799999 0.077892 0.106689 0.435456 0.017298
63.899998 0.076931 0.107483 0.434338 0.017129
64.000000 0.077146 0.107625 0.434496 0.016688
64.099998 0.076500 0.111400 0.434500 0.017500
64.199997 0.077477 0.113766 0.434870 0.016895
64.299995 0.076461 0.113391 0.433847 0.015913
64.400002 0.075985 0.111678 0.440512 0.016497
64.500000 0.076815 0.111522 0.439088 0.016503
64.599998 0.077361 0.109603 0.444200 0.017169
64.699997 0.076900 0.109800 0.445300 0.017400
64.799995 0.076746 0.109224 0.446587 0.016488
64.900002 0.075670 0.109256 0.446022 0.016194
65.000000 0.074307 0.106111 0.445245 0.015802
65.099998 0.075105 0.106549 0.446926 0.014420
65.199997 0.073826 0.105195 0.446853 0.012488
65.299995 0.073893 0.106489 0.446255 0.011999
65.400002 0.074519 0.106270 0.443009 0.012620
65.500000 0.074630 0.105142 0.445878 0.013105
65.599998 0.074578 0.105068 0.447566 0.013196
65.699997 0.073144 0.106764 0.444767 0.012908
65.799995 0.072529 0.107643 0.442977 0.013605
65.900002 0.071050 0.105674 0.446012 0.013810
66.000000 0.071958 0.102726 0.446883 0.014031
66.099998 0.073078 0.104969 0.449465 0.014696
66.199997 0.072165 0.103994 0.453508 0.015314
66.299995 0.073098 0.103255 0.452866 0.014180
66.400002 0.072885 0.099480 0.451210 0.014497
66.500000 0.072571 0.100660 0.450720 0.013894
66.599998 0.071486 0.099419 0.452543 0.013817
66.699997 0.073034 0.102508 0.452393 0.014487
66.799995 0.071821 0.101488 0.457397 0.014984
66.900002 0.071121 0.098930 0.457737 0.014704
67.000000 0.070586 0.098680 0.455109 0.015097
67.099998 0.070328 0.099540 0.455782 0.014406
67.199997 0.071878 0.103469 0.451465 0.015095
67.299995 0.071514 0.101920 0.450990 0.015503
67.400002 0.068318 0.099980 0.453755 0.015082
67.500000 0.068793 0.097690 0.453255 0.015398
67.599998 0.068025 0.099391 0.453201 0.015883
67.699997 0.068066 0.099650 0.454973 0.016392
67.799995 0.069052 0.100829 0.448886 0.016089
67.900002 0.071136 0.103552 0.449525 0.015608
68.000000 0.070485 0.105627 0.453845 0.015018
68.099998 0.072229 0.106643 0.455482 0.014006
68.199997 0.072722 0.108232 0.451035 0.014204
68.299995 0.072678 0.108967 0.451764 0.013896
68.400002 0.071693 0.108989 0.451855 0.014399
68.500000 0.071693 0.109389 0.453455 0.014099
68.599998 0.070986 0.108978 0.455209 0.014097
68.699997 0.071922 0.107932 0.451736 0.014104
68.799995 0.071207 0.106811 0.451345 0.013701
68.900002 0.072307 0.108611 0.452145 0.014501
69.000000 0.073093 0.108889 0.455954 0.014099
69.099998 0.074156 0.108235 0.456026 0.013792
69.199997 0.072878 0.107268 0.454564 0.014896
69.299995 0.073822 0.104731 0.456537 0.015405
69.400002 0.076462 0.106908 0.460172 0.015971
69.500000 0.076800 0.108500 0.458800 0.016300
69.599998 0.076431 0.106804 0.461585 0.015786
69.699997 0.076308 0.109811 0.463246 0.015802
69.799995 0.077085 0.111578 0.463007 0.015197
69.900002 0.078502 0.113247 0.464304 0.015120
70.000000 0.079045 0.113021 0.466074 0.014990
70.099998 0.078955 0.110477 0.466927 0.014310
70.199997 0.079124 0.111834 0.468941 0.015405
70.299995 0.077892 0.110889 0.471553 0.015098
70.400002 0.078700 0.111300 0.471500 0.014900
70.500000 0.078008 0.114611 0.468847 0.016202
70.599998 0.078092 0.113789 0.470853 0.015998
70.699997 0.079429 0.116695 0.472874 0.016585
70.799995 0.078908 0.114911 0.469347 0.017202
70.900002 0.078847 0.115870 0.471383 0.017110
71.000000 0.076938 0.114557 0.477439 0.017309
71.099998 0.077369 0.115454 0.477609 0.018393
71.199997 0.075892 0.113489 0.475652 0.019698
71.299995 0.077522 0.114086 0.475325 0.018482
71.400002 0.078184 0.116277 0.477604 0.018396
71.500000 0.076985 0.115726 0.477484 0.018572
71.599998 0.075715 0.118424 0.486197 0.018504
71.699997 0.075475 0.117317 0.484585 0.019520
71.799995 0.075215 0.114023 0.481196 0.018604
71.900002 0.075295 0.115638 0.481326 0.018474
72.000000 0.075385 0.117377 0.480704 0.018396
72.099998 0.075577 0.116465 0.480356 0.017795
72.199997 0.076577 0.117718 0.480380 0.017117
72.299995 0.076276 0.116216 0.481481 0.017618
72.400002 0.076977 0.116265 0.480756 0.017595
72.500000 0.077638 0.115308 0.477118 0.016886
72.599998 0.078008 0.113311 0.480148 0.016302
72.699997 0.077485 0.111478 0.481304 0.015997
72.799995 0.076562 0.112344 0.476662 0.015592
72.900002 0.075423 0.111834 0.482145 0.015605
73.000000 0.074782 0.112724 0.478927 0.015918
73.099998 0.074945 0.109666 0.473084 0.017210
73.199997 0.075062 0.108446 0.472564 0.017591
73.299995 0.074133 0.106105 0.474373 0.017284
73.400002 0.074278 0.104769 0.478556 0.016995
73.500000 0.073785 0.105679 0.482204 0.017796
73.599998 0.074707 0.107011 0.485049 0.018302
73.699997 0.074548 0.110423 0.485960 0.017887
73.799995 0.073412 0.109169 0.481922 0.015981
73.900002 0.076215 0.113823 0.488498 0.016003
74.000000 0.076762 0.116942 0.490255 0.015692
74.099998 0.077169 0.115554 0.493603 0.015294
74.199997 0.076938 0.115858 0.493547 0.015808
74.299995 0.075868 0.116004 0.498048 0.015314
74.400002 0.074482 0.114826 0.496046 0.015417
74.500000 0.074412 0.115373 0.498247 0.015924
74.599998 0.075215 0.116723 0.499900 0.016003
74.699997 0.075540 0.117906 0.504996 0.016587
74.799995 0.075600 0.119300 0.499200 0.016300
74.900002 0.073952 0.120885 0.499750 0.015111
75.000000 0.073937 0.119360 0.503552 0.014707
75.099998 0.074363 0.118941 0.507146 0.015292
75.199997 0.075000 0.122900 0.507000 0.014500
75.299995 0.076016 0.121966 0.509440 0.014584
75.400002 0.076746 0.120616 0.509144 0.015689
75.500000 0.077423 0.119736 0.514554 0.016505
75.599998 0.076407 0.115462 0.515321 0.017925
75.699997 0.074600 0.116400 0.512600 0.018600
75.799995 0.073493 0.116888 0.516548 0.018998
75.900002 0.072878 0.111966 0.517345 0.019294
76.000000 0.073930 0.115446 0.521008 0.020008
76.099998 0.074089 0.114638 0.527833 0.018422
76.199997 0.075162 0.112044 0.525537 0.018791
76.299995 0.076992 0.112789 0.525947 0.019698
76.400002 0.077623 0.113534 0.526658 0.019806
76.500000 0.078092 0.111789 0.525147 0.020498
76.599998 0.078408 0.113211 0.525553 0.021402
76.699997 0.079400 0.111200 0.526100 0.021800
76.799995 0.079952 0.115031 0.521487 0.022487
76.900002 0.080832 0.115246 0.520808 0.022209
77.000000 0.081759 0.118541 0.522439 0.023588
77.099998 0.082326 0.120192 0.523329 0.023279
77.199997 0.081559 0.115742 0.522239 0.022889
77.299995 0.081351 0.115231 0.519988 0.021987
77.400002 0.080188 0.114340 0.519173 0.020871
77.500000 0.082358 0.116582 0.521465 0.020815
77.599998 0.081633 0.117047 0.522109 0.020208
77.699997 0.080560 0.114843 0.521739 0.019690
77.799995 0.081197 0.115739 0.518522 0.019924
77.900002 0.080392 0.116388 0.518548 0.018998
78.000000 0.080692 0.117888 0.519848 0.018198
78.099998 0.079844 0.120416 0.520835 0.019486
78.199997 0.078023 0.122537 0.521356 0.019806
78.299995 0.079208 0.124512 0.523552 0.020502
78.400002 0.077415 0.122524 0.524005 0.020404
78.500000 0.076700 0.123400 0.523600 0.020800
78.599998 0.077661 0.123038 0.523638 0.020890
78.699997 0.075970 0.121052 0.519592 0.019992
78.799995 0.076209 0.118258 0.518578 0.020076
78.900002 0.074607 0.119612 0.521052 0.020602
79.000000 0.076669 0.122951 0.520592 0.020192
79.099998 0.077839 0.123362 0.521061 0.020610
79.199997 0.076378 0.118111 0.521865 0.020767
79.299995 0.075700 0.119000 0.524900 0.021200
79.400002 0.076639 0.120604 0.521882 0.020384
79.500000 0.075177 0.120564 0.525942 0.018894
79.599998 0.074663 0.119340 0.524338 0.018591
79.699997 0.076646 0.121073 0.525715 0.019612
79.799995 0.077899 0.120044 0.530510 0.020174
79.900002 0.077738 0.119105 0.530875 0.020584
80.000000 0.078116 0.118924 0.525105 0.020104
80.099998 0.076446 0.117618 0.522834 0.020186
80.199997 0.075390 0.118943 0.523028 0.019924
80.299995 0.076616 0.119768 0.524923 0.018879
80.400002 0.077730 0.122390 0.528424 0.019482
80.500000 0.076353 0.121385 0.527769 0.018713
80.599998 0.074963 0.123038 0.523838 0.019390
80.699997 0.073285 0.122376 0.523995 0.017696
80.799995 0.074078 0.121064 0.523643 0.018694
80.900002 0.074470 0.119852 0.522791 0.018892
81.000000 0.074248 0.119217 0.524233 0.018287
81.099998 0.075370 0.117553 0.524890 0.016993
81.199997 0.077015 0.120524 0.525005 0.017804
81.299995 0.076769 0.120052 0.525390 0.017093
81.400002 0.075260 0.121497 0.526221 0.016713
81.500000 0.074263 0.120440 0.527436 0.016892
81.599998 0.074248 0.119716 0.527331 0.015789
81.699997 0.073207 0.115912 0.530853 0.015302
81.799995 0.073115 0.116923 0.525405 0.015803
81.900002 0.074022 0.116735 0.524457 0.016505
82.000000 0.073596 0.117052 0.524982 0.017423
82.099998 0.073585 0.117576 0.523195 0.017596
82.199997 0.073922 0.116035 0.524457 0.019206
82.299995 0.073948 0.115619 0.523833 0.019386
82.400002 0.073822 0.114434 0.522657 0.017405
82.500000 0.073222 0.115135 0.518656 0.016905
82.599998 0.073037 0.113157 0.518459 0.017109
82.699997 0.072384 0.115216 0.514377 0.016174
82.799995 0.073310 0.116174 0.512769 0.017326
82.900002 0.074174 0.115816 0.513113 0.018018
83.000000 0.073970 0.114154 0.512595 0.018493
83.099998 0.073412 0.115761 0.515681 0.018977
83.199997 0.073885 0.116677 0.515297 0.018896
83.299995 0.074048 0.119017 0.515139 0.018887
83.400002 0.074393 0.120588 0.516648 0.019398
83.500000 0.075038 0.121161 0.516858 0.019310
83.599998 0.073622 0.119536 0.510453 0.019906
83.699997 0.074489 0.121045 0.508911 0.019724
83.799995 0.074185 0.123475 0.507299 0.019896
83.900002 0.073648 0.122814 0.507944 0.021185
84.000000 0.073519 0.123964 0.513535 0.021476
84.099998 0.074030 0.122849 0.513505 0.023409
84.199997 0.072985 0.121376 0.512697 0.023095
84.299995 0.073933 0.120192 0.513838 0.021081
84.400002 0.072756 0.119428 0.507396 0.021287
84.500000 0.072978 0.117865 0.511746 0.020994
84.599998 0.073719 0.116072 0.514234 0.020178
84.699997 0.075113 0.118578 0.516375 0.021332
84.799995 0.074737 0.116458 0.515058 0.021211
84.900002 0.075377 0.116865 0.516145 0.022093
85.000000 0.075438 0.115758 0.514457 0.021711
85.099998 0.075355 0.109534 0.517489 0.022487
85.199997 0.075392 0.108289 0.517948 0.021498
85.299995 0.074000 0.106300 0.512800 0.020400
85.400002 0.071950 0.104273 0.515861 0.020314
85.500000 0.072206 0.105862 0.515630 0.018776
85.599998 0.071443 0.103962 0.518311 0.018011
85.699997 0.072114 0.103921 0.518204 0.017904
85.799995 0.073063 0.106347 0.517141 0.017491
85.900002 0.072902 0.104947 0.519027 0.017124
86.000000 0.071929 0.104842 0.514706 0.017907
86.099998 0.072414 0.105321 0.512402 0.018104
86.199997 0.072036 0.107554 0.508354 0.017409
86.299995 0.072178 0.106968 0.513546 0.017395
86.400002 0.072229 0.106443 0.512705 0.016807
86.500000 0.073381 0.109120 0.515968 0.017119
86.599998 0.073144 0.106564 0.515109 0.017410
86.699997 0.073215 0.107622 0.518804 0.017203
86.799995 0.073207 0.107311 0.521052 0.017302
86.900002 0.074478 0.107168 0.524643 0.016895
87.000000 0.075685 0.109178 0.527195 0.017497
87.099998 0.075747 0.108324 0.527631 0.019087
87.199997 0.075853 0.107175 0.528670 0.018513
87.299995 0.074810 0.108070 0.531862 0.017279
87.400002 0.075347 0.109923 0.529629 0.016788
87.500000 0.076646 0.110323 0.523034 0.015689
87.599998 0.077285 0.112977 0.518596 0.015097
87.699997 0.077953 0.114831 0.517989 0.015191
87.799995 0.078895 0.115338 0.515619 0.014417
87.900002 0.078345 0.115819 0.517538 0.013790
88.000000 0.079292 0.114389 0.518248 0.013699
88.099998 0.079313 0.110379 0.524024 0.014085
88.199997 0.079016 0.109122 0.523505 0.014003
88.299995 0.079924 0.110833 0.520056 0.013404
88.400002 0.079736 0.111910 0.516387 0.012890
88.500000 0.078047 0.109566 0.520012 0.013608
88.599998 0.078939 0.109955 0.511256 0.013807
88.699997 0.080128 0.108774 0.510417 0.015525
88.799995 0.081492 0.111589 0.511449 0.015698
88.900002 0.080284 0.109478 0.506099 0.016697
89.000000 0.079800 0.109200 0.507300 0.015100
89.099998 0.079552 0.110434 0.507795 0.016290
89.199997 0.079776 0.112866 0.505848 0.015895
89.299995 0.078653 0.112233 0.506696 0.016290
89.400002 0.078639 0.114857 0.508654 0.016808
89.500000 0.077269 0.117453 0.508397 0.017593
89.599998 0.079032 0.119448 0.507203 0.017707
89.699997 0.077431 0.119248 0.507003 0.017807
89.799995 0.077154 0.119628 0.505197 0.017589
89.900002 0.076977 0.120464 0.506848 0.017095
90.000000 0.076185 0.118976 0.511098 0.017596
90.099998 0.077277 0.118318 0.505806 0.017618
90.199997 0.076854 0.120028 0.506496 0.018189
90.299995 0.078424 0.120236 0.503851 0.017105
90.400002 0.078431 0.122649 0.504602 0.016807
90.500000 0.079421 0.123976 0.503996 0.017083
90.599998 0.079944 0.121515 0.503148 0.014990
90.699997 0.080084 0.122775 0.507099 0.014797
90.799995 0.080124 0.122837 0.504451 0.014704
90.900002 0.080576 0.123463 0.509247 0.013996
91.000000 0.079892 0.125187 0.511349 0.014599
91.099998 0.078392 0.123988 0.514149 0.015398
91.199997 0.076746 0.122115 0.512341 0.015589
91.299995 0.076091 0.121145 0.518122 0.016920
91.400002 0.076054 0.123126 0.514991 0.016790
91.500000 0.076500 0.118400 0.517800 0.016000
91.599998 0.076785 0.116977 0.517397 0.014397
91.699997 0.076815 0.116623 0.520004 0.013103
91.799995 0.077000 0.117900 0.520500 0.012300
91.900002 0.078047 0.118371 0.515809 0.012908
92.000000 0.078398 0.117647 0.514831 0.013183
92.099998 0.078001 0.116552 0.512767 0.012717
92.199997 0.077438 0.114508 0.514688 0.014289
92.299995 0.076654 0.116330 0.514391 0.013792
92.400002 0.075877 0.116665 0.518844 0.013496
92.500000 0.074000 0.115400 0.524200 0.013700
92.599998 0.074093 0.114889 0.519048 0.014299
92.699997 0.075638 0.118459 0.524362 0.014907
92.799995 0.074126 0.115485 0.525475 0.015884
92.900002 0.074385 0.116177 0.527395 0.016597
93.000000 0.074607 0.117812 0.527953 0.017102
93.099998 0.076023 0.116135 0.533360 0.016605
93.199997 0.077154 0.114531 0.535279 0.017490
93.299995 0.075562 0.112444 0.538131 0.016892
93.400002 0.074633 0.112499 0.533620 0.016585
93.500000 0.074259 0.114091 0.535628 0.016013
93.599998 0.073351 0.113880 0.534874 0.015911
93.699997 0.072593 0.111289 0.535047 0.016798
93.799995 0.071271 0.109256 0.537485 0.016593
93.900002 0.071643 0.109719 0.540882 0.015832
94.000000 0.072328 0.108392 0.543357 0.015185
94.099998 0.073741 0.110811 0.542966 0.015987
94.199997 0.074557 0.110933 0.540535 0.014831
94.299995 0.074737 0.112356 0.545573 0.015308
94.400002 0.075638 0.112156 0.550175 0.016208
94.500000 0.075592 0.113189 0.548445 0.015798
94.599998 0.076800 0.112300 0.552400 0.016300
94.699997 0.078169 0.113455 0.548081 0.017293
94.799995 0.079029 0.116595 0.553602 0.016785
94.900002 0.077777 0.116765 0.552134 0.016795
95.000000 0.077938 0.114608 0.546363 0.016287
95.099998 0.076377 0.112566 0.545736 0.016495
95.199997 0.076784 0.112524 0.543598 0.016318
95.299995 0.076145 0.110009 0.542932 0.017032
95.400002 0.076461 0.111189 0.545737 0.016713
95.500000 0.074282 0.111222 0.545500 0.017019
95.599998 0.074893 0.109289 0.545745 0.017898
95.699997 0.075715 0.108122 0.546109 0.017203
95.799995 0.074840 0.107814 0.544564 0.016687
95.900002 0.074963 0.107146 0.537731 0.016792
96.000000 0.074507 0.106511 0.536854 0.017102
96.099998 0.074074 0.104304 0.534835 0.016617
96.199997 0.074470 0.108057 0.532387 0.016893
96.299995 0.074033 0.108602 0.537017 0.016385
96.400002 0.074755 0.109434 0.533480 0.016790
96.500000 0.075047 0.108224 0.535025 0.017288
96.599998 0.075340 0.109213 0.533074 0.017786
96.699997 0.076308 0.111311 0.533753 0.016502
96.799995 0.076623 0.114383 0.532252 0.017228
96.900002 0.076331 0.112345 0.537315 0.017107
97.000000 0.075292 0.112889 0.542746 0.015998
97.099998 0.074382 0.114025 0.549404 0.015617
97.199997 0.073400 0.112500 0.546700 0.015300
97.299995 0.072393 0.111189 0.552745 0.015998
97.400002 0.072478 0.111067 0.551235 0.017695
97.500000 0.072122 0.108833 0.552166 0.017405
97.599998 0.070465 0.110845 0.560020 0.017491
97.699997 0.070765 0.110445 0.560520 0.017191
97.799995 0.070742 0.109666 0.558335 0.019212
97.900002 0.070356 0.105284 0.559948 0.019115
98.000000 0.069942 0.104463 0.558135 0.018611
98.099998 0.069265 0.104448 0.559220 0.017591
98.199997 0.069625 0.104989 0.561010 0.017431
98.299995 0.069989 0.104282 0.560614 0.017146
98.400002 0.070821 0.105632 0.563969 0.016605
98.500000 0.072436 0.106953 0.563682 0.015108
98.599998 0.073249 0.107225 0.563306 0.015889
98.699997 0.074015 0.109222 0.564913 0.014503
98.799995 0.074385 0.109978 0.561488 0.015197
98.900002 0.074922 0.108332 0.564469 0.015705
99.000000 0.074955 0.107436 0.569458 0.015990
99.099998 0.073178 0.105968 0.567130 0.015295
99.199997 0.072927 0.105495 0.569031 0.014685
99.299995 0.074044 0.103062 0.567741 0.014209
99.400002 0.075706 0.104647 0.568896 0.015121
99.500000 0.077031 0.110301 0.566390 0.014887
99.599998 0.076146 0.107164 0.566140 0.014509
99.699997 0.075038 0.106553 0.563282 0.014407
99.799995 0.075970 0.107957 0.562775 0.014894
99.900002 0.074430 0.109144 0.566727 0.014806
100.000000 0.076353 0.113479 0.566997 0.014210
100.099998 0.077722 0.113387 0.568332 0.013886
100.199997 0.077515 0.116272 0.569474 0.012886
100.299995 0.078984 0.118876 0.574785 0.013597
100.400002 0.078269 0.116054 0.577969 0.014394
100.500000 0.079708 0.118512 0.582558 0.014701
100.599998 0.080405 0.118354 0.584860 0.015520
100.699997 0.080573 0.118106 0.583425 0.014813
100.799995 0.079588 0.116929 0.581440 0.014616
100.900002 0.080020 0.120380 0.581019 0.014386
101.000000 0.081384 0.119376 0.582384 0.014497
101.099998 0.081610 0.117171 0.580462 0.014684
101.199997 0.081449 0.117270 0.580048 0.014809
101.299995 0.081124 0.118035 0.579074 0.016205
101.400002 0.083317 0.117924 0.577115 0.015203
101.500000 0.082333 0.118647 0.574130 0.014706
101.599998 0.081602 0.118458 0.569916 0.013883
101.699997 0.080911 0.119668 0.566677 0.013785
101.799995 0.081116 0.123325 0.568314 0.013503
101.900002 0.081481 0.120220 0.569770 0.013413
102.000000 0.081124 0.119636 0.568871 0.014204
102.099998 0.078653 0.117729 0.568259 0.014691
102.199997 0.079147 0.116370 0.571643 0.014809
102.299995 0.078895 0.121346 0.572387 0.015819
102.399994 0.078947 0.121373 0.569942 0.015409
102.500000 0.080032 0.122649 0.569028 0.015306
102.599998 0.079089 0.120431 0.569603 0.014180
102.699997 0.077992 0.119288 0.567643 0.014799
102.799995 0.078077 0.119464 0.569429 0.015995
102.899994 0.078569 0.117453 0.571271 0.015794
103.000000 0.078092 0.115988 0.573643 0.014999
103.099998 0.076200 0.116600 0.573100 0.014700
103.199997 0.077123 0.114834 0.569071 0.015405
103.299995 0.077608 0.115112 0.564856 0.015502
103.399994 0.076631 0.112245 0.563225 0.014206
103.500000 0.077622 0.113387 0.562238 0.013986
103.599998 0.078431 0.114946 0.563025 0.014006
103.699997 0.076954 0.112932 0.567759 0.015091
103.799995 0.076462 0.111599 0.571272 0.016071
103.899994 0.078092 0.113289 0.571243 0.016198
104.000000 0.078045 0.117018 0.568002 0.015189
104.099998 0.077923 0.116935 0.563769 0.016305
104.199997 0.079519 0.116875 0.559840 0.015623
104.299995 0.077615 0.114974 0.559185 0.016082
104.399994 0.077531 0.114346 0.562525 0.015706
104.500000 0.077647 0.114769 0.560436 0.015709
104.599998 0.078508 0.116012 0.560156 0.015702
104.699997 0.077817 0.115774 0.559840 0.016124
104.799995 0.078616 0.118324 0.559712 0.017103
104.899994 0.076715 0.113523 0.559512 0.016903
105.000000 0.077438 0.114009 0.558553 0.016087
105.099998 0.079008 0.114411 0.562056 0.015702
105.199997 0.079168 0.115754 0.560776 0.015794
105.299995 0.080052 0.116530 0.561163 0.016090
105.399994 0.078853 0.115831 0.561163 0.016690
105.500000 0.079497 0.115150 0.561370 0.015879
105.599998 0.079292 0.115288 0.563144 0.015498
105.699997 0.078663 0.115192 0.562750 0.016013
105.799995 0.078208 0.116312 0.559056 0.015302
105.899994 0.078653 0.116330 0.557865 0.015391
106.000000 0.079252 0.115531 0.560464 0.016490
106.099998 0.078077 0.117265 0.559132 0.016495
106.199997 0.077647 0.117170 0.554333 0.015409
106.299995 0.076738 0.115758 0.553377 0.014607
106.399994 0.076138 0.117659 0.557679 0.014107
106.500000 0.075423 0.117035 0.555967 0.013204
106.599998 0.075394 0.115438 0.562712 0.013980
106.699997 0.075453 0.114580 0.559792 0.013910
106.799995 0.074063 0.115842 0.560820 0.014793
106.899994 0.075360 0.112990 0.561049 0.015512
107.000000 0.076623 0.113786 0.563936 0.014985
107.099998 0.075630 0.113645 0.565326 0.016006
107.199997 0.075868 0.114803 0.561305 0.016215
107.299995 0.073907 0.114711 0.559256 0.016102
107.399994 0.073933 0.113298 0.559996 0.015786
107.500000 0.073388 0.114738 0.559271 0.016720
107.599998 0.073581 0.112524 0.564221 0.017019
107.699997 0.073615 0.113423 0.565613 0.018604
107.799995 0.074437 0.113657 0.560780 0.018709
107.899994 0.074775 0.112112 0.561361 0.018819
108.000000 0.072778 0.110167 0.562131 0.019094
108.099998 0.071536 0.109155 0.566883 0.018209
108.199997 0.070600 0.109600 0.566100 0.018300
108.299995 0.068014 0.108222 0.570014 0.019104
108.399994 0.067795 0.107651 0.570298 0.018926
108.500000 0.068218 0.108570 0.569517 0.018178
108.599998 0.069172 0.109056 0.567573 0.018693
108.699997 0.069386 0.109178 0.567387 0.018296
108.799995 0.069728 0.109744 0.565726 0.017707
108.899994 0.069272 0.107757 0.566673 0.017193
109.000000 0.071436 0.106753 0.569685 0.016108
109.099998 0.071100 0.107050 0.567705 0.016077
109.199997 0.071486 0.108478 0.564887 0.016197
109.299995 0.070049 0.109176 0.565296 0.016512
109.399994 0.067827 0.105942 0.563826 0.017007
109.500000 0.066314 0.102167 0.564067 0.017677
109.599998 0.065587 0.099580 0.566887 0.017596
109.699997 0.066500 0.098300 0.565700 0.017700
109.799995 0.066953 0.096432 0.570201 0.017788
109.899994 0.066260 0.099289 0.572015 0.017015
110.000000 0.065739 0.099460 0.571643 0.016210
110.099998 0.065435 0.098202 0.576623 0.016284
110.199997 0.065280 0.098770 0.575827 0.017695
110.299995 0.064068 0.098651 0.573013 0.018191
110.399994 0.065513 0.100620 0.572114 0.017503
110.500000 0.064826 0.101841 0.573129 0.017107
110.599998 0.065059 0.102292 0.573917 0.016915
110.699997 0.066733 0.103152 0.572786 0.017109
110.799995 0.066026 0.099840 0.574930 0.016907
110.899994 0.064187 0.098180 0.575085 0.017596
111.000000 0.065215 0.097973 0.578548 0.017677
111.099998 0.064194 0.097890 0.573443 0.018498
111.199997 0.065461 0.098941 0.571857 0.018089
111.299995 0.066573 0.100811 0.570027 0.017419
111.399994 0.065093 0.099190 0.571143 0.016698
111.500000 0.066314 0.096674 0.576051 0.015580
111.599998 0.065767 0.094553 0.576212 0.015092
111.699997 0.066900 0.095143 0.574962 0.014221
111.799995 0.067420 0.095829 0.574472 0.014604
111.899994 0.068418 0.096684 0.578206 0.013684
112.000000 0.067847 0.098469 0.579606 0.013409
112.099998 0.068721 0.098430 0.579874 0.013104
112.199997 0.068280 0.098670 0.582025 0.013296
112.299995 0.067807 0.099010 0.584158 0.013501
112.399994 0.068207 0.100510 0.583058 0.014401
112.500000 0.067886 0.099780 0.583783 0.015097
112.599998 0.069248 0.103072 0.585810 0.015311
112.699997 0.067620 0.104631 0.585976 0.015905
112.799995 0.065539 0.103062 0.586952 0.016810
112.899994 0.066387 0.103979 0.585083 0.016797
113.000000 0.068266 0.106847 0.587206 0.017191
113.099998 0.069193 0.107589 0.586841 0.018698
113.199997 0.069059 0.106036 0.594144 0.018889
113.299995 0.068441 0.106264 0.593656 0.019312
113.399994 0.068193 0.104690 0.593641 0.018898
113.500000 0.067773 0.103858 0.591064 0.019792
113.599998 0.066353 0.102582 0.589372 0.020616
113.699997 0.066593 0.103044 0.590627 0.021230
113.799995 0.067246 0.101819 0.590328 0.022482
113.899994 0.068421 0.104331 0.590477 0.021907
114.000000 0.068741 0.106864 0.585251 0.021513
114.099998 0.067700 0.106300 0.588900 0.021500
114.199997 0.066653 0.105084 0.588171 0.020316
114.299995 0.065854 0.105226 0.588288 0.020785
114.399994 0.064845 0.101471 0.587511 0.020114
114.500000 0.065493 0.102890 0.592541 0.020098
114.599998 0.065080 0.101869 0.597421 0.019394
114.699997 0.066387 0.100880 0.597680 0.020396
114.799995 0.065467 0.099750 0.599100 0.021089
114.899994 0.063655 0.100030 0.601979 0.020686
115.000000 0.065361 0.100140 0.607036 0.020887
115.099998 0.066447 0.099820 0.607914 0.020983
115.199997 0.066773 0.101759 0.605958 0.021092
115.299995 0.068379 0.105468 0.606518 0.020794
115.399994 0.068239 0.103207 0.609252 0.020681
115.500000 0.067307 0.103810 0.610261 0.019402
115.599998 0.067387 0.104179 0.610278 0.019196
115.699997 0.066707 0.106111 0.619262 0.019402
115.799995 0.067480 0.108367 0.616215 0.018295
115.899994 0.066820 0.107032 0.618586 0.018205
116.000000 0.065967 0.106047 0.620390 0.018491
116.099998 0.063099 0.103135 0.618011 0.018670
116.199997 0.062637 0.100799 0.615884 0.017682
116.299995 0.062675 0.102859 0.618053 0.017493
116.399994 0.062025 0.104242 0.613545 0.017507
116.500000 0.060791 0.105011 0.613396 0.017568
116.599998 0.060118 0.102031 0.611683 0.017905
116.699997 0.060676 0.105258 0.611755 0.017393
116.799995 0.061775 0.105358 0.612855 0.018493
116.899994 0.060612 0.102621 0.610522 0.018904
117.000000 0.060706 0.105911 0.606661 0.018102
117.099998 0.059752 0.109712 0.616707 0.019584
117.199997 0.060749 0.109988 0.609388 0.019015
117.299995 0.061451 0.108513 0.616707 0.018885
117.399994 0.061532 0.107282 0.619119 0.018580
117.500000 0.061551 0.108213 0.617506 0.017386
117.599998 0.060188 0.107678 0.618076 0.017297
117.699997 0.059082 0.109067 0.620414 0.017595
117.799995 0.057588 0.106979 0.620476 0.017996
117.899994 0.057443 0.108492 0.621678 0.018581
118.000000 0.058365 0.109135 0.619628 0.018889
118.099998 0.058277 0.110456 0.623351 0.018193
118.199997 0.058083 0.110467 0.622713 0.020094
118.299995 0.057806 0.111311 0.618662 0.019502
118.399994 0.058788 0.114677 0.621276 0.019396
118.500000 0.057089 0.110778 0.621776 0.019596
118.599998 0.057640 0.108376 0.622336 0.018613
118.699997 0.058841 0.111178 0.620835 0.019213
118.799995 0.060512 0.112623 0.618724 0.019204
118.899994 0.060845 0.110301 0.620342 0.020182
119.000000 0.060957 0.110722 0.620466 0.019287
119.099998 0.062488 0.111378 0.620876 0.018196
119.199997 0.062256 0.110299 0.621159 0.018216
119.299995 0.062206 0.108811 0.623162 0.019402
119.399994 0.061806 0.109611 0.626863 0.018602
119.500000 0.061825 0.108243 0.626351 0.016907
119.599998 0.061212 0.108922 0.621524 0.016703
119.699997 0.060921 0.109558 0.619894 0.017877
119.799995 0.061645 0.106204 0.619542 0.017884
119.899994 0.061888 0.104579 0.622575 0.017696
120.000000 0.060751 0.103517 0.621203 0.016986
120.099998 0.059059 0.100430 0.622264 0.017588
120.199997 0.056800 0.096100 0.620700 0.017500
120.299995 0.059170 0.096752 0.621289 0.017591
120.399994 0.059630 0.099650 0.618909 0.016308
120.500000 0.060294 0.101090 0.620338 0.016598
120.599998 0.059530 0.101851 0.621711 0.017509
120.699997 0.059436 0.102862 0.622774 0.018611
120.799995 0.060476 0.103459 0.621052 0.018992
120.899994 0.059752 0.105516 0.622202 0.017986
121.000000 0.060324 0.108243 0.625850 0.017407
121.099998 0.061288 0.109178 0.624275 0.017596
121.199997 0.061451 0.109412 0.624201 0.017786
121.299995 0.062106 0.109811 0.628963 0.018302
121.399994 0.062056 0.110099 0.627865 0.018517
121.500000 0.061774 0.109732 0.628554 0.019023
121.599998 0.061700 0.110800 0.631300 0.019500
121.699997 0.060670 0.107746 0.629685 0.018291
121.799995 0.061863 0.109234 0.626124 0.018189
121.899994 0.061950 0.111111 0.625999 0.019384
122.000000 0.061881 0.110867 0.624913 0.019394
122.099998 0.062112 0.112002 0.624524 0.019335
122.199997 0.063900 0.112500 0.620700 0.019600
122.299995 0.065220 0.112534 0.621887 0.019206
122.399994 0.065693 0.113289 0.621938 0.019098
122.500000 0.063951 0.112890 0.628403 0.019516
122.599998 0.064826 0.114846 0.634354 0.019808
122.699997 0.065846 0.115181 0.629941 0.019414
122.799995 0.065840 0.115669 0.629878 0.018511
122.899994 0.066700 0.116500 0.628400 0.017100
123.000000 0.064881 0.117265 0.631810 0.017295
123.099998 0.067573 0.119452 0.626749 0.015994
123.199997 0.066887 0.117776 0.628874 0.015597
123.299995 0.067481 0.117341 0.631258 0.016720
123.399994 0.067948 0.114880 0.631542 0.017012
123.500000 0.065685 0.114749 0.635927 0.017323
123.599998 0.066513 0.116223 0.631326 0.016703
123.699997 0.066620 0.115435 0.632790 0.015205
123.799995 0.066041 0.116395 0.629933 0.015386
123.899994 0.066027 0.114874 0.633403 0.015683
124.000000 0.065080 0.113166 0.634610 0.016495
124.099998 0.064255 0.110423 0.634756 0.016488
124.199997 0.064426 0.110144 0.633753 0.015806
124.299995 0.065454 0.110722 0.633656 0.015789
124.399994 0.065287 0.114377 0.632174 0.016397
124.500000 0.064564 0.113562 0.632372 0.016765
124.599998 0.063032 0.112756 0.629715 0.016908
124.699997 0.064729 0.115373 0.628009 0.015982
124.799995 0.066280 0.115739 0.620445 0.016119
124.899994 0.067693 0.115788 0.615938 0.015598
125.000000 0.068220 0.116535 0.616385 0.016605
125.099998 0.067780 0.118464 0.617915 0.017195
125.199997 0.066313 0.116123 0.619324 0.018104
125.299995 0.066227 0.116772 0.619918 0.017581
125.399994 0.067634 0.120960 0.621211 0.016908
125.500000 0.066393 0.118588 0.624438 0.016598
125.599998 0.064810 0.116598 0.630672 0.016728
125.699997 0.066727 0.120048 0.629052 0.017107
125.799995 0.065973 0.120032 0.625888 0.016118
125.899994 0.065634 0.114785 0.627772 0.016484
126.000000 0.064719 0.115435 0.626688 0.015705
126.099998 0.064219 0.111734 0.625388 0.015705
126.199997 0.064629 0.111078 0.625612 0.014784
126.299995 0.064713 0.111222 0.626825 0.014803
126.399994 0.064768 0.111744 0.625587 0.014593
126.500000 0.065515 0.111455 0.626585 0.014082
126.599998 0.063958 0.110399 0.625663 0.013913
126.699997 0.063544 0.110978 0.625538 0.014610
126.799995 0.065322 0.112665 0.622253 0.013384
126.899994 0.065851 0.111557 0.625839 0.013230
127.000000 0.065934 0.110190 0.629670 0.013187
127.099998 0.065700 0.111100 0.631000 0.013600
127.199997 0.065747 0.110811 0.633893 0.014189
127.299995 0.066467 0.111244 0.633783 0.014593
127.399994 0.065280 0.109967 0.631611 0.014796
127.500000 0.065700 0.108600 0.630700 0.015900
127.599998 0.066260 0.111200 0.634771 0.015514
127.699997 0.066820 0.114034 0.638692 0.015705
127.799995 0.067841 0.115069 0.638883 0.015409
127.899994 0.067201 0.114472 0.637857 0.013921
128.000000 0.067593 0.115988 0.639436 0.013099
128.099991 0.068296 0.115261 0.639095 0.012618
128.199997 0.069335 0.117759 0.642821 0.012806
128.300003 0.070363 0.119407 0.639976 0.013312
128.399994 0.070750 0.120216 0.633556 0.013690
128.500000 0.069893 0.118688 0.634637 0.013199
128.599991 0.068403 0.118378 0.635954 0.014522
128.699997 0.068000 0.116700 0.636900 0.013800
128.800003 0.067973 0.117353 0.639844 0.013894
128.899994 0.067180 0.114266 0.636609 0.012296
129.000000 0.067593 0.112989 0.639136 0.012199
129.099991 0.065867 0.112844 0.641479 0.012494
129.199997 0.066340 0.109866 0.641685 0.013008
129.300003 0.065372 0.110722 0.640605 0.012514
129.399994 0.064548 0.110911 0.644584 0.011791
129.500000 0.065421 0.112365 0.646225 0.012185
129.599991 0.065413 0.111622 0.648130 0.013703
129.699997 0.065813 0.112623 0.648830 0.014003
129.800003 0.064794 0.112689 0.646935 0.014599
129.899994 0.063181 0.112766 0.643807 0.015295
130.000000 0.063576 0.112735 0.645074 0.015419
130.099991 0.063381 0.111167 0.644107 0.015895
130.199997 0.063276 0.108530 0.643172 0.015719
130.300003 0.062057 0.108424 0.640152 0.016289
130.399994 0.061480 0.107139 0.643136 0.015821
130.500000 0.062306 0.109186 0.641791 0.015927
130.599991 0.063706 0.110411 0.644464 0.017002
130.699997 0.066153 0.114392 0.639211 0.017314
130.800003 0.065947 0.114009 0.639389 0.016487
130.899994 0.065520 0.111033 0.636291 0.017405
131.000000 0.066860 0.110434 0.634619 0.017290
131.099991 0.066713 0.112354 0.630281 0.017377
131.199997 0.067620 0.114634 0.630989 0.016205
131.300003 0.069121 0.115635 0.631790 0.015705
131.399994 0.067160 0.113102 0.631068 0.015114
131.500000 0.068268 0.114014 0.635035 0.015315
131.599991 0.068645 0.113010 0.632994 0.015088
131.699997 0.068193 0.115088 0.631537 0.015298
131.800003 0.067775 0.117229 0.631595 0.015817
131.899994 0.067920 0.113534 0.631489 0.015405
132.000000 0.068421 0.113034 0.635691 0.015805
132.099991 0.069252 0.113820 0.633556 0.016988
132.199997 0.071243 0.115069 0.636382 0.016510
132.300003 0.071092 0.114549 0.638029 0.015821
132.399994 0.071557 0.117030 0.639916 0.015691
132.500000 0.071293 0.116952 0.642035 0.016321
132.599991 0.070979 0.118564 0.645306 0.016495
132.699997 0.070777 0.118997 0.647719 0.016742
132.800003 0.071765 0.119508 0.652687 0.016715
132.899994 0.072847 0.123042 0.654725 0.016765
133.000000 0.072186 0.120576 0.659168 0.017297
133.099991 0.072622 0.120936 0.664299 0.017005
133.199997 0.071942 0.123301 0.663569 0.016986
133.300003 0.073434 0.125687 0.663303 0.017085
133.399994 0.072535 0.125287 0.668998 0.016785
133.500000 0.073307 0.123012 0.669967 0.015002
133.599991 0.074675 0.123223 0.672573 0.014815
133.699997 0.074882 0.124437 0.679848 0.016218
133.800003 0.074030 0.122449 0.677071 0.016206
133.899994 0.072978 0.119564 0.674798 0.016295
134.000000 0.072458 0.119295 0.680544 0.017214
134.099991 0.073870 0.120252 0.684426 0.017893
134.199997 0.074178 0.120164 0.688793 0.017795
134.300003 0.074289 0.118123 0.690764 0.016375
134.399994 0.074922 0.115935 0.692908 0.017105
134.500000 0.075068 0.115904 0.695926 0.016615
134.599991 0.077100 0.117200 0.695400 0.015900
134.699997 0.078177 0.121663 0.695591 0.014996
134.800003 0.078023 0.120436 0.699210 0.014004
134.899994 0.077230 0.120392 0.698971 0.013987
135.000000 0.076808 0.122112 0.696870 0.015102
135.099991 0.076200 0.123500 0.695800 0.015100
135.199997 0.076085 0.123775 0.696661 0.016497
135.300003 0.074745 0.124675 0.689614 0.017010
135.399994 0.075162 0.123638 0.692154 0.017691
135.500000 0.073937 0.120660 0.693247 0.017709
135.599991 0.073585 0.121376 0.692661 0.018096
135.699997 0.073785 0.122076 0.692362 0.017197
135.800003 0.074300 0.123000 0.695400 0.016800
135.899994 0.075462 0.119540 0.691354 0.016992
136.000000 0.075970 0.119252 0.691323 0.016593
136.099991 0.076170 0.120352 0.690524 0.016693
136.199997 0.076238 0.122361 0.685243 0.016808
136.300003 0.076014 0.123185 0.687732 0.017026
136.399994 0.075262 0.123938 0.691054 0.017391
136.500000 0.076161 0.124299 0.691753 0.018315
136.599991 0.075724 0.125375 0.694805 0.017882
136.699997 0.074845 0.123374 0.694417 0.018411
136.800003 0.075838 0.122361 0.689545 0.018209
136.899994 0.075538 0.119360 0.688244 0.018009
137.000000 0.074474 0.113113 0.685085 0.018318
137.099991 0.074130 0.115446 0.683273 0.020708
137.199997 0.074630 0.114446 0.687675 0.019708
137.300003 0.074152 0.114080 0.685080 0.019414
137.399994 0.070700 0.108900 0.682500 0.019600
137.500000 0.070865 0.108646 0.682759 0.020490
137.599991 0.070172 0.112255 0.682827 0.021192
137.699997 0.070535 0.115058 0.679740 0.021111
137.800003 0.070679 0.114766 0.680096 0.020194
137.899994 0.071871 0.116253 0.678329 0.018792
138.000000 0.072429 0.116847 0.674470 0.017907
138.099991 0.069879 0.116465 0.675397 0.016295
138.199997 0.068666 0.117941 0.677361 0.017191
138.300003 0.068379 0.116465 0.676997 0.016495
138.399994 0.068786 0.116677 0.677565 0.016497
138.500000 0.068441 0.119272 0.674505 0.016010
138.599991 0.067959 0.118829 0.675295 0.016590
138.699997 0.068959 0.118729 0.675195 0.016990
138.800003 0.068175 0.119131 0.674942 0.016218
138.899994 0.068200 0.122600 0.670900 0.015900
139.000000 0.067832 0.124975 0.671029 0.015884
139.099991 0.067986 0.124875 0.665967 0.014797
139.199997 0.068948 0.122786 0.667667 0.014710
139.300003 0.068220 0.123037 0.667400 0.013704
139.399994 0.069328 0.123349 0.668667 0.013806
139.500000 0.069351 0.123014 0.671530 0.014390
139.599991 0.070943 0.125300 0.675560 0.014488
139.699997 0.070700 0.124000 0.674600 0.014500
139.800003 0.070800 0.123600 0.670000 0.015100
139.899994 0.070207 0.124312 0.670467 0.015202
140.000000 0.069393 0.122288 0.672233 0.015098
140.099991 0.068393 0.118888 0.673433 0.015798
140.199997 0.068679 0.120564 0.670399 0.016095
140.300003 0.069549 0.117282 0.672971 0.015611
140.399994 0.069400 0.116200 0.673300 0.014500
140.500000 0.070758 0.117729 0.670498 0.014791
140.599991 0.071350 0.118117 0.667533 0.015089
140.699997 0.072600 0.120200 0.667900 0.014100
140.800003 0.072343 0.121973 0.671803 0.014309
140.899994 0.072386 0.121876 0.672266 0.013597
141.000000 0.071736 0.122861 0.672136 0.012606
141.099991 0.071143 0.121103 0.676759 0.013189
141.199997 0.071751 0.117847 0.674416 0.013128
141.300003 0.072678 0.116565 0.674298 0.013596
141.399994 0.072685 0.115277 0.674665 0.013997
141.500000 0.073644 0.114369 0.677406 0.013308
141.599991 0.072072 0.112613 0.679279 0.013614
141.699997 0.071950 0.113021 0.683921 0.013990
141.800003 0.072742 0.113309 0.681954 0.013589
141.899994 0.074675 0.114214 0.680080 0.012613
142.000000 0.074578 0.111167 0.676897 0.013996
142.099991 0.075574 0.112659 0.676356 0.013631
142.199997 0.073327 0.110290 0.678322 0.014086
142.300003 0.073607 0.113911 0.679668 0.013201
142.399994 0.074922 0.117735 0.681304 0.013304
142.500000 0.075392 0.115388 0.684032 0.013199
142.599991 0.075540 0.116507 0.688149 0.013489
142.699997 0.076292 0.117040 0.691630 0.012915
142.800003 0.075460 0.115993 0.696858 0.012110
142.899994 0.073766 0.115904 0.695326 0.011911
143.000000 0.073556 0.116030 0.696882 0.011793
143.099991 0.073029 0.116947 0.698980 0.012005
143.199997 0.073044 0.115769 0.698119 0.011307
143.300003 0.073585 0.117277 0.696161 0.011698
143.399994 0.073678 0.115865 0.697491 0.011597
143.500000 0.073756 0.113932 0.698181 0.011593
143.599991 0.071722 0.114834 0.694408 0.012304
143.699997 0.072678 0.116265 0.697891 0.012596
143.800003 0.073244 0.116570 0.698719 0.013008
143.899994 0.073878 0.117665 0.702589 0.012896
144.000000 0.073185 0.116077 0.701460 0.012897
144.099991 0.072257 0.116830 0.703778 0.012992
144.199997 0.071414 0.115323 0.702541 0.014303
144.300003 0.071807 0.117912 0.706071 0.012801
144.399994 0.071786 0.114777 0.704659 0.012897
144.500000 0.070549 0.113780 0.703492 0.012409
144.599991 0.071450 0.114420 0.702208 0.012491
144.699997 0.071822 0.112291 0.699689 0.012922
144.800003 0.072149 0.113121 0.703108 0.014090
144.899994 0.073251 0.110878 0.700891 0.013509
145.000000 0.073129 0.115046 0.703781 0.013105
145.099991 0.073473 0.115115 0.707007 0.013814
145.199997 0.073219 0.112976 0.704325 0.013485
145.300003 0.072187 0.110533 0.708150 0.014117
145.399994 0.074000 0.110700 0.703400 0.014600
145.500000 0.076262 0.109345 0.703948 0.016692
145.599991 0.077777 0.109667 0.703189 0.017395
145.699997 0.077400 0.108800 0.701900 0.017300
145.800003 0.075538 0.105553 0.698849 0.017309
145.899994 0.075070 0.101859 0.698820 0.018792
146.000000 0.075145 0.104763 0.698819 0.019212
146.099991 0.076070 0.104758 0.699720 0.019192
146.199997 0.077509 0.109553 0.699379 0.019627
146.300003 0.076869 0.108756 0.699820 0.019292
146.399994 0.076646 0.110166 0.699119 0.019011
146.500000 0.076269 0.108297 0.700330 0.018817
146.599991 0.075255 0.107735 0.703578 0.019388
146.699997 0.075292 0.108689 0.704729 0.019098
146.800003 0.074078 0.107968 0.707488 0.018095
146.899994 0.074222 0.106932 0.711213 0.018005
147.000000 0.075255 0.108035 0.707675 0.017789
147.099991 0.075432 0.104706 0.710161 0.017684
147.199997 0.076361 0.106585 0.711769 0.017314
147.300003 0.076047 0.106026 0.708504 0.017488
147.399994 0.075032 0.105605 0.709062 0.018284
147.500000 0.074233 0.107903 0.709861 0.017884
147.599991 0.074540 0.107314 0.709133 0.018285
147.699997 0.073752 0.107775 0.705394 0.017112
147.800003 0.072744 0.110366 0.705323 0.017711
147.899994 0.074752 0.113980 0.713299 0.018913
148.000000 0.075747 0.113521 0.714700 0.018287
148.099991 0.076531 0.114997 0.712858 0.017784
148.199997 0.075932 0.112798 0.712759 0.017484
148.300003 0.076123 0.111633 0.714514 0.015905
148.399994 0.076092 0.109089 0.712729 0.015998
148.500000 0.077561 0.108746 0.715042 0.016392
148.599991 0.077992 0.109789 0.723228 0.015798
148.699997 0.077423 0.108433 0.721216 0.016605
148.800003 0.077700 0.108800 0.718000 0.016300
148.899994 0.077038 0.107914 0.717326 0.017186
149.000000 0.077631 0.110244 0.719388 0.017907
149.099991 0.077992 0.110689 0.718428 0.017798
149.199997 0.076438 0.106853 0.716458 0.018509
149.300003 0.075502 0.105862 0.718466 0.018776
149.399994 0.076146 0.107364 0.718631 0.019612
149.500000 0.075481 0.107358 0.719126 0.018144
149.599991 0.074352 0.106174 0.722005 0.019714
149.699997 0.074630 0.103641 0.720388 0.018908
149.800003 0.075090 0.105627 0.720364 0.019523
149.899994 0.073437 0.105853 0.718559 0.018909
150.000000 0.073722 0.102831 0.717415 0.018205
150.099991 0.074715 0.101020 0.719744 0.016703
150.199997 0.073490 0.099651 0.715926 0.016575
150.300003 0.073985 0.104079 0.721156 0.015397
150.399994 0.076115 0.104321 0.718744 0.016303
150.500000 0.076762 0.107246 0.721339 0.016592
150.599991 0.076577 0.109867 0.721384 0.016595
150.699997 0.076985 0.112677 0.720956 0.016597
150.800003 0.077339 0.111456 0.725763 0.016808
150.899994 0.075670 0.110656 0.728209 0.017093
151.000000 0.075515 0.112623 0.732847 0.017804
151.099991 0.076147 0.113321 0.731188 0.017288
151.199997 0.074470 0.111555 0.731207 0.016393
151.300003 0.072873 0.109009 0.732132 0.016416
151.399994 0.072143 0.108365 0.734341 0.015509
151.500000 0.072593 0.109989 0.732527 0.015598
151.599991 0.073600 0.110300 0.732600 0.016000
151.699997 0.074048 0.108224 0.736185 0.015789
151.800003 0.071600 0.106700 0.731100 0.016000
151.899994 0.071457 0.109334 0.725065 0.015591
152.000000 0.072428 0.109790 0.729870 0.015684
152.099991 0.072171 0.110056 0.731108 0.016693
152.199997 0.071829 0.111645 0.732293 0.016006
152.300003 0.073373 0.110110 0.734535 0.016817
152.399994 0.073878 0.110567 0.733980 0.017695
152.500000 0.074545 0.108865 0.732439 0.018211
152.599991 0.072922 0.110433 0.736521 0.018105
152.699997 0.073641 0.107514 0.741607 0.017886
152.800003 0.072900 0.107100 0.740000 0.018700
152.899994 0.074248 0.104527 0.745078 0.019886
153.000000 0.074945 0.105063 0.746548 0.020312
153.099991 0.072587 0.104325 0.742391 0.019824
153.199997 0.072665 0.103693 0.742268 0.021619
153.300003 0.072165 0.102592 0.738565 0.021319
153.399994 0.071172 0.102459 0.741703 0.021491
153.500000 0.069604 0.101352 0.742914 0.021632
153.599991 0.070628 0.101641 0.746599 0.021409
153.699997 0.071250 0.102672 0.746623 0.021115
153.800003 0.072014 0.103321 0.748950 0.022204
153.899994 0.071700 0.104300 0.751600 0.021100
154.000000 0.071693 0.106689 0.754725 0.019798
154.099991 0.073044 0.104062 0.755553 0.020112
154.199997 0.074063 0.104248 0.754523 0.019390
154.300003 0.073015 0.103221 0.753251 0.020704
154.399994 0.073334 0.105505 0.757518 0.020681
154.500000 0.073622 0.105632 0.761128 0.021206
154.599991 0.076446 0.107765 0.760156 0.021313
154.699997 0.076708 0.109269 0.765981 0.020975
154.800003 0.076954 0.109234 0.765141 0.021087
154.899994 0.078038 0.113409 0.765488 0.021583
155.000000 0.080208 0.113511 0.764977 0.021202
155.099991 0.079516 0.115623 0.768754 0.021404
155.199997 0.080292 0.115488 0.769523 0.022598
155.300003 0.080368 0.112055 0.770992 0.022791
155.399994 0.079332 0.109144 0.767607 0.021709
155.500000 0.080684 0.110878 0.768346 0.022396
155.599991 0.080112 0.108680 0.769653 0.022176
155.699997 0.078963 0.108086 0.769516 0.020516
155.800003 0.077646 0.107225 0.764465 0.019886
155.899994 0.078325 0.105769 0.766326 0.019231
156.000000 0.079912 0.108780 0.764359 0.019479
156.099991 0.080300 0.108600 0.765400 0.019600
156.199997 0.081119 0.109890 0.766034 0.020280
156.300003 0.081969 0.110323 0.763578 0.020767
156.399994 0.081124 0.109633 0.759028 0.020906
156.500000 0.082517 0.108922 0.762853 0.020704
156.599991 0.083625 0.109633 0.767830 0.020206
156.699997 0.082466 0.106385 0.764912 0.020917
156.800003 0.081900 0.104300 0.765300 0.020200
156.899994 0.082393 0.103665 0.771597 0.019575
157.000000 0.080552 0.102139 0.773336 0.018489
157.099991 0.079360 0.105447 0.774613 0.019690
157.199997 0.079824 0.104131 0.777433 0.019506
157.300003 0.080781 0.106306 0.778479 0.019219
157.399994 0.079800 0.104400 0.781400 0.019500
157.500000 0.079389 0.101458 0.781506 0.018674
157.599991 0.081459 0.103448 0.783608 0.017391
157.699997 0.082293 0.105163 0.784880 0.017178
157.800003 0.082200 0.104500 0.783700 0.016800
157.899994 0.081708 0.105311 0.784578 0.016602
158.000000 0.081492 0.107689 0.784722 0.017598
158.099991 0.082007 0.110243 0.786122 0.017323
158.199997 0.082284 0.112078 0.781844 0.017097
158.300003 0.080968 0.111955 0.781088 0.016393
158.399994 0.080204 0.109868 0.780663 0.016680
158.500000 0.081216 0.111822 0.776455 0.016703
158.599991 0.083375 0.113066 0.780866 0.019094
158.699997 0.083292 0.112524 0.783862 0.019121
158.800003 0.084759 0.114980 0.784049 0.018313
158.899994 0.083600 0.113500 0.784300 0.018700
159.000000 0.082950 0.113732 0.784130 0.018989
159.099991 0.083092 0.112289 0.782622 0.018698
159.199997 0.085015 0.114585 0.780719 0.017083
159.300003 0.086152 0.118771 0.787072 0.016310
159.399994 0.086809 0.118712 0.790079 0.016702
159.500000 0.085743 0.119260 0.785593 0.016808
159.599991 0.085783 0.121176 0.788842 0.017497
159.699997 0.087239 0.122414 0.789947 0.017088
159.800003 0.088793 0.122553 0.786756 0.016980
159.899994 0.088862 0.122186 0.789052 0.017312
160.000000 0.089036 0.124850 0.788715 0.017207
160.099991 0.088135 0.124150 0.786415 0.017307
160.199997 0.088718 0.124325 0.785957 0.016703
160.300003 0.087844 0.120760 0.786693 0.016908
160.399994 0.088729 0.119005 0.785771 0.016487
160.500000 0.088594 0.118658 0.789053 0.016380
160.599991 0.089436 0.120548 0.789016 0.017707
160.699997 0.087517 0.119924 0.788958 0.017704
160.800003 0.086743 0.122761 0.791196 0.016908
160.899994 0.087900 0.119600 0.791700 0.017700
161.000000 0.087647 0.118129 0.792624 0.018489
161.099991 0.087065 0.118153 0.786385 0.017793
161.199997 0.085437 0.114984 0.785958 0.018129
161.300003 0.084226 0.114271 0.788883 0.017727
161.399994 0.083433 0.114146 0.788415 0.017107
161.500000 0.082825 0.113334 0.789437 0.017705
161.599991 0.082475 0.109067 0.791063 0.018394
161.699997 0.083934 0.111144 0.792117 0.020008
161.800003 0.083858 0.111244 0.790005 0.018491
161.899994 0.085383 0.111578 0.789142 0.019196
162.000000 0.086077 0.112601 0.787509 0.019217
162.099991 0.087691 0.114389 0.786921 0.019298
162.199997 0.088511 0.115884 0.787113 0.019481
162.300003 0.089062 0.117482 0.792355 0.020815
162.399994 0.089055 0.117541 0.794003 0.021389
162.500000 0.089248 0.117201 0.794649 0.021663
162.599991 0.088991 0.114189 0.790421 0.022898
162.699997 0.088324 0.113259 0.793511 0.023032
162.800003 0.087865 0.114454 0.795882 0.021891
162.899994 0.087835 0.112545 0.794018 0.022209
163.000000 0.085463 0.110823 0.797823 0.020367
163.099991 0.085432 0.112710 0.801559 0.020983
163.199997 0.084224 0.110301 0.799480 0.021680
163.300003 0.083875 0.109667 0.799660 0.021793
163.399994 0.083858 0.110845 0.806197 0.022089
163.500000 0.083783 0.111544 0.801877 0.021570
163.599991 0.083983 0.112877 0.800840 0.020596
163.699997 0.083516 0.112787 0.799800 0.021379
163.800003 0.084075 0.114266 0.800360 0.021194
163.899994 0.083583 0.113777 0.803439 0.020196
164.000000 0.084201 0.115038 0.803865 0.019223
164.099991 0.084024 0.115796 0.801579 0.018983
164.199997 0.083617 0.114123 0.799260 0.018404
164.300003 0.082983 0.112913 0.799399 0.018018
164.399994 0.083733 0.113045 0.796018 0.018107
164.500000 0.085251 0.113368 0.796678 0.019512
164.599991 0.085317 0.114923 0.799460 0.020604
164.699997 0.086146 0.115997 0.801262 0.019834
164.800003 0.085426 0.118936 0.799940 0.020006
164.899994 0.086896 0.120432 0.797377 0.019822
165.000000 0.087344 0.119560 0.796398 0.020310
165.099991 0.087444 0.117859 0.794797 0.020810
165.199997 0.086800 0.119800 0.797200 0.019200
165.300003 0.086052 0.117170 0.795077 0.018611
165.399994 0.085560 0.118383 0.794056 0.017812
165.500000 0.084549 0.119628 0.792225 0.018489
165.599991 0.084417 0.120824 0.796859 0.019004
165.699997 0.085680 0.121630 0.799081 0.018574
165.800003 0.086174 0.119764 0.799660 0.018694
165.899994 0.085674 0.121064 0.799660 0.017795
166.000000 0.087130 0.120903 0.799760 0.017386
166.099991 0.085517 0.122024 0.799060 0.017704
166.199997 0.087200 0.123300 0.799600 0.016900
166.300003 0.086826 0.122237 0.801841 0.016705
166.399994 0.086317 0.122324 0.804061 0.016703
166.500000 0.086365 0.122451 0.803379 0.017093
166.599991 0.086209 0.120612 0.805081 0.017702
166.699997 0.086539 0.121015 0.809933 0.017588
166.800003 0.086457 0.121539 0.810995 0.017891
166.899994 0.086817 0.123225 0.810362 0.018904
167.000000 0.085209 0.120312 0.806481 0.018902
167.099991 0.086191 0.122688 0.809919 0.017698
167.199997 0.087556 0.121139 0.808896 0.018091
167.300003 0.087918 0.121024 0.806661 0.017904
167.399994 0.087903 0.120867 0.808111 0.018580
167.500000 0.087526 0.119936 0.807242 0.019206
167.599991 0.087865 0.117453 0.809776 0.019192
167.699997 0.087979 0.118607 0.813532 0.017416
167.800003 0.088400 0.117000 0.817800 0.016700
167.899994 0.087870 0.116593 0.817554 0.016813
168.000000 0.086274 0.117365 0.818754 0.016695
168.099991 0.085826 0.118736 0.818646 0.017205
168.199997 0.086478 0.118106 0.816034 0.016915
168.300003 0.084241 0.114920 0.814430 0.015989
168.399994 0.086040 0.118117 0.809833 0.016289
168.500000 0.086574 0.120564 0.810657 0.017295
168.599991 0.085317 0.118724 0.814863 0.016603
168.699997 0.085391 0.121188 0.816918 0.016598
168.800003 0.085083 0.119976 0.816037 0.016997
168.899994 0.084517 0.121924 0.815463 0.016003
169.000000 0.083933 0.122402 0.818845 0.015787
169.099991 0.084182 0.121730 0.820152 0.016277
169.199997 0.083692 0.122088 0.825417 0.016398
169.300003 0.083358 0.124987 0.828080 0.016311
169.399994 0.084107 0.123416 0.830191 0.016761
169.500000 0.084266 0.124350 0.828569 0.017193
169.599991 0.085083 0.126075 0.828834 0.018196
169.699997 0.083841 0.124863 0.827627 0.017068
169.800003 0.083808 0.125213 0.825082 0.016802
169.899994 0.083433 0.125899 0.830136 0.016487
170.000000 0.080176 0.123363 0.830351 0.016795
170.099991 0.079952 0.123926 0.829302 0.017390
170.199997 0.080529 0.124099 0.825821 0.019030
170.300003 0.080208 0.125613 0.826383 0.018002
170.399994 0.078937 0.127498 0.824640 0.018385
170.500000 0.078884 0.126875 0.823635 0.018996
170.599991 0.080584 0.130074 0.824635 0.019396
170.699997 0.078895 0.126151 0.823889 0.018522
170.800003 0.078561 0.126337 0.822789 0.018991
170.899994 0.078098 0.128633 0.822131 0.019774
171.000000 0.077960 0.128269 0.820224 0.019365
171.099991 0.078198 0.127035 0.815839 0.018975
171.199997 0.078200 0.126000 0.811100 0.018000
171.300003 0.078676 0.128062 0.813256 0.017095
171.399994 0.077108 0.128380 0.811837 0.017224
171.500000 0.077369 0.129348 0.812175 0.016893
171.599991 0.074900 0.127600 0.811300 0.016800
171.699997 0.073741 0.124500 0.810152 0.015987
171.800003 0.074078 0.122063 0.807658 0.015995
171.899994 0.075005 0.122972 0.809033 0.017224
172.000000 0.076892 0.122647 0.808070 0.017922
172.099991 0.077261 0.120283 0.809243 0.017269
172.199997 0.077138 0.122002 0.808253 0.016787
172.300003 0.076800 0.120657 0.805747 0.016722
172.399994 0.077100 0.120500 0.805300 0.017600
172.500000 0.077470 0.119107 0.805325 0.017816
172.599991 0.076846 0.121015 0.806036 0.017987
172.699997 0.075970 0.122051 0.804578 0.017893
172.800003 0.075977 0.120464 0.805158 0.017695
172.899994 0.074678 0.119264 0.805558 0.017195
173.000000 0.074448 0.119616 0.803937 0.016289
173.099991 0.075732 0.120192 0.802478 0.016685
173.199997 0.074793 0.118188 0.804320 0.017098
173.300003 0.077046 0.118871 0.808585 0.017110
173.399994 0.075715 0.115023 0.807462 0.016603
173.500000 0.074193 0.113089 0.808319 0.016798
173.599991 0.074293 0.111089 0.809219 0.016098
173.699997 0.074437 0.112056 0.811406 0.016008
173.800003 0.075047 0.112521 0.809433 0.014790
173.899994 0.074378 0.111467 0.812056 0.014296
174.000000 0.074148 0.113820 0.810932 0.014690
174.099991 0.074515 0.114223 0.807462 0.014803
174.199997 0.074496 0.115139 0.804773 0.014480
174.300003 0.074690 0.115338 0.805166 0.015118
174.399994 0.074537 0.116358 0.803202 0.014207
174.500000 0.072307 0.116112 0.804981 0.013701
174.599991 0.072536 0.115058 0.806603 0.013207
174.699997 0.072693 0.112689 0.804919 0.013199
174.800003 0.071886 0.111278 0.804739 0.012797
174.899994 0.072929 0.109944 0.805922 0.013806
175.000000 0.072064 0.108846 0.800700 0.013993
175.099991 0.073251 0.112279 0.800360 0.014510
175.199997 0.073688 0.113937 0.803564 0.013817
175.300003 0.075085 0.114077 0.802839 0.014197
175.399994 0.077662 0.111489 0.803243 0.013611
175.500000 0.077769 0.115554 0.805278 0.013395
175.599991 0.079171 0.116705 0.802222 0.013512
175.699997 0.078431 0.115246 0.800420 0.014906
175.800003 0.077977 0.115165 0.799760 0.014996
175.899994 0.075985 0.117477 0.801940 0.014997
176.000000 0.077662 0.118295 0.796037 0.015412
176.099991 0.076769 0.120308 0.792013 0.015714
176.199997 0.079408 0.121212 0.788879 0.015702
176.300003 0.078976 0.121863 0.790163 0.015695
176.399994 0.077892 0.118388 0.789421 0.015698
176.500000 0.077578 0.118418 0.787187 0.014414
176.599991 0.076615 0.118177 0.785278 0.013520
176.699997 0.076446 0.115019 0.785950 0.013690
176.800003 0.077431 0.114746 0.786615 0.014606
176.899994 0.077515 0.114674 0.785036 0.015483
177.000000 0.076715 0.114923 0.786157 0.015903
177.099991 0.076700 0.113153 0.781085 0.015779
177.199997 0.076631 0.112745 0.779612 0.015906
177.300003 0.076361 0.113591 0.776021 0.016914
177.399994 0.078184 0.118776 0.772146 0.016397
177.500000 0.078653 0.120628 0.770338 0.015791
177.599991 0.077015 0.118124 0.771954 0.015303
177.699997 0.077385 0.118176 0.771846 0.015997
177.800003 0.076946 0.118217 0.773159 0.017088
177.899994 0.076477 0.121164 0.771569 0.017995
178.000000 0.076523 0.119536 0.773032 0.017405
178.099991 0.075377 0.121064 0.776467 0.017295
178.199997 0.074352 0.120484 0.772841 0.018213
178.300003 0.075023 0.119536 0.772532 0.018205
178.399994 0.075100 0.118700 0.773300 0.018200
178.500000 0.075068 0.117205 0.775998 0.019518
178.599991 0.073607 0.112311 0.776378 0.018702
178.699997 0.074204 0.114260 0.777088 0.019127
178.800003 0.072685 0.114277 0.779044 0.018696
178.899994 0.073122 0.115135 0.777133 0.019206
179.000000 0.072214 0.117023 0.779956 0.018404
179.099991 0.071914 0.114623 0.784157 0.019404
179.199997 0.072464 0.113343 0.785007 0.018491
179.300003 0.070277 0.112023 0.781059 0.018420
179.399994 0.070728 0.114346 0.782113 0.017507
179.500000 0.071172 0.111755 0.784986 0.018093
179.599991 0.072022 0.112734 0.788737 0.017705
179.699997 0.072651 0.113780 0.786651 0.017612
179.800003 0.072715 0.112523 0.787557 0.018104
179.899994 0.073797 0.115438 0.786699 0.019672
180.000000 0.073295 0.115650 0.786623 0.018724
180.099991 0.073112 0.111266 0.786157 0.017179
180.199997 0.071643 0.110220 0.787074 0.017234
180.300003 0.070972 0.112955 0.789684 0.018093
180.399994 0.070928 0.112345 0.791317 0.018707
180.500000 0.072522 0.112534 0.787236 0.018105
180.599991 0.072322 0.111633 0.785136 0.018406
180.699997 0.073275 0.110911 0.786962 0.017770
180.800003 0.073415 0.110622 0.784457 0.017503
180.899994 0.074185 0.112977 0.786543 0.016997
181.000000 0.073619 0.114274 0.786235 0.016182
181.099991 0.073985 0.117976 0.784143 0.017696
181.199997 0.074141 0.117306 0.787570 0.017386
181.300003 0.073793 0.118588 0.785721 0.015998
181.399994 0.075115 0.116423 0.785857 0.015803
181.500000 0.074997 0.117553 0.780114 0.016421
181.599991 0.077261 0.117441 0.789205 0.016692
181.699997 0.076915 0.118524 0.787958 0.017904
181.800003 0.077716 0.115823 0.788458 0.018304
181.899994 0.077500 0.114100 0.787200 0.017600
182.000000 0.075839 0.115208 0.788769 0.017386
182.099991 0.076454 0.115831 0.786628 0.016990
182.199997 0.077684 0.117576 0.786943 0.015697
182.300003 0.077947 0.119472 0.784771 0.016710
182.399994 0.076785 0.116577 0.790442 0.017596
182.500000 0.077847 0.118171 0.790975 0.017711
182.599991 0.076808 0.116312 0.792379 0.017902
182.699997 0.078431 0.114746 0.795018 0.018808
182.800003 0.078000 0.116000 0.794500 0.017400
182.899994 0.077500 0.116400 0.793700 0.017900
183.000000 0.077038 0.113609 0.791866 0.017786
183.099991 0.077668 0.111710 0.792253 0.017870
183.199997 0.077523 0.113334 0.785436 0.018506
183.300003 0.077123 0.116335 0.786436 0.017505
183.399994 0.075547 0.118417 0.786449 0.019087
183.500000 0.077008 0.117212 0.788779 0.019502
183.599991 0.077622 0.115485 0.791409 0.018382
183.699997 0.077798 0.112707 0.789148 0.018851
183.800003 0.078484 0.115277 0.791342 0.018496
183.899994 0.076908 0.114211 0.789279 0.019002
184.000000 0.076554 0.113880 0.788152 0.017212
184.099991 0.074982 0.115027 0.785764 0.016518
184.199997 0.075545 0.113368 0.790474 0.017210
184.300003 0.076424 0.116384 0.786514 0.017283
184.399994 0.075668 0.114603 0.783005 0.017015
184.500000 0.076146 0.115069 0.786372 0.017110
184.599991 0.075800 0.113400 0.788500 0.015900
184.699997 0.075755 0.113732 0.783930 0.014891
184.800003 0.076347 0.114820 0.777456 0.014490
184.899994 0.079119 0.114071 0.777166 0.014321
185.000000 0.078408 0.114311 0.778978 0.013801
185.099991 0.078116 0.114223 0.776455 0.013903
185.199997 0.076715 0.113723 0.773455 0.014403
185.300003 0.078979 0.116917 0.770470 0.015415
185.399994 0.078829 0.116795 0.773204 0.016885
185.500000 0.080284 0.116777 0.768446 0.016497
185.599991 0.081445 0.117177 0.767741 0.015371
185.699997 0.080284 0.118376 0.766347 0.016097
185.800003 0.082717 0.116023 0.764953 0.015503
185.899994 0.084316 0.117682 0.768132 0.015385
186.000000 0.084124 0.121091 0.765511 0.016485
186.099991 0.082175 0.121364 0.763471 0.017195
186.199997 0.083100 0.123951 0.764982 0.017579
186.300003 0.082259 0.123838 0.768516 0.018591
186.399994 0.083875 0.123763 0.769769 0.018394
186.500000 0.084134 0.124850 0.769908 0.018507
186.599991 0.083884 0.125626 0.772573 0.018819
186.699997 0.082026 0.122889 0.775402 0.018983
186.800003 0.079832 0.120048 0.776411 0.019108
186.899994 0.080176 0.121564 0.779866 0.019494
187.000000 0.080080 0.119620 0.782483 0.018619
187.099991 0.080532 0.117147 0.782713 0.019708
187.199997 0.079960 0.118441 0.777111 0.020590
187.300003 0.078926 0.119091 0.775341 0.020933
187.399994 0.077446 0.118671 0.772764 0.020512
187.500000 0.076831 0.114097 0.773604 0.020881
187.599991 0.075885 0.110078 0.773545 0.020696
187.699997 0.077538 0.110612 0.772482 0.021283
187.800003 0.077485 0.107778 0.773945 0.022196
187.899994 0.075438 0.109955 0.771786 0.022211
188.000000 0.076546 0.110623 0.775257 0.021685
188.099991 0.076177 0.111467 0.770869 0.021594
188.199997 0.076946 0.112868 0.771563 0.022814
188.300003 0.077408 0.110811 0.771677 0.022202
188.399994 0.076715 0.109622 0.769254 0.022004
188.500000 0.076892 0.108389 0.773923 0.021998
188.599991 0.076585 0.107578 0.774845 0.020996
188.699997 0.075817 0.105983 0.772151 0.021676
188.800003 0.075753 0.104273 0.769839 0.022316
188.899994 0.074341 0.101719 0.774181 0.020683
189.000000 0.073744 0.101461 0.775065 0.019612
189.099991 0.073715 0.102521 0.773455 0.019204
189.199997 0.072758 0.102382 0.775420 0.017314
189.300003 0.073105 0.102866 0.770798 0.017877
189.399994 0.073349 0.102528 0.768762 0.017788
189.500000 0.072336 0.101151 0.770485 0.018809
189.599991 0.071764 0.103248 0.766617 0.019790
189.699997 0.074052 0.104073 0.769238 0.019814
189.800003 0.075347 0.105026 0.768062 0.018987
189.899994 0.074503 0.103266 0.770698 0.019175
190.000000 0.074226 0.102697 0.768831 0.018781
190.099991 0.074445 0.103462 0.769662 0.019512
190.199997 0.076369 0.104994 0.768091 0.018617
190.300003 0.076077 0.109067 0.769269 0.017195
190.399994 0.076091 0.107829 0.765519 0.017221
190.500000 0.075292 0.108689 0.762924 0.017498
190.599991 0.075153 0.109577 0.764035 0.016712
190.699997 0.074593 0.110489 0.762124 0.016398
190.800003 0.074100 0.112200 0.756300 0.015700
190.899994 0.074270 0.110256 0.757697 0.015994
191.000000 0.076000 0.111100 0.761200 0.015500
191.099991 0.076685 0.111278 0.759748 0.015797
191.199997 0.076531 0.112699 0.758218 0.015586
191.300003 0.079113 0.112676 0.759065 0.016182
191.399994 0.080364 0.112390 0.760208 0.015813
191.500000 0.080743 0.111322 0.757670 0.015789
191.599991 0.081300 0.111500 0.752000 0.014400
191.699997 0.080304 0.108270 0.755893 0.013783
191.800003 0.079092 0.107489 0.752525 0.014599
191.899994 0.079808 0.106611 0.750175 0.014801
192.000000 0.079916 0.108222 0.747349 0.014003
192.099991 0.079440 0.107454 0.747274 0.013807
192.199997 0.079740 0.106753 0.744672 0.013107
192.300003 0.080452 0.109734 0.743454 0.012493
192.399994 0.080132 0.111144 0.744298 0.012705
192.500000 0.079756 0.112179 0.745522 0.013810
192.599991 0.080368 0.114054 0.744202 0.014394
192.699997 0.080084 0.111578 0.741152 0.014797
192.800003 0.081759 0.113143 0.739730 0.013993
192.899994 0.080116 0.112422 0.736747 0.013203
193.000000 0.079016 0.111622 0.734647 0.014303
193.099991 0.078992 0.111889 0.736326 0.014099
193.199997 0.077647 0.112167 0.734741 0.014709
193.300003 0.077570 0.112601 0.736263 0.015314
193.399994 0.078139 0.116058 0.735368 0.015308
193.500000 0.077900 0.115900 0.736900 0.015500
193.599991 0.077999 0.115650 0.737341 0.015979
193.699997 0.078261 0.115642 0.738731 0.015792
193.800003 0.079063 0.117194 0.742994 0.016513
193.899994 0.078045 0.116618 0.747777 0.016688
194.000000 0.078400 0.116200 0.745100 0.016700
194.099991 0.078183 0.116026 0.745582 0.016276
194.199997 0.079311 0.116163 0.745043 0.016223
194.300003 0.080208 0.114811 0.745675 0.016602
194.399994 0.080905 0.114749 0.747572 0.017022
194.500000 0.081459 0.115542 0.747826 0.016392
194.599991 0.081428 0.115824 0.752106 0.016045
194.699997 0.081035 0.112610 0.753497 0.017686
194.800003 0.081343 0.113720 0.756371 0.018087
194.899994 0.081262 0.115004 0.755016 0.016971
195.000000 0.079155 0.113880 0.757230 0.016311
195.099991 0.077600 0.112700 0.754600 0.016000
195.199997 0.078447 0.112868 0.757655 0.015709
195.300003 0.079700 0.113400 0.756700 0.015400
195.399994 0.079568 0.110556 0.756897 0.014694
195.500000 0.081224 0.110433 0.758027 0.016205
195.599991 0.081998 0.109531 0.760413 0.015719
195.699997 0.079540 0.109555 0.764982 0.016108
195.800003 0.080732 0.110244 0.764306 0.016807
195.899994 0.081741 0.115658 0.762981 0.017409
196.000000 0.082266 0.117194 0.764211 0.017114
196.099991 0.082092 0.117588 0.765923 0.019298
196.199997 0.081851 0.115930 0.762642 0.019089
196.300003 0.081700 0.115100 0.763700 0.019900
196.399994 0.081433 0.115646 0.761705 0.020008
196.500000 0.080795 0.114351 0.763907 0.019275
196.599991 0.080096 0.115350 0.762708 0.019575
196.699997 0.079079 0.115516 0.764364 0.019720
196.800003 0.078639 0.112756 0.757479 0.018809
196.899994 0.077809 0.112958 0.754356 0.018926
197.000000 0.078716 0.112923 0.750350 0.018704
197.099991 0.078284 0.114577 0.754349 0.019196
197.199997 0.080156 0.116281 0.753327 0.017212
197.300003 0.083433 0.118948 0.752401 0.016507
197.399994 0.083042 0.121415 0.754572 0.018387
197.500000 0.084583 0.121776 0.753649 0.016697
197.599991 0.083716 0.120380 0.757642 0.016484
197.699997 0.083849 0.121681 0.761729 0.015073
197.800003 0.084742 0.123362 0.762481 0.015208
197.899994 0.085549 0.124225 0.763842 0.014691
198.000000 0.084300 0.123400 0.764200 0.015000
198.099991 0.083717 0.122124 0.760252 0.014703
198.199997 0.084534 0.123049 0.754002 0.013705
198.300003 0.082792 0.119888 0.757124 0.012699
198.399994 0.080951 0.116930 0.754048 0.013392
198.500000 0.080829 0.115485 0.755309 0.013221
198.599991 0.081982 0.116817 0.753153 0.013013
198.699997 0.083901 0.118642 0.755507 0.013016
198.800003 0.083167 0.114954 0.755698 0.012695
198.899994 0.082633 0.116447 0.756303 0.013205
199.000000 0.082725 0.113334 0.753226 0.013504
199.099991 0.084041 0.111922 0.753173 0.013890
199.199997 0.084434 0.112545 0.753702 0.014506
199.300003 0.085717 0.113323 0.754851 0.014503
199.399994 0.084702 0.112735 0.754706 0.014117
199.500000 0.084251 0.113668 0.755854 0.013608
199.599991 0.082983 0.115516 0.756056 0.014515
199.699997 0.084157 0.116702 0.755516 0.015274
199.800003 0.082975 0.117065 0.753174 0.014996
199.899994 0.083192 0.117888 0.754725 0.015998
