0.000000 0.999600 7.995800 0.000000 0.999300
0.750000 0.967616 7.809795 0.000000 0.975612
1.500000 0.938187 7.721390 0.000000 0.968644
2.250000 0.908637 7.667533 0.000000 0.970112
3.000000 0.885749 7.618097 0.000000 0.970139
3.750000 0.859730 7.595098 0.000000 0.972486
4.500000 0.834100 7.539899 0.000000 0.965800
5.250000 0.825513 7.558579 0.000000 0.967284
6.000000 0.798138 7.489292 0.000000 0.966673
6.750000 0.773790 7.429128 0.000000 0.968713
7.500000 0.745925 7.377563 0.000000 0.967503
8.250000 0.724825 7.320521 0.000000 0.968669
9.000000 0.713301 7.270810 0.000000 0.965424
9.750000 0.710860 7.230392 0.000000 0.966730
10.500000 0.707050 7.206601 0.000000 0.965899
11.250000 0.689224 7.141243 0.000000 0.967013
12.000000 0.677252 7.075994 0.000000 0.963052
12.750000 0.660934 7.049595 0.000000 0.967303
13.500000 0.652692 6.975185 0.000000 0.965579
14.250000 0.647300 6.974056 0.000000 0.966142
15.000000 0.638379 6.938598 0.000000 0.965855
15.750000 0.626913 6.882741 0.000000 0.966383
16.500000 0.615485 6.824375 0.000000 0.963836
17.250000 0.616436 6.796649 0.000000 0.961304
18.000000 0.604728 6.764413 0.000000 0.965589
18.750000 0.601220 6.712342 0.000000 0.961992
19.500000 0.595457 6.669002 0.000000 0.964179
20.250000 0.586603 6.624039 0.000000 0.959768
21.000000 0.570642 6.579653 0.000000 0.965956
21.750000 0.552258 6.485511 0.000000 0.967026
22.500000 0.545181 6.445302 0.000000 0.965838
23.250000 0.551962 6.465959 0.000000 0.965759
24.000000 0.540916 6.402862 0.000000 0.968587
24.750000 0.523871 6.341308 0.000000 0.967070
25.500000 0.504755 6.240765 0.000000 0.965162
26.250000 0.487795 6.139756 0.000000 0.968587
27.000000 0.501350 6.112111 0.000000 0.965597
27.750000 0.502096 6.119860 0.000000 0.967465
28.500000 0.506647 6.103448 0.000000 0.966917
29.250000 0.512920 6.136885 0.000000 0.967475
30.000000 0.513838 6.103007 0.000000 0.967929
30.750000 0.513238 6.098911 0.000000 0.968628
31.500000 0.510051 6.036704 0.000000 0.963896
32.250000 0.514129 6.019271 0.000000 0.967948
33.000000 0.507245 5.955631 0.000000 0.967922
33.750000 0.498002 5.899520 0.000000 0.969337
34.500000 0.502549 5.902349 0.000000 0.971014
35.250000 0.499700 5.888145 0.000000 0.963515
36.000000 0.498150 5.909791 0.000000 0.963596
36.750000 0.502850 5.926208 0.000000 0.966703
37.500000 0.504046 5.906085 0.000000 0.959836
38.250000 0.504246 5.850335 0.000000 0.964332
39.000000 0.506303 5.850640 0.000000 0.962585
39.750000 0.506267 5.838163 0.000000 0.961195
40.500000 0.498950 5.828183 0.000000 0.969497
41.250000 0.484731 5.792714 0.000000 0.966367
42.000000 0.486946 5.777734 0.000000 0.968791
42.750000 0.481129 5.723897 0.000000 0.968966
43.500000 0.470253 5.699030 0.000000 0.969503
44.250000 0.481356 5.769869 0.000000 0.966210
45.000000 0.481229 5.826910 0.000000 0.967064
45.750000 0.479383 5.775520 0.000000 0.964772
46.500000 0.466873 5.746097 0.000000 0.965673
47.250000 0.467034 5.705753 0.000000 0.968984
48.000000 0.446157 5.538831 0.000000 0.968675
48.750000 0.443733 5.494748 0.000000 0.969091
49.500000 0.435585 5.449656 0.000000 0.965772
50.250000 0.442100 5.420400 0.000000 0.967500
51.000000 0.437569 5.327003 0.000000 0.968210
51.750000 0.433097 5.305786 0.000000 0.967922
52.500000 0.421583 5.246581 0.000000 0.967555
53.250000 0.411223 5.215065 0.000000 0.968391
54.000000 0.413907 5.205108 0.000000 0.968875
54.750000 0.402322 5.113791 0.000000 0.964472
55.500000 0.410505 5.104552 0.000000 0.969785
56.250000 0.419904 5.195034 0.000000 0.968362
57.000000 0.404621 5.100530 0.000000 0.970691
57.750000 0.398920 5.034610 0.000000 0.970791
58.500000 0.386704 4.940507 0.000000 0.970453
59.250000 0.374001 4.889488 0.000000 0.969624
60.000000 0.376147 4.908157 0.000000 0.966793
60.750000 0.363119 4.854333 0.000000 0.971346
61.500000 0.372049 4.913165 0.000000 0.968187
62.250000 0.385200 4.944000 0.000000 0.965600
63.000000 0.392094 4.975145 0.000000 0.967059
63.750000 0.405962 5.063625 0.000000 0.965386
64.500000 0.404534 5.085081 0.000000 0.965948
65.250000 0.402945 5.070913 0.000000 0.969451
66.000000 0.407415 5.087174 0.000000 0.967635
66.750000 0.416875 5.130174 0.000000 0.963624
67.500000 0.404060 5.063893 0.000000 0.964304
68.250000 0.399500 5.027387 0.000000 0.971114
69.000000 0.384123 5.008209 0.000000 0.971869
69.750000 0.375749 4.923453 0.000000 0.975250
70.500000 0.364782 4.860030 0.000000 0.973687
71.250000 0.369404 4.879097 0.000000 0.970823
72.000000 0.372753 4.898722 0.000000 0.968338
72.750000 0.362810 4.832834 0.000000 0.967326
73.500000 0.358315 4.797879 0.000000 0.968281
74.250000 0.364535 4.763237 0.000000 0.968631
75.000000 0.370048 4.764906 0.000000 0.971088
75.750000 0.364373 4.732846 0.000000 0.972094
76.500000 0.350670 4.649930 0.000000 0.971294
77.250000 0.335233 4.536793 0.000000 0.968906
78.000000 0.330667 4.509749 0.000000 0.967103
78.750000 0.323832 4.442444 0.000000 0.971097
79.500000 0.315473 4.391687 0.000000 0.971557
80.250000 0.311919 4.363672 0.000000 0.969228
81.000000 0.309921 4.302927 0.000000 0.970427
81.750000 0.320448 4.375687 0.000000 0.972930
82.500000 0.324422 4.366076 0.000000 0.971964
83.250000 0.328005 4.342991 0.000000 0.970127
84.000000 0.325633 4.334633 0.000000 0.971997
84.750000 0.323685 4.326081 0.000000 0.971654
85.500000 0.338335 4.417667 0.000000 0.971389
86.250000 0.354819 4.487739 0.000000 0.973977
87.000000 0.350921 4.490288 0.000000 0.976171
87.750000 0.348391 4.493404 0.000000 0.975515
88.500000 0.353088 4.524878 0.000000 0.974472
89.250000 0.366061 4.562126 0.000000 0.973332
90.000000 0.353576 4.496604 0.000000 0.974231
90.750000 0.346747 4.469670 0.000000 0.972472
91.500000 0.352929 4.477005 0.000000 0.973205
92.250000 0.364164 4.576643 0.000000 0.974603
93.000000 0.362036 4.577258 0.000000 0.966797
93.750000 0.362317 4.639684 0.000000 0.971083
94.500000 0.373391 4.636491 0.000000 0.971255
95.250000 0.380481 4.693337 0.000000 0.971232
96.000000 0.374339 4.672853 0.000000 0.971166
96.750000 0.362446 4.603078 0.000000 0.966024
97.500000 0.378397 4.675260 0.000000 0.971623
98.250000 0.371666 4.650714 0.000000 0.969727
99.000000 0.380072 4.698681 0.000000 0.972017
99.750000 0.368046 4.669741 0.000000 0.968628
100.500000 0.370947 4.714756 0.000000 0.975456
101.250000 0.387116 4.813844 0.000000 0.972792
102.000000 0.387394 4.800000 0.000000 0.969385
102.750000 0.380714 4.768530 0.000000 0.974692
103.500000 0.390464 4.860764 0.000000 0.970650
104.250000 0.397122 4.870291 0.000000 0.972719
105.000000 0.390395 4.842822 0.000000 0.972486
105.750000 0.389295 4.867733 0.000000 0.971886
106.500000 0.387635 4.831302 0.000000 0.969037
107.250000 0.392247 4.871615 0.000000 0.973724
108.000000 0.385669 4.878873 0.000000 0.972816
108.750000 0.378203 4.817554 0.000000 0.970777
109.500000 0.385469 4.848491 0.000000 0.970818
110.250000 0.385942 4.841372 0.000000 0.970922
111.000000 0.381484 4.842278 0.000000 0.972965
111.750000 0.370900 4.812600 0.000000 0.968800
112.500000 0.356778 4.739305 0.000000 0.969542
113.250000 0.352288 4.628692 0.000000 0.969166
114.000000 0.354565 4.592641 0.000000 0.968603
114.750000 0.364789 4.663771 0.000000 0.972039
115.500000 0.359345 4.604032 0.000000 0.973456
116.250000 0.355458 4.590064 0.000000 0.972811
117.000000 0.357585 4.618029 0.000000 0.969718
117.750000 0.353630 4.553631 0.000000 0.970255
118.500000 0.351189 4.538877 0.000000 0.967719
119.250000 0.348884 4.519936 0.000000 0.973385
120.000000 0.368111 4.663938 0.000000 0.973642
120.750000 0.368658 4.677875 0.000000 0.973682
121.500000 0.368310 4.621986 0.000000 0.970791
122.250000 0.371594 4.637489 0.000000 0.974648
123.000000 0.388583 4.720784 0.000000 0.969509
123.750000 0.382118 4.716783 0.000000 0.971329
124.500000 0.382382 4.698799 0.000000 0.966366
125.250000 0.385407 4.708146 0.000000 0.970215
126.000000 0.365290 4.602319 0.000000 0.970609
126.750000 0.353499 4.547270 0.000000 0.973645
127.500000 0.356357 4.605358 0.000000 0.972111
128.250000 0.351389 4.558166 0.000000 0.971817
129.000000 0.323541 4.453537 0.000000 0.970124
129.750000 0.318809 4.452029 0.000000 0.968819
130.500000 0.336431 4.443845 0.000000 0.969624
131.250000 0.336827 4.425676 0.000000 0.970750
132.000000 0.334804 4.443999 0.000000 0.971022
132.750000 0.317514 4.349485 0.000000 0.972824
133.500000 0.315479 4.330196 0.000000 0.968662
134.250000 0.317778 4.294095 0.000000 0.968822
135.000000 0.316657 4.286798 0.000000 0.968943
135.750000 0.305783 4.225936 0.000000 0.971783
136.500000 0.306120 4.167985 0.000000 0.970450
137.250000 0.303316 4.157568 0.000000 0.968947
138.000000 0.301789 4.116318 0.000000 0.973818
138.750000 0.299750 4.058229 0.000000 0.972486
139.500000 0.300190 4.092243 0.000000 0.972746
140.250000 0.282374 4.010592 0.000000 0.972822
141.000000 0.287627 4.036878 0.000000 0.970118
141.750000 0.293484 4.067658 0.000000 0.970462
142.500000 0.289516 4.013206 0.000000 0.971188
143.250000 0.290171 3.981902 0.000000 0.972103
144.000000 0.291283 3.956017 0.000000 0.975910
144.750000 0.294076 3.948482 0.000000 0.973038
145.500000 0.292646 4.018009 0.000000 0.973487
146.250000 0.301940 4.066287 0.000000 0.971206
147.000000 0.297316 4.064951 0.000000 0.973960
147.750000 0.297760 3.982597 0.000000 0.974295
148.500000 0.294829 3.981598 0.000000 0.969697
149.250000 0.287173 3.958346 0.000000 0.970161
150.000000 0.282468 3.898335 0.000000 0.973288
150.750000 0.262706 3.813679 0.000000 0.970644
151.500000 0.265847 3.861428 0.000000 0.976105
152.250000 0.256674 3.797420 0.000000 0.971603
153.000000 0.247126 3.771468 0.000000 0.974908
153.750000 0.244178 3.755522 0.000000 0.975212
154.500000 0.232760 3.610633 0.000000 0.973716
155.250000 0.237066 3.623436 0.000000 0.972581
156.000000 0.233253 3.552690 0.000000 0.968106
156.750000 0.228686 3.458971 0.000000 0.971814
157.500000 0.238005 3.513195 0.000000 0.974210
158.250000 0.236466 3.491644 0.000000 0.975483
159.000000 0.240678 3.549352 0.000000 0.974975
159.750000 0.252903 3.551662 0.000000 0.971366
160.500000 0.257939 3.581885 0.000000 0.974036
161.250000 0.264579 3.580774 0.000000 0.974092
162.000000 0.258959 3.547848 0.000000 0.973774
162.750000 0.263347 3.606526 0.000000 0.973356
163.500000 0.250125 3.515777 0.000000 0.972353
164.250000 0.242415 3.415740 0.000000 0.976670
165.000000 0.230324 3.312325 0.000000 0.974431
165.750000 0.241483 3.341393 0.000000 0.979219
166.500000 0.239956 3.335199 0.000000 0.977913
167.250000 0.259425 3.434770 0.000000 0.977159
168.000000 0.263936 3.530070 0.000000 0.979520
168.750000 0.275283 3.578173 0.000000 0.975393
169.500000 0.272855 3.543109 0.000000 0.975095
170.250000 0.264674 3.517348 0.000000 0.972003
171.000000 0.263510 3.534412 0.000000 0.972231
171.750000 0.271854 3.546209 0.000000 0.977395
172.500000 0.274853 3.565491 0.000000 0.975322
173.250000 0.282361 3.622753 0.000000 0.978126
174.000000 0.295934 3.739535 0.000000 0.978220
174.750000 0.305647 3.745527 0.000000 0.974513
175.500000 0.311113 3.728363 0.000000 0.975015
176.250000 0.312275 3.748900 0.000000 0.976409
177.000000 0.318569 3.828139 0.000000 0.977653
177.750000 0.316635 3.787945 0.000000 0.975950
178.500000 0.297089 3.676303 0.000000 0.973192
179.250000 0.292308 3.663736 0.000000 0.975824
180.000000 0.294023 3.698668 0.000000 0.974072
180.750000 0.293641 3.697960 0.000000 0.972206
181.500000 0.282372 3.670733 0.000000 0.973603
182.250000 0.288300 3.746200 0.000000 0.977300
183.000000 0.297338 3.785622 0.000000 0.973178
183.750000 0.312106 3.867340 0.000000 0.974308
184.500000 0.293425 3.774618 0.000000 0.974159
185.250000 0.301840 3.838233 0.000000 0.969406
186.000000 0.292412 3.739778 0.000000 0.974508
186.750000 0.291483 3.720612 0.000000 0.977009
187.500000 0.286627 3.760811 0.000000 0.975931
188.250000 0.294472 3.808969 0.000000 0.978027
189.000000 0.298630 3.818382 0.000000 0.979098
189.750000 0.307785 3.914560 0.000000 0.976516
190.500000 0.306031 3.918992 0.000000 0.973197
191.250000 0.300020 3.895163 0.000000 0.975615
192.000000 0.292212 3.856143 0.000000 0.973208
192.750000 0.292598 3.841181 0.000000 0.976856
193.500000 0.275020 3.748799 0.000000 0.972578
194.250000 0.270500 3.749400 0.000000 0.974400
195.000000 0.265566 3.734735 0.000000 0.975576
195.750000 0.260492 3.710632 0.000000 0.972322
196.500000 0.252201 3.642357 0.000000 0.976791
197.250000 0.262932 3.694228 0.000000 0.976433
198.000000 0.258993 3.663669 0.000000 0.976819
198.750000 0.254798 3.686925 0.000000 0.976809
199.500000 0.260194 3.710249 0.000000 0.973750
200.250000 0.271148 3.752721 0.000000 0.972036
201.000000 0.272536 3.816208 0.000000 0.976088
201.750000 0.288840 3.894695 0.000000 0.978419
202.500000 0.289266 3.891563 0.000000 0.975337
203.250000 0.280000 3.817100 0.000000 0.968300
204.000000 0.286785 3.879632 0.000000 0.977425
204.750000 0.292802 3.944295 0.000000 0.975242
205.500000 0.292524 3.887268 0.000000 0.975215
206.250000 0.309787 3.956600 0.000000 0.978948
207.000000 0.303835 3.921095 0.000000 0.974331
207.750000 0.304343 3.906341 0.000000 0.972741
208.500000 0.305220 3.886715 0.000000 0.973450
209.250000 0.322787 3.968762 0.000000 0.977373
210.000000 0.324232 3.995800 0.000000 0.977998
210.750000 0.309612 3.954486 0.000000 0.975846
211.500000 0.306167 3.936023 0.000000 0.973368
212.250000 0.307938 3.955309 0.000000 0.975905
213.000000 0.302081 3.942365 0.000000 0.976686
213.750000 0.303212 3.973682 0.000000 0.977384
214.500000 0.312356 3.962741 0.000000 0.975926
215.250000 0.313551 3.988491 0.000000 0.972778
216.000000 0.308116 3.985090 0.000000 0.970079
216.750000 0.321329 4.089436 0.000000 0.976190
217.500000 0.315721 4.027867 0.000000 0.974630
218.250000 0.315637 4.013497 0.000000 0.978404
219.000000 0.324141 4.070544 0.000000 0.975520
219.750000 0.314928 4.009186 0.000000 0.971742
220.500000 0.332733 4.177117 0.000000 0.973397
221.250000 0.337335 4.244698 0.000000 0.974590
222.000000 0.338296 4.243481 0.000000 0.976421
222.750000 0.331467 4.170483 0.000000 0.969803
223.500000 0.326471 4.130409 0.000000 0.972020
224.250000 0.340218 4.219495 0.000000 0.978350
225.000000 0.347796 4.227432 0.000000 0.977007
225.750000 0.345820 4.234542 0.000000 0.977724
226.500000 0.345873 4.231716 0.000000 0.972686
227.250000 0.345465 4.211679 0.000000 0.972603
228.000000 0.341712 4.187612 0.000000 0.975863
228.750000 0.334303 4.141382 0.000000 0.972125
229.500000 0.343346 4.239612 0.000000 0.975168
230.250000 0.341634 4.223522 0.000000 0.973697
231.000000 0.342951 4.240116 0.000000 0.974541
231.750000 0.339660 4.292607 0.000000 0.974625
232.500000 0.351524 4.305047 0.000000 0.974113
233.250000 0.352906 4.327242 0.000000 0.973936
234.000000 0.349940 4.255902 0.000000 0.977191
234.750000 0.351454 4.262416 0.000000 0.976117
235.500000 0.361355 4.252799 0.000000 0.975210
236.250000 0.348156 4.221245 0.000000 0.974618
237.000000 0.339271 4.175441 0.000000 0.973279
237.750000 0.341149 4.154660 0.000000 0.978447
238.500000 0.338637 4.151306 0.000000 0.970179
239.250000 0.346931 4.230254 0.000000 0.973705
240.000000 0.349065 4.288471 0.000000 0.974003
240.750000 0.355161 4.355860 0.000000 0.970952
241.500000 0.356829 4.394669 0.000000 0.974740
242.250000 0.364893 4.368199 0.000000 0.975554
243.000000 0.371951 4.396441 0.000000 0.972211
243.750000 0.374212 4.469517 0.000000 0.973571
244.500000 0.368453 4.444622 0.000000 0.970812
245.250000 0.384154 4.586572 0.000000 0.973224
246.000000 0.375800 4.552300 0.000000 0.973800
246.750000 0.377957 4.568533 0.000000 0.973545
247.500000 0.391769 4.670563 0.000000 0.972930
248.250000 0.408057 4.714101 0.000000 0.973275
249.000000 0.403432 4.729549 0.000000 0.971269
249.750000 0.396534 4.703225 0.000000 0.970753
250.500000 0.382800 4.648900 0.000000 0.971000
251.250000 0.370801 4.626592 0.000000 0.973930
252.000000 0.356093 4.560032 0.000000 0.969209
252.750000 0.355222 4.584008 0.000000 0.973113
253.500000 0.361926 4.601441 0.000000 0.972675
254.250000 0.359416 4.568641 0.000000 0.974385
255.000000 0.364181 4.508195 0.000000 0.972616
255.750000 0.383347 4.659936 0.000000 0.974210
256.500000 0.372300 4.653500 0.000000 0.973100
257.250000 0.372942 4.681632 0.000000 0.971366
258.000000 0.368247 4.700881 0.000000 0.972689
258.750000 0.356215 4.617706 0.000000 0.970723
259.500000 0.343397 4.563731 0.000000 0.971509
260.250000 0.358834 4.609108 0.000000 0.971537
261.000000 0.362563 4.603003 0.000000 0.973974
261.750000 0.367049 4.624763 0.000000 0.973540
262.500000 0.362536 4.593559 0.000000 0.972897
263.250000 0.374588 4.623115 0.000000 0.975926
264.000000 0.377865 4.613730 0.000000 0.976383
264.750000 0.378827 4.608265 0.000000 0.976586
265.500000 0.382051 4.686134 0.000000 0.975741
266.250000 0.384109 4.699242 0.000000 0.974147
267.000000 0.385353 4.657408 0.000000 0.970327
267.750000 0.374027 4.623178 0.000000 0.971152
268.500000 0.362228 4.485303 0.000000 0.969506
269.250000 0.383568 4.556590 0.000000 0.971480
270.000000 0.392169 4.573369 0.000000 0.972330
270.750000 0.396202 4.583009 0.000000 0.975212
271.500000 0.388894 4.587894 0.000000 0.977189
272.250000 0.389205 4.575613 0.000000 0.975712
273.000000 0.378500 4.516900 0.000000 0.972900
273.750000 0.373401 4.484113 0.000000 0.976719
274.500000 0.380838 4.523552 0.000000 0.976098
275.250000 0.366713 4.459443 0.000000 0.972161
276.000000 0.375313 4.503851 0.000000 0.972092
276.750000 0.371754 4.529065 0.000000 0.977227
277.500000 0.374887 4.549354 0.000000 0.974346
278.250000 0.391313 4.696958 0.000000 0.971577
279.000000 0.382815 4.668000 0.000000 0.973692
279.750000 0.355387 4.550570 0.000000 0.968919
280.500000 0.360144 4.531813 0.000000 0.969988
281.250000 0.360533 4.502903 0.000000 0.971566
282.000000 0.371663 4.534246 0.000000 0.970803
282.750000 0.370155 4.486029 0.000000 0.969254
283.500000 0.380519 4.555844 0.000000 0.973427
284.250000 0.379023 4.556302 0.000000 0.972726
285.000000 0.367594 4.528523 0.000000 0.975280
285.750000 0.364625 4.535016 0.000000 0.974561
286.500000 0.336304 4.402483 0.000000 0.973268
287.250000 0.324822 4.337338 0.000000 0.973866
288.000000 0.321106 4.301163 0.000000 0.973041
288.750000 0.331832 4.383468 0.000000 0.971780
289.500000 0.307993 4.237080 0.000000 0.970052
290.250000 0.318913 4.351484 0.000000 0.971126
291.000000 0.314186 4.326174 0.000000 0.971029
291.750000 0.324678 4.361730 0.000000 0.976131
292.500000 0.335734 4.372237 0.000000 0.975098
293.250000 0.338099 4.324502 0.000000 0.974108
294.000000 0.340315 4.312556 0.000000 0.974947
294.750000 0.344087 4.354275 0.000000 0.973732
295.500000 0.335803 4.267821 0.000000 0.975370
296.250000 0.323256 4.247472 0.000000 0.972970
297.000000 0.324648 4.242088 0.000000 0.972247
297.750000 0.329566 4.293559 0.000000 0.972094
298.500000 0.327398 4.253076 0.000000 0.970391
299.250000 0.332132 4.258658 0.000000 0.970571
300.000000 0.327771 4.246627 0.000000 0.972219
300.750000 0.340187 4.257146 0.000000 0.973724
301.500000 0.355036 4.358636 0.000000 0.975998
302.250000 0.358769 4.395226 0.000000 0.974730
303.000000 0.362280 4.412961 0.000000 0.979968
303.750000 0.360551 4.384009 0.000000 0.977840
304.500000 0.366078 4.445542 0.000000 0.972946
305.250000 0.369922 4.486592 0.000000 0.976186
306.000000 0.354231 4.423635 0.000000 0.977566
306.750000 0.356237 4.445221 0.000000 0.972536
307.500000 0.346597 4.328155 0.000000 0.977849
308.250000 0.354035 4.395639 0.000000 0.974397
309.000000 0.348444 4.320925 0.000000 0.973782
309.750000 0.347295 4.269038 0.000000 0.975752
310.500000 0.333867 4.289258 0.000000 0.970794
311.250000 0.331467 4.294282 0.000000 0.974710
312.000000 0.338903 4.318691 0.000000 0.976386
312.750000 0.342689 4.299141 0.000000 0.973232
313.500000 0.351794 4.397381 0.000000 0.974008
314.250000 0.351924 4.374213 0.000000 0.975112
315.000000 0.363001 4.428229 0.000000 0.974228
315.750000 0.365793 4.471077 0.000000 0.972578
316.500000 0.362081 4.411806 0.000000 0.971486
317.250000 0.376762 4.518148 0.000000 0.975602
318.000000 0.366783 4.465833 0.000000 0.970685
318.750000 0.361594 4.434691 0.000000 0.973637
319.500000 0.363627 4.480133 0.000000 0.970473
320.250000 0.345612 4.370870 0.000000 0.966956
321.000000 0.336742 4.323308 0.000000 0.974336
321.750000 0.345789 4.405436 0.000000 0.974023
322.500000 0.337568 4.303660 0.000000 0.972494
323.250000 0.347713 4.333632 0.000000 0.972239
324.000000 0.353023 4.383208 0.000000 0.974013
324.750000 0.352929 4.380070 0.000000 0.971858
325.500000 0.369474 4.509602 0.000000 0.973095
326.250000 0.361147 4.449885 0.000000 0.968822
327.000000 0.344325 4.343225 0.000000 0.974720
327.750000 0.352883 4.390385 0.000000 0.972970
328.500000 0.361089 4.506805 0.000000 0.970076
329.250000 0.365030 4.515731 0.000000 0.970742
330.000000 0.372261 4.580306 0.000000 0.968178
330.750000 0.370781 4.648692 0.000000 0.976034
331.500000 0.363455 4.529888 0.000000 0.970312
332.250000 0.367926 4.592381 0.000000 0.977105
333.000000 0.360204 4.579111 0.000000 0.975866
333.750000 0.372690 4.586555 0.000000 0.973929
334.500000 0.378038 4.636464 0.000000 0.972797
335.250000 0.389100 4.661700 0.000000 0.969700
336.000000 0.384762 4.605427 0.000000 0.970064
336.750000 0.376011 4.559872 0.000000 0.971337
337.500000 0.363273 4.510579 0.000000 0.974651
338.250000 0.371951 4.545082 0.000000 0.973810
339.000000 0.372737 4.513251 0.000000 0.973797
339.750000 0.382318 4.564435 0.000000 0.972727
340.500000 0.387249 4.579221 0.000000 0.974577
341.250000 0.389574 4.632180 0.000000 0.977845
342.000000 0.381438 4.598860 0.000000 0.969297
342.750000 0.382306 4.652322 0.000000 0.970476
343.500000 0.376177 4.650471 0.000000 0.971950
344.250000 0.372484 4.618004 0.000000 0.971663
345.000000 0.357478 4.543550 0.000000 0.972364
345.750000 0.353865 4.549645 0.000000 0.973203
346.500000 0.344479 4.481730 0.000000 0.968365
347.250000 0.356152 4.431993 0.000000 0.971460
348.000000 0.353605 4.416417 0.000000 0.974735
348.750000 0.358785 4.393764 0.000000 0.975115
349.500000 0.363200 4.439700 0.000000 0.973400
350.250000 0.340711 4.363345 0.000000 0.975663
351.000000 0.327733 4.236323 0.000000 0.972997
351.750000 0.325570 4.228709 0.000000 0.974010
352.500000 0.321653 4.187781 0.000000 0.976340
353.250000 0.325993 4.214093 0.000000 0.971274
354.000000 0.330935 4.218891 0.000000 0.971414
354.750000 0.329006 4.211483 0.000000 0.971043
355.500000 0.341653 4.272763 0.000000 0.969948
356.250000 0.332832 4.253181 0.000000 0.974752
357.000000 0.331667 4.199820 0.000000 0.971611
357.750000 0.321196 4.138642 0.000000 0.971792
358.500000 0.322597 4.142042 0.000000 0.971691
359.250000 0.322047 4.093659 0.000000 0.971852
360.000000 0.327231 4.193577 0.000000 0.972089
360.750000 0.317505 4.098770 0.000000 0.972508
361.500000 0.337999 4.147456 0.000000 0.972108
362.250000 0.336068 4.160881 0.000000 0.970985
363.000000 0.341586 4.175604 0.000000 0.975343
363.750000 0.321775 4.063355 0.000000 0.975717
364.500000 0.323694 4.117771 0.000000 0.973084
365.250000 0.324825 4.106106 0.000000 0.973574
366.000000 0.329103 4.179392 0.000000 0.976014
366.750000 0.333367 4.175035 0.000000 0.973195
367.500000 0.336599 4.214536 0.000000 0.972108
368.250000 0.361519 4.373613 0.000000 0.976712
369.000000 0.355107 4.369911 0.000000 0.976193
369.750000 0.358572 4.405881 0.000000 0.974095
370.500000 0.360256 4.495902 0.000000 0.975610
371.250000 0.346773 4.417008 0.000000 0.975388
372.000000 0.339136 4.359344 0.000000 0.975790
372.750000 0.335934 4.332133 0.000000 0.975890
373.500000 0.312681 4.131908 0.000000 0.972819
374.250000 0.314820 4.204143 0.000000 0.973181
375.000000 0.309889 4.206693 0.000000 0.974151
375.750000 0.315095 4.238872 0.000000 0.973992
376.500000 0.326359 4.327160 0.000000 0.969867
377.250000 0.333933 4.325435 0.000000 0.971806
378.000000 0.330904 4.323718 0.000000 0.972949
378.750000 0.323830 4.281113 0.000000 0.975590
379.500000 0.315932 4.236824 0.000000 0.972397
380.250000 0.309091 4.191508 0.000000 0.976324
381.000000 0.323126 4.281497 0.000000 0.973882
381.750000 0.318291 4.186011 0.000000 0.974285
382.500000 0.314088 4.111567 0.000000 0.973284
383.250000 0.300868 4.072548 0.000000 0.974753
384.000000 0.295777 4.068541 0.000000 0.974985
384.750000 0.290513 4.038089 0.000000 0.973808
385.500000 0.290526 4.082751 0.000000 0.978313
386.250000 0.289009 4.067585 0.000000 0.971548
387.000000 0.282659 4.051175 0.000000 0.973014
387.750000 0.303309 4.143757 0.000000 0.975007
388.500000 0.291521 4.075483 0.000000 0.971969
389.250000 0.299570 4.053094 0.000000 0.974503
390.000000 0.302903 4.061161 0.000000 0.972472
390.750000 0.300450 4.070265 0.000000 0.972014
391.500000 0.288876 3.989486 0.000000 0.972164
392.250000 0.282789 3.898711 0.000000 0.972231
393.000000 0.281241 3.872536 0.000000 0.974787
393.750000 0.268678 3.836097 0.000000 0.969936
394.500000 0.281672 3.874213 0.000000 0.976402
395.250000 0.291300 3.926600 0.000000 0.974800
396.000000 0.297968 3.988790 0.000000 0.974477
396.750000 0.283030 3.923246 0.000000 0.968519
397.500000 0.279755 3.881279 0.000000 0.972225
398.250000 0.275876 3.826929 0.000000 0.973251
399.000000 0.281690 3.863251 0.000000 0.974828
399.750000 0.276768 3.773871 0.000000 0.970136
400.500000 0.284402 3.836030 0.000000 0.974236
401.250000 0.283002 3.834516 0.000000 0.979714
402.000000 0.266160 3.752223 0.000000 0.973424
402.750000 0.273701 3.772850 0.000000 0.975373
403.500000 0.263221 3.724083 0.000000 0.971109
404.250000 0.266380 3.712245 0.000000 0.974730
405.000000 0.270692 3.710116 0.000000 0.977409
405.750000 0.258904 3.579332 0.000000 0.972989
406.500000 0.263631 3.648792 0.000000 0.973038
407.250000 0.268032 3.660839 0.000000 0.973027
408.000000 0.275310 3.719488 0.000000 0.975890
408.750000 0.263147 3.614244 0.000000 0.971051
409.500000 0.250200 3.475090 0.000000 0.967787
410.250000 0.266267 3.543328 0.000000 0.976812
411.000000 0.248748 3.448307 0.000000 0.974554
411.750000 0.273708 3.621965 0.000000 0.978215
412.500000 0.270149 3.610506 0.000000 0.974733
413.250000 0.266947 3.634777 0.000000 0.973827
414.000000 0.266667 3.699749 0.000000 0.975539
414.750000 0.267859 3.752223 0.000000 0.974223
415.500000 0.251976 3.669401 0.000000 0.969091
416.250000 0.276228 3.796679 0.000000 0.973597
417.000000 0.261902 3.711049 0.000000 0.971554
417.750000 0.265720 3.743577 0.000000 0.970809
418.500000 0.270939 3.763701 0.000000 0.970650
419.250000 0.261838 3.758042 0.000000 0.972727
420.000000 0.254778 3.701991 0.000000 0.970980
420.750000 0.254056 3.668936 0.000000 0.972962
421.500000 0.249800 3.602041 0.000000 0.975990
422.250000 0.260691 3.657686 0.000000 0.973460
423.000000 0.270956 3.686182 0.000000 0.971026
423.750000 0.264106 3.714686 0.000000 0.976891
424.500000 0.255300 3.639600 0.000000 0.973200
425.250000 0.241572 3.574672 0.000000 0.968291
426.000000 0.229054 3.514097 0.000000 0.973705
426.750000 0.232747 3.507301 0.000000 0.976195
427.500000 0.219658 3.395865 0.000000 0.972330
428.250000 0.206351 3.346889 0.000000 0.973555
429.000000 0.210416 3.455752 0.000000 0.975556
429.750000 0.219125 3.501099 0.000000 0.974620
430.500000 0.208754 3.404716 0.000000 0.971220
431.250000 0.224091 3.496645 0.000000 0.970762
432.000000 0.217539 3.378817 0.000000 0.972770
432.750000 0.212817 3.308944 0.000000 0.971851
433.500000 0.224718 3.393032 0.000000 0.978137
434.250000 0.226315 3.392932 0.000000 0.976340
435.000000 0.234102 3.406309 0.000000 0.977738
435.750000 0.228948 3.404255 0.000000 0.977225
436.500000 0.220867 3.287028 0.000000 0.975415
437.250000 0.227541 3.277806 0.000000 0.976317
438.000000 0.230208 3.327469 0.000000 0.975410
438.750000 0.225375 3.303397 0.000000 0.974126
439.500000 0.217587 3.271108 0.000000 0.975890
440.250000 0.226515 3.316163 0.000000 0.977638
441.000000 0.227923 3.322732 0.000000 0.974297
441.750000 0.224747 3.300430 0.000000 0.975974
442.500000 0.224920 3.340927 0.000000 0.974221
443.250000 0.216785 3.329313 0.000000 0.973687
444.000000 0.219598 3.352117 0.000000 0.976179
444.750000 0.221611 3.290084 0.000000 0.976409
445.500000 0.220410 3.285543 0.000000 0.972987
446.250000 0.215757 3.292941 0.000000 0.969106
447.000000 0.215529 3.231939 0.000000 0.973884
447.750000 0.234419 3.382441 0.000000 0.977527
448.500000 0.227155 3.322436 0.000000 0.971106
449.250000 0.238143 3.369922 0.000000 0.975685
450.000000 0.246777 3.482259 0.000000 0.972914
450.750000 0.256128 3.532266 0.000000 0.975388
451.500000 0.248352 3.533566 0.000000 0.974625
452.250000 0.249025 3.563831 0.000000 0.977307
453.000000 0.255772 3.612394 0.000000 0.975912
453.750000 0.257420 3.590487 0.000000 0.973918
454.500000 0.270694 3.624064 0.000000 0.978832
455.250000 0.255814 3.497555 0.000000 0.980138
456.000000 0.274222 3.639752 0.000000 0.980163
456.750000 0.273663 3.633783 0.000000 0.976512
457.500000 0.271127 3.629463 0.000000 0.975998
458.250000 0.253123 3.501449 0.000000 0.970720
459.000000 0.262271 3.551975 0.000000 0.973863
459.750000 0.263484 3.524067 0.000000 0.978185
460.500000 0.269681 3.584775 0.000000 0.979994
461.250000 0.273962 3.618011 0.000000 0.977436
462.000000 0.272609 3.623164 0.000000 0.972120
462.750000 0.268939 3.642045 0.000000 0.975179
463.500000 0.278056 3.661932 0.000000 0.973795
464.250000 0.271330 3.620297 0.000000 0.972458
465.000000 0.276600 3.635500 0.000000 0.976900
465.750000 0.265127 3.587259 0.000000 0.975498
466.500000 0.261357 3.552632 0.000000 0.974585
467.250000 0.250175 3.447934 0.000000 0.976393
468.000000 0.251801 3.451861 0.000000 0.975180
468.750000 0.261391 3.539768 0.000000 0.975020
469.500000 0.245236 3.409957 0.000000 0.977053
470.250000 0.245196 3.426641 0.000000 0.975781
471.000000 0.240828 3.383985 0.000000 0.972108
471.750000 0.247272 3.438182 0.000000 0.977075
472.500000 0.256231 3.487539 0.000000 0.974977
473.250000 0.253679 3.436180 0.000000 0.974272
474.000000 0.242188 3.328641 0.000000 0.974244
474.750000 0.247004 3.272274 0.000000 0.979525
475.500000 0.256551 3.300460 0.000000 0.977896
476.250000 0.256738 3.312837 0.000000 0.977540
477.000000 0.251272 3.317134 0.000000 0.969265
477.750000 0.262551 3.442028 0.000000 0.978355
478.500000 0.274963 3.525337 0.000000 0.978011
479.250000 0.269673 3.516648 0.000000 0.972403
480.000000 0.262559 3.454509 0.000000 0.969440
480.750000 0.260240 3.426074 0.000000 0.968831
481.500000 0.262394 3.518378 0.000000 0.979670
482.250000 0.261783 3.519264 0.000000 0.978685
483.000000 0.256095 3.499101 0.000000 0.975120
483.750000 0.264515 3.559308 0.000000 0.977216
484.500000 0.278623 3.630104 0.000000 0.974379
485.250000 0.281131 3.640016 0.000000 0.971917
486.000000 0.285043 3.623312 0.000000 0.973687
486.750000 0.298518 3.658922 0.000000 0.978370
487.500000 0.308860 3.680951 0.000000 0.975527
488.250000 0.299730 3.679347 0.000000 0.975373
489.000000 0.292524 3.678893 0.000000 0.975115
489.750000 0.292375 3.687313 0.000000 0.973784
490.500000 0.297649 3.746874 0.000000 0.975788
491.250000 0.301069 3.808610 0.000000 0.975827
492.000000 0.304174 3.854269 0.000000 0.976579
492.750000 0.294553 3.825187 0.000000 0.972014
493.500000 0.315242 3.954323 0.000000 0.970315
494.250000 0.314163 3.937988 0.000000 0.976095
495.000000 0.318459 4.022011 0.000000 0.975588
495.750000 0.305014 3.931852 0.000000 0.975383
496.500000 0.297378 3.881529 0.000000 0.974485
497.250000 0.295338 3.847418 0.000000 0.974937
498.000000 0.303825 3.917985 0.000000 0.971560
498.750000 0.295316 3.889544 0.000000 0.972036
499.500000 0.285914 3.834350 0.000000 0.973208
500.250000 0.279676 3.802558 0.000000 0.973821
501.000000 0.289637 3.863618 0.000000 0.977536
501.750000 0.277828 3.807627 0.000000 0.977638
502.500000 0.264294 3.732007 0.000000 0.975710
503.250000 0.277544 3.762520 0.000000 0.979567
504.000000 0.291633 3.828474 0.000000 0.977137
504.750000 0.296952 3.847976 0.000000 0.973014
505.500000 0.298060 3.887877 0.000000 0.975995
506.250000 0.297454 3.908437 0.000000 0.977334
507.000000 0.297872 3.883428 0.000000 0.976326
507.750000 0.299299 3.865265 0.000000 0.974474
508.500000 0.294930 3.804480 0.000000 0.973997
509.250000 0.280782 3.700359 0.000000 0.977350
510.000000 0.287154 3.766943 0.000000 0.977942
510.750000 0.282218 3.711988 0.000000 0.977522
511.500000 0.289047 3.751201 0.000000 0.976372
512.250000 0.296889 3.801841 0.000000 0.977793
513.000000 0.295102 3.802665 0.000000 0.976460
513.750000 0.279928 3.720572 0.000000 0.969197
514.500000 0.279269 3.704661 0.000000 0.969558
515.250000 0.281413 3.725690 0.000000 0.968787
516.000000 0.276338 3.707554 0.000000 0.965983
516.750000 0.241990 3.475370 0.000000 0.963857
517.500000 0.234311 3.423782 0.000000 0.970674
518.250000 0.241005 3.473139 0.000000 0.974385
519.000000 0.240648 3.430986 0.000000 0.975595
519.750000 0.235124 3.348535 0.000000 0.973497
520.500000 0.237710 3.353417 0.000000 0.978118
521.250000 0.225401 3.242548 0.000000 0.973682
522.000000 0.236240 3.347218 0.000000 0.976426
522.750000 0.232279 3.290549 0.000000 0.971866
523.500000 0.232737 3.275607 0.000000 0.971120
524.250000 0.239688 3.283440 0.000000 0.974269
525.000000 0.233596 3.252072 0.000000 0.978927
525.750000 0.238509 3.289968 0.000000 0.974720
526.500000 0.243622 3.304552 0.000000 0.977989
527.250000 0.243781 3.290738 0.000000 0.972824
528.000000 0.254354 3.328228 0.000000 0.979680
528.750000 0.269189 3.441561 0.000000 0.975147
529.500000 0.272818 3.442567 0.000000 0.976307
530.250000 0.275400 3.483700 0.000000 0.975000
531.000000 0.273555 3.486598 0.000000 0.969894
531.750000 0.267441 3.457912 0.000000 0.972675
532.500000 0.269784 3.512190 0.000000 0.976419
533.250000 0.273792 3.577704 0.000000 0.975983
534.000000 0.266227 3.484149 0.000000 0.975998
534.750000 0.271710 3.509243 0.000000 0.974618
535.500000 0.269104 3.454181 0.000000 0.974061
536.250000 0.270835 3.444522 0.000000 0.974087
537.000000 0.268456 3.440850 0.000000 0.970249
537.750000 0.267963 3.426295 0.000000 0.973544
538.500000 0.272409 3.506703 0.000000 0.974190
539.250000 0.266807 3.438075 0.000000 0.975690
540.000000 0.280591 3.505044 0.000000 0.977425
540.750000 0.274443 3.513133 0.000000 0.974333
541.500000 0.269795 3.476685 0.000000 0.972042
542.250000 0.297389 3.678604 0.000000 0.975693
543.000000 0.295493 3.653543 0.000000 0.972120
543.750000 0.291988 3.658498 0.000000 0.974392
544.500000 0.305814 3.755729 0.000000 0.976283
545.250000 0.310535 3.731424 0.000000 0.974064
546.000000 0.309422 3.789190 0.000000 0.974023
546.750000 0.309543 3.809343 0.000000 0.976143
547.500000 0.306031 3.819782 0.000000 0.973797
548.250000 0.300950 3.702151 0.000000 0.967984
549.000000 0.303288 3.770660 0.000000 0.974618
549.750000 0.306269 3.750525 0.000000 0.977002
550.500000 0.317015 3.820761 0.000000 0.974923
551.250000 0.310654 3.804869 0.000000 0.973563
552.000000 0.331102 3.915976 0.000000 0.973624
552.750000 0.336939 3.963041 0.000000 0.975761
553.500000 0.335799 3.948716 0.000000 0.974308
554.250000 0.332766 3.970876 0.000000 0.972478
555.000000 0.340768 4.059011 0.000000 0.972594
555.750000 0.334732 4.063030 0.000000 0.972930
556.500000 0.342631 4.169866 0.000000 0.974805
557.250000 0.361394 4.288696 0.000000 0.978430
558.000000 0.367181 4.307739 0.000000 0.972233
558.750000 0.360950 4.291875 0.000000 0.974047
559.500000 0.350539 4.253195 0.000000 0.974840
560.250000 0.360608 4.349205 0.000000 0.973992
561.000000 0.367553 4.400840 0.000000 0.976110
561.750000 0.360636 4.349935 0.000000 0.975298
562.500000 0.362107 4.290607 0.000000 0.974264
563.250000 0.363064 4.323912 0.000000 0.971934
564.000000 0.359192 4.245027 0.000000 0.973808
564.750000 0.360420 4.241779 0.000000 0.974613
565.500000 0.350754 4.189767 0.000000 0.974018
566.250000 0.349287 4.208595 0.000000 0.971283
567.000000 0.359013 4.275779 0.000000 0.976019
567.750000 0.363746 4.342037 0.000000 0.975990
568.500000 0.361774 4.281946 0.000000 0.976421
569.250000 0.344672 4.138870 0.000000 0.971986
570.000000 0.334665 4.127572 0.000000 0.973626
570.750000 0.345273 4.224012 0.000000 0.976688
571.500000 0.324700 4.147600 0.000000 0.975900
572.250000 0.317392 4.052316 0.000000 0.974840
573.000000 0.320008 4.076164 0.000000 0.972984
573.750000 0.308523 4.006903 0.000000 0.973289
574.500000 0.329832 4.094538 0.000000 0.976591
575.250000 0.349810 4.207010 0.000000 0.974036
576.000000 0.343534 4.185318 0.000000 0.967297
576.750000 0.336430 4.189591 0.000000 0.971631
577.500000 0.333333 4.132953 0.000000 0.975190
578.250000 0.318690 4.021565 0.000000 0.973642
579.000000 0.326200 4.019500 0.000000 0.973700
579.750000 0.321557 3.979084 0.000000 0.972278
580.500000 0.311775 3.946621 0.000000 0.973111
581.250000 0.294871 3.873013 0.000000 0.972103
582.000000 0.297949 3.921961 0.000000 0.978289
582.750000 0.291300 3.826700 0.000000 0.972300
583.500000 0.296739 3.801675 0.000000 0.975770
584.250000 0.290742 3.727654 0.000000 0.975705
585.000000 0.290107 3.671758 0.000000 0.975542
585.750000 0.294006 3.635664 0.000000 0.975325
586.500000 0.289634 3.605108 0.000000 0.974562
587.250000 0.287938 3.557019 0.000000 0.977153
588.000000 0.302715 3.684363 0.000000 0.978864
588.750000 0.307400 3.730151 0.000000 0.978029
589.500000 0.313735 3.857756 0.000000 0.978040
590.250000 0.312706 3.908827 0.000000 0.975107
591.000000 0.320244 4.014024 0.000000 0.973555
591.750000 0.325963 4.015108 0.000000 0.978389
592.500000 0.335536 4.025633 0.000000 0.975168
593.250000 0.348009 4.076046 0.000000 0.978787
594.000000 0.356907 4.097729 0.000000 0.976893
594.750000 0.347935 4.093295 0.000000 0.974556
595.500000 0.352953 4.096732 0.000000 0.976916
596.250000 0.365544 4.209653 0.000000 0.974018
597.000000 0.371354 4.287355 0.000000 0.977127
597.750000 0.387522 4.365927 0.000000 0.976305
598.500000 0.398243 4.386266 0.000000 0.975447
599.250000 0.410489 4.504395 0.000000 0.976124
600.000000 0.406278 4.503449 0.000000 0.972608
600.750000 0.378497 4.388988 0.000000 0.968525
601.500000 0.373839 4.347978 0.000000 0.969745
602.250000 0.361558 4.323715 0.000000 0.974139
603.000000 0.350775 4.277439 0.000000 0.969985
603.750000 0.360188 4.349406 0.000000 0.972247
604.500000 0.353393 4.296207 0.000000 0.976746
605.250000 0.344131 4.277744 0.000000 0.972006
606.000000 0.327698 4.183455 0.000000 0.968190
606.750000 0.309016 4.071450 0.000000 0.970079
607.500000 0.305747 4.057271 0.000000 0.970315
608.250000 0.316179 4.094713 0.000000 0.973668
609.000000 0.314463 4.101920 0.000000 0.975695
609.750000 0.327666 4.166833 0.000000 0.975295
610.500000 0.329500 4.169300 0.000000 0.975000
611.250000 0.337229 4.240835 0.000000 0.972630
612.000000 0.324738 4.143128 0.000000 0.968816
612.750000 0.330128 4.189403 0.000000 0.971154
613.500000 0.332167 4.246475 0.000000 0.974703
614.250000 0.342032 4.275846 0.000000 0.975605
615.000000 0.345659 4.287252 0.000000 0.975082
615.750000 0.336672 4.270259 0.000000 0.970450
616.500000 0.334366 4.284586 0.000000 0.967413
617.250000 0.326039 4.236910 0.000000 0.971423
618.000000 0.311342 4.189508 0.000000 0.975173
618.750000 0.320740 4.246976 0.000000 0.973913
619.500000 0.321514 4.225561 0.000000 0.970353
620.250000 0.311056 4.175488 0.000000 0.969685
621.000000 0.322700 4.245800 0.000000 0.973300
621.750000 0.311644 4.164818 0.000000 0.974813
622.500000 0.303982 4.091755 0.000000 0.971383
623.250000 0.299740 4.088482 0.000000 0.975205
624.000000 0.309462 4.152530 0.000000 0.976395
624.750000 0.292456 4.042881 0.000000 0.972748
625.500000 0.288933 4.079419 0.000000 0.972158
626.250000 0.282264 4.073161 0.000000 0.975247
627.000000 0.283776 4.085213 0.000000 0.975953
627.750000 0.290091 4.116456 0.000000 0.976250
628.500000 0.275600 3.986500 0.000000 0.973600
629.250000 0.291771 4.061294 0.000000 0.974503
630.000000 0.278749 3.991308 0.000000 0.970427
630.750000 0.279469 3.971753 0.000000 0.974149
631.500000 0.279936 3.973135 0.000000 0.974333
632.250000 0.278456 3.985497 0.000000 0.974695
633.000000 0.279340 4.027013 0.000000 0.973987
633.750000 0.283345 4.074533 0.000000 0.974723
634.500000 0.289342 4.088982 0.000000 0.972006
635.250000 0.272254 3.944289 0.000000 0.967393
636.000000 0.275866 3.960777 0.000000 0.973284
636.750000 0.286727 4.019475 0.000000 0.976031
637.500000 0.296515 4.035654 0.000000 0.974134
638.250000 0.311687 4.092656 0.000000 0.974185
639.000000 0.298960 4.011502 0.000000 0.971394
639.750000 0.300410 3.966011 0.000000 0.972008
640.500000 0.303088 4.023883 0.000000 0.972719
641.250000 0.301521 3.940076 0.000000 0.971489
642.000000 0.308292 3.955245 0.000000 0.972627
642.750000 0.312581 3.995303 0.000000 0.975317
643.500000 0.306429 3.932706 0.000000 0.972962
644.250000 0.307715 3.968678 0.000000 0.972881
645.000000 0.306461 3.934487 0.000000 0.972695
645.750000 0.304018 3.919148 0.000000 0.972516
646.500000 0.302042 3.890913 0.000000 0.976181
647.250000 0.302629 3.910194 0.000000 0.976219
648.000000 0.307600 3.933187 0.000000 0.973934
648.750000 0.297230 3.886389 0.000000 0.973497
649.500000 0.300501 3.920921 0.000000 0.978278
650.250000 0.287489 3.863067 0.000000 0.972353
651.000000 0.297872 3.918490 0.000000 0.975727
651.750000 0.285187 3.854464 0.000000 0.970773
652.500000 0.296819 3.939876 0.000000 0.971989
653.250000 0.291846 3.906677 0.000000 0.970855
654.000000 0.288784 3.844162 0.000000 0.974610
654.750000 0.283899 3.773241 0.000000 0.977184
655.500000 0.289120 3.791625 0.000000 0.980064
656.250000 0.312181 3.898671 0.000000 0.971820
657.000000 0.302603 3.885586 0.000000 0.968368
657.750000 0.293159 3.867474 0.000000 0.972394
658.500000 0.297540 3.914717 0.000000 0.973205
659.250000 0.289568 3.866607 0.000000 0.977618
660.000000 0.289900 3.855200 0.000000 0.975200
660.750000 0.280200 3.864400 0.000000 0.975300
661.500000 0.275145 3.838632 0.000000 0.974905
662.250000 0.272237 3.738157 0.000000 0.970118
663.000000 0.262364 3.653312 0.000000 0.970826
663.750000 0.254220 3.585256 0.000000 0.969434
664.500000 0.254471 3.586672 0.000000 0.975922
665.250000 0.248623 3.574747 0.000000 0.977471
666.000000 0.250050 3.575624 0.000000 0.976923
666.750000 0.258281 3.678174 0.000000 0.975983
667.500000 0.266707 3.764206 0.000000 0.974690
668.250000 0.277423 3.742657 0.000000 0.970529
669.000000 0.269703 3.732494 0.000000 0.973829
669.750000 0.260682 3.686881 0.000000 0.973782
670.500000 0.258500 3.663700 0.000000 0.973700
671.250000 0.251523 3.594908 0.000000 0.972841
672.000000 0.259270 3.595303 0.000000 0.975112
672.750000 0.266060 3.636582 0.000000 0.971283
673.500000 0.272937 3.652945 0.000000 0.971655
674.250000 0.269289 3.575102 0.000000 0.970479
675.000000 0.271210 3.605876 0.000000 0.971720
675.750000 0.260900 3.515800 0.000000 0.972500
676.500000 0.256880 3.451316 0.000000 0.971080
677.250000 0.253649 3.442412 0.000000 0.970006
678.000000 0.250800 3.451120 0.000000 0.971511
678.750000 0.251748 3.439860 0.000000 0.973127
679.500000 0.243270 3.369559 0.000000 0.974382
680.250000 0.235764 3.321978 0.000000 0.970230
681.000000 0.226991 3.268616 0.000000 0.968557
681.750000 0.220000 3.266900 0.000000 0.978700
682.500000 0.217430 3.219327 0.000000 0.974144
683.250000 0.223445 3.154331 0.000000 0.975395
684.000000 0.226243 3.166901 0.000000 0.976844
684.750000 0.221500 3.129500 0.000000 0.973100
685.500000 0.233243 3.202485 0.000000 0.971947
686.250000 0.235029 3.260122 0.000000 0.975707
687.000000 0.222333 3.180408 0.000000 0.973784
687.750000 0.232923 3.286929 0.000000 0.975898
688.500000 0.230292 3.238005 0.000000 0.975759
689.250000 0.232667 3.225974 0.000000 0.976224
690.000000 0.230163 3.235153 0.000000 0.975546
690.750000 0.217213 3.146641 0.000000 0.975010
691.500000 0.218940 3.118551 0.000000 0.978345
692.250000 0.209484 3.014806 0.000000 0.970788
693.000000 0.209947 3.044631 0.000000 0.977885
693.750000 0.214343 3.052310 0.000000 0.977696
694.500000 0.230562 3.125725 0.000000 0.976814
695.250000 0.215315 3.047648 0.000000 0.978178
696.000000 0.206424 2.931459 0.000000 0.973484
696.750000 0.195171 2.925158 0.000000 0.979261
697.500000 0.199162 2.926761 0.000000 0.976352
698.250000 0.210384 2.991612 0.000000 0.978033
699.000000 0.221511 3.051526 0.000000 0.974988
699.750000 0.224124 3.066266 0.000000 0.977377
700.500000 0.235688 3.110600 0.000000 0.977021
701.250000 0.232003 3.049428 0.000000 0.977441
702.000000 0.229406 3.063157 0.000000 0.976679
702.750000 0.213972 2.907655 0.000000 0.976514
703.500000 0.236689 3.046337 0.000000 0.978783
704.250000 0.243343 3.085285 0.000000 0.975075
705.000000 0.244918 3.108741 0.000000 0.977871
705.750000 0.238943 3.068841 0.000000 0.976486
706.500000 0.235453 2.984803 0.000000 0.976505
707.250000 0.239213 3.036057 0.000000 0.973732
708.000000 0.246623 3.063332 0.000000 0.977989
708.750000 0.252050 3.089818 0.000000 0.973395
709.500000 0.256541 3.126723 0.000000 0.974735
710.250000 0.260409 3.203695 0.000000 0.978632
711.000000 0.270238 3.271837 0.000000 0.973616
711.750000 0.271663 3.283370 0.000000 0.975085
712.500000 0.276062 3.387206 0.000000 0.979011
713.250000 0.287014 3.443367 0.000000 0.978906
714.000000 0.287944 3.459530 0.000000 0.975488
714.750000 0.279816 3.385184 0.000000 0.975207
715.500000 0.278656 3.407681 0.000000 0.976395
716.250000 0.293782 3.534286 0.000000 0.974710
717.000000 0.287417 3.507113 0.000000 0.971248
717.750000 0.299190 3.611784 0.000000 0.979094
718.500000 0.298302 3.621778 0.000000 0.979620
719.250000 0.285700 3.607501 0.000000 0.979041
720.000000 0.266360 3.463783 0.000000 0.975322
720.750000 0.271637 3.541975 0.000000 0.978413
721.500000 0.282450 3.641325 0.000000 0.976853
722.250000 0.282456 3.664633 0.000000 0.975995
723.000000 0.276868 3.643827 0.000000 0.975030
723.750000 0.279872 3.657634 0.000000 0.975702
724.500000 0.280888 3.639544 0.000000 0.975610
725.250000 0.291233 3.706165 0.000000 0.978883
726.000000 0.286741 3.686601 0.000000 0.975040
726.750000 0.296470 3.734226 0.000000 0.976902
727.500000 0.291804 3.665466 0.000000 0.976984
728.250000 0.293505 3.684779 0.000000 0.975283
729.000000 0.306155 3.742006 0.000000 0.978118
729.750000 0.297133 3.697073 0.000000 0.978719
730.500000 0.296267 3.708225 0.000000 0.978139
731.250000 0.295867 3.706528 0.000000 0.976243
732.000000 0.302309 3.791663 0.000000 0.977307
732.750000 0.296470 3.786222 0.000000 0.978802
733.500000 0.291538 3.714657 0.000000 0.973724
734.250000 0.285228 3.660928 0.000000 0.974379
735.000000 0.294018 3.714971 0.000000 0.975332
735.750000 0.285729 3.670136 0.000000 0.975280
736.500000 0.284441 3.647477 0.000000 0.976171
737.250000 0.277622 3.563851 0.000000 0.978082
738.000000 0.269223 3.557020 0.000000 0.973537
738.750000 0.274245 3.572785 0.000000 0.976505
739.500000 0.276413 3.550729 0.000000 0.979928
740.250000 0.276845 3.550690 0.000000 0.977005
741.000000 0.265872 3.475966 0.000000 0.977368
741.750000 0.256169 3.433810 0.000000 0.976121
742.500000 0.244249 3.399580 0.000000 0.975895
743.250000 0.250225 3.447303 0.000000 0.977179
744.000000 0.234442 3.361403 0.000000 0.971931
744.750000 0.239002 3.403990 0.000000 0.971471
745.500000 0.239616 3.391252 0.000000 0.973676
746.250000 0.248376 3.410431 0.000000 0.974123
747.000000 0.249250 3.389266 0.000000 0.975914
747.750000 0.240785 3.315805 0.000000 0.971855
748.500000 0.243673 3.302891 0.000000 0.975493
749.250000 0.223600 3.138400 0.000000 0.967400
750.000000 0.233847 3.216443 0.000000 0.977095
750.750000 0.232444 3.210169 0.000000 0.973529
751.500000 0.216835 3.131761 0.000000 0.973308
752.250000 0.214079 3.098990 0.000000 0.972303
753.000000 0.227286 3.196402 0.000000 0.979410
753.750000 0.212817 3.014973 0.000000 0.970653
754.500000 0.213458 3.072883 0.000000 0.977436
755.250000 0.228357 3.125212 0.000000 0.977434
756.000000 0.229262 3.115631 0.000000 0.979412
756.750000 0.233070 3.143243 0.000000 0.980394
757.500000 0.227423 3.079508 0.000000 0.973197
758.250000 0.231022 3.129975 0.000000 0.977756
759.000000 0.216159 2.996496 0.000000 0.967761
759.750000 0.216527 2.980016 0.000000 0.974720
760.500000 0.208979 2.965104 0.000000 0.977802
761.250000 0.204839 2.925922 0.000000 0.978506
762.000000 0.218249 2.994391 0.000000 0.976863
762.750000 0.224535 3.033620 0.000000 0.973084
763.500000 0.239672 3.146444 0.000000 0.974292
764.250000 0.231914 3.081835 0.000000 0.975719
765.000000 0.230331 3.074378 0.000000 0.974908
765.750000 0.233153 3.063487 0.000000 0.977504
766.500000 0.222834 2.958538 0.000000 0.976064
767.250000 0.220060 2.927944 0.000000 0.978144
768.000000 0.232234 2.991781 0.000000 0.979052
768.750000 0.239028 3.050485 0.000000 0.980006
769.500000 0.244673 3.121437 0.000000 0.979294
770.250000 0.248101 3.179728 0.000000 0.979808
771.000000 0.248676 3.194203 0.000000 0.975812
771.750000 0.254156 3.231123 0.000000 0.980973
772.500000 0.245805 3.144727 0.000000 0.978126
773.250000 0.248575 3.202680 0.000000 0.976902
774.000000 0.253778 3.262184 0.000000 0.981287
774.750000 0.252179 3.274021 0.000000 0.979361
775.500000 0.251874 3.303049 0.000000 0.977012
776.250000 0.260058 3.339024 0.000000 0.978237
777.000000 0.259007 3.294836 0.000000 0.981085
777.750000 0.267006 3.366097 0.000000 0.979922
778.500000 0.264635 3.353846 0.000000 0.979421
779.250000 0.264932 3.316758 0.000000 0.975588
780.000000 0.281434 3.462299 0.000000 0.979427
780.750000 0.287000 3.488700 0.000000 0.979800
781.500000 0.285828 3.450015 0.000000 0.976331
782.250000 0.287671 3.529047 0.000000 0.975003
783.000000 0.260618 3.386429 0.000000 0.970421
783.750000 0.263911 3.411930 0.000000 0.970777
784.500000 0.270954 3.450890 0.000000 0.974895
785.250000 0.260574 3.422458 0.000000 0.971903
786.000000 0.257717 3.381081 0.000000 0.973030
786.750000 0.266114 3.416309 0.000000 0.974918
787.500000 0.274847 3.459914 0.000000 0.974977
788.250000 0.287315 3.540316 0.000000 0.979192
789.000000 0.282205 3.553625 0.000000 0.976932
789.750000 0.280493 3.555377 0.000000 0.976367
790.500000 0.280232 3.531981 0.000000 0.973916
791.250000 0.281854 3.607947 0.000000 0.976579
792.000000 0.291950 3.678686 0.000000 0.978825
792.750000 0.284642 3.620845 0.000000 0.975571
793.500000 0.278697 3.585492 0.000000 0.976385
794.250000 0.267140 3.444833 0.000000 0.973916
795.000000 0.270621 3.449271 0.000000 0.972139
795.750000 0.271974 3.452457 0.000000 0.976828
796.500000 0.280931 3.525784 0.000000 0.977214
797.250000 0.294928 3.610323 0.000000 0.977935
798.000000 0.284484 3.546028 0.000000 0.968647
798.750000 0.282498 3.540879 0.000000 0.973481
799.500000 0.279098 3.566081 0.000000 0.977640
800.250000 0.269311 3.513641 0.000000 0.978515
801.000000 0.274469 3.573980 0.000000 0.976354
801.750000 0.286772 3.664799 0.000000 0.975685
802.500000 0.294646 3.716440 0.000000 0.976229
803.250000 0.280172 3.638236 0.000000 0.972003
804.000000 0.275928 3.629063 0.000000 0.979598
804.750000 0.272936 3.590996 0.000000 0.978589
805.500000 0.287898 3.690717 0.000000 0.977616
806.250000 0.275307 3.646947 0.000000 0.973019
807.000000 0.269400 3.639800 0.000000 0.966500
807.750000 0.262193 3.647471 0.000000 0.974061
808.500000 0.278930 3.679491 0.000000 0.975353
809.250000 0.275315 3.620631 0.000000 0.969543
810.000000 0.271753 3.575448 0.000000 0.971563
810.750000 0.269308 3.551786 0.000000 0.974955
811.500000 0.274107 3.558195 0.000000 0.975344
812.250000 0.276534 3.621827 0.000000 0.979712
813.000000 0.265298 3.571357 0.000000 0.973360
813.750000 0.265388 3.559552 0.000000 0.978018
814.500000 0.258503 3.500900 0.000000 0.971889
815.250000 0.265120 3.533040 0.000000 0.971209
816.000000 0.271237 3.585849 0.000000 0.973016
816.750000 0.266407 3.546898 0.000000 0.972330
817.500000 0.278482 3.576735 0.000000 0.972641
818.250000 0.286272 3.666200 0.000000 0.976286
819.000000 0.300319 3.709265 0.000000 0.974840
819.750000 0.307877 3.744702 0.000000 0.974110
820.500000 0.306887 3.775840 0.000000 0.975880
821.250000 0.321985 3.880092 0.000000 0.976138
822.000000 0.342495 4.001399 0.000000 0.975515
822.750000 0.356523 4.136341 0.000000 0.977143
823.500000 0.345349 4.136678 0.000000 0.974767
824.250000 0.331470 4.110723 0.000000 0.969848
825.000000 0.330001 4.066780 0.000000 0.974508
825.750000 0.338460 4.131030 0.000000 0.974533
826.500000 0.341437 4.122950 0.000000 0.974390
827.250000 0.334200 4.129039 0.000000 0.975793
828.000000 0.330804 4.092361 0.000000 0.973739
828.750000 0.319287 3.991392 0.000000 0.971875
829.500000 0.320288 4.023221 0.000000 0.970373
830.250000 0.330802 4.129922 0.000000 0.969718
831.000000 0.337401 4.127438 0.000000 0.973592
831.750000 0.329934 4.080584 0.000000 0.975105
832.500000 0.326498 4.061018 0.000000 0.976193
833.250000 0.322703 4.051525 0.000000 0.973590
834.000000 0.327854 4.092212 0.000000 0.970232
834.750000 0.330027 4.142971 0.000000 0.975453
835.500000 0.327731 4.189376 0.000000 0.971789
836.250000 0.318686 4.140417 0.000000 0.971237
837.000000 0.310145 4.084658 0.000000 0.972814
837.750000 0.304895 4.098302 0.000000 0.974026
838.500000 0.311107 4.115965 0.000000 0.978007
839.250000 0.290620 4.026629 0.000000 0.978476
840.000000 0.299730 4.089699 0.000000 0.975573
840.750000 0.302121 4.086335 0.000000 0.971088
841.500000 0.302409 4.077777 0.000000 0.973208
842.250000 0.293160 4.036944 0.000000 0.971742
843.000000 0.286143 4.011598 0.000000 0.975205
843.750000 0.287167 4.031609 0.000000 0.975671
844.500000 0.294482 4.021891 0.000000 0.974610
845.250000 0.296863 4.012590 0.000000 0.971823
846.000000 0.305547 4.045177 0.000000 0.976512
846.750000 0.293100 3.917200 0.000000 0.973300
847.500000 0.286428 3.898061 0.000000 0.973916
848.250000 0.270702 3.830586 0.000000 0.972330
849.000000 0.270162 3.800981 0.000000 0.974785
849.750000 0.267106 3.778444 0.000000 0.975027
850.500000 0.261752 3.752750 0.000000 0.973195
851.250000 0.252878 3.766142 0.000000 0.976774
852.000000 0.259356 3.763558 0.000000 0.971683
852.750000 0.275010 3.830132 0.000000 0.975690
853.500000 0.279604 3.831218 0.000000 0.976916
854.250000 0.270632 3.738150 0.000000 0.973655
855.000000 0.272963 3.756358 0.000000 0.973571
855.750000 0.270981 3.726018 0.000000 0.972492
856.500000 0.263147 3.663267 0.000000 0.973405
857.250000 0.249125 3.601320 0.000000 0.973808
858.000000 0.257271 3.640180 0.000000 0.977911
858.750000 0.257614 3.662207 0.000000 0.975736
859.500000 0.248152 3.562238 0.000000 0.974725
860.250000 0.253824 3.580426 0.000000 0.976307
861.000000 0.245393 3.508513 0.000000 0.975962
861.750000 0.242636 3.474588 0.000000 0.972541
862.500000 0.241886 3.439728 0.000000 0.972036
863.250000 0.247052 3.509694 0.000000 0.978013
864.000000 0.244482 3.449815 0.000000 0.975931
864.750000 0.243392 3.462154 0.000000 0.978374
865.500000 0.248676 3.481067 0.000000 0.979319
866.250000 0.248676 3.485157 0.000000 0.977211
867.000000 0.242846 3.398940 0.000000 0.973084
867.750000 0.248899 3.438251 0.000000 0.978183
868.500000 0.245374 3.426328 0.000000 0.971792
869.250000 0.240920 3.393097 0.000000 0.974087
870.000000 0.250075 3.457289 0.000000 0.978419
870.750000 0.251248 3.481925 0.000000 0.975335
871.500000 0.253895 3.460847 0.000000 0.974930
872.250000 0.255995 3.483413 0.000000 0.975520
873.000000 0.267682 3.513925 0.000000 0.972651
873.750000 0.273000 3.579063 0.000000 0.978823
874.500000 0.288813 3.623013 0.000000 0.976207
875.250000 0.296040 3.614236 0.000000 0.974536
876.000000 0.311931 3.719272 0.000000 0.974197
876.750000 0.316657 3.707609 0.000000 0.975335
877.500000 0.309189 3.654594 0.000000 0.973760
878.250000 0.299970 3.632637 0.000000 0.976002
879.000000 0.302419 3.672796 0.000000 0.978413
879.750000 0.301101 3.668569 0.000000 0.974274
880.500000 0.309104 3.757770 0.000000 0.978444
881.250000 0.306178 3.754998 0.000000 0.976709
882.000000 0.297138 3.699560 0.000000 0.975781
882.750000 0.306292 3.736021 0.000000 0.979694
883.500000 0.315647 3.812050 0.000000 0.978517
884.250000 0.295311 3.670699 0.000000 0.977507
885.000000 0.296823 3.659084 0.000000 0.976851
885.750000 0.295552 3.599600 0.000000 0.974413
886.500000 0.299021 3.626424 0.000000 0.979312
887.250000 0.318309 3.779247 0.000000 0.977163
888.000000 0.311844 3.750525 0.000000 0.975012
888.750000 0.313947 3.838188 0.000000 0.975658
889.500000 0.323709 3.892632 0.000000 0.978346
890.250000 0.327942 3.949187 0.000000 0.977438
891.000000 0.321717 3.898852 0.000000 0.975836
891.750000 0.302186 3.726990 0.000000 0.967516
892.500000 0.299140 3.723155 0.000000 0.978304
893.250000 0.296671 3.670342 0.000000 0.978444
894.000000 0.290055 3.649475 0.000000 0.974613
894.750000 0.294542 3.657687 0.000000 0.979169
895.500000 0.285227 3.684565 0.000000 0.976315
896.250000 0.272109 3.656763 0.000000 0.974690
897.000000 0.268927 3.640164 0.000000 0.972697
897.750000 0.259093 3.529576 0.000000 0.971123
898.500000 0.258039 3.497846 0.000000 0.973956
899.250000 0.261695 3.622151 0.000000 0.971811
900.000000 0.268746 3.611578 0.000000 0.973505
900.750000 0.271190 3.559992 0.000000 0.975483
901.500000 0.283804 3.679673 0.000000 0.977747
902.250000 0.287924 3.679241 0.000000 0.976247
903.000000 0.292266 3.637290 0.000000 0.976918
903.750000 0.293236 3.633830 0.000000 0.979518
904.500000 0.282691 3.536434 0.000000 0.974147
905.250000 0.286271 3.544646 0.000000 0.976302
906.000000 0.277722 3.499301 0.000000 0.976324
906.750000 0.274179 3.456133 0.000000 0.977942
907.500000 0.279920 3.526773 0.000000 0.974226
908.250000 0.281075 3.552058 0.000000 0.977818
909.000000 0.265004 3.502655 0.000000 0.976355
909.750000 0.252498 3.346423 0.000000 0.976219
910.500000 0.272691 3.513230 0.000000 0.977733
911.250000 0.296315 3.669037 0.000000 0.976567
912.000000 0.299570 3.679053 0.000000 0.976925
912.750000 0.303091 3.725818 0.000000 0.979794
913.500000 0.304039 3.711258 0.000000 0.979104
914.250000 0.328399 3.852056 0.000000 0.977593
915.000000 0.331004 3.840387 0.000000 0.979337
915.750000 0.324660 3.810148 0.000000 0.975480
916.500000 0.317519 3.817319 0.000000 0.980324
917.250000 0.316849 3.890480 0.000000 0.979477
918.000000 0.328463 4.000900 0.000000 0.974079
918.750000 0.310573 3.908090 0.000000 0.973168
919.500000 0.324103 4.010697 0.000000 0.971708
920.250000 0.325783 3.982638 0.000000 0.972461
921.000000 0.324359 3.940152 0.000000 0.974079
921.750000 0.307769 3.865413 0.000000 0.976502
922.500000 0.312462 3.871575 0.000000 0.978096
923.250000 0.301928 3.805076 0.000000 0.970127
924.000000 0.301487 3.831686 0.000000 0.975042
924.750000 0.291942 3.798740 0.000000 0.976105
925.500000 0.280420 3.694506 0.000000 0.972727
926.250000 0.279609 3.658478 0.000000 0.972039
927.000000 0.281316 3.655103 0.000000 0.975507
927.750000 0.270508 3.566927 0.000000 0.976991
928.500000 0.273145 3.597024 0.000000 0.978728
929.250000 0.269984 3.557254 0.000000 0.973621
930.000000 0.271847 3.553680 0.000000 0.971537
930.750000 0.270292 3.660236 0.000000 0.975110
931.500000 0.267734 3.580390 0.000000 0.976588
932.250000 0.267786 3.522182 0.000000 0.975120
933.000000 0.263053 3.542278 0.000000 0.974643
933.750000 0.269550 3.583459 0.000000 0.978272
934.500000 0.282700 3.648600 0.000000 0.976300
935.250000 0.281228 3.593559 0.000000 0.976398
936.000000 0.285915 3.593553 0.000000 0.978777
936.750000 0.295962 3.646127 0.000000 0.976555
937.500000 0.294553 3.614093 0.000000 0.974013
938.250000 0.303732 3.697166 0.000000 0.974257
939.000000 0.305592 3.684005 0.000000 0.974292
939.750000 0.303679 3.684227 0.000000 0.977109
940.500000 0.294353 3.644674 0.000000 0.979075
941.250000 0.276245 3.560788 0.000000 0.971106
942.000000 0.272136 3.518359 0.000000 0.971086
942.750000 0.271190 3.483038 0.000000 0.977684
943.500000 0.276655 3.568714 0.000000 0.977896
944.250000 0.265461 3.496753 0.000000 0.973724
945.000000 0.259503 3.421531 0.000000 0.976454
945.750000 0.239050 3.296319 0.000000 0.977053
946.500000 0.229886 3.232082 0.000000 0.976143
947.250000 0.226474 3.170929 0.000000 0.973526
948.000000 0.221414 3.130994 0.000000 0.978467
948.750000 0.227441 3.194091 0.000000 0.975864
949.500000 0.241789 3.312968 0.000000 0.977039
950.250000 0.243571 3.291404 0.000000 0.975683
951.000000 0.240228 3.279516 0.000000 0.977007
951.750000 0.225506 3.119515 0.000000 0.971950
952.500000 0.236705 3.183126 0.000000 0.979208
953.250000 0.249650 3.216996 0.000000 0.975434
954.000000 0.241435 3.195051 0.000000 0.971749
954.750000 0.242739 3.247430 0.000000 0.974748
955.500000 0.228203 3.154200 0.000000 0.970938
956.250000 0.253951 3.329066 0.000000 0.976895
957.000000 0.271185 3.434973 0.000000 0.975347
957.750000 0.254022 3.326072 0.000000 0.972020
958.500000 0.233527 3.183056 0.000000 0.968155
959.250000 0.242979 3.268666 0.000000 0.976312
960.000000 0.246180 3.301109 0.000000 0.977130
960.750000 0.237771 3.190957 0.000000 0.972892
961.500000 0.246977 3.231085 0.000000 0.978911
962.250000 0.247872 3.219529 0.000000 0.976164
963.000000 0.259215 3.279493 0.000000 0.978624
963.750000 0.245198 3.171469 0.000000 0.977891
964.500000 0.249300 3.220112 0.000000 0.981108
965.250000 0.248800 3.195078 0.000000 0.979992
966.000000 0.237280 3.094651 0.000000 0.979167
966.750000 0.242203 3.145242 0.000000 0.976309
967.500000 0.245568 3.163846 0.000000 0.973360
968.250000 0.242094 3.197258 0.000000 0.974079
969.000000 0.233962 3.140078 0.000000 0.977751
969.750000 0.240148 3.198540 0.000000 0.974495
970.500000 0.227386 3.086357 0.000000 0.963518
971.250000 0.220544 3.063213 0.000000 0.973195
972.000000 0.223446 3.079687 0.000000 0.975773
972.750000 0.227806 3.088675 0.000000 0.979837
973.500000 0.227818 3.038369 0.000000 0.978817
974.250000 0.244684 3.149446 0.000000 0.979235
975.000000 0.247276 3.189905 0.000000 0.979410
975.750000 0.246652 3.152808 0.000000 0.979912
976.500000 0.243649 3.136827 0.000000 0.978796
977.250000 0.259422 3.247026 0.000000 0.980906
978.000000 0.254029 3.198378 0.000000 0.979982
978.750000 0.246699 3.117047 0.000000 0.972689
979.500000 0.247979 3.185411 0.000000 0.974354
980.250000 0.253203 3.229784 0.000000 0.976882
981.000000 0.253921 3.225152 0.000000 0.975427
981.750000 0.249376 3.198263 0.000000 0.979734
982.500000 0.250350 3.227263 0.000000 0.977214
983.250000 0.252946 3.299381 0.000000 0.978730
984.000000 0.248179 3.239098 0.000000 0.971660
984.750000 0.233360 3.142442 0.000000 0.973637
985.500000 0.230201 3.154100 0.000000 0.972436
986.250000 0.235476 3.131263 0.000000 0.976442
987.000000 0.232728 3.129193 0.000000 0.975140
987.750000 0.228466 3.103365 0.000000 0.977664
988.500000 0.229292 3.131353 0.000000 0.975990
989.250000 0.225748 3.093803 0.000000 0.974972
990.000000 0.209084 2.963986 0.000000 0.970088
990.750000 0.210753 2.999900 0.000000 0.974469
991.500000 0.217157 3.078184 0.000000 0.977305
992.250000 0.216416 3.027427 0.000000 0.976877
993.000000 0.220688 3.081632 0.000000 0.980092
993.750000 0.229992 3.134154 0.000000 0.980892
994.500000 0.233860 3.195683 0.000000 0.977913
995.250000 0.241669 3.251076 0.000000 0.978785
996.000000 0.234770 3.210421 0.000000 0.978457
996.750000 0.219125 3.101319 0.000000 0.975120
997.500000 0.220969 3.122317 0.000000 0.971842
998.250000 0.227963 3.124525 0.000000 0.971817
999.000000 0.225871 3.060072 0.000000 0.975671
999.750000 0.226559 3.089563 0.000000 0.979886
1000.500000 0.222932 3.061227 0.000000 0.977127
1001.250000 0.236113 3.126314 0.000000 0.977380
1002.000000 0.234068 3.078357 0.000000 0.979058
1002.750000 0.228594 3.077131 0.000000 0.980318
1003.500000 0.236895 3.112445 0.000000 0.980392
1004.250000 0.222389 2.990288 0.000000 0.971263
1005.000000 0.234923 3.037804 0.000000 0.974998
1005.750000 0.242712 3.062899 0.000000 0.979932
1006.500000 0.245366 3.084861 0.000000 0.981264
1007.250000 0.240572 3.121136 0.000000 0.972192
1008.000000 0.252874 3.190804 0.000000 0.975512
1008.750000 0.241924 3.158216 0.000000 0.978098
1009.500000 0.248950 3.189538 0.000000 0.980596
1010.250000 0.251650 3.208041 0.000000 0.977295
1011.000000 0.245430 3.171312 0.000000 0.975227
1011.750000 0.249850 3.208275 0.000000 0.973716
1012.500000 0.255551 3.321364 0.000000 0.978096
1013.250000 0.245374 3.264580 0.000000 0.974892
1014.000000 0.256523 3.375787 0.000000 0.979706
1014.750000 0.260120 3.416633 0.000000 0.977455
1015.500000 0.270906 3.419329 0.000000 0.977867
1016.250000 0.266994 3.361498 0.000000 0.975173
1017.000000 0.264362 3.364872 0.000000 0.972225
1017.750000 0.267112 3.345939 0.000000 0.978747
1018.500000 0.273890 3.351859 0.000000 0.979108
1019.250000 0.280172 3.470153 0.000000 0.980502
1020.000000 0.295152 3.568216 0.000000 0.976612
1020.750000 0.288214 3.518944 0.000000 0.975607
1021.500000 0.276134 3.410154 0.000000 0.970818
1022.250000 0.278206 3.388027 0.000000 0.974272
1023.000000 0.269738 3.329502 0.000000 0.974915
1023.750000 0.275255 3.403881 0.000000 0.976895
1024.500000 0.282162 3.463050 0.000000 0.975233
1025.250000 0.289116 3.530512 0.000000 0.974990
1026.000000 0.289790 3.531631 0.000000 0.978178
1026.750000 0.295200 3.594400 0.000000 0.975400
1027.500000 0.296463 3.679356 0.000000 0.975320
1028.250000 0.288046 3.630156 0.000000 0.975170
1029.000000 0.290175 3.655761 0.000000 0.973666
1029.750000 0.280632 3.647012 0.000000 0.977214
1030.500000 0.291413 3.743877 0.000000 0.979206
1031.250000 0.289471 3.731927 0.000000 0.977602
1032.000000 0.304700 3.800200 0.000000 0.975600
1032.750000 0.305835 3.795012 0.000000 0.973965
1033.500000 0.296726 3.779658 0.000000 0.975573
1034.250000 0.294894 3.770361 0.000000 0.975417
1035.000000 0.289279 3.744689 0.000000 0.975451
1035.750000 0.285600 3.744342 0.000000 0.976066
1036.500000 0.288789 3.764465 0.000000 0.975776
1037.250000 0.278461 3.682959 0.000000 0.973913
1038.000000 0.280332 3.675595 0.000000 0.976014
1038.750000 0.281715 3.699790 0.000000 0.973208
1039.500000 0.296914 3.811944 0.000000 0.977629
1040.250000 0.297222 3.877973 0.000000 0.976114
1041.000000 0.295623 3.862382 0.000000 0.974615
1041.750000 0.297214 3.902127 0.000000 0.974833
1042.500000 0.307769 3.986519 0.000000 0.972938
1043.250000 0.305253 4.002702 0.000000 0.974387
1044.000000 0.299910 3.961750 0.000000 0.973035
1044.750000 0.289997 3.898271 0.000000 0.974718
1045.500000 0.298644 3.955941 0.000000 0.975179
1046.250000 0.321204 4.036985 0.000000 0.974579
1047.000000 0.320446 3.990833 0.000000 0.971503
1047.750000 0.333600 4.049670 0.000000 0.972217
1048.500000 0.322568 3.928185 0.000000 0.974323
1049.250000 0.323121 3.915278 0.000000 0.975452
1050.000000 0.323641 3.912670 0.000000 0.977218
1050.750000 0.331367 3.961416 0.000000 0.976110
1051.500000 0.350085 4.102613 0.000000 0.971569
1052.250000 0.358362 4.142187 0.000000 0.975237
1053.000000 0.351662 4.110667 0.000000 0.974454
1053.750000 0.341892 4.035368 0.000000 0.964132
1054.500000 0.347826 4.184608 0.000000 0.975612
1055.250000 0.348965 4.238176 0.000000 0.971703
1056.000000 0.347644 4.266274 0.000000 0.975938
1056.750000 0.352141 4.302421 0.000000 0.975490
1057.500000 0.350761 4.346254 0.000000 0.977264
1058.250000 0.335131 4.250125 0.000000 0.973229
1059.000000 0.328874 4.243710 0.000000 0.974840
1059.750000 0.333433 4.298419 0.000000 0.975990
1060.500000 0.335566 4.370263 0.000000 0.976802
1061.250000 0.338438 4.392292 0.000000 0.976276
1062.000000 0.345311 4.468222 0.000000 0.977480
1062.750000 0.341568 4.433887 0.000000 0.977796
1063.500000 0.339770 4.417309 0.000000 0.972086
1064.250000 0.340184 4.422885 0.000000 0.973962
1065.000000 0.346955 4.460637 0.000000 0.973157
1065.750000 0.350556 4.436567 0.000000 0.974567
1066.500000 0.359492 4.473158 0.000000 0.973208
1067.250000 0.359492 4.457663 0.000000 0.971708
1068.000000 0.366733 4.522977 0.000000 0.977123
1068.750000 0.353617 4.458933 0.000000 0.972522
1069.500000 0.358372 4.510102 0.000000 0.971694
1070.250000 0.370318 4.548468 0.000000 0.973062
1071.000000 0.352300 4.475400 0.000000 0.970800
1071.750000 0.367525 4.552239 0.000000 0.972153
1072.500000 0.363855 4.524868 0.000000 0.974282
1073.250000 0.353706 4.472442 0.000000 0.966690
1074.000000 0.352418 4.433953 0.000000 0.970324
1074.750000 0.360248 4.504647 0.000000 0.974718
1075.500000 0.366144 4.574498 0.000000 0.977416
1076.250000 0.379324 4.596681 0.000000 0.974705
1077.000000 0.376829 4.623472 0.000000 0.973341
1077.750000 0.387963 4.661144 0.000000 0.973550
1078.500000 0.379856 4.621946 0.000000 0.972267
1079.250000 0.389083 4.702689 0.000000 0.976507
1080.000000 0.376997 4.608127 0.000000 0.971246
1080.750000 0.380481 4.659175 0.000000 0.975227
1081.500000 0.382150 4.655386 0.000000 0.970450
1082.250000 0.392793 4.698543 0.000000 0.972549
1083.000000 0.402797 4.735166 0.000000 0.972827
1083.750000 0.406097 4.726936 0.000000 0.972614
1084.500000 0.409150 4.777255 0.000000 0.975473
1085.250000 0.418519 4.853153 0.000000 0.973473
1086.000000 0.414013 4.843297 0.000000 0.972552
1086.750000 0.420290 4.922139 0.000000 0.974313
1087.500000 0.427872 4.992507 0.000000 0.974525
1088.250000 0.428086 4.913483 0.000000 0.969094
1089.000000 0.400420 4.806932 0.000000 0.972333
1089.750000 0.398761 4.805614 0.000000 0.972330
1090.500000 0.400682 4.827649 0.000000 0.972010
1091.250000 0.411087 4.849840 0.000000 0.974840
1092.000000 0.423277 4.958941 0.000000 0.971828
1092.750000 0.431026 5.032065 0.000000 0.969334
1093.500000 0.438793 5.073549 0.000000 0.971620
1094.250000 0.438493 5.054162 0.000000 0.969321
1095.000000 0.446298 5.113098 0.000000 0.970127
1095.750000 0.446502 5.162847 0.000000 0.971074
1096.500000 0.440576 5.153961 0.000000 0.974590
1097.250000 0.435564 5.161638 0.000000 0.970529
1098.000000 0.438257 5.180671 0.000000 0.970756
1098.750000 0.435117 5.099122 0.000000 0.974147
1099.500000 0.429970 5.068332 0.000000 0.973427
1100.250000 0.438306 5.083324 0.000000 0.972025
1101.000000 0.445943 5.166167 0.000000 0.972222
1101.750000 0.454500 5.194514 0.000000 0.972770
1102.500000 0.454818 5.207245 0.000000 0.974882
1103.250000 0.440032 5.204862 0.000000 0.973592
1104.000000 0.433343 5.150415 0.000000 0.969097
1104.750000 0.426300 5.136600 0.000000 0.971400
1105.500000 0.420979 5.087612 0.000000 0.970829
1106.250000 0.419800 5.085600 0.000000 0.964900
1107.000000 0.414641 5.120312 0.000000 0.970097
1107.750000 0.421273 5.103871 0.000000 0.973159
1108.500000 0.414939 5.050466 0.000000 0.970261
1109.250000 0.427385 5.129326 0.000000 0.969894
1110.000000 0.431555 5.120404 0.000000 0.968425
1110.750000 0.448613 5.171124 0.000000 0.972560
1111.500000 0.451993 5.155460 0.000000 0.971825
1112.250000 0.449385 5.134106 0.000000 0.974018
1113.000000 0.446083 5.093089 0.000000 0.973016
1113.750000 0.453445 5.144615 0.000000 0.972697
1114.500000 0.441414 5.115473 0.000000 0.973329
1115.250000 0.434143 5.064207 0.000000 0.972397
1116.000000 0.415758 5.024498 0.000000 0.972703
1116.750000 0.424900 5.065900 0.000000 0.973200
1117.500000 0.423150 5.054671 0.000000 0.971363
1118.250000 0.436575 5.099740 0.000000 0.970288
1119.000000 0.440260 5.139810 0.000000 0.969454
1119.750000 0.439632 5.137341 0.000000 0.971892
1120.500000 0.416125 5.060518 0.000000 0.969191
1121.250000 0.423138 5.092875 0.000000 0.975681
1122.000000 0.424291 5.097483 0.000000 0.972133
1122.750000 0.433696 5.188169 0.000000 0.970521
1123.500000 0.441206 5.229968 0.000000 0.972857
1124.250000 0.425345 5.181691 0.000000 0.968719
1125.000000 0.421863 5.204637 0.000000 0.973122
1125.750000 0.417425 5.132440 0.000000 0.971792
1126.500000 0.408914 5.144899 0.000000 0.972120
1127.250000 0.388489 5.061851 0.000000 0.969325
1128.000000 0.389282 5.050294 0.000000 0.968766
1128.750000 0.376852 4.986383 0.000000 0.968362
1129.500000 0.371991 4.935371 0.000000 0.968135
1130.250000 0.389895 4.999499 0.000000 0.967584
1131.000000 0.395966 5.035343 0.000000 0.964657
1131.750000 0.381243 4.936176 0.000000 0.968538
1132.500000 0.376664 4.919844 0.000000 0.971680
1133.250000 0.361214 4.866155 0.000000 0.969159
1134.000000 0.354058 4.789084 0.000000 0.965014
1134.750000 0.352159 4.745801 0.000000 0.970312
1135.500000 0.344755 4.665335 0.000000 0.971129
1136.250000 0.332734 4.609664 0.000000 0.971049
1137.000000 0.334500 4.622487 0.000000 0.972292
1137.750000 0.345027 4.655672 0.000000 0.972614
1138.500000 0.326633 4.574457 0.000000 0.965997
1139.250000 0.340345 4.636819 0.000000 0.968650
1140.000000 0.358458 4.709109 0.000000 0.972773
1140.750000 0.377773 4.803718 0.000000 0.972816
1141.500000 0.383709 4.823019 0.000000 0.967658
1142.250000 0.391578 4.819878 0.000000 0.968766
1143.000000 0.393365 4.781018 0.000000 0.968330
1143.750000 0.397919 4.771332 0.000000 0.970091
1144.500000 0.391104 4.773714 0.000000 0.971414
1145.250000 0.385399 4.756217 0.000000 0.970039
1146.000000 0.372964 4.741733 0.000000 0.971226
1146.750000 0.366710 4.659698 0.000000 0.973392
1147.500000 0.372834 4.664630 0.000000 0.972353
1148.250000 0.359128 4.573885 0.000000 0.973705
1149.000000 0.355902 4.556820 0.000000 0.972039
1149.750000 0.342572 4.524028 0.000000 0.970887
1150.500000 0.337037 4.536136 0.000000 0.973173
1151.250000 0.352253 4.640751 0.000000 0.971420
1152.000000 0.336933 4.516797 0.000000 0.971906
1152.750000 0.330165 4.518359 0.000000 0.969185
1153.500000 0.316863 4.434587 0.000000 0.968294
1154.250000 0.317210 4.405319 0.000000 0.970597
1155.000000 0.321041 4.369281 0.000000 0.971494
1155.750000 0.321072 4.379148 0.000000 0.971112
1156.500000 0.337459 4.466713 0.000000 0.972951
1157.250000 0.360316 4.551631 0.000000 0.971983
1158.000000 0.367969 4.587272 0.000000 0.973024
1158.750000 0.366976 4.566737 0.000000 0.971948
1159.500000 0.382051 4.670660 0.000000 0.976041
1160.250000 0.380138 4.667367 0.000000 0.970697
1161.000000 0.389266 4.670797 0.000000 0.967020
1161.750000 0.385984 4.616315 0.000000 0.966410
1162.500000 0.409569 4.761985 0.000000 0.971775
1163.250000 0.394682 4.671099 0.000000 0.967710
1164.000000 0.400380 4.736147 0.000000 0.970894
1164.750000 0.386672 4.651337 0.000000 0.966181
1165.500000 0.391113 4.685048 0.000000 0.970176
1166.250000 0.400360 4.735259 0.000000 0.971417
1167.000000 0.403887 4.759792 0.000000 0.970049
1167.750000 0.393587 4.721142 0.000000 0.968737
1168.500000 0.390609 4.691608 0.000000 0.972927
1169.250000 0.373415 4.587536 0.000000 0.970239
1170.000000 0.367817 4.528831 0.000000 0.972566
1170.750000 0.360472 4.546409 0.000000 0.968394
1171.500000 0.375000 4.620903 0.000000 0.969225
1172.250000 0.378883 4.630706 0.000000 0.970732
1173.000000 0.373585 4.653372 0.000000 0.968734
1173.750000 0.382664 4.680448 0.000000 0.969842
1174.500000 0.375650 4.624249 0.000000 0.971489
1175.250000 0.385354 4.623750 0.000000 0.971989
1176.000000 0.373703 4.587390 0.000000 0.972267
1176.750000 0.397040 4.701270 0.000000 0.973197
1177.500000 0.405181 4.713343 0.000000 0.971594
1178.250000 0.414639 4.785999 0.000000 0.971580
1179.000000 0.408886 4.800160 0.000000 0.973381
1179.750000 0.393746 4.764512 0.000000 0.967529
1180.500000 0.394624 4.797741 0.000000 0.968622
1181.250000 0.401437 4.876235 0.000000 0.971255
1182.000000 0.392065 4.792924 0.000000 0.973916
1182.750000 0.392482 4.793562 0.000000 0.969609
1183.500000 0.390533 4.823890 0.000000 0.973222
1184.250000 0.401755 4.878317 0.000000 0.970377
1185.000000 0.392290 4.877060 0.000000 0.969939
1185.750000 0.401721 4.943055 0.000000 0.970877
1186.500000 0.409590 4.984316 0.000000 0.972028
1187.250000 0.403789 4.956430 0.000000 0.969292
1188.000000 0.410285 4.996505 0.000000 0.971143
1188.750000 0.409490 5.032068 0.000000 0.972527
1189.500000 0.406453 5.030766 0.000000 0.973429
1190.250000 0.421294 5.075110 0.000000 0.974131
1191.000000 0.407962 4.985234 0.000000 0.975357
1191.750000 0.408614 4.958929 0.000000 0.973918
1192.500000 0.425587 4.974213 0.000000 0.974213
1193.250000 0.430460 4.989286 0.000000 0.973566
1194.000000 0.431770 4.968309 0.000000 0.973508
1194.750000 0.431233 4.959230 0.000000 0.974056
1195.500000 0.438095 5.013133 0.000000 0.971729
1196.250000 0.455665 5.117294 0.000000 0.969476
1197.000000 0.452381 5.069428 0.000000 0.970688
1197.750000 0.450708 5.128817 0.000000 0.972161
1198.500000 0.449374 5.120180 0.000000 0.968653
1199.250000 0.448486 5.169581 0.000000 0.972619
1200.000000 0.435974 5.138655 0.000000 0.972689
1200.750000 0.419690 5.061369 0.000000 0.971714
1201.500000 0.400918 5.004592 0.000000 0.965658
1202.250000 0.422973 5.088473 0.000000 0.969509
1203.000000 0.410989 5.068032 0.000000 0.969530
1203.750000 0.419207 5.064654 0.000000 0.973019
1204.500000 0.434443 5.171717 0.000000 0.972497
1205.250000 0.454209 5.276448 0.000000 0.972475
1206.000000 0.457323 5.243238 0.000000 0.968644
1206.750000 0.466221 5.229019 0.000000 0.971360
1207.500000 0.464311 5.261755 0.000000 0.972147
1208.250000 0.461508 5.220443 0.000000 0.972670
1209.000000 0.463407 5.222056 0.000000 0.971806
1209.750000 0.468996 5.276785 0.000000 0.973240
1210.500000 0.460289 5.183059 0.000000 0.977280
1211.250000 0.452945 5.118712 0.000000 0.973097
1212.000000 0.463878 5.123574 0.000000 0.969882
1212.750000 0.451384 5.087639 0.000000 0.971020
1213.500000 0.446457 5.045136 0.000000 0.970877
1214.250000 0.428586 4.986807 0.000000 0.967416
1215.000000 0.419384 4.986798 0.000000 0.967593
1215.750000 0.408078 4.877236 0.000000 0.968210
1216.500000 0.382794 4.697142 0.000000 0.964129
1217.250000 0.391591 4.733347 0.000000 0.971337
1218.000000 0.360016 4.574907 0.000000 0.973550
1218.750000 0.361027 4.554084 0.000000 0.971403
1219.500000 0.364110 4.629073 0.000000 0.971930
1220.250000 0.373863 4.703130 0.000000 0.971203
1221.000000 0.385416 4.781835 0.000000 0.972392
1221.750000 0.390620 4.776832 0.000000 0.972943
1222.500000 0.390925 4.768128 0.000000 0.971354
1223.250000 0.385923 4.709558 0.000000 0.972506
1224.000000 0.404995 4.787912 0.000000 0.973027
1224.750000 0.412424 4.793638 0.000000 0.965590
1225.500000 0.412018 4.780144 0.000000 0.968406
1226.250000 0.417059 4.828611 0.000000 0.974972
1227.000000 0.416525 4.817226 0.000000 0.969655
1227.750000 0.421913 4.910786 0.000000 0.970830
1228.500000 0.428700 4.954029 0.000000 0.970582
1229.250000 0.417166 4.927558 0.000000 0.970823
1230.000000 0.415015 4.917917 0.000000 0.971672
1230.750000 0.422473 4.934719 0.000000 0.972208
1231.500000 0.416433 4.949860 0.000000 0.969676
1232.250000 0.407400 4.861100 0.000000 0.967700
1233.000000 0.391712 4.809885 0.000000 0.969246
1233.750000 0.398599 4.880781 0.000000 0.967367
1234.500000 0.401880 4.870274 0.000000 0.971794
1235.250000 0.390005 4.780510 0.000000 0.970115
1236.000000 0.388241 4.796612 0.000000 0.967813
1236.750000 0.367779 4.642015 0.000000 0.969718
1237.500000 0.379683 4.705370 0.000000 0.970146
1238.250000 0.388989 4.710210 0.000000 0.969870
1239.000000 0.394024 4.752074 0.000000 0.973718
1239.750000 0.394998 4.763181 0.000000 0.975188
1240.500000 0.399020 4.778444 0.000000 0.970406
1241.250000 0.390017 4.751626 0.000000 0.969591
1242.000000 0.381800 4.721500 0.000000 0.968600
1242.750000 0.394252 4.831765 0.000000 0.970158
1243.500000 0.398701 4.833966 0.000000 0.973127
1244.250000 0.397140 4.799479 0.000000 0.970197
1245.000000 0.405592 4.842253 0.000000 0.968932
1245.750000 0.417209 4.842621 0.000000 0.966883
1246.500000 0.410716 4.795593 0.000000 0.968553
1247.250000 0.409336 4.822571 0.000000 0.967313
1248.000000 0.404607 4.814621 0.000000 0.967752
1248.750000 0.397480 4.819764 0.000000 0.969794
1249.500000 0.386384 4.770969 0.000000 0.971609
1250.250000 0.373862 4.673772 0.000000 0.970179
1251.000000 0.379127 4.618671 0.000000 0.972884
1251.750000 0.367974 4.601420 0.000000 0.969494
1252.500000 0.354487 4.526184 0.000000 0.967619
1253.250000 0.339826 4.446509 0.000000 0.969933
1254.000000 0.324690 4.399379 0.000000 0.970965
1254.750000 0.332800 4.392746 0.000000 0.972725
1255.500000 0.331966 4.407981 0.000000 0.973795
1256.250000 0.325689 4.323485 0.000000 0.972359
1257.000000 0.332335 4.345616 0.000000 0.971041
1257.750000 0.335999 4.334800 0.000000 0.973908
1258.500000 0.319896 4.273382 0.000000 0.973692
1259.250000 0.329602 4.302718 0.000000 0.972916
1260.000000 0.341239 4.372661 0.000000 0.973782
1260.750000 0.335001 4.365610 0.000000 0.975593
1261.500000 0.336259 4.338354 0.000000 0.976459
1262.250000 0.337734 4.317232 0.000000 0.974397
1263.000000 0.337229 4.292878 0.000000 0.971332
1263.750000 0.346831 4.385922 0.000000 0.972805
1264.500000 0.343014 4.343513 0.000000 0.973952
1265.250000 0.339330 4.361919 0.000000 0.976512
1266.000000 0.346933 4.406783 0.000000 0.974065
1266.750000 0.363536 4.484815 0.000000 0.973327
1267.500000 0.366923 4.531709 0.000000 0.971437
1268.250000 0.362530 4.487829 0.000000 0.969573
1269.000000 0.340709 4.396676 0.000000 0.972467
1269.750000 0.343540 4.398779 0.000000 0.975483
1270.500000 0.345478 4.398283 0.000000 0.976442
1271.250000 0.339634 4.380638 0.000000 0.973197
1272.000000 0.340589 4.326111 0.000000 0.975037
1272.750000 0.331670 4.305919 0.000000 0.973550
1273.500000 0.330439 4.292216 0.000000 0.971856
1274.250000 0.330703 4.322114 0.000000 0.972333
1275.000000 0.333700 4.327300 0.000000 0.967900
1275.750000 0.341064 4.374051 0.000000 0.972811
1276.500000 0.348312 4.434791 0.000000 0.971240
1277.250000 0.350534 4.399241 0.000000 0.971853
1278.000000 0.341329 4.361919 0.000000 0.973513
1278.750000 0.333400 4.291376 0.000000 0.972549
1279.500000 0.316983 4.167533 0.000000 0.973427
1280.250000 0.310887 4.127976 0.000000 0.973084
1281.000000 0.321204 4.163151 0.000000 0.971309
1281.750000 0.307430 4.081213 0.000000 0.973263
1282.500000 0.302549 4.067066 0.000000 0.973513
1283.250000 0.289796 4.013934 0.000000 0.975842
1284.000000 0.278250 3.940354 0.000000 0.971326
1284.750000 0.280872 3.987001 0.000000 0.971703
1285.500000 0.277889 3.937412 0.000000 0.968456
1286.250000 0.262811 3.903007 0.000000 0.969134
1287.000000 0.274276 3.979156 0.000000 0.973244
1287.750000 0.276045 3.959508 0.000000 0.974305
1288.500000 0.287629 4.021402 0.000000 0.972397
1289.250000 0.289358 4.005801 0.000000 0.976395
1290.000000 0.292348 4.046635 0.000000 0.972721
1290.750000 0.303230 4.086409 0.000000 0.971797
1291.500000 0.319049 4.225152 0.000000 0.973729
1292.250000 0.325050 4.245491 0.000000 0.973948
1293.000000 0.325172 4.256820 0.000000 0.968922
1293.750000 0.310603 4.204972 0.000000 0.973442
1294.500000 0.310966 4.213420 0.000000 0.974462
1295.250000 0.319072 4.218812 0.000000 0.970812
1296.000000 0.323794 4.220132 0.000000 0.972484
1296.750000 0.313436 4.135856 0.000000 0.972749
1297.500000 0.304213 4.093366 0.000000 0.974382
1298.250000 0.305292 4.071522 0.000000 0.974492
1299.000000 0.309507 4.056883 0.000000 0.973408
1299.750000 0.290942 3.935013 0.000000 0.971306
1300.500000 0.286071 3.854618 0.000000 0.975637
1301.250000 0.278728 3.818682 0.000000 0.971397
1302.000000 0.281631 3.832201 0.000000 0.973116
1302.750000 0.271371 3.769770 0.000000 0.968869
1303.500000 0.294506 3.816384 0.000000 0.972428
1304.250000 0.301229 3.854831 0.000000 0.974523
1305.000000 0.306200 3.881800 0.000000 0.973000
1305.750000 0.297772 3.818799 0.000000 0.977225
1306.500000 0.315811 3.948131 0.000000 0.973116
1307.250000 0.312850 3.881805 0.000000 0.976681
1308.000000 0.292566 3.796563 0.000000 0.973122
1308.750000 0.296959 3.848470 0.000000 0.976695
1309.500000 0.282044 3.751949 0.000000 0.973405
1310.250000 0.291846 3.872136 0.000000 0.970985
1311.000000 0.291950 3.909309 0.000000 0.969836
1311.750000 0.286402 3.801544 0.000000 0.973526
1312.500000 0.267301 3.662894 0.000000 0.975463
1313.250000 0.260318 3.680624 0.000000 0.973718
1314.000000 0.257260 3.631374 0.000000 0.972558
1314.750000 0.262790 3.628297 0.000000 0.974520
1315.500000 0.250950 3.469006 0.000000 0.975305
1316.250000 0.247197 3.371646 0.000000 0.970965
1317.000000 0.260122 3.458163 0.000000 0.976407
1317.750000 0.258581 3.470429 0.000000 0.975183
1318.500000 0.250777 3.362880 0.000000 0.977539
1319.250000 0.253645 3.402437 0.000000 0.975335
1320.000000 0.255647 3.399461 0.000000 0.974915
1320.750000 0.247901 3.366553 0.000000 0.973011
1321.500000 0.262994 3.468302 0.000000 0.975263
1322.250000 0.262343 3.488207 0.000000 0.975815
1323.000000 0.276034 3.582751 0.000000 0.975215
1323.750000 0.269797 3.510562 0.000000 0.980078
1324.500000 0.263047 3.487602 0.000000 0.974305
1325.250000 0.259740 3.496603 0.000000 0.978022
1326.000000 0.264106 3.497299 0.000000 0.976991
1326.750000 0.266667 3.522555 0.000000 0.977844
1327.500000 0.259263 3.557875 0.000000 0.972935
1328.250000 0.261919 3.556490 0.000000 0.974059
1329.000000 0.268746 3.584883 0.000000 0.975205
1329.750000 0.272319 3.582185 0.000000 0.977132
1330.500000 0.273491 3.596261 0.000000 0.971811
1331.250000 0.264176 3.564816 0.000000 0.975356
1332.000000 0.268631 3.624376 0.000000 0.976823
1332.750000 0.260496 3.584866 0.000000 0.976609
1333.500000 0.269200 3.631300 0.000000 0.971500
1334.250000 0.272374 3.631149 0.000000 0.973361
1335.000000 0.276434 3.610933 0.000000 0.973016
1335.750000 0.267273 3.577442 0.000000 0.972603
1336.500000 0.260194 3.518485 0.000000 0.972448
1337.250000 0.262045 3.530902 0.000000 0.970450
1338.000000 0.268315 3.560948 0.000000 0.975580
1338.750000 0.271029 3.549750 0.000000 0.976923
1339.500000 0.253249 3.452209 0.000000 0.977005
1340.250000 0.256198 3.476609 0.000000 0.974510
1341.000000 0.267508 3.576195 0.000000 0.978860
1341.750000 0.272964 3.593256 0.000000 0.976886
1342.500000 0.280672 3.604340 0.000000 0.977902
1343.250000 0.269327 3.489177 0.000000 0.977157
1344.000000 0.280368 3.529818 0.000000 0.974885
1344.750000 0.284745 3.589644 0.000000 0.976155
1345.500000 0.280460 3.594303 0.000000 0.976612
1346.250000 0.276717 3.584025 0.000000 0.975507
1347.000000 0.276681 3.519948 0.000000 0.977159
1347.750000 0.279228 3.529153 0.000000 0.974697
1348.500000 0.296370 3.661334 0.000000 0.977902
1349.250000 0.309607 3.766770 0.000000 0.973808
1350.000000 0.307500 3.701912 0.000000 0.974267
1350.750000 0.311521 3.757606 0.000000 0.973566
1351.500000 0.306947 3.791904 0.000000 0.971414
1352.250000 0.309498 3.811745 0.000000 0.978228
1353.000000 0.300822 3.743685 0.000000 0.974439
1353.750000 0.311224 3.819228 0.000000 0.972689
1354.500000 0.289379 3.652625 0.000000 0.967159
1355.250000 0.298820 3.757203 0.000000 0.975590
1356.000000 0.304122 3.774610 0.000000 0.978591
1356.750000 0.286687 3.676977 0.000000 0.973874
1357.500000 0.288844 3.729665 0.000000 0.973787
1358.250000 0.283759 3.727327 0.000000 0.973931
1359.000000 0.291559 3.837058 0.000000 0.978447
1359.750000 0.277567 3.740478 0.000000 0.977169
1360.500000 0.268984 3.641154 0.000000 0.979263
1361.250000 0.252177 3.517369 0.000000 0.970868
1362.000000 0.265833 3.590495 0.000000 0.976688
1362.750000 0.275052 3.583575 0.000000 0.977220
1363.500000 0.279277 3.574440 0.000000 0.974720
1364.250000 0.276048 3.549194 0.000000 0.971174
1365.000000 0.278367 3.561737 0.000000 0.976186
1365.750000 0.277194 3.548984 0.000000 0.976784
1366.500000 0.285086 3.639144 0.000000 0.976210
1367.250000 0.294023 3.711182 0.000000 0.974072
1368.000000 0.294700 3.790100 0.000000 0.974900
1368.750000 0.290715 3.762541 0.000000 0.972773
1369.500000 0.270871 3.624324 0.000000 0.972773
1370.250000 0.260360 3.506807 0.000000 0.974274
1371.000000 0.261783 3.541079 0.000000 0.977084
1371.750000 0.269929 3.538053 0.000000 0.975835
1372.500000 0.267973 3.545445 0.000000 0.972603
1373.250000 0.257806 3.495997 0.000000 0.975981
1374.000000 0.254297 3.528177 0.000000 0.971523
1374.750000 0.254957 3.524134 0.000000 0.972361
1375.500000 0.242109 3.514383 0.000000 0.977028
1376.250000 0.242889 3.450922 0.000000 0.973758
1377.000000 0.251798 3.499800 0.000000 0.973931
1377.750000 0.236545 3.397803 0.000000 0.972441
1378.500000 0.239896 3.422513 0.000000 0.977048
1379.250000 0.235583 3.401482 0.000000 0.974169
1380.000000 0.258540 3.480016 0.000000 0.976260
1380.750000 0.258361 3.440850 0.000000 0.975442
1381.500000 0.267859 3.510341 0.000000 0.975722
1382.250000 0.276279 3.550760 0.000000 0.973921
1383.000000 0.277911 3.606843 0.000000 0.974790
1383.750000 0.276783 3.615285 0.000000 0.974792
1384.500000 0.280349 3.645733 0.000000 0.974659
1385.250000 0.283242 3.671236 0.000000 0.975288
1386.000000 0.288971 3.684632 0.000000 0.978702
1386.750000 0.275717 3.650705 0.000000 0.976407
1387.500000 0.274439 3.605870 0.000000 0.977865
1388.250000 0.280865 3.632522 0.000000 0.975168
1389.000000 0.294840 3.718136 0.000000 0.974848
1389.750000 0.292537 3.672295 0.000000 0.973324
1390.500000 0.297130 3.624662 0.000000 0.973397
1391.250000 0.301589 3.655041 0.000000 0.973119
1392.000000 0.312894 3.708112 0.000000 0.973792
1392.750000 0.316866 3.746806 0.000000 0.977246
1393.500000 0.306976 3.707737 0.000000 0.972675
1394.250000 0.306953 3.738830 0.000000 0.970146
1395.000000 0.314928 3.859710 0.000000 0.974039
1395.750000 0.301359 3.739309 0.000000 0.973621
1396.500000 0.298642 3.766980 0.000000 0.974231
1397.250000 0.296411 3.800560 0.000000 0.976407
1398.000000 0.289266 3.738193 0.000000 0.976535
1398.750000 0.281062 3.718738 0.000000 0.972144
1399.500000 0.273046 3.609749 0.000000 0.971474
1400.250000 0.266860 3.605363 0.000000 0.975585
1401.000000 0.281341 3.732066 0.000000 0.976188
1401.750000 0.283715 3.784065 0.000000 0.977007
1402.500000 0.280455 3.783897 0.000000 0.976055
1403.250000 0.283815 3.801559 0.000000 0.976107
1404.000000 0.276937 3.783502 0.000000 0.974441
1404.750000 0.276242 3.783353 0.000000 0.976162
1405.500000 0.264688 3.716627 0.000000 0.978917
1406.250000 0.255123 3.632910 0.000000 0.974908
1407.000000 0.258697 3.624650 0.000000 0.975810
1407.750000 0.260644 3.638517 0.000000 0.972317
1408.500000 0.263972 3.679740 0.000000 0.974252
1409.250000 0.260391 3.619229 0.000000 0.972258
1410.000000 0.258863 3.595726 0.000000 0.965745
1410.750000 0.262584 3.601221 0.000000 0.973081
1411.500000 0.275345 3.644171 0.000000 0.973705
1412.250000 0.273109 3.591537 0.000000 0.975890
1413.000000 0.275535 3.604238 0.000000 0.974615
1413.750000 0.277404 3.630328 0.000000 0.976833
1414.500000 0.273609 3.554522 0.000000 0.976391
1415.250000 0.271320 3.542241 0.000000 0.976034
1416.000000 0.283498 3.575703 0.000000 0.976684
1416.750000 0.299630 3.630363 0.000000 0.976098
1417.500000 0.303024 3.645573 0.000000 0.972552
1418.250000 0.309789 3.654043 0.000000 0.973450
1419.000000 0.289306 3.551776 0.000000 0.965882
1419.750000 0.294071 3.555101 0.000000 0.974845
1420.500000 0.291896 3.589088 0.000000 0.977416
1421.250000 0.278659 3.521999 0.000000 0.972663
1422.000000 0.268973 3.508049 0.000000 0.969403
1422.750000 0.273838 3.568409 0.000000 0.974860
1423.500000 0.263799 3.481286 0.000000 0.976545
1424.250000 0.247001 3.384046 0.000000 0.976909
1425.000000 0.237657 3.287427 0.000000 0.974615
1425.750000 0.223078 3.174882 0.000000 0.976002
1426.500000 0.246621 3.317412 0.000000 0.977871
1427.250000 0.237771 3.236171 0.000000 0.978293
1428.000000 0.237187 3.265861 0.000000 0.974723
1428.750000 0.233819 3.286656 0.000000 0.976628
1429.500000 0.235141 3.254720 0.000000 0.976326
1430.250000 0.217270 3.079452 0.000000 0.971217
1431.000000 0.215056 3.057708 0.000000 0.977037
1431.750000 0.215724 2.987481 0.000000 0.974261
1432.500000 0.207538 2.966010 0.000000 0.973208
1433.250000 0.217578 3.125487 0.000000 0.978002
1434.000000 0.228720 3.114760 0.000000 0.978270
1434.750000 0.232468 3.092507 0.000000 0.977722
1435.500000 0.220242 3.033036 0.000000 0.978877
1436.250000 0.227255 3.076085 0.000000 0.975805
1437.000000 0.231440 3.086865 0.000000 0.978559
1437.750000 0.222922 3.042266 0.000000 0.968425
1438.500000 0.232221 3.086097 0.000000 0.978825
1439.250000 0.234222 3.076538 0.000000 0.981867
1440.000000 0.237743 3.141787 0.000000 0.977534
1440.750000 0.237016 3.127532 0.000000 0.978043
1441.500000 0.234554 3.167083 0.000000 0.974848
1442.250000 0.231966 3.185374 0.000000 0.979946
1443.000000 0.232139 3.192116 0.000000 0.980188
1443.750000 0.227767 3.141132 0.000000 0.974948
1444.500000 0.222267 3.113536 0.000000 0.974169
1445.250000 0.229398 3.122559 0.000000 0.977170
1446.000000 0.232309 3.189070 0.000000 0.978381
1446.750000 0.233453 3.245651 0.000000 0.972006
1447.500000 0.243837 3.301327 0.000000 0.976844
1448.250000 0.251150 3.319664 0.000000 0.978196
1449.000000 0.247923 3.281353 0.000000 0.974577
1449.750000 0.251122 3.334830 0.000000 0.976753
1450.500000 0.272264 3.469465 0.000000 0.975512
1451.250000 0.283500 3.532600 0.000000 0.976700
1452.000000 0.259648 3.386823 0.000000 0.972006
1452.750000 0.266341 3.469814 0.000000 0.977248
1453.500000 0.265755 3.473584 0.000000 0.981025
1454.250000 0.276857 3.518870 0.000000 0.978734
1455.000000 0.285757 3.628245 0.000000 0.975744
1455.750000 0.286614 3.657503 0.000000 0.978706
1456.500000 0.285543 3.663574 0.000000 0.970368
1457.250000 0.277878 3.655055 0.000000 0.970771
1458.000000 0.281946 3.678989 0.000000 0.976321
1458.750000 0.285743 3.714957 0.000000 0.975088
1459.500000 0.292332 3.748802 0.000000 0.975739
1460.250000 0.287838 3.680435 0.000000 0.975856
1461.000000 0.265253 3.547510 0.000000 0.972394
1461.750000 0.281928 3.645965 0.000000 0.978098
1462.500000 0.275228 3.562456 0.000000 0.974898
1463.250000 0.285272 3.602097 0.000000 0.978432
1464.000000 0.287518 3.652675 0.000000 0.977660
1464.750000 0.289531 3.677767 0.000000 0.978166
1465.500000 0.315016 3.801679 0.000000 0.977520
1466.250000 0.308315 3.796322 0.000000 0.971017
1467.000000 0.309260 3.811907 0.000000 0.973329
1467.750000 0.311552 3.829310 0.000000 0.976556
1468.500000 0.332632 3.917668 0.000000 0.974760
1469.250000 0.326604 3.900260 0.000000 0.975115
1470.000000 0.312963 3.865173 0.000000 0.972995
1470.750000 0.292741 3.757449 0.000000 0.971006
1471.500000 0.302291 3.803941 0.000000 0.979494
1472.250000 0.307646 3.819625 0.000000 0.977740
1473.000000 0.311456 3.839420 0.000000 0.971386
1473.750000 0.311782 3.838013 0.000000 0.975517
1474.500000 0.320188 3.896807 0.000000 0.975278
1475.250000 0.315092 3.852771 0.000000 0.971691
1476.000000 0.323309 3.944750 0.000000 0.976821
1476.750000 0.335032 4.043665 0.000000 0.976619
1477.500000 0.326429 4.047233 0.000000 0.976684
1478.250000 0.342609 4.090265 0.000000 0.972771
1479.000000 0.337931 4.048376 0.000000 0.976512
1479.750000 0.334565 4.003695 0.000000 0.975232
1480.500000 0.329731 3.983489 0.000000 0.970179
1481.250000 0.333466 4.036730 0.000000 0.972852
1482.000000 0.325065 3.994899 0.000000 0.968594
1482.750000 0.316200 3.992900 0.000000 0.970700
1483.500000 0.298752 3.905142 0.000000 0.972941
1484.250000 0.279948 3.810870 0.000000 0.971526
1485.000000 0.285686 3.841030 0.000000 0.971051
1485.750000 0.287655 3.837395 0.000000 0.975030
1486.500000 0.296900 3.898600 0.000000 0.974200
1487.250000 0.281147 3.793286 0.000000 0.978519
1488.000000 0.268816 3.743961 0.000000 0.978738
1488.750000 0.264115 3.642150 0.000000 0.972519
1489.500000 0.254620 3.529817 0.000000 0.972630
1490.250000 0.254596 3.526079 0.000000 0.975220
1491.000000 0.262716 3.583591 0.000000 0.976816
1491.750000 0.268839 3.541175 0.000000 0.977913
1492.500000 0.283995 3.627056 0.000000 0.980245
1493.250000 0.291712 3.719784 0.000000 0.976207
1494.000000 0.291521 3.768445 0.000000 0.976074
1494.750000 0.296814 3.754619 0.000000 0.976630
1495.500000 0.292342 3.768846 0.000000 0.970906
1496.250000 0.293588 3.790937 0.000000 0.978393
1497.000000 0.291109 3.760440 0.000000 0.979620
1497.750000 0.281800 3.761600 0.000000 0.975000
1498.500000 0.300260 3.882294 0.000000 0.976019
1499.250000 0.300400 3.849151 0.000000 0.963137
