0.000000 0.999801 7.995317 0.000000 0.999502
0.750000 0.969927 7.800680 0.000000 0.978320
1.500000 0.937700 7.696900 0.000000 0.970500
2.250000 0.915534 7.633846 0.000000 0.969012
3.000000 0.883879 7.595171 0.000000 0.967079
3.750000 0.855975 7.568325 0.000000 0.967009
4.500000 0.837010 7.543168 0.000000 0.967961
5.250000 0.814419 7.509449 0.000000 0.966003
6.000000 0.804673 7.484921 0.000000 0.968644
6.750000 0.784849 7.443010 0.000000 0.965376
7.500000 0.770245 7.397204 0.000000 0.966950
8.250000 0.749575 7.326871 0.000000 0.968822
9.000000 0.748299 7.293718 0.000000 0.967587
9.750000 0.734533 7.250075 0.000000 0.969115
10.500000 0.716031 7.198257 0.000000 0.967958
11.250000 0.697297 7.163663 0.000000 0.968268
12.000000 0.681750 7.130343 0.000000 0.963960
12.750000 0.668532 7.078045 0.000000 0.965324
13.500000 0.661545 7.022551 0.000000 0.961185
14.250000 0.659904 7.010894 0.000000 0.966320
15.000000 0.653573 6.989406 0.000000 0.966917
15.750000 0.640708 6.944017 0.000000 0.969609
16.500000 0.628074 6.875225 0.000000 0.963907
17.250000 0.628083 6.880555 0.000000 0.968541
18.000000 0.633244 6.853338 0.000000 0.970767
18.750000 0.620342 6.782096 0.000000 0.966630
19.500000 0.600639 6.711462 0.000000 0.966054
20.250000 0.569485 6.617109 0.000000 0.966983
21.000000 0.555822 6.582409 0.000000 0.968016
21.750000 0.565113 6.591218 0.000000 0.967493
22.500000 0.572943 6.578042 0.000000 0.967103
23.250000 0.566367 6.571957 0.000000 0.968164
24.000000 0.571286 6.547374 0.000000 0.969885
24.750000 0.561474 6.534341 0.000000 0.967962
25.500000 0.561332 6.504748 0.000000 0.961811
26.250000 0.550270 6.466053 0.000000 0.960645
27.000000 0.553858 6.429669 0.000000 0.958770
27.750000 0.555322 6.428156 0.000000 0.965355
28.500000 0.547795 6.374077 0.000000 0.965875
29.250000 0.537623 6.291775 0.000000 0.959376
30.000000 0.523189 6.223380 0.000000 0.966743
30.750000 0.502301 6.146159 0.000000 0.965186
31.500000 0.507100 6.102600 0.000000 0.966500
32.250000 0.527516 6.135781 0.000000 0.965579
33.000000 0.532058 6.115608 0.000000 0.967041
33.750000 0.540659 6.149751 0.000000 0.968531
34.500000 0.526142 6.094451 0.000000 0.963742
35.250000 0.508546 5.965217 0.000000 0.970115
36.000000 0.496654 5.924284 0.000000 0.968435
36.750000 0.501150 5.934820 0.000000 0.966810
37.500000 0.484821 5.886159 0.000000 0.969043
38.250000 0.473347 5.837984 0.000000 0.968197
39.000000 0.473242 5.810943 0.000000 0.968391
39.750000 0.474010 5.808677 0.000000 0.970412
40.500000 0.478430 5.790294 0.000000 0.969543
41.250000 0.485965 5.834282 0.000000 0.966137
42.000000 0.494754 5.870391 0.000000 0.964825
42.750000 0.490602 5.867927 0.000000 0.964507
43.500000 0.490980 5.831229 0.000000 0.962417
44.250000 0.505345 5.843141 0.000000 0.965631
45.000000 0.502794 5.849232 0.000000 0.964777
45.750000 0.501548 5.840839 0.000000 0.965352
46.500000 0.496748 5.828614 0.000000 0.965883
47.250000 0.476271 5.697872 0.000000 0.969727
48.000000 0.478531 5.692824 0.000000 0.969072
48.750000 0.468513 5.619652 0.000000 0.970012
49.500000 0.445823 5.572686 0.000000 0.969385
50.250000 0.458954 5.617039 0.000000 0.970003
51.000000 0.436200 5.543900 0.000000 0.968000
51.750000 0.429528 5.465388 0.000000 0.967735
52.500000 0.419190 5.362719 0.000000 0.969915
53.250000 0.415743 5.326740 0.000000 0.967236
54.000000 0.414894 5.295163 0.000000 0.964773
54.750000 0.432773 5.327031 0.000000 0.965186
55.500000 0.435716 5.366839 0.000000 0.968557
56.250000 0.437943 5.358763 0.000000 0.968148
57.000000 0.441600 5.379700 0.000000 0.966500
57.750000 0.437787 5.334831 0.000000 0.967146
58.500000 0.443536 5.354948 0.000000 0.965583
59.250000 0.450920 5.395341 0.000000 0.964114
60.000000 0.443001 5.337396 0.000000 0.970527
60.750000 0.439860 5.332268 0.000000 0.969930
61.500000 0.422504 5.248626 0.000000 0.969821
62.250000 0.435421 5.275797 0.000000 0.968135
63.000000 0.424952 5.245820 0.000000 0.967458
63.750000 0.421132 5.279288 0.000000 0.970312
64.500000 0.426026 5.299299 0.000000 0.971772
65.250000 0.421316 5.267447 0.000000 0.968006
66.000000 0.409504 5.216432 0.000000 0.968154
66.750000 0.388394 5.079840 0.000000 0.966583
67.500000 0.405378 5.167749 0.000000 0.970909
68.250000 0.402440 5.121212 0.000000 0.969297
69.000000 0.402197 5.131702 0.000000 0.968248
69.750000 0.417300 5.146400 0.000000 0.971600
70.500000 0.420336 5.142314 0.000000 0.966773
71.250000 0.421084 5.098931 0.000000 0.970051
72.000000 0.413866 5.076731 0.000000 0.969888
72.750000 0.418282 5.076324 0.000000 0.968631
73.500000 0.424803 5.102429 0.000000 0.971020
74.250000 0.424920 5.076378 0.000000 0.969748
75.000000 0.415422 5.027675 0.000000 0.974130
75.750000 0.415383 5.022905 0.000000 0.970294
76.500000 0.426872 5.102969 0.000000 0.968310
77.250000 0.426569 5.075082 0.000000 0.967865
78.000000 0.426459 5.103117 0.000000 0.969025
78.750000 0.421564 5.061268 0.000000 0.967264
79.500000 0.415192 5.033683 0.000000 0.967316
80.250000 0.419110 5.022211 0.000000 0.968584
81.000000 0.410162 5.021062 0.000000 0.970653
81.750000 0.426956 5.033520 0.000000 0.969982
82.500000 0.424673 5.008197 0.000000 0.973908
83.250000 0.424615 4.954709 0.000000 0.973605
84.000000 0.434648 5.063205 0.000000 0.971742
84.750000 0.426231 5.073319 0.000000 0.973229
85.500000 0.422535 5.054440 0.000000 0.970732
86.250000 0.411085 5.084729 0.000000 0.973086
87.000000 0.427884 5.198857 0.000000 0.973238
87.750000 0.437319 5.276938 0.000000 0.973487
88.500000 0.436562 5.287073 0.000000 0.973984
89.250000 0.426189 5.198661 0.000000 0.970935
90.000000 0.400421 5.081006 0.000000 0.966857
90.750000 0.399621 5.088051 0.000000 0.970151
91.500000 0.407326 5.079864 0.000000 0.970576
92.250000 0.414690 5.075453 0.000000 0.971780
93.000000 0.416875 5.072351 0.000000 0.970638
93.750000 0.410379 5.088723 0.000000 0.971657
94.500000 0.401420 5.070621 0.000000 0.969991
95.250000 0.395500 5.078900 0.000000 0.970200
96.000000 0.388655 5.061825 0.000000 0.971989
96.750000 0.389668 5.094413 0.000000 0.974369
97.500000 0.368052 4.998798 0.000000 0.970255
98.250000 0.365695 4.939433 0.000000 0.971363
99.000000 0.358910 4.963638 0.000000 0.971151
99.750000 0.380400 5.072300 0.000000 0.972400
100.500000 0.385614 5.078921 0.000000 0.972428
101.250000 0.391657 5.077931 0.000000 0.966787
102.000000 0.401460 5.147085 0.000000 0.969603
102.750000 0.390327 5.088138 0.000000 0.964725
103.500000 0.391904 5.079160 0.000000 0.971214
104.250000 0.396526 5.094639 0.000000 0.968354
105.000000 0.403177 5.060751 0.000000 0.969424
105.750000 0.406602 5.044280 0.000000 0.967787
106.500000 0.390334 4.986291 0.000000 0.971083
107.250000 0.392882 4.970809 0.000000 0.961512
108.000000 0.399039 4.974972 0.000000 0.969166
108.750000 0.387972 4.863905 0.000000 0.970679
109.500000 0.398076 4.935057 0.000000 0.970134
110.250000 0.386496 4.888599 0.000000 0.970948
111.000000 0.379894 4.892059 0.000000 0.968559
111.750000 0.387506 4.897451 0.000000 0.969315
112.500000 0.387300 4.830400 0.000000 0.971800
113.250000 0.382227 4.848927 0.000000 0.971043
114.000000 0.371634 4.801616 0.000000 0.968681
114.750000 0.367942 4.824522 0.000000 0.967023
115.500000 0.353518 4.765889 0.000000 0.968872
116.250000 0.355396 4.743936 0.000000 0.965259
117.000000 0.364190 4.789794 0.000000 0.968943
117.750000 0.360495 4.718395 0.000000 0.970541
118.500000 0.352170 4.678736 0.000000 0.969794
119.250000 0.365461 4.738014 0.000000 0.971834
120.000000 0.361785 4.698512 0.000000 0.972447
120.750000 0.368794 4.727201 0.000000 0.966936
121.500000 0.368379 4.727663 0.000000 0.965321
122.250000 0.374050 4.709484 0.000000 0.964286
123.000000 0.364581 4.685489 0.000000 0.969818
123.750000 0.344869 4.605521 0.000000 0.967894
124.500000 0.344700 4.592000 0.000000 0.969500
125.250000 0.345927 4.628885 0.000000 0.968316
126.000000 0.330062 4.519327 0.000000 0.969357
126.750000 0.320108 4.424746 0.000000 0.971817
127.500000 0.314863 4.382576 0.000000 0.973495
128.250000 0.307723 4.368447 0.000000 0.972789
129.000000 0.296608 4.330731 0.000000 0.971180
129.750000 0.307985 4.360016 0.000000 0.972584
130.500000 0.310431 4.353035 0.000000 0.973397
131.250000 0.315058 4.333567 0.000000 0.969185
132.000000 0.319848 4.350791 0.000000 0.972862
132.750000 0.296293 4.163486 0.000000 0.971420
133.500000 0.291663 4.101847 0.000000 0.971543
134.250000 0.287030 4.052942 0.000000 0.971377
135.000000 0.288241 4.047557 0.000000 0.972525
135.750000 0.283187 4.015294 0.000000 0.973611
136.500000 0.298972 4.049596 0.000000 0.974653
137.250000 0.313989 4.116462 0.000000 0.972879
138.000000 0.301921 4.065326 0.000000 0.971088
138.750000 0.286086 3.944222 0.000000 0.973211
139.500000 0.296752 3.977311 0.000000 0.970715
140.250000 0.295860 3.969775 0.000000 0.972369
141.000000 0.310307 4.043987 0.000000 0.975407
141.750000 0.293219 3.976031 0.000000 0.969540
142.500000 0.287510 3.887769 0.000000 0.974062
143.250000 0.288967 3.890964 0.000000 0.975337
144.000000 0.285243 3.879524 0.000000 0.978404
144.750000 0.287812 3.904595 0.000000 0.977922
145.500000 0.284216 3.875724 0.000000 0.974525
146.250000 0.284870 3.865826 0.000000 0.967458
147.000000 0.270777 3.792278 0.000000 0.971765
147.750000 0.278428 3.832183 0.000000 0.975098
148.500000 0.295511 3.866440 0.000000 0.975507
149.250000 0.288560 3.856571 0.000000 0.971574
150.000000 0.285215 3.827414 0.000000 0.969374
150.750000 0.283660 3.818618 0.000000 0.974531
151.500000 0.280400 3.812800 0.000000 0.972200
152.250000 0.276383 3.753826 0.000000 0.975893
153.000000 0.296927 3.886175 0.000000 0.974972
153.750000 0.290584 3.862455 0.000000 0.971311
154.500000 0.289229 3.863986 0.000000 0.974197
155.250000 0.272582 3.793238 0.000000 0.972692
156.000000 0.275052 3.796583 0.000000 0.974423
156.750000 0.268171 3.738419 0.000000 0.975339
157.500000 0.253806 3.660156 0.000000 0.971855
158.250000 0.265694 3.743703 0.000000 0.973211
159.000000 0.249625 3.633004 0.000000 0.972530
159.750000 0.249900 3.611111 0.000000 0.976019
160.500000 0.273045 3.787077 0.000000 0.975232
161.250000 0.265847 3.729354 0.000000 0.970306
162.000000 0.266333 3.705253 0.000000 0.974988
162.750000 0.255879 3.632443 0.000000 0.973682
163.500000 0.255710 3.635484 0.000000 0.971676
164.250000 0.263690 3.643407 0.000000 0.973771
165.000000 0.263853 3.623525 0.000000 0.975595
165.750000 0.261000 3.636100 0.000000 0.974600
166.500000 0.258729 3.561681 0.000000 0.975688
167.250000 0.262653 3.602020 0.000000 0.974195
168.000000 0.250175 3.532860 0.000000 0.975693
168.750000 0.252170 3.546952 0.000000 0.975551
169.500000 0.249125 3.566357 0.000000 0.972297
170.250000 0.240340 3.537437 0.000000 0.969770
171.000000 0.259948 3.691062 0.000000 0.973505
171.750000 0.251200 3.571329 0.000000 0.974290
172.500000 0.254669 3.562269 0.000000 0.970339
173.250000 0.251574 3.548806 0.000000 0.974123
174.000000 0.263474 3.588741 0.000000 0.975702
174.750000 0.267954 3.600920 0.000000 0.974895
175.500000 0.277372 3.625737 0.000000 0.972003
176.250000 0.275748 3.625050 0.000000 0.969860
177.000000 0.278012 3.626679 0.000000 0.972339
177.750000 0.283300 3.645800 0.000000 0.974300
178.500000 0.271873 3.583442 0.000000 0.974603
179.250000 0.267934 3.496048 0.000000 0.977189
180.000000 0.270727 3.492749 0.000000 0.974797
180.750000 0.273900 3.535100 0.000000 0.976200
181.500000 0.266973 3.444988 0.000000 0.976338
182.250000 0.272026 3.475894 0.000000 0.975644
183.000000 0.270668 3.485920 0.000000 0.975849
183.750000 0.276007 3.516438 0.000000 0.975217
184.500000 0.274788 3.508737 0.000000 0.979231
185.250000 0.277772 3.527099 0.000000 0.975247
186.000000 0.293243 3.645674 0.000000 0.978241
186.750000 0.307700 3.759013 0.000000 0.975032
187.500000 0.313237 3.728554 0.000000 0.973605
188.250000 0.313926 3.719188 0.000000 0.973489
189.000000 0.332099 3.836302 0.000000 0.975185
189.750000 0.334966 3.824270 0.000000 0.974310
190.500000 0.342606 3.915950 0.000000 0.973184
191.250000 0.334569 3.866533 0.000000 0.973747
192.000000 0.351351 3.996409 0.000000 0.975865
192.750000 0.359652 4.125988 0.000000 0.975383
193.500000 0.341571 3.996198 0.000000 0.975188
194.250000 0.340602 4.038611 0.000000 0.975193
195.000000 0.347382 4.067174 0.000000 0.975573
195.750000 0.338001 3.981495 0.000000 0.976693
196.500000 0.342021 4.031655 0.000000 0.977332
197.250000 0.351135 4.043804 0.000000 0.980798
198.000000 0.344814 4.019623 0.000000 0.967761
198.750000 0.347509 4.085951 0.000000 0.971383
199.500000 0.344466 4.033497 0.000000 0.976302
200.250000 0.350180 4.103476 0.000000 0.976828
201.000000 0.343472 4.072436 0.000000 0.975688
201.750000 0.341412 4.032017 0.000000 0.971773
202.500000 0.330103 4.012389 0.000000 0.966530
203.250000 0.322351 4.006108 0.000000 0.970459
204.000000 0.345065 4.146461 0.000000 0.975075
204.750000 0.346910 4.138643 0.000000 0.975923
205.500000 0.353617 4.185452 0.000000 0.977218
206.250000 0.357585 4.230262 0.000000 0.974215
207.000000 0.361502 4.299271 0.000000 0.975727
207.750000 0.366007 4.364209 0.000000 0.974520
208.500000 0.367637 4.373837 0.000000 0.974197
209.250000 0.365768 4.331596 0.000000 0.974947
210.000000 0.371819 4.389382 0.000000 0.973755
210.750000 0.359800 4.307700 0.000000 0.972700
211.500000 0.362251 4.290342 0.000000 0.974927
212.250000 0.352659 4.169732 0.000000 0.971711
213.000000 0.353383 4.237390 0.000000 0.975881
213.750000 0.345711 4.239116 0.000000 0.976279
214.500000 0.330631 4.159211 0.000000 0.972981
215.250000 0.350504 4.251373 0.000000 0.976041
216.000000 0.350525 4.259670 0.000000 0.978811
216.750000 0.351500 4.240600 0.000000 0.977300
217.500000 0.365902 4.421764 0.000000 0.978376
218.250000 0.349870 4.361372 0.000000 0.968494
219.000000 0.359732 4.455146 0.000000 0.974670
219.750000 0.351300 4.395700 0.000000 0.973200
220.500000 0.346165 4.411659 0.000000 0.971303
221.250000 0.339343 4.421174 0.000000 0.972857
222.000000 0.341634 4.418842 0.000000 0.974097
222.750000 0.346565 4.414059 0.000000 0.973203
223.500000 0.342652 4.402256 0.000000 0.967652
224.250000 0.341356 4.369919 0.000000 0.970838
225.000000 0.342829 4.352224 0.000000 0.972314
225.750000 0.341671 4.357779 0.000000 0.969385
226.500000 0.353429 4.407319 0.000000 0.971706
227.250000 0.350740 4.442177 0.000000 0.972189
228.000000 0.359625 4.480331 0.000000 0.973442
228.750000 0.348262 4.419197 0.000000 0.970043
229.500000 0.361247 4.501249 0.000000 0.968922
230.250000 0.366873 4.522804 0.000000 0.972594
231.000000 0.376823 4.655644 0.000000 0.975025
231.750000 0.380943 4.719047 0.000000 0.974877
232.500000 0.382118 4.689111 0.000000 0.973926
233.250000 0.396481 4.779666 0.000000 0.973008
234.000000 0.398541 4.731408 0.000000 0.974810
234.750000 0.399200 4.699850 0.000000 0.969715
235.500000 0.421647 4.828503 0.000000 0.973116
236.250000 0.408619 4.782423 0.000000 0.972466
237.000000 0.412429 4.890798 0.000000 0.975222
237.750000 0.415701 4.904815 0.000000 0.972034
238.500000 0.440726 4.991582 0.000000 0.971741
239.250000 0.429627 4.953651 0.000000 0.974628
240.000000 0.430783 4.986516 0.000000 0.969537
240.750000 0.424953 5.049367 0.000000 0.974668
241.500000 0.415784 5.021479 0.000000 0.968731
242.250000 0.419536 5.083166 0.000000 0.971077
243.000000 0.419281 5.103596 0.000000 0.974426
243.750000 0.418861 5.098408 0.000000 0.969166
244.500000 0.406062 5.052421 0.000000 0.969088
245.250000 0.405316 5.021885 0.000000 0.968522
246.000000 0.396841 4.966813 0.000000 0.970412
246.750000 0.385555 4.930282 0.000000 0.971952
247.500000 0.383225 4.932302 0.000000 0.969546
248.250000 0.393967 5.021077 0.000000 0.970433
249.000000 0.405019 5.046791 0.000000 0.964507
249.750000 0.397758 5.019317 0.000000 0.968572
250.500000 0.395160 5.028497 0.000000 0.971803
251.250000 0.400800 5.051126 0.000000 0.970785
252.000000 0.375962 4.893410 0.000000 0.975702
252.750000 0.372412 4.793938 0.000000 0.973192
253.500000 0.377347 4.794547 0.000000 0.969537
254.250000 0.390908 4.916692 0.000000 0.974066
255.000000 0.376012 4.892154 0.000000 0.963918
255.750000 0.372678 4.870082 0.000000 0.968943
256.500000 0.374324 4.817745 0.000000 0.971160
257.250000 0.380900 4.854200 0.000000 0.972900
258.000000 0.389627 4.833617 0.000000 0.973019
258.750000 0.384070 4.807216 0.000000 0.971017
259.500000 0.383140 4.813224 0.000000 0.965941
260.250000 0.379372 4.850790 0.000000 0.969518
261.000000 0.379704 4.903223 0.000000 0.972178
261.750000 0.362436 4.816282 0.000000 0.965196
262.500000 0.365477 4.818364 0.000000 0.973937
263.250000 0.365152 4.763555 0.000000 0.974139
264.000000 0.370981 4.838226 0.000000 0.974236
264.750000 0.380900 4.917300 0.000000 0.973500
265.500000 0.394121 4.961207 0.000000 0.975305
266.250000 0.399480 4.970194 0.000000 0.972594
267.000000 0.388188 4.905005 0.000000 0.965666
267.750000 0.392639 4.900690 0.000000 0.970397
268.500000 0.384078 4.815603 0.000000 0.968535
269.250000 0.388789 4.773574 0.000000 0.966967
270.000000 0.395235 4.788868 0.000000 0.971769
270.750000 0.398480 4.811062 0.000000 0.970394
271.500000 0.409477 4.902829 0.000000 0.970909
272.250000 0.402459 4.838097 0.000000 0.966720
273.000000 0.406225 4.886909 0.000000 0.967074
273.750000 0.412018 4.971506 0.000000 0.966907
274.500000 0.395416 4.888911 0.000000 0.967674
275.250000 0.386091 4.899680 0.000000 0.968525
276.000000 0.382512 4.887520 0.000000 0.972857
276.750000 0.392218 4.932080 0.000000 0.972292
277.500000 0.394555 4.925533 0.000000 0.970073
278.250000 0.383247 4.804278 0.000000 0.971511
279.000000 0.385039 4.836371 0.000000 0.969257
279.750000 0.370581 4.794088 0.000000 0.973537
280.500000 0.354454 4.680981 0.000000 0.969469
281.250000 0.356700 4.662300 0.000000 0.973500
282.000000 0.362774 4.735239 0.000000 0.974723
282.750000 0.370770 4.789258 0.000000 0.974643
283.500000 0.364782 4.677739 0.000000 0.969885
284.250000 0.363109 4.578874 0.000000 0.971892
285.000000 0.356836 4.510251 0.000000 0.969697
285.750000 0.357121 4.488855 0.000000 0.972514
286.500000 0.379894 4.635726 0.000000 0.972064
287.250000 0.374313 4.619590 0.000000 0.969515
288.000000 0.385530 4.750975 0.000000 0.972519
288.750000 0.409136 4.882447 0.000000 0.973810
289.500000 0.406403 4.897549 0.000000 0.972586
290.250000 0.419770 4.940390 0.000000 0.971143
291.000000 0.426279 4.934604 0.000000 0.969910
291.750000 0.416341 4.859217 0.000000 0.971863
292.500000 0.405462 4.825931 0.000000 0.968187
293.250000 0.397663 4.752073 0.000000 0.970832
294.000000 0.395179 4.750450 0.000000 0.971094
294.750000 0.387966 4.750901 0.000000 0.966960
295.500000 0.395635 4.809390 0.000000 0.969767
296.250000 0.404023 4.898419 0.000000 0.970576
297.000000 0.405778 4.952314 0.000000 0.970609
297.750000 0.418342 5.004301 0.000000 0.972297
298.500000 0.404614 4.953156 0.000000 0.970835
299.250000 0.406744 4.947368 0.000000 0.970883
300.000000 0.409500 4.979300 0.000000 0.973000
300.750000 0.413738 4.987520 0.000000 0.971346
301.500000 0.408904 4.981551 0.000000 0.973729
302.250000 0.414922 5.036054 0.000000 0.973360
303.000000 0.420716 5.049497 0.000000 0.972857
303.750000 0.435951 5.149880 0.000000 0.968325
304.500000 0.426316 5.132181 0.000000 0.970427
305.250000 0.436614 5.193052 0.000000 0.971352
306.000000 0.437806 5.275452 0.000000 0.970227
306.750000 0.439153 5.243386 0.000000 0.966757
307.500000 0.440429 5.273529 0.000000 0.967161
308.250000 0.454573 5.311587 0.000000 0.968781
309.000000 0.450055 5.357079 0.000000 0.970845
309.750000 0.451167 5.360814 0.000000 0.966443
310.500000 0.448663 5.351398 0.000000 0.965141
311.250000 0.447389 5.354071 0.000000 0.968994
312.000000 0.434505 5.237320 0.000000 0.967851
312.750000 0.432896 5.251679 0.000000 0.969530
313.500000 0.424064 5.162656 0.000000 0.972142
314.250000 0.407296 5.161919 0.000000 0.968716
315.000000 0.404179 5.174747 0.000000 0.968609
315.750000 0.408296 5.224588 0.000000 0.966117
316.500000 0.409783 5.246091 0.000000 0.964515
317.250000 0.400440 5.145988 0.000000 0.967681
318.000000 0.377764 5.026218 0.000000 0.967477
318.750000 0.383678 4.996903 0.000000 0.970932
319.500000 0.366443 4.929349 0.000000 0.969122
320.250000 0.366073 4.883677 0.000000 0.970694
321.000000 0.363618 4.846315 0.000000 0.969981
321.750000 0.368795 4.865092 0.000000 0.972278
322.500000 0.383287 4.917732 0.000000 0.969349
323.250000 0.377842 4.894921 0.000000 0.970249
324.000000 0.387370 4.904629 0.000000 0.972865
324.750000 0.372527 4.795005 0.000000 0.968731
325.500000 0.373577 4.827741 0.000000 0.972039
326.250000 0.399940 4.984330 0.000000 0.974049
327.000000 0.401480 4.971009 0.000000 0.966510
327.750000 0.409854 4.963722 0.000000 0.969019
328.500000 0.407130 4.871880 0.000000 0.970841
329.250000 0.406646 4.849417 0.000000 0.972358
330.000000 0.418007 4.924153 0.000000 0.971920
330.750000 0.403036 4.878770 0.000000 0.968444
331.500000 0.396705 4.847329 0.000000 0.966151
332.250000 0.378883 4.763760 0.000000 0.969833
333.000000 0.377136 4.758269 0.000000 0.968322
333.750000 0.385914 4.771828 0.000000 0.971129
334.500000 0.378770 4.738666 0.000000 0.968444
335.250000 0.384738 4.779678 0.000000 0.971697
336.000000 0.378062 4.770823 0.000000 0.971403
336.750000 0.379155 4.769691 0.000000 0.970550
337.500000 0.386357 4.816588 0.000000 0.969348
338.250000 0.368952 4.730508 0.000000 0.967413
339.000000 0.374237 4.737274 0.000000 0.969297
339.750000 0.379894 4.763192 0.000000 0.970161
340.500000 0.380429 4.754169 0.000000 0.970444
341.250000 0.398401 4.839181 0.000000 0.973613
342.000000 0.396245 4.840723 0.000000 0.970741
342.750000 0.386987 4.732633 0.000000 0.968869
343.500000 0.401121 4.777722 0.000000 0.969976
344.250000 0.413645 4.833400 0.000000 0.966640
345.000000 0.408125 4.844995 0.000000 0.968959
345.750000 0.407244 4.783370 0.000000 0.972183
346.500000 0.409905 4.772086 0.000000 0.970785
347.250000 0.424530 4.850160 0.000000 0.974110
348.000000 0.423119 4.877810 0.000000 0.970527
348.750000 0.416583 4.908182 0.000000 0.972094
349.500000 0.413986 4.877023 0.000000 0.970929
350.250000 0.381109 4.800000 0.000000 0.968016
351.000000 0.379314 4.781468 0.000000 0.971275
351.750000 0.363509 4.742389 0.000000 0.972552
352.500000 0.359652 4.704693 0.000000 0.969379
353.250000 0.369648 4.716587 0.000000 0.967587
354.000000 0.366837 4.691069 0.000000 0.970197
354.750000 0.363600 4.671561 0.000000 0.968834
355.500000 0.365707 4.675930 0.000000 0.972509
356.250000 0.356978 4.628795 0.000000 0.971947
357.000000 0.362010 4.669364 0.000000 0.972922
357.750000 0.357300 4.640900 0.000000 0.973000
358.500000 0.348013 4.545037 0.000000 0.972838
359.250000 0.336836 4.488842 0.000000 0.973782
360.000000 0.326533 4.386639 0.000000 0.972897
360.750000 0.322002 4.385206 0.000000 0.975177
361.500000 0.312132 4.361480 0.000000 0.972685
362.250000 0.309138 4.343331 0.000000 0.969606
363.000000 0.299088 4.151448 0.000000 0.962213
363.750000 0.304200 4.217700 0.000000 0.967400
364.500000 0.318573 4.286215 0.000000 0.968143
365.250000 0.315926 4.300920 0.000000 0.970488
366.000000 0.334001 4.403706 0.000000 0.972158
366.750000 0.338697 4.420948 0.000000 0.975115
367.500000 0.335369 4.363900 0.000000 0.973271
368.250000 0.347317 4.446836 0.000000 0.970865
369.000000 0.343500 4.377400 0.000000 0.967300
369.750000 0.350364 4.431594 0.000000 0.968766
370.500000 0.350865 4.448256 0.000000 0.972003
371.250000 0.342307 4.413899 0.000000 0.972181
372.000000 0.345107 4.433060 0.000000 0.970482
372.750000 0.342552 4.411741 0.000000 0.973043
373.500000 0.344662 4.444922 0.000000 0.972511
374.250000 0.347443 4.395977 0.000000 0.968278
375.000000 0.337603 4.350811 0.000000 0.969382
375.750000 0.326580 4.318594 0.000000 0.970157
376.500000 0.324440 4.323041 0.000000 0.967126
377.250000 0.334802 4.428042 0.000000 0.973861
378.000000 0.329299 4.363109 0.000000 0.970691
378.750000 0.327498 4.359708 0.000000 0.977293
379.500000 0.334934 4.402761 0.000000 0.971589
380.250000 0.325749 4.303992 0.000000 0.974451
381.000000 0.329028 4.357064 0.000000 0.973165
381.750000 0.334067 4.313557 0.000000 0.973587
382.500000 0.334267 4.303169 0.000000 0.974303
383.250000 0.331666 4.290946 0.000000 0.974787
384.000000 0.329471 4.267233 0.000000 0.973427
384.750000 0.326902 4.281016 0.000000 0.974808
385.500000 0.323946 4.272019 0.000000 0.975834
386.250000 0.327703 4.273936 0.000000 0.972616
387.000000 0.321175 4.265015 0.000000 0.976217
387.750000 0.319872 4.235906 0.000000 0.970612
388.500000 0.324159 4.250600 0.000000 0.971077
389.250000 0.330634 4.243951 0.000000 0.974905
390.000000 0.341610 4.363436 0.000000 0.971866
390.750000 0.328292 4.240861 0.000000 0.975163
391.500000 0.335365 4.244029 0.000000 0.974818
392.250000 0.328849 4.195117 0.000000 0.973592
393.000000 0.318749 4.182300 0.000000 0.977525
393.750000 0.331633 4.282128 0.000000 0.976298
394.500000 0.343841 4.298008 0.000000 0.974682
395.250000 0.344041 4.343841 0.000000 0.971780
396.000000 0.351005 4.351105 0.000000 0.976793
396.750000 0.345351 4.327574 0.000000 0.974833
397.500000 0.336597 4.277451 0.000000 0.973024
398.250000 0.332734 4.214464 0.000000 0.972131
399.000000 0.314752 4.083767 0.000000 0.969175
399.750000 0.319744 4.011691 0.000000 0.972422
400.500000 0.338771 4.132205 0.000000 0.976181
401.250000 0.333033 4.112745 0.000000 0.977891
402.000000 0.326292 4.077293 0.000000 0.976472
402.750000 0.340525 4.152332 0.000000 0.974328
403.500000 0.341795 4.159404 0.000000 0.971717
404.250000 0.349820 4.247597 0.000000 0.974169
405.000000 0.340208 4.176712 0.000000 0.973969
405.750000 0.355249 4.295207 0.000000 0.968178
406.500000 0.352265 4.328167 0.000000 0.973403
407.250000 0.344476 4.264411 0.000000 0.970376
408.000000 0.344893 4.308815 0.000000 0.976914
408.750000 0.350594 4.365160 0.000000 0.970867
409.500000 0.347757 4.404917 0.000000 0.969321
410.250000 0.347404 4.442033 0.000000 0.972692
411.000000 0.340662 4.453583 0.000000 0.974118
411.750000 0.336729 4.415818 0.000000 0.975335
412.500000 0.315916 4.269469 0.000000 0.970571
413.250000 0.320468 4.333467 0.000000 0.971103
414.000000 0.330665 4.393997 0.000000 0.969585
414.750000 0.322852 4.386441 0.000000 0.973763
415.500000 0.317641 4.402199 0.000000 0.973113
416.250000 0.324368 4.461654 0.000000 0.971303
417.000000 0.332699 4.523499 0.000000 0.973144
417.750000 0.337404 4.539385 0.000000 0.975178
418.500000 0.334301 4.486738 0.000000 0.971074
419.250000 0.336130 4.476076 0.000000 0.969833
420.000000 0.344221 4.560384 0.000000 0.971132
420.750000 0.349446 4.571357 0.000000 0.968241
421.500000 0.350105 4.578916 0.000000 0.971648
422.250000 0.341156 4.478078 0.000000 0.969739
423.000000 0.347787 4.528424 0.000000 0.977220
423.750000 0.360956 4.578269 0.000000 0.971411
424.500000 0.347513 4.509959 0.000000 0.973176
425.250000 0.348656 4.500050 0.000000 0.966224
426.000000 0.348395 4.518445 0.000000 0.972208
426.750000 0.331233 4.391739 0.000000 0.972197
427.500000 0.333533 4.404954 0.000000 0.969733
428.250000 0.330996 4.352529 0.000000 0.964947
429.000000 0.326696 4.305683 0.000000 0.968281
429.750000 0.346612 4.469122 0.000000 0.972175
430.500000 0.347948 4.471686 0.000000 0.969639
431.250000 0.343722 4.431226 0.000000 0.971531
432.000000 0.330039 4.355196 0.000000 0.971449
432.750000 0.327135 4.379724 0.000000 0.972106
433.500000 0.340224 4.460655 0.000000 0.972638
434.250000 0.334733 4.420116 0.000000 0.974605
435.000000 0.331139 4.367445 0.000000 0.974267
435.750000 0.332198 4.345722 0.000000 0.977059
436.500000 0.337101 4.382115 0.000000 0.975793
437.250000 0.347122 4.413669 0.000000 0.972322
438.000000 0.339468 4.374575 0.000000 0.975395
438.750000 0.328175 4.354832 0.000000 0.973542
439.500000 0.333633 4.330834 0.000000 0.970806
440.250000 0.322862 4.245785 0.000000 0.972802
441.000000 0.306555 4.191946 0.000000 0.974620
441.750000 0.298979 4.105964 0.000000 0.970282
442.500000 0.311413 4.200979 0.000000 0.972716
443.250000 0.281287 4.046881 0.000000 0.968513
444.000000 0.262647 3.988002 0.000000 0.969906
444.750000 0.272246 3.974533 0.000000 0.969739
445.500000 0.266453 3.966944 0.000000 0.969949
446.250000 0.259252 3.930986 0.000000 0.975095
447.000000 0.250275 3.871161 0.000000 0.974692
447.750000 0.257771 3.873163 0.000000 0.975812
448.500000 0.255619 3.811407 0.000000 0.973829
449.250000 0.246195 3.747497 0.000000 0.973869
450.000000 0.264800 3.775200 0.000000 0.972000
450.750000 0.261431 3.802202 0.000000 0.970185
451.500000 0.252898 3.720624 0.000000 0.972722
452.250000 0.253818 3.669728 0.000000 0.973949
453.000000 0.253827 3.669235 0.000000 0.972486
453.750000 0.241531 3.614070 0.000000 0.973419
454.500000 0.236598 3.599980 0.000000 0.973246
455.250000 0.220208 3.466353 0.000000 0.966653
456.000000 0.214286 3.371348 0.000000 0.972489
456.750000 0.212148 3.352384 0.000000 0.975564
457.500000 0.207596 3.319340 0.000000 0.976612
458.250000 0.214764 3.325642 0.000000 0.974328
459.000000 0.224762 3.341754 0.000000 0.976040
459.750000 0.239057 3.382671 0.000000 0.973216
460.500000 0.228626 3.322513 0.000000 0.976129
461.250000 0.229784 3.397718 0.000000 0.972078
462.000000 0.222278 3.305869 0.000000 0.972303
462.750000 0.213879 3.254575 0.000000 0.972003
463.500000 0.195461 3.126975 0.000000 0.975405
464.250000 0.186769 3.088738 0.000000 0.968822
465.000000 0.183931 3.080044 0.000000 0.969345
465.750000 0.188013 3.132179 0.000000 0.976386
466.500000 0.201021 3.176506 0.000000 0.974585
467.250000 0.188911 3.045255 0.000000 0.968931
468.000000 0.192070 3.107072 0.000000 0.975629
468.750000 0.194736 3.100471 0.000000 0.975283
469.500000 0.203959 3.187663 0.000000 0.975405
470.250000 0.207079 3.170283 0.000000 0.974703
471.000000 0.215143 3.233347 0.000000 0.975195
471.750000 0.204061 3.120036 0.000000 0.974292
472.500000 0.202043 3.092858 0.000000 0.970750
473.250000 0.209381 3.121457 0.000000 0.972655
474.000000 0.207992 3.175125 0.000000 0.973826
474.750000 0.219898 3.203784 0.000000 0.976679
475.500000 0.214878 3.111932 0.000000 0.972941
476.250000 0.197006 2.952794 0.000000 0.976647
477.000000 0.193449 2.881155 0.000000 0.973035
477.750000 0.195889 2.894022 0.000000 0.977946
478.500000 0.199680 2.872149 0.000000 0.974890
479.250000 0.200699 2.911288 0.000000 0.966134
480.000000 0.199440 2.898681 0.000000 0.974820
480.750000 0.213243 2.943889 0.000000 0.975995
481.500000 0.202799 2.847476 0.000000 0.976312
482.250000 0.202638 2.891587 0.000000 0.978717
483.000000 0.197943 2.848897 0.000000 0.980026
483.750000 0.193826 2.820104 0.000000 0.979956
484.500000 0.191737 2.781789 0.000000 0.975331
485.250000 0.189149 2.739508 0.000000 0.978417
486.000000 0.190800 2.730800 0.000000 0.975500
486.750000 0.175983 2.587543 0.000000 0.974346
487.500000 0.187006 2.666733 0.000000 0.981880
488.250000 0.184163 2.616877 0.000000 0.979604
489.000000 0.195278 2.678771 0.000000 0.978792
489.750000 0.203513 2.746881 0.000000 0.980138
490.500000 0.206883 2.742743 0.000000 0.975661
491.250000 0.217357 2.791842 0.000000 0.981204
492.000000 0.220585 2.763079 0.000000 0.980357
492.750000 0.210505 2.710155 0.000000 0.979490
493.500000 0.200180 2.596335 0.000000 0.976066
494.250000 0.191417 2.557485 0.000000 0.974850
495.000000 0.201700 2.639000 0.000000 0.981600
495.750000 0.203376 2.624013 0.000000 0.981420
496.500000 0.210021 2.670467 0.000000 0.982598
497.250000 0.219371 2.775537 0.000000 0.984024
498.000000 0.232540 2.905243 0.000000 0.983190
498.750000 0.239389 3.014981 0.000000 0.980425
499.500000 0.239372 2.998199 0.000000 0.981695
500.250000 0.247029 3.010085 0.000000 0.979431
501.000000 0.247777 3.021881 0.000000 0.978919
501.750000 0.250275 3.031597 0.000000 0.980102
502.500000 0.268220 3.155953 0.000000 0.980106
503.250000 0.268605 3.184897 0.000000 0.977824
504.000000 0.269077 3.161306 0.000000 0.977727
504.750000 0.266834 3.140481 0.000000 0.980060
505.500000 0.270557 3.162853 0.000000 0.975322
506.250000 0.286414 3.306693 0.000000 0.977822
507.000000 0.278117 3.229331 0.000000 0.975807
507.750000 0.291742 3.301840 0.000000 0.980704
508.500000 0.292598 3.293595 0.000000 0.979848
509.250000 0.280897 3.252977 0.000000 0.974282
510.000000 0.289387 3.392118 0.000000 0.977793
510.750000 0.294470 3.411360 0.000000 0.977640
511.500000 0.294629 3.395040 0.000000 0.974898
512.250000 0.279708 3.332266 0.000000 0.976774
513.000000 0.272282 3.290387 0.000000 0.976193
513.750000 0.279640 3.317859 0.000000 0.981991
514.500000 0.273318 3.291413 0.000000 0.976007
515.250000 0.273925 3.335495 0.000000 0.975252
516.000000 0.280894 3.394889 0.000000 0.978838
516.750000 0.282041 3.414907 0.000000 0.978789
517.500000 0.283070 3.387833 0.000000 0.978787
518.250000 0.293019 3.467992 0.000000 0.978828
519.000000 0.289839 3.505345 0.000000 0.976621
519.750000 0.298692 3.548567 0.000000 0.977339
520.500000 0.301759 3.580136 0.000000 0.979516
521.250000 0.296145 3.584498 0.000000 0.981123
522.000000 0.290733 3.546137 0.000000 0.970677
522.750000 0.291721 3.556412 0.000000 0.978176
523.500000 0.304949 3.650371 0.000000 0.977660
524.250000 0.298970 3.594740 0.000000 0.979702
525.000000 0.308285 3.659696 0.000000 0.978587
525.750000 0.297216 3.631946 0.000000 0.974559
526.500000 0.292271 3.613839 0.000000 0.973703
527.250000 0.288490 3.586797 0.000000 0.980266
528.000000 0.297514 3.638132 0.000000 0.976744
528.750000 0.279407 3.511663 0.000000 0.975873
529.500000 0.274245 3.432114 0.000000 0.973005
530.250000 0.267825 3.448871 0.000000 0.977132
531.000000 0.263785 3.466427 0.000000 0.976984
531.750000 0.258774 3.476352 0.000000 0.981102
532.500000 0.242397 3.314626 0.000000 0.977691
533.250000 0.232411 3.233714 0.000000 0.970235
534.000000 0.244266 3.334101 0.000000 0.980070
534.750000 0.236882 3.290755 0.000000 0.979011
535.500000 0.248726 3.362401 0.000000 0.976526
536.250000 0.244306 3.281228 0.000000 0.976824
537.000000 0.245377 3.300750 0.000000 0.979210
537.750000 0.244767 3.261993 0.000000 0.979870
538.500000 0.248227 3.299571 0.000000 0.981321
539.250000 0.239677 3.225514 0.000000 0.973270
540.000000 0.229699 3.172224 0.000000 0.976169
540.750000 0.237957 3.230861 0.000000 0.979612
541.500000 0.247629 3.305841 0.000000 0.980330
542.250000 0.244054 3.256346 0.000000 0.978913
543.000000 0.245181 3.300709 0.000000 0.979227
543.750000 0.242570 3.311818 0.000000 0.978585
544.500000 0.248324 3.356378 0.000000 0.977389
545.250000 0.247678 3.288325 0.000000 0.977529
546.000000 0.229869 3.152746 0.000000 0.967690
546.750000 0.237809 3.230099 0.000000 0.978272
547.500000 0.230831 3.199081 0.000000 0.982628
548.250000 0.225158 3.107575 0.000000 0.981187
549.000000 0.230762 3.152009 0.000000 0.978213
549.750000 0.239693 3.187980 0.000000 0.977538
550.500000 0.229119 3.110568 0.000000 0.978246
551.250000 0.239020 3.170185 0.000000 0.978289
552.000000 0.252946 3.281206 0.000000 0.981426
552.750000 0.249625 3.327940 0.000000 0.976526
553.500000 0.248203 3.288239 0.000000 0.975339
554.250000 0.252497 3.321614 0.000000 0.977227
555.000000 0.243778 3.327379 0.000000 0.976515
555.750000 0.234759 3.304018 0.000000 0.979712
556.500000 0.245479 3.449396 0.000000 0.980917
557.250000 0.259570 3.537831 0.000000 0.977411
558.000000 0.248997 3.486964 0.000000 0.974529
558.750000 0.247503 3.457151 0.000000 0.978726
559.500000 0.242391 3.458050 0.000000 0.979275
560.250000 0.251324 3.503348 0.000000 0.977016
561.000000 0.232078 3.394073 0.000000 0.971966
561.750000 0.233493 3.395458 0.000000 0.971789
562.500000 0.236236 3.446447 0.000000 0.972573
563.250000 0.232697 3.404974 0.000000 0.977230
564.000000 0.217917 3.347049 0.000000 0.977629
564.750000 0.205005 3.218819 0.000000 0.973574
565.500000 0.216287 3.276411 0.000000 0.976591
566.250000 0.205767 3.196355 0.000000 0.971563
567.000000 0.196536 3.109832 0.000000 0.970064
567.750000 0.185233 3.052653 0.000000 0.968328
568.500000 0.176025 2.928294 0.000000 0.968884
569.250000 0.162735 2.798181 0.000000 0.971311
570.000000 0.156366 2.752680 0.000000 0.963137
570.750000 0.154907 2.740956 0.000000 0.974615
571.500000 0.155678 2.754678 0.000000 0.979590
572.250000 0.149385 2.708429 0.000000 0.970303
573.000000 0.156660 2.714844 0.000000 0.974842
573.750000 0.169003 2.794654 0.000000 0.977573
574.500000 0.171175 2.759058 0.000000 0.977642
575.250000 0.168649 2.734680 0.000000 0.974808
576.000000 0.164131 2.748399 0.000000 0.973479
576.750000 0.152569 2.605279 0.000000 0.968206
577.500000 0.145990 2.534295 0.000000 0.974166
578.250000 0.142686 2.462778 0.000000 0.976186
579.000000 0.140559 2.464835 0.000000 0.977522
579.750000 0.131947 2.324770 0.000000 0.970512
580.500000 0.136228 2.333333 0.000000 0.971956
581.250000 0.136732 2.334633 0.000000 0.973513
582.000000 0.131326 2.272355 0.000000 0.969794
582.750000 0.136759 2.231031 0.000000 0.974308
583.500000 0.135317 2.227264 0.000000 0.979567
584.250000 0.151115 2.287929 0.000000 0.973997
585.000000 0.154875 2.299172 0.000000 0.973655
585.750000 0.162214 2.387605 0.000000 0.974689
586.500000 0.167265 2.445309 0.000000 0.982735
587.250000 0.168751 2.460638 0.000000 0.979694
588.000000 0.167267 2.419568 0.000000 0.974490
588.750000 0.177456 2.496359 0.000000 0.976958
589.500000 0.175037 2.476685 0.000000 0.977634
590.250000 0.179690 2.508454 0.000000 0.978389
591.000000 0.183327 2.514494 0.000000 0.978009
591.750000 0.176182 2.416667 0.000000 0.972456
592.500000 0.189414 2.484691 0.000000 0.974084
593.250000 0.194181 2.569043 0.000000 0.980502
594.000000 0.190956 2.580355 0.000000 0.982332
594.750000 0.192269 2.604046 0.000000 0.975666
595.500000 0.191027 2.597906 0.000000 0.976570
596.250000 0.198001 2.600100 0.000000 0.977012
597.000000 0.209800 2.730800 0.000000 0.980100
597.750000 0.216178 2.745925 0.000000 0.978202
598.500000 0.222622 2.765188 0.000000 0.979516
599.250000 0.214314 2.745202 0.000000 0.981907
600.000000 0.218050 2.773085 0.000000 0.981572
600.750000 0.238519 2.958279 0.000000 0.976688
601.500000 0.230131 2.875437 0.000000 0.981006
602.250000 0.231838 2.850105 0.000000 0.979015
603.000000 0.220921 2.762662 0.000000 0.979880
603.750000 0.221334 2.756991 0.000000 0.980424
604.500000 0.221347 2.736259 0.000000 0.977955
605.250000 0.218935 2.768830 0.000000 0.977535
606.000000 0.215180 2.706619 0.000000 0.976970
606.750000 0.210521 2.715412 0.000000 0.971352
607.500000 0.209524 2.758195 0.000000 0.972431
608.250000 0.202720 2.683568 0.000000 0.975598
609.000000 0.189923 2.597215 0.000000 0.968847
609.750000 0.199660 2.644838 0.000000 0.974667
610.500000 0.182192 2.554187 0.000000 0.977364
611.250000 0.183001 2.528581 0.000000 0.979477
612.000000 0.178511 2.559788 0.000000 0.982760
612.750000 0.170296 2.438973 0.000000 0.972833
613.500000 0.172573 2.471672 0.000000 0.973173
614.250000 0.176329 2.470011 0.000000 0.981676
615.000000 0.172996 2.439336 0.000000 0.975215
615.750000 0.162116 2.390139 0.000000 0.974197
616.500000 0.156031 2.252351 0.000000 0.970894
617.250000 0.139237 2.158169 0.000000 0.966243
618.000000 0.133520 2.107697 0.000000 0.970674
618.750000 0.145373 2.259029 0.000000 0.979290
619.500000 0.155669 2.324535 0.000000 0.980004
620.250000 0.159255 2.326923 0.000000 0.975060
621.000000 0.173060 2.408713 0.000000 0.979770
621.750000 0.166683 2.383072 0.000000 0.973850
622.500000 0.170888 2.416858 0.000000 0.978977
623.250000 0.180600 2.515800 0.000000 0.980600
624.000000 0.187762 2.540292 0.000000 0.978004
624.750000 0.190681 2.537019 0.000000 0.980443
625.500000 0.207704 2.592997 0.000000 0.982191
626.250000 0.218478 2.701230 0.000000 0.981602
627.000000 0.215520 2.734745 0.000000 0.974333
627.750000 0.233210 2.945451 0.000000 0.978781
628.500000 0.243851 3.007798 0.000000 0.981004
629.250000 0.239752 3.001100 0.000000 0.973805
630.000000 0.240683 3.021181 0.000000 0.971725
630.750000 0.240724 3.029003 0.000000 0.979498
631.500000 0.243205 3.051359 0.000000 0.979716
632.250000 0.252446 3.152725 0.000000 0.981234
633.000000 0.250225 3.151213 0.000000 0.982334
633.750000 0.250998 3.128492 0.000000 0.978651
634.500000 0.258929 3.180790 0.000000 0.978989
635.250000 0.258207 3.177142 0.000000 0.978183
636.000000 0.255449 3.219256 0.000000 0.979304
636.750000 0.265477 3.312731 0.000000 0.981657
637.500000 0.276408 3.378533 0.000000 0.980357
638.250000 0.287756 3.482859 0.000000 0.974413
639.000000 0.284430 3.525018 0.000000 0.976730
639.750000 0.284986 3.498501 0.000000 0.976909
640.500000 0.293671 3.547045 0.000000 0.972903
641.250000 0.298339 3.603282 0.000000 0.977982
642.000000 0.307416 3.668299 0.000000 0.978613
642.750000 0.308960 3.677854 0.000000 0.977824
643.500000 0.315884 3.707792 0.000000 0.978122
644.250000 0.295614 3.543862 0.000000 0.977468
645.000000 0.292179 3.557686 0.000000 0.974528
645.750000 0.293953 3.603173 0.000000 0.974855
646.500000 0.306673 3.685800 0.000000 0.977622
647.250000 0.316422 3.770540 0.000000 0.975183
648.000000 0.330802 3.890399 0.000000 0.975322
648.750000 0.340998 3.996801 0.000000 0.976907
649.500000 0.343388 3.976528 0.000000 0.977127
650.250000 0.332234 3.933533 0.000000 0.975812
651.000000 0.325451 3.897495 0.000000 0.976954
651.750000 0.318523 3.831882 0.000000 0.976884
652.500000 0.305178 3.819072 0.000000 0.974910
653.250000 0.290742 3.719256 0.000000 0.971606
654.000000 0.290829 3.731573 0.000000 0.976498
654.750000 0.296700 3.863300 0.000000 0.973200
655.500000 0.298949 3.838319 0.000000 0.973087
656.250000 0.309186 3.978987 0.000000 0.975485
657.000000 0.307062 3.918789 0.000000 0.976526
657.750000 0.309738 3.954309 0.000000 0.973705
658.500000 0.297662 3.880196 0.000000 0.970623
659.250000 0.310707 3.967910 0.000000 0.971808
660.000000 0.310960 3.937087 0.000000 0.972551
660.750000 0.299050 3.847876 0.000000 0.971414
661.500000 0.301468 3.940166 0.000000 0.974128
662.250000 0.293918 3.903426 0.000000 0.973135
663.000000 0.289784 3.895142 0.000000 0.970212
663.750000 0.288485 3.854158 0.000000 0.975110
664.500000 0.284101 3.822124 0.000000 0.976017
665.250000 0.264368 3.667466 0.000000 0.976912
666.000000 0.261700 3.675700 0.000000 0.973700
666.750000 0.256892 3.670995 0.000000 0.976129
667.500000 0.265165 3.706206 0.000000 0.975075
668.250000 0.262569 3.696652 0.000000 0.975512
669.000000 0.273136 3.724865 0.000000 0.976714
669.750000 0.272028 3.690410 0.000000 0.977822
670.500000 0.269204 3.641062 0.000000 0.972959
671.250000 0.270683 3.637190 0.000000 0.977718
672.000000 0.266720 3.612398 0.000000 0.975843
672.750000 0.265569 3.554391 0.000000 0.974950
673.500000 0.261748 3.547091 0.000000 0.972905
674.250000 0.271036 3.586993 0.000000 0.979490
675.000000 0.289432 3.706265 0.000000 0.975881
675.750000 0.289129 3.702070 0.000000 0.973897
676.500000 0.302047 3.821568 0.000000 0.973340
677.250000 0.302114 3.853251 0.000000 0.975458
678.000000 0.304217 3.873585 0.000000 0.973455
678.750000 0.293205 3.815171 0.000000 0.973381
679.500000 0.293936 3.802114 0.000000 0.971773
680.250000 0.293495 3.706805 0.000000 0.975017
681.000000 0.284030 3.663102 0.000000 0.972017
681.750000 0.274044 3.596324 0.000000 0.974134
682.500000 0.273955 3.561512 0.000000 0.976495
683.250000 0.277322 3.628203 0.000000 0.976181
684.000000 0.290381 3.679752 0.000000 0.975627
684.750000 0.286157 3.703641 0.000000 0.970894
685.500000 0.282169 3.660596 0.000000 0.968981
686.250000 0.274780 3.613409 0.000000 0.972322
687.000000 0.279300 3.653200 0.000000 0.973800
687.750000 0.275362 3.620290 0.000000 0.980210
688.500000 0.282156 3.690238 0.000000 0.975795
689.250000 0.285243 3.648724 0.000000 0.975788
690.000000 0.280588 3.638844 0.000000 0.977509
690.750000 0.274745 3.619476 0.000000 0.974705
691.500000 0.269223 3.596816 0.000000 0.974670
692.250000 0.255587 3.504589 0.000000 0.974561
693.000000 0.249975 3.418758 0.000000 0.971903
693.750000 0.244686 3.399561 0.000000 0.971660
694.500000 0.255981 3.449861 0.000000 0.971093
695.250000 0.255872 3.429985 0.000000 0.978411
696.000000 0.261643 3.515091 0.000000 0.975815
696.750000 0.276045 3.620275 0.000000 0.976837
697.500000 0.284546 3.652000 0.000000 0.973860
698.250000 0.296352 3.732434 0.000000 0.972014
699.000000 0.280320 3.650375 0.000000 0.975263
699.750000 0.284686 3.650840 0.000000 0.975010
700.500000 0.280432 3.588347 0.000000 0.976014
701.250000 0.279852 3.587228 0.000000 0.973476
702.000000 0.293369 3.700521 0.000000 0.977063
702.750000 0.290671 3.688331 0.000000 0.974802
703.500000 0.280316 3.603919 0.000000 0.974408
704.250000 0.280192 3.616921 0.000000 0.976825
705.000000 0.273182 3.564390 0.000000 0.978169
705.750000 0.268835 3.501247 0.000000 0.974254
706.500000 0.290987 3.679004 0.000000 0.977293
707.250000 0.301981 3.718832 0.000000 0.979688
708.000000 0.287429 3.703670 0.000000 0.976698
708.750000 0.301722 3.789405 0.000000 0.978370
709.500000 0.306476 3.835852 0.000000 0.976979
710.250000 0.297151 3.773613 0.000000 0.974213
711.000000 0.289397 3.656240 0.000000 0.974418
711.750000 0.301151 3.717459 0.000000 0.974887
712.500000 0.305186 3.733287 0.000000 0.972919
713.250000 0.310217 3.772641 0.000000 0.977284
714.000000 0.308521 3.759729 0.000000 0.979345
714.750000 0.315322 3.821414 0.000000 0.978526
715.500000 0.313425 3.826831 0.000000 0.971289
716.250000 0.305745 3.781025 0.000000 0.972978
717.000000 0.319616 3.902617 0.000000 0.970835
717.750000 0.320232 3.894889 0.000000 0.975598
718.500000 0.304695 3.826473 0.000000 0.974126
719.250000 0.297419 3.852141 0.000000 0.974990
720.000000 0.278500 3.694600 0.000000 0.972300
720.750000 0.280832 3.702079 0.000000 0.977813
721.500000 0.284744 3.689280 0.000000 0.980318
722.250000 0.278166 3.625150 0.000000 0.969437
723.000000 0.293407 3.726973 0.000000 0.975724
723.750000 0.301855 3.748504 0.000000 0.977862
724.500000 0.300810 3.724283 0.000000 0.975407
725.250000 0.318123 3.791354 0.000000 0.975583
726.000000 0.325228 3.764636 0.000000 0.974882
726.750000 0.325160 3.785729 0.000000 0.972678
727.500000 0.306629 3.723012 0.000000 0.974564
728.250000 0.301730 3.719272 0.000000 0.974497
729.000000 0.299399 3.724124 0.000000 0.974675
729.750000 0.302861 3.763553 0.000000 0.973395
730.500000 0.299530 3.718853 0.000000 0.977220
731.250000 0.300209 3.671385 0.000000 0.975780
732.000000 0.297630 3.668267 0.000000 0.973397
732.750000 0.296728 3.687712 0.000000 0.973968
733.500000 0.303236 3.679584 0.000000 0.977427
734.250000 0.290636 3.635554 0.000000 0.974362
735.000000 0.291151 3.667099 0.000000 0.971235
735.750000 0.304300 3.750500 0.000000 0.976100
736.500000 0.298424 3.695891 0.000000 0.977758
737.250000 0.288156 3.586007 0.000000 0.973913
738.000000 0.285871 3.558044 0.000000 0.974603
738.750000 0.283726 3.569554 0.000000 0.973060
739.500000 0.285329 3.664670 0.000000 0.980140
740.250000 0.268366 3.555922 0.000000 0.975612
741.000000 0.259355 3.472731 0.000000 0.974224
741.750000 0.272463 3.533420 0.000000 0.974985
742.500000 0.288234 3.641311 0.000000 0.977751
743.250000 0.296903 3.697503 0.000000 0.975724
744.000000 0.286770 3.658313 0.000000 0.976735
744.750000 0.292300 3.764000 0.000000 0.976100
745.500000 0.291800 3.740700 0.000000 0.974400
746.250000 0.301709 3.773968 0.000000 0.971609
747.000000 0.310993 3.834651 0.000000 0.975093
747.750000 0.296011 3.800160 0.000000 0.976307
748.500000 0.281031 3.679792 0.000000 0.971317
749.250000 0.297072 3.754862 0.000000 0.977341
750.000000 0.294077 3.730796 0.000000 0.974828
750.750000 0.290720 3.661428 0.000000 0.971669
751.500000 0.279388 3.579868 0.000000 0.976409
752.250000 0.284685 3.600901 0.000000 0.977077
753.000000 0.278423 3.565252 0.000000 0.971377
753.750000 0.295113 3.713299 0.000000 0.977769
754.500000 0.313761 3.859197 0.000000 0.977332
755.250000 0.332633 3.982888 0.000000 0.971980
756.000000 0.332667 3.944422 0.000000 0.974810
756.750000 0.330802 3.926366 0.000000 0.974723
757.500000 0.334066 3.942923 0.000000 0.977309
758.250000 0.340513 3.991624 0.000000 0.977067
759.000000 0.336594 4.011179 0.000000 0.974346
759.750000 0.334966 4.003397 0.000000 0.978915
760.500000 0.336930 4.024780 0.000000 0.979816
761.250000 0.356408 4.137749 0.000000 0.973529
762.000000 0.347600 4.130500 0.000000 0.973600
762.750000 0.328669 4.010796 0.000000 0.973411
763.500000 0.335736 4.046160 0.000000 0.971763
764.250000 0.324238 3.936532 0.000000 0.972114
765.000000 0.310107 3.798561 0.000000 0.971409
765.750000 0.311325 3.802421 0.000000 0.971188
766.500000 0.293283 3.668932 0.000000 0.976909
767.250000 0.303400 3.766100 0.000000 0.977700
768.000000 0.290904 3.698189 0.000000 0.969979
768.750000 0.291887 3.756212 0.000000 0.979443
769.500000 0.289439 3.708862 0.000000 0.971825
770.250000 0.284086 3.670632 0.000000 0.973411
771.000000 0.275250 3.646307 0.000000 0.975649
771.750000 0.270532 3.649935 0.000000 0.974753
772.500000 0.273427 3.645954 0.000000 0.977522
773.250000 0.270443 3.592834 0.000000 0.974077
774.000000 0.271798 3.625175 0.000000 0.971036
774.750000 0.272591 3.672131 0.000000 0.974610
775.500000 0.255881 3.548103 0.000000 0.974472
776.250000 0.253727 3.558379 0.000000 0.969785
777.000000 0.270232 3.590144 0.000000 0.978365
777.750000 0.279260 3.635782 0.000000 0.976212
778.500000 0.256321 3.498851 0.000000 0.971620
779.250000 0.263642 3.557166 0.000000 0.976114
780.000000 0.250325 3.465774 0.000000 0.977216
780.750000 0.255577 3.540362 0.000000 0.977993
781.500000 0.268395 3.683352 0.000000 0.975873
782.250000 0.273364 3.687713 0.000000 0.975085
783.000000 0.284587 3.761562 0.000000 0.976426
783.750000 0.274173 3.672833 0.000000 0.970603
784.500000 0.282783 3.672272 0.000000 0.973373
785.250000 0.290487 3.706412 0.000000 0.975393
786.000000 0.291754 3.750426 0.000000 0.974852
786.750000 0.293419 3.791172 0.000000 0.974234
787.500000 0.288825 3.696994 0.000000 0.976630
788.250000 0.288523 3.696308 0.000000 0.971158
789.000000 0.282318 3.668432 0.000000 0.976623
789.750000 0.299960 3.790958 0.000000 0.975095
790.500000 0.291400 3.768000 0.000000 0.976300
791.250000 0.276179 3.722422 0.000000 0.977718
792.000000 0.274271 3.756592 0.000000 0.977627
792.750000 0.274164 3.724935 0.000000 0.972584
793.500000 0.258129 3.639220 0.000000 0.972086
794.250000 0.261681 3.695188 0.000000 0.975938
795.000000 0.281088 3.762495 0.000000 0.975910
795.750000 0.284387 3.806113 0.000000 0.974928
796.500000 0.289002 3.856500 0.000000 0.977284
797.250000 0.285099 3.821149 0.000000 0.977669
798.000000 0.286859 3.847256 0.000000 0.976262
798.750000 0.288527 3.882371 0.000000 0.974715
799.500000 0.276983 3.792038 0.000000 0.976593
800.250000 0.269627 3.732073 0.000000 0.969997
801.000000 0.269516 3.778323 0.000000 0.974379
801.750000 0.281593 3.810042 0.000000 0.975943
802.500000 0.271234 3.813201 0.000000 0.974359
803.250000 0.272147 3.833101 0.000000 0.970970
804.000000 0.268519 3.779566 0.000000 0.975807
804.750000 0.262953 3.753519 0.000000 0.975242
805.500000 0.267320 3.729581 0.000000 0.975907
806.250000 0.268904 3.689342 0.000000 0.976226
807.000000 0.276293 3.735415 0.000000 0.975783
807.750000 0.270262 3.686472 0.000000 0.975376
808.500000 0.274098 3.684247 0.000000 0.972131
809.250000 0.268531 3.637962 0.000000 0.969630
810.000000 0.269116 3.727790 0.000000 0.975544
810.750000 0.256928 3.635818 0.000000 0.974087
811.500000 0.239964 3.499101 0.000000 0.972339
812.250000 0.243995 3.502702 0.000000 0.978583
813.000000 0.249476 3.526106 0.000000 0.974144
813.750000 0.271834 3.617568 0.000000 0.973228
814.500000 0.258452 3.584817 0.000000 0.973595
815.250000 0.250025 3.534795 0.000000 0.973365
816.000000 0.247973 3.531985 0.000000 0.975073
816.750000 0.262674 3.556044 0.000000 0.976902
817.500000 0.273744 3.578748 0.000000 0.974733
818.250000 0.263374 3.538146 0.000000 0.975402
819.000000 0.272836 3.594136 0.000000 0.975668
819.750000 0.273607 3.671890 0.000000 0.971851
820.500000 0.280779 3.710834 0.000000 0.974039
821.250000 0.276670 3.710308 0.000000 0.974857
822.000000 0.267486 3.688149 0.000000 0.976119
822.750000 0.278744 3.687862 0.000000 0.975605
823.500000 0.287228 3.712573 0.000000 0.975815
824.250000 0.307862 3.877275 0.000000 0.976595
825.000000 0.317532 3.985898 0.000000 0.976598
825.750000 0.330672 4.035333 0.000000 0.975347
826.500000 0.326746 4.009481 0.000000 0.974052
827.250000 0.331602 4.094415 0.000000 0.972325
828.000000 0.337799 4.093672 0.000000 0.976607
828.750000 0.347518 4.112876 0.000000 0.977325
829.500000 0.349735 4.095910 0.000000 0.978198
830.250000 0.355720 4.134721 0.000000 0.972776
831.000000 0.350854 4.177576 0.000000 0.973918
831.750000 0.336132 4.182909 0.000000 0.972714
832.500000 0.339834 4.156816 0.000000 0.973797
833.250000 0.330063 4.075083 0.000000 0.974872
834.000000 0.324470 3.998700 0.000000 0.975110
834.750000 0.317419 4.040851 0.000000 0.976728
835.500000 0.329768 4.141144 0.000000 0.976010
836.250000 0.338881 4.169842 0.000000 0.972729
837.000000 0.345138 4.240196 0.000000 0.975490
837.750000 0.344979 4.194014 0.000000 0.975673
838.500000 0.331935 4.133113 0.000000 0.971041
839.250000 0.347178 4.232787 0.000000 0.976081
840.000000 0.339523 4.197265 0.000000 0.976340
840.750000 0.356714 4.266360 0.000000 0.978287
841.500000 0.361211 4.266786 0.000000 0.977418
842.250000 0.379100 4.361900 0.000000 0.977100
843.000000 0.381505 4.413131 0.000000 0.974680
843.750000 0.377061 4.358577 0.000000 0.970826
844.500000 0.382767 4.368405 0.000000 0.975167
845.250000 0.396459 4.456983 0.000000 0.974190
846.000000 0.401261 4.536283 0.000000 0.974677
846.750000 0.405719 4.623576 0.000000 0.975705
847.500000 0.425776 4.744235 0.000000 0.972547
848.250000 0.411630 4.715938 0.000000 0.972073
849.000000 0.425819 4.827675 0.000000 0.973143
849.750000 0.399760 4.706837 0.000000 0.974277
850.500000 0.394403 4.634983 0.000000 0.971214
851.250000 0.393107 4.606094 0.000000 0.967333
852.000000 0.384423 4.571271 0.000000 0.972434
852.750000 0.378848 4.541983 0.000000 0.973311
853.500000 0.375275 4.521104 0.000000 0.974895
854.250000 0.386464 4.587705 0.000000 0.973769
855.000000 0.408227 4.695156 0.000000 0.972878
855.750000 0.408198 4.712067 0.000000 0.970435
856.500000 0.402728 4.713197 0.000000 0.971721
857.250000 0.412318 4.736053 0.000000 0.973205
858.000000 0.421353 4.804183 0.000000 0.974285
858.750000 0.421679 4.827544 0.000000 0.972475
859.500000 0.417857 4.798761 0.000000 0.973135
860.250000 0.398796 4.749849 0.000000 0.973320
861.000000 0.379990 4.659130 0.000000 0.971086
861.750000 0.388455 4.637904 0.000000 0.974143
862.500000 0.401158 4.689851 0.000000 0.969764
863.250000 0.384016 4.620879 0.000000 0.970729
864.000000 0.378824 4.628774 0.000000 0.969906
864.750000 0.378621 4.612388 0.000000 0.975125
865.500000 0.370259 4.622136 0.000000 0.973882
866.250000 0.384692 4.671736 0.000000 0.974187
867.000000 0.387239 4.692569 0.000000 0.973097
867.750000 0.377313 4.697409 0.000000 0.971992
868.500000 0.383278 4.710718 0.000000 0.970233
869.250000 0.377023 4.657243 0.000000 0.974226
870.000000 0.368316 4.644378 0.000000 0.971114
870.750000 0.358453 4.553262 0.000000 0.975048
871.500000 0.356572 4.500998 0.000000 0.972433
872.250000 0.365727 4.458808 0.000000 0.974805
873.000000 0.383588 4.531758 0.000000 0.971483
873.750000 0.373128 4.538730 0.000000 0.973747
874.500000 0.383440 4.573611 0.000000 0.975529
875.250000 0.384385 4.557683 0.000000 0.972679
876.000000 0.378351 4.548019 0.000000 0.976090
876.750000 0.370478 4.541475 0.000000 0.973316
877.500000 0.380290 4.575088 0.000000 0.974887
878.250000 0.396538 4.683210 0.000000 0.972183
879.000000 0.403477 4.706035 0.000000 0.975220
879.750000 0.405822 4.737121 0.000000 0.972692
880.500000 0.399301 4.694159 0.000000 0.974338
881.250000 0.384708 4.589205 0.000000 0.969815
882.000000 0.378022 4.541558 0.000000 0.973027
882.750000 0.366103 4.518270 0.000000 0.971669
883.500000 0.387955 4.606543 0.000000 0.969488
884.250000 0.379314 4.570271 0.000000 0.970891
885.000000 0.371669 4.514526 0.000000 0.974755
885.750000 0.380348 4.616553 0.000000 0.969212
886.500000 0.372751 4.579468 0.000000 0.970212
887.250000 0.377922 4.602098 0.000000 0.972328
888.000000 0.378127 4.597759 0.000000 0.971283
888.750000 0.392800 4.698600 0.000000 0.971700
889.500000 0.396960 4.714029 0.000000 0.970703
890.250000 0.384485 4.683195 0.000000 0.971908
891.000000 0.395481 4.793062 0.000000 0.973308
891.750000 0.399220 4.754249 0.000000 0.971006
892.500000 0.406678 4.794762 0.000000 0.969709
893.250000 0.395198 4.792496 0.000000 0.969485
894.000000 0.377762 4.735327 0.000000 0.971003
894.750000 0.374450 4.737595 0.000000 0.975590
895.500000 0.356879 4.640524 0.000000 0.972824
896.250000 0.354471 4.578015 0.000000 0.970694
897.000000 0.361011 4.600619 0.000000 0.971023
897.750000 0.369450 4.616618 0.000000 0.974341
898.500000 0.375100 4.661659 0.000000 0.973858
899.250000 0.359488 4.545737 0.000000 0.973679
900.000000 0.360144 4.494398 0.000000 0.967287
900.750000 0.344418 4.440484 0.000000 0.970242
901.500000 0.347169 4.423485 0.000000 0.973195
902.250000 0.354006 4.479644 0.000000 0.972492
903.000000 0.365348 4.517776 0.000000 0.973460
903.750000 0.347509 4.443945 0.000000 0.967755
904.500000 0.349321 4.473921 0.000000 0.967526
905.250000 0.333567 4.412711 0.000000 0.972419
906.000000 0.344828 4.486357 0.000000 0.973313
906.750000 0.340905 4.474685 0.000000 0.973684
907.500000 0.331502 4.393346 0.000000 0.974423
908.250000 0.320819 4.315427 0.000000 0.973040
909.000000 0.304239 4.224854 0.000000 0.970806
909.750000 0.308668 4.181046 0.000000 0.974436
910.500000 0.312769 4.117376 0.000000 0.978067
911.250000 0.333066 4.242094 0.000000 0.974179
912.000000 0.352900 4.341419 0.000000 0.972447
912.750000 0.381873 4.446470 0.000000 0.976565
913.500000 0.377882 4.456632 0.000000 0.973251
914.250000 0.375087 4.469259 0.000000 0.973308
915.000000 0.354497 4.384247 0.000000 0.968254
915.750000 0.348958 4.362580 0.000000 0.972356
916.500000 0.350479 4.352178 0.000000 0.973332
917.250000 0.345213 4.271938 0.000000 0.973046
918.000000 0.345904 4.261178 0.000000 0.978393
918.750000 0.348297 4.297094 0.000000 0.974649
919.500000 0.342463 4.286386 0.000000 0.972911
920.250000 0.344903 4.339302 0.000000 0.968791
921.000000 0.347839 4.333433 0.000000 0.971188
921.750000 0.336365 4.265094 0.000000 0.975210
922.500000 0.332067 4.248101 0.000000 0.971411
923.250000 0.325872 4.268013 0.000000 0.976516
924.000000 0.316295 4.161448 0.000000 0.975693
924.750000 0.309251 4.112364 0.000000 0.975551
925.500000 0.319688 4.141727 0.000000 0.974877
926.250000 0.325202 4.154354 0.000000 0.973908
927.000000 0.324511 4.172093 0.000000 0.973831
927.750000 0.314548 4.126399 0.000000 0.973621
928.500000 0.313663 4.067914 0.000000 0.974095
929.250000 0.305039 4.021096 0.000000 0.974905
930.000000 0.307430 4.015040 0.000000 0.977539
930.750000 0.301944 3.984472 0.000000 0.972551
931.500000 0.315832 4.068377 0.000000 0.972350
932.250000 0.325798 4.117935 0.000000 0.971992
933.000000 0.328596 4.167551 0.000000 0.974777
933.750000 0.331634 4.180510 0.000000 0.972714
934.500000 0.320064 4.153946 0.000000 0.972164
935.250000 0.327138 4.169864 0.000000 0.973022
936.000000 0.332201 4.238813 0.000000 0.975030
936.750000 0.322036 4.210558 0.000000 0.969406
937.500000 0.327536 4.269865 0.000000 0.972614
938.250000 0.327969 4.224410 0.000000 0.971611
939.000000 0.334965 4.268251 0.000000 0.972636
939.750000 0.347313 4.389050 0.000000 0.974877
940.500000 0.344834 4.391940 0.000000 0.974697
941.250000 0.335466 4.294570 0.000000 0.973603
942.000000 0.341463 4.341164 0.000000 0.976010
942.750000 0.362407 4.468556 0.000000 0.976467
943.500000 0.371760 4.550085 0.000000 0.973982
944.250000 0.362810 4.517186 0.000000 0.972822
945.000000 0.371003 4.585832 0.000000 0.970324
945.750000 0.362698 4.575366 0.000000 0.969834
946.500000 0.371063 4.563044 0.000000 0.974003
947.250000 0.369724 4.622094 0.000000 0.973356
948.000000 0.371053 4.629447 0.000000 0.970833
948.750000 0.375888 4.603002 0.000000 0.972586
949.500000 0.391827 4.657852 0.000000 0.970252
950.250000 0.393885 4.666367 0.000000 0.973122
951.000000 0.406744 4.713128 0.000000 0.970182
951.750000 0.398359 4.711985 0.000000 0.973589
952.500000 0.402361 4.726491 0.000000 0.972889
953.250000 0.394479 4.646829 0.000000 0.970194
954.000000 0.382108 4.564538 0.000000 0.972621
954.750000 0.394473 4.614838 0.000000 0.973568
955.500000 0.392000 4.614800 0.000000 0.975800
956.250000 0.388161 4.663134 0.000000 0.974203
957.000000 0.411053 4.806117 0.000000 0.972916
957.750000 0.400180 4.757751 0.000000 0.972094
958.500000 0.386823 4.710457 0.000000 0.970206
959.250000 0.387326 4.692863 0.000000 0.975073
960.000000 0.385709 4.698959 0.000000 0.972378
960.750000 0.407504 4.782691 0.000000 0.971386
961.500000 0.403890 4.779053 0.000000 0.971272
962.250000 0.394091 4.755141 0.000000 0.968357
963.000000 0.393830 4.761106 0.000000 0.974244
963.750000 0.408968 4.836013 0.000000 0.976031
964.500000 0.393691 4.727792 0.000000 0.966450
965.250000 0.405259 4.851115 0.000000 0.972703
966.000000 0.414561 4.919106 0.000000 0.969240
966.750000 0.415143 4.925183 0.000000 0.975027
967.500000 0.395915 4.821468 0.000000 0.967458
968.250000 0.397211 4.823108 0.000000 0.971813
969.000000 0.384823 4.762847 0.000000 0.971106
969.750000 0.374037 4.761185 0.000000 0.975078
970.500000 0.377283 4.754965 0.000000 0.971055
971.250000 0.396883 4.837430 0.000000 0.971723
972.000000 0.392782 4.841148 0.000000 0.970909
972.750000 0.389666 4.833799 0.000000 0.970318
973.500000 0.387158 4.809966 0.000000 0.972339
974.250000 0.382485 4.791163 0.000000 0.972408
975.000000 0.406281 4.913182 0.000000 0.968694
975.750000 0.404457 4.921247 0.000000 0.968819
976.500000 0.405227 4.967758 0.000000 0.967658
977.250000 0.400280 4.947616 0.000000 0.963511
978.000000 0.401779 4.906428 0.000000 0.970809
978.750000 0.393429 4.840745 0.000000 0.966847
979.500000 0.397200 4.876500 0.000000 0.971200
980.250000 0.422122 4.980981 0.000000 0.971471
981.000000 0.424679 4.964242 0.000000 0.972756
981.750000 0.414879 4.932324 0.000000 0.971526
982.500000 0.416400 4.970865 0.000000 0.971165
983.250000 0.410541 4.938294 0.000000 0.972397
984.000000 0.399760 4.889921 0.000000 0.972630
984.750000 0.385676 4.792528 0.000000 0.971332
985.500000 0.372914 4.704648 0.000000 0.971714
986.250000 0.356692 4.581755 0.000000 0.968922
987.000000 0.354173 4.553051 0.000000 0.976455
987.750000 0.353871 4.542608 0.000000 0.973095
988.500000 0.354594 4.523543 0.000000 0.975407
989.250000 0.340719 4.459082 0.000000 0.975449
990.000000 0.344617 4.474812 0.000000 0.973961
990.750000 0.355467 4.511633 0.000000 0.969945
991.500000 0.353112 4.491060 0.000000 0.972031
992.250000 0.367249 4.582127 0.000000 0.971643
993.000000 0.371777 4.590246 0.000000 0.973616
993.750000 0.368884 4.624712 0.000000 0.975188
994.500000 0.383268 4.726609 0.000000 0.975183
995.250000 0.390239 4.801280 0.000000 0.971597
996.000000 0.383600 4.767400 0.000000 0.971100
996.750000 0.397314 4.816378 0.000000 0.971735
997.500000 0.397903 4.842237 0.000000 0.971643
998.250000 0.397720 4.907019 0.000000 0.974305
999.000000 0.401278 4.905323 0.000000 0.970339
999.750000 0.394960 4.849715 0.000000 0.968103
1000.500000 0.380724 4.782343 0.000000 0.970806
1001.250000 0.385630 4.815929 0.000000 0.973918
1002.000000 0.378133 4.799201 0.000000 0.977334
1002.750000 0.381953 4.845639 0.000000 0.971589
1003.500000 0.388082 4.872008 0.000000 0.970856
1004.250000 0.396362 4.917150 0.000000 0.971717
1005.000000 0.385516 4.909873 0.000000 0.971291
1005.750000 0.386243 4.888090 0.000000 0.975242
1006.500000 0.401881 4.897729 0.000000 0.973381
1007.250000 0.396462 4.914751 0.000000 0.969918
1008.000000 0.419536 4.991793 0.000000 0.970877
1008.750000 0.428900 5.044131 0.000000 0.973081
1009.500000 0.422565 5.056863 0.000000 0.970267
1010.250000 0.403318 4.952433 0.000000 0.969821
1011.000000 0.400180 4.943989 0.000000 0.972995
1011.750000 0.387700 4.872400 0.000000 0.970500
1012.500000 0.402936 4.949571 0.000000 0.970342
1013.250000 0.414441 4.999100 0.000000 0.975698
1014.000000 0.391535 4.919151 0.000000 0.971183
1014.750000 0.391861 4.984802 0.000000 0.973003
1015.500000 0.408855 5.056266 0.000000 0.972816
1016.250000 0.393180 4.937011 0.000000 0.974122
1017.000000 0.390205 4.962919 0.000000 0.971214
1017.750000 0.382388 4.905751 0.000000 0.970248
1018.500000 0.388972 4.962042 0.000000 0.970732
1019.250000 0.401782 5.003504 0.000000 0.972467
1020.000000 0.414744 5.122266 0.000000 0.969633
1020.750000 0.432760 5.179207 0.000000 0.969081
1021.500000 0.428900 5.201918 0.000000 0.971240
1022.250000 0.422511 5.167384 0.000000 0.969085
1023.000000 0.413848 5.132895 0.000000 0.968672
1023.750000 0.414203 5.107471 0.000000 0.965941
1024.500000 0.404893 5.085771 0.000000 0.965951
1025.250000 0.387771 4.961073 0.000000 0.966977
1026.000000 0.393515 5.035128 0.000000 0.970877
1026.750000 0.382588 4.973543 0.000000 0.969748
1027.500000 0.387190 4.952338 0.000000 0.970923
1028.250000 0.415217 5.010098 0.000000 0.967706
1029.000000 0.413265 4.988495 0.000000 0.969988
1029.750000 0.401422 4.959147 0.000000 0.969460
1030.500000 0.423088 5.027786 0.000000 0.967616
1031.250000 0.421869 4.989796 0.000000 0.965486
1032.000000 0.422754 5.017010 0.000000 0.966080
1032.750000 0.448749 5.131031 0.000000 0.970070
1033.500000 0.449591 5.074765 0.000000 0.970054
1034.250000 0.436618 4.994698 0.000000 0.967584
1035.000000 0.433826 4.978409 0.000000 0.971511
1035.750000 0.435256 4.981102 0.000000 0.974503
1036.500000 0.446318 5.046497 0.000000 0.972860
1037.250000 0.438744 4.980898 0.000000 0.967697
1038.000000 0.447185 5.029653 0.000000 0.970447
1038.750000 0.427257 4.950205 0.000000 0.972603
1039.500000 0.425105 4.946561 0.000000 0.970323
1040.250000 0.427517 4.956101 0.000000 0.970468
1041.000000 0.446078 5.008304 0.000000 0.972289
1041.750000 0.451043 5.024054 0.000000 0.973051
1042.500000 0.440468 5.004699 0.000000 0.971908
1043.250000 0.424995 4.910675 0.000000 0.967855
1044.000000 0.419265 4.875199 0.000000 0.962130
1044.750000 0.405770 4.879817 0.000000 0.969854
1045.500000 0.393431 4.755116 0.000000 0.968154
1046.250000 0.400959 4.800320 0.000000 0.971931
1047.000000 0.411371 4.896482 0.000000 0.969025
1047.750000 0.414329 4.930361 0.000000 0.973547
1048.500000 0.408446 4.895767 0.000000 0.971146
1049.250000 0.417183 4.937988 0.000000 0.974195
1050.000000 0.425987 4.992804 0.000000 0.973213
1050.750000 0.420527 5.028255 0.000000 0.974740
1051.500000 0.411506 5.004402 0.000000 0.973587
1052.250000 0.415850 5.022287 0.000000 0.973816
1053.000000 0.405362 4.968788 0.000000 0.970388
1053.750000 0.402162 4.958162 0.000000 0.968672
1054.500000 0.408204 4.983191 0.000000 0.969685
1055.250000 0.386945 4.838164 0.000000 0.970812
1056.000000 0.383808 4.805297 0.000000 0.971914
1056.750000 0.386207 4.832483 0.000000 0.971514
1057.500000 0.390488 4.824141 0.000000 0.969225
1058.250000 0.372890 4.748377 0.000000 0.966537
1059.000000 0.377074 4.756946 0.000000 0.970718
1059.750000 0.375737 4.776657 0.000000 0.969521
1060.500000 0.373246 4.699098 0.000000 0.970842
1061.250000 0.381124 4.735952 0.000000 0.974305
1062.000000 0.372590 4.674958 0.000000 0.972131
1062.750000 0.383541 4.784539 0.000000 0.970075
1063.500000 0.386968 4.760543 0.000000 0.968719
1064.250000 0.378980 4.719533 0.000000 0.971155
1065.000000 0.381853 4.747199 0.000000 0.969288
1065.750000 0.369411 4.683905 0.000000 0.968791
1066.500000 0.343037 4.541216 0.000000 0.971789
1067.250000 0.355883 4.602325 0.000000 0.971036
1068.000000 0.356793 4.598383 0.000000 0.972746
1068.750000 0.354477 4.572186 0.000000 0.975088
1069.500000 0.350065 4.483452 0.000000 0.971603
1070.250000 0.352300 4.489500 0.000000 0.974000
1071.000000 0.349030 4.479904 0.000000 0.972405
1071.750000 0.342129 4.526237 0.000000 0.972114
1072.500000 0.334796 4.506684 0.000000 0.974262
1073.250000 0.328240 4.442780 0.000000 0.973337
1074.000000 0.340747 4.512173 0.000000 0.976255
1074.750000 0.337896 4.518933 0.000000 0.973324
1075.500000 0.353430 4.563345 0.000000 0.971958
1076.250000 0.355280 4.612649 0.000000 0.975322
1077.000000 0.359964 4.658634 0.000000 0.974003
1077.750000 0.359041 4.641159 0.000000 0.970729
1078.500000 0.355780 4.621840 0.000000 0.966930
1079.250000 0.368826 4.695061 0.000000 0.969306
1080.000000 0.375875 4.715243 0.000000 0.971694
1080.750000 0.356829 4.574185 0.000000 0.973305
1081.500000 0.345961 4.589196 0.000000 0.970936
1082.250000 0.334635 4.483774 0.000000 0.974659
1083.000000 0.336431 4.465528 0.000000 0.971922
1083.750000 0.324695 4.378027 0.000000 0.974485
1084.500000 0.333200 4.403195 0.000000 0.970744
1085.250000 0.344479 4.443788 0.000000 0.974272
1086.000000 0.350290 4.477569 0.000000 0.974865
1086.750000 0.350853 4.501545 0.000000 0.973472
1087.500000 0.357429 4.573486 0.000000 0.970706
1088.250000 0.362084 4.595288 0.000000 0.971049
1089.000000 0.366230 4.551196 0.000000 0.972375
1089.750000 0.369567 4.571685 0.000000 0.971026
1090.500000 0.365612 4.537753 0.000000 0.971961
1091.250000 0.372054 4.571314 0.000000 0.973632
1092.000000 0.367284 4.573987 0.000000 0.973887
1092.750000 0.363509 4.524703 0.000000 0.973850
1093.500000 0.352423 4.493592 0.000000 0.970064
1094.250000 0.348505 4.448034 0.000000 0.970691
1095.000000 0.349920 4.401982 0.000000 0.968963
1095.750000 0.347408 4.402741 0.000000 0.969882
1096.500000 0.335301 4.374813 0.000000 0.971792
1097.250000 0.331032 4.355349 0.000000 0.973081
1098.000000 0.336134 4.361036 0.000000 0.974197
1098.750000 0.334433 4.356821 0.000000 0.972714
1099.500000 0.351049 4.455644 0.000000 0.970729
1100.250000 0.353889 4.441185 0.000000 0.972470
1101.000000 0.353153 4.430899 0.000000 0.973019
1101.750000 0.367133 4.483516 0.000000 0.974126
1102.500000 0.367469 4.531222 0.000000 0.971026
1103.250000 0.369295 4.594676 0.000000 0.972178
1104.000000 0.380709 4.701122 0.000000 0.970353
1104.750000 0.387655 4.731493 0.000000 0.971889
1105.500000 0.382126 4.721070 0.000000 0.971245
1106.250000 0.378497 4.676659 0.000000 0.969824
1107.000000 0.389590 4.779880 0.000000 0.971071
1107.750000 0.392443 4.763995 0.000000 0.972011
1108.500000 0.393536 4.749350 0.000000 0.969782
1109.250000 0.392067 4.770710 0.000000 0.968947
1110.000000 0.392247 4.780298 0.000000 0.969527
1110.750000 0.394209 4.807889 0.000000 0.968547
1111.500000 0.394763 4.866480 0.000000 0.969518
1112.250000 0.410105 5.008904 0.000000 0.968584
1113.000000 0.404217 4.935345 0.000000 0.970920
1113.750000 0.403760 4.958604 0.000000 0.971603
1114.500000 0.428315 5.088820 0.000000 0.971925
1115.250000 0.428700 5.095166 0.000000 0.969314
1116.000000 0.415164 5.020032 0.000000 0.968349
1116.750000 0.411653 5.008595 0.000000 0.968719
1117.500000 0.390564 4.948212 0.000000 0.969548
1118.250000 0.400460 5.046272 0.000000 0.970618
1119.000000 0.409014 5.049574 0.000000 0.968853
1119.750000 0.402916 4.989912 0.000000 0.970735
1120.500000 0.389438 4.923930 0.000000 0.968254
1121.250000 0.390010 4.951649 0.000000 0.967632
1122.000000 0.393466 4.968330 0.000000 0.970736
1122.750000 0.401217 4.982838 0.000000 0.971163
1123.500000 0.396308 4.947828 0.000000 0.970101
1124.250000 0.398203 4.964952 0.000000 0.968048
1125.000000 0.413476 5.040188 0.000000 0.969309
1125.750000 0.401439 5.016893 0.000000 0.970312
1126.500000 0.404876 5.068846 0.000000 0.969325
1127.250000 0.413424 5.114534 0.000000 0.967390
1128.000000 0.421917 5.156666 0.000000 0.970350
1128.750000 0.435408 5.183735 0.000000 0.968728
1129.500000 0.445345 5.215616 0.000000 0.969269
1130.250000 0.450675 5.225587 0.000000 0.968016
1131.000000 0.444666 5.196664 0.000000 0.970635
1131.750000 0.444389 5.218741 0.000000 0.967464
1132.500000 0.446246 5.235936 0.000000 0.974474
1133.250000 0.434026 5.232307 0.000000 0.972311
1134.000000 0.433497 5.246327 0.000000 0.969022
1134.750000 0.431959 5.316289 0.000000 0.967581
1135.500000 0.425413 5.221311 0.000000 0.969585
1136.250000 0.418593 5.153007 0.000000 0.971080
1137.000000 0.416382 5.177675 0.000000 0.975206
1137.750000 0.405991 5.106740 0.000000 0.973939
1138.500000 0.405238 5.117653 0.000000 0.973611
1139.250000 0.398441 5.073934 0.000000 0.967729
1140.000000 0.401863 5.107450 0.000000 0.968256
1140.750000 0.410416 5.092638 0.000000 0.971958
1141.500000 0.422649 5.142886 0.000000 0.972664
1142.250000 0.426613 5.129865 0.000000 0.971986
1143.000000 0.423215 5.084983 0.000000 0.974705
1143.750000 0.407063 4.979792 0.000000 0.971389
1144.500000 0.409014 5.008213 0.000000 0.973360
1145.250000 0.413513 4.983034 0.000000 0.971589
1146.000000 0.421205 5.026981 0.000000 0.970720
1146.750000 0.409667 4.965844 0.000000 0.973135
1147.500000 0.405567 4.937045 0.000000 0.973162
1148.250000 0.394600 4.854800 0.000000 0.969800
1149.000000 0.401961 4.903862 0.000000 0.972489
1149.750000 0.413921 4.964649 0.000000 0.972239
1150.500000 0.419748 4.942235 0.000000 0.974016
1151.250000 0.430941 4.977913 0.000000 0.972816
1152.000000 0.424115 4.969406 0.000000 0.973405
1152.750000 0.418791 4.899950 0.000000 0.970215
1153.500000 0.416192 4.911944 0.000000 0.968816
1154.250000 0.410326 4.909826 0.000000 0.967645
1155.000000 0.397399 4.899249 0.000000 0.966783
1155.750000 0.407937 4.986606 0.000000 0.973211
1156.500000 0.420532 5.132347 0.000000 0.972511
1157.250000 0.427586 5.174935 0.000000 0.971094
1158.000000 0.427586 5.202999 0.000000 0.968716
1158.750000 0.417942 5.142514 0.000000 0.967697
1159.500000 0.407003 5.091546 0.000000 0.966183
1160.250000 0.391792 5.034935 0.000000 0.967067
1161.000000 0.395446 5.036948 0.000000 0.969343
1161.750000 0.374438 4.935645 0.000000 0.967823
1162.500000 0.367528 4.873964 0.000000 0.969764
1163.250000 0.364091 4.832750 0.000000 0.968909
1164.000000 0.365202 4.812294 0.000000 0.969767
1164.750000 0.371594 4.844396 0.000000 0.971055
1165.500000 0.374274 4.850050 0.000000 0.968068
1166.250000 0.363463 4.803904 0.000000 0.968268
1167.000000 0.354108 4.689279 0.000000 0.969038
1167.750000 0.343862 4.624750 0.000000 0.967013
1168.500000 0.340784 4.612810 0.000000 0.973038
1169.250000 0.341676 4.617179 0.000000 0.972870
1170.000000 0.346612 4.641778 0.000000 0.968572
1170.750000 0.339000 4.563900 0.000000 0.970300
1171.500000 0.346339 4.540421 0.000000 0.969910
1172.250000 0.345669 4.572715 0.000000 0.967894
1173.000000 0.352630 4.644875 0.000000 0.969857
1173.750000 0.352130 4.622375 0.000000 0.969606
1174.500000 0.356444 4.643357 0.000000 0.973726
1175.250000 0.349955 4.647141 0.000000 0.970361
1176.000000 0.337769 4.583592 0.000000 0.969985
1176.750000 0.334231 4.561309 0.000000 0.972962
1177.500000 0.335638 4.558862 0.000000 0.966236
1178.250000 0.327959 4.428100 0.000000 0.969858
1179.000000 0.334536 4.449724 0.000000 0.973434
1179.750000 0.327275 4.362329 0.000000 0.972136
1180.500000 0.330961 4.329759 0.000000 0.975143
1181.250000 0.337197 4.335498 0.000000 0.972025
1182.000000 0.346898 4.421504 0.000000 0.969180
1182.750000 0.335963 4.303006 0.000000 0.966843
1183.500000 0.314785 4.232268 0.000000 0.967233
1184.250000 0.308539 4.221243 0.000000 0.971969
1185.000000 0.305420 4.206707 0.000000 0.974149
1185.750000 0.301078 4.173557 0.000000 0.970242
1186.500000 0.300220 4.140597 0.000000 0.972161
1187.250000 0.312082 4.157790 0.000000 0.970820
1188.000000 0.322955 4.209030 0.000000 0.967664
1188.750000 0.335598 4.203617 0.000000 0.970027
1189.500000 0.323280 4.163088 0.000000 0.969540
1190.250000 0.307185 4.024383 0.000000 0.976017
1191.000000 0.302567 4.032664 0.000000 0.971431
1191.750000 0.309347 4.033027 0.000000 0.970777
1192.500000 0.312319 4.073733 0.000000 0.971426
1193.250000 0.321421 4.102602 0.000000 0.972873
1194.000000 0.326396 4.099560 0.000000 0.969382
1194.750000 0.325844 4.114040 0.000000 0.970841
1195.500000 0.340394 4.232491 0.000000 0.970427
1196.250000 0.343594 4.235059 0.000000 0.971817
1197.000000 0.339070 4.190695 0.000000 0.972086
1197.750000 0.326359 4.073380 0.000000 0.968666
1198.500000 0.333133 4.145471 0.000000 0.968506
1199.250000 0.333267 4.115407 0.000000 0.968009
1200.000000 0.348061 4.201082 0.000000 0.971947
1200.750000 0.353547 4.209846 0.000000 0.972681
1201.500000 0.359720 4.295552 0.000000 0.977111
1202.250000 0.350060 4.292654 0.000000 0.971598
1203.000000 0.351435 4.291829 0.000000 0.974597
1203.750000 0.373852 4.445808 0.000000 0.974152
1204.500000 0.380572 4.501199 0.000000 0.973816
1205.250000 0.376723 4.523077 0.000000 0.976224
1206.000000 0.374287 4.522779 0.000000 0.971162
1206.750000 0.374838 4.564904 0.000000 0.970920
1207.500000 0.385907 4.602999 0.000000 0.972814
1208.250000 0.379714 4.594678 0.000000 0.975493
1209.000000 0.392016 4.706886 0.000000 0.971756
1209.750000 0.399101 4.686670 0.000000 0.972341
1210.500000 0.404117 4.674727 0.000000 0.975017
1211.250000 0.390809 4.594106 0.000000 0.974226
1212.000000 0.392507 4.642657 0.000000 0.971129
1212.750000 0.394960 4.648735 0.000000 0.973503
1213.500000 0.390731 4.607071 0.000000 0.976029
1214.250000 0.400461 4.678850 0.000000 0.972662
1215.000000 0.387567 4.602438 0.000000 0.973816
1215.750000 0.389544 4.648540 0.000000 0.972211
1216.500000 0.402337 4.686539 0.000000 0.973237
1217.250000 0.401517 4.726665 0.000000 0.973445
1218.000000 0.412746 4.795525 0.000000 0.976326
1218.750000 0.415166 4.831733 0.000000 0.973689
1219.500000 0.413783 4.837067 0.000000 0.970094
1220.250000 0.399020 4.732820 0.000000 0.974392
1221.000000 0.371840 4.589388 0.000000 0.968922
1221.750000 0.382441 4.700459 0.000000 0.970036
1222.500000 0.366241 4.579357 0.000000 0.972949
1223.250000 0.387653 4.683003 0.000000 0.970034
1224.000000 0.394942 4.694623 0.000000 0.971112
1224.750000 0.400780 4.729746 0.000000 0.972194
1225.500000 0.398659 4.721950 0.000000 0.973076
1226.250000 0.387064 4.661994 0.000000 0.972066
1227.000000 0.395633 4.729267 0.000000 0.974059
1227.750000 0.394555 4.734161 0.000000 0.970173
1228.500000 0.398223 4.723770 0.000000 0.970850
1229.250000 0.390166 4.727664 0.000000 0.978613
1230.000000 0.396319 4.758227 0.000000 0.972192
1230.750000 0.396217 4.785628 0.000000 0.971077
1231.500000 0.394682 4.783965 0.000000 0.971409
1232.250000 0.411523 4.829760 0.000000 0.972745
1233.000000 0.402619 4.752049 0.000000 0.970406
1233.750000 0.385661 4.656535 0.000000 0.973403
1234.500000 0.388322 4.680164 0.000000 0.972206
1235.250000 0.373514 4.645760 0.000000 0.972935
1236.000000 0.370267 4.585373 0.000000 0.971725
1236.750000 0.378862 4.659534 0.000000 0.974403
1237.500000 0.376414 4.635299 0.000000 0.972470
1238.250000 0.357606 4.518005 0.000000 0.968180
1239.000000 0.356721 4.509058 0.000000 0.972876
1239.750000 0.350380 4.465973 0.000000 0.971978
1240.500000 0.342116 4.381437 0.000000 0.975549
1241.250000 0.346307 4.376048 0.000000 0.968962
1242.000000 0.329263 4.295436 0.000000 0.974279
1242.750000 0.315963 4.169234 0.000000 0.971594
1243.500000 0.295192 4.048783 0.000000 0.967378
1244.250000 0.294583 4.081706 0.000000 0.972965
1245.000000 0.288942 4.041392 0.000000 0.971806
1245.750000 0.287660 4.007512 0.000000 0.974659
1246.500000 0.297232 4.082925 0.000000 0.972924
1247.250000 0.294323 4.080152 0.000000 0.973616
1248.000000 0.297530 4.084609 0.000000 0.972797
1248.750000 0.309093 4.140842 0.000000 0.971792
1249.500000 0.305839 4.118376 0.000000 0.970006
1250.250000 0.293935 4.034968 0.000000 0.969827
1251.000000 0.292910 3.958442 0.000000 0.976367
1251.750000 0.298233 4.006488 0.000000 0.973650
1252.500000 0.305367 3.968675 0.000000 0.975958
1253.250000 0.316520 3.995605 0.000000 0.976129
1254.000000 0.312556 3.933473 0.000000 0.973429
1254.750000 0.300301 3.871643 0.000000 0.977054
1255.500000 0.296574 3.819898 0.000000 0.971931
1256.250000 0.297257 3.827593 0.000000 0.971966
1257.000000 0.286431 3.746766 0.000000 0.971517
1257.750000 0.291013 3.787364 0.000000 0.973708
1258.500000 0.276751 3.736437 0.000000 0.972125
1259.250000 0.262685 3.651718 0.000000 0.968837
1260.000000 0.267199 3.677584 0.000000 0.977833
1260.750000 0.279385 3.765117 0.000000 0.974656
1261.500000 0.272882 3.713429 0.000000 0.972722
1262.250000 0.271563 3.682209 0.000000 0.978287
1263.000000 0.273463 3.686957 0.000000 0.979011
1263.750000 0.277928 3.712988 0.000000 0.972048
1264.500000 0.276334 3.697182 0.000000 0.974315
1265.250000 0.264862 3.620542 0.000000 0.976121
1266.000000 0.261748 3.631274 0.000000 0.975705
1266.750000 0.270562 3.672503 0.000000 0.975785
1267.500000 0.271609 3.685674 0.000000 0.969588
1268.250000 0.273943 3.755786 0.000000 0.978152
1269.000000 0.264085 3.705794 0.000000 0.971880
1269.750000 0.254729 3.683015 0.000000 0.974377
1270.500000 0.260465 3.701883 0.000000 0.974965
1271.250000 0.250900 3.672731 0.000000 0.968812
1272.000000 0.258219 3.702608 0.000000 0.974218
1272.750000 0.250376 3.651939 0.000000 0.973850
1273.500000 0.237867 3.567597 0.000000 0.970279
1274.250000 0.241300 3.554100 0.000000 0.973400
1275.000000 0.250275 3.564566 0.000000 0.974333
1275.750000 0.255507 3.581998 0.000000 0.974670
1276.500000 0.250926 3.567838 0.000000 0.973666
1277.250000 0.238219 3.423812 0.000000 0.978189
1278.000000 0.232823 3.434143 0.000000 0.973797
1278.750000 0.222910 3.351443 0.000000 0.972835
1279.500000 0.228920 3.394452 0.000000 0.972662
1280.250000 0.225545 3.354471 0.000000 0.972094
1281.000000 0.212745 3.238614 0.000000 0.970236
1281.750000 0.207173 3.133039 0.000000 0.970447
1282.500000 0.216440 3.182681 0.000000 0.977427
1283.250000 0.226641 3.254022 0.000000 0.977716
1284.000000 0.229778 3.274915 0.000000 0.978630
1284.750000 0.212806 3.147574 0.000000 0.975188
1285.500000 0.216996 3.173757 0.000000 0.978430
1286.250000 0.206459 3.029994 0.000000 0.979204
1287.000000 0.208392 3.013287 0.000000 0.975125
1287.750000 0.210658 2.962607 0.000000 0.974205
1288.500000 0.200180 2.916592 0.000000 0.973629
1289.250000 0.214993 3.051747 0.000000 0.975078
1290.000000 0.216346 3.049695 0.000000 0.971660
1290.750000 0.219256 3.092381 0.000000 0.973805
1291.500000 0.215973 3.080064 0.000000 0.974480
1292.250000 0.223611 3.101559 0.000000 0.972911
1293.000000 0.218756 3.080784 0.000000 0.974805
1293.750000 0.213693 3.029785 0.000000 0.974913
1294.500000 0.227364 3.136718 0.000000 0.978413
1295.250000 0.222133 3.073476 0.000000 0.977947
1296.000000 0.227309 3.126150 0.000000 0.976110
1296.750000 0.236458 3.156606 0.000000 0.978413
1297.500000 0.240693 3.214371 0.000000 0.975981
1298.250000 0.236976 3.163983 0.000000 0.974903
1299.000000 0.249125 3.241524 0.000000 0.978598
1299.750000 0.248500 3.242700 0.000000 0.975200
1300.500000 0.251674 3.244977 0.000000 0.974313
1301.250000 0.251902 3.293134 0.000000 0.979384
1302.000000 0.232637 3.153292 0.000000 0.975917
1302.750000 0.227168 3.104801 0.000000 0.976545
1303.500000 0.236640 3.208471 0.000000 0.974828
1304.250000 0.242870 3.265086 0.000000 0.979986
1305.000000 0.234483 3.200200 0.000000 0.973813
1305.750000 0.237891 3.196744 0.000000 0.973834
1306.500000 0.228823 3.126813 0.000000 0.970597
1307.250000 0.232726 3.157220 0.000000 0.976367
1308.000000 0.228466 3.184395 0.000000 0.973558
1308.750000 0.224735 3.165099 0.000000 0.976286
1309.500000 0.219263 3.084401 0.000000 0.972767
1310.250000 0.220070 3.105841 0.000000 0.973440
1311.000000 0.217279 3.047686 0.000000 0.978651
1311.750000 0.213607 3.031215 0.000000 0.974587
1312.500000 0.209195 2.974713 0.000000 0.980010
1313.250000 0.224400 3.045000 0.000000 0.980400
1314.000000 0.228600 3.107800 0.000000 0.977100
1314.750000 0.227168 3.093921 0.000000 0.979439
1315.500000 0.230477 3.104753 0.000000 0.979529
1316.250000 0.215829 2.986092 0.000000 0.978187
1317.000000 0.224109 3.058424 0.000000 0.976431
1317.750000 0.230885 3.100650 0.000000 0.975512
1318.500000 0.222100 3.022060 0.000000 0.969954
1319.250000 0.228757 3.052222 0.000000 0.975137
1320.000000 0.243114 3.155788 0.000000 0.979641
1320.750000 0.250825 3.208538 0.000000 0.977007
1321.500000 0.249026 3.214079 0.000000 0.979431
1322.250000 0.254295 3.275769 0.000000 0.981522
1323.000000 0.244453 3.287927 0.000000 0.979912
1323.750000 0.236282 3.219790 0.000000 0.974313
1324.500000 0.234283 3.168216 0.000000 0.973913
1325.250000 0.235717 3.217539 0.000000 0.973432
1326.000000 0.235816 3.213282 0.000000 0.975571
1326.750000 0.228900 3.103900 0.000000 0.972000
1327.500000 0.232486 3.096462 0.000000 0.973493
1328.250000 0.235670 3.115039 0.000000 0.978031
1329.000000 0.246545 3.265071 0.000000 0.974865
1329.750000 0.236987 3.185433 0.000000 0.975522
1330.500000 0.237337 3.222222 0.000000 0.975676
1331.250000 0.231678 3.166099 0.000000 0.975871
1332.000000 0.233227 3.177148 0.000000 0.979571
1332.750000 0.230293 3.143970 0.000000 0.973923
1333.500000 0.234245 3.151187 0.000000 0.980263
1334.250000 0.244702 3.256097 0.000000 0.981407
1335.000000 0.260670 3.362419 0.000000 0.978711
1335.750000 0.272246 3.453109 0.000000 0.977504
1336.500000 0.257648 3.395721 0.000000 0.973805
1337.250000 0.262521 3.426472 0.000000 0.976107
1338.000000 0.264281 3.460012 0.000000 0.976949
1338.750000 0.266713 3.439492 0.000000 0.976117
1339.500000 0.268054 3.500500 0.000000 0.978096
1340.250000 0.270222 3.455163 0.000000 0.977531
1341.000000 0.263100 3.423700 0.000000 0.976400
1341.750000 0.265522 3.464065 0.000000 0.976343
1342.500000 0.277622 3.553347 0.000000 0.980320
1343.250000 0.285671 3.716930 0.000000 0.976886
1344.000000 0.281893 3.675184 0.000000 0.975145
1344.750000 0.288285 3.694622 0.000000 0.974310
1345.500000 0.301958 3.792366 0.000000 0.977718
1346.250000 0.315600 3.802176 0.000000 0.975546
1347.000000 0.325758 3.869916 0.000000 0.978868
1347.750000 0.331800 3.977400 0.000000 0.977700
1348.500000 0.338472 4.005907 0.000000 0.977575
1349.250000 0.351160 4.076969 0.000000 0.977209
1350.000000 0.337843 4.000301 0.000000 0.978853
1350.750000 0.317605 3.849845 0.000000 0.974008
1351.500000 0.330137 3.930876 0.000000 0.978024
1352.250000 0.324278 3.895036 0.000000 0.975432
1353.000000 0.341929 4.001699 0.000000 0.977211
1353.750000 0.337928 3.986315 0.000000 0.978923
1354.500000 0.325125 3.928628 0.000000 0.974374
1355.250000 0.318096 3.958778 0.000000 0.971554
1356.000000 0.345375 4.098892 0.000000 0.975052
1356.750000 0.353741 4.137155 0.000000 0.974590
1357.500000 0.368163 4.270173 0.000000 0.970503
1358.250000 0.372484 4.276159 0.000000 0.974267
1359.000000 0.381898 4.321825 0.000000 0.976050
1359.750000 0.375400 4.328600 0.000000 0.978900
1360.500000 0.380795 4.363372 0.000000 0.975869
1361.250000 0.379035 4.287599 0.000000 0.976916
1362.000000 0.368826 4.249250 0.000000 0.974605
1362.750000 0.372763 4.269073 0.000000 0.973803
1363.500000 0.383777 4.390078 0.000000 0.974795
1364.250000 0.398000 4.515900 0.000000 0.973600
1365.000000 0.397578 4.500650 0.000000 0.972281
1365.750000 0.392290 4.479976 0.000000 0.966643
1366.500000 0.376777 4.423023 0.000000 0.973574
1367.250000 0.366780 4.382970 0.000000 0.972417
1368.000000 0.379269 4.471540 0.000000 0.975834
1368.750000 0.386891 4.525980 0.000000 0.971922
1369.500000 0.375075 4.434887 0.000000 0.970794
1370.250000 0.363836 4.414530 0.000000 0.974354
1371.000000 0.369378 4.465021 0.000000 0.972916
1371.750000 0.376050 4.487705 0.000000 0.974110
1372.500000 0.355458 4.334566 0.000000 0.966913
1373.250000 0.369963 4.484052 0.000000 0.976402
1374.000000 0.376736 4.524033 0.000000 0.973519
1374.750000 0.382382 4.564865 0.000000 0.974975
1375.500000 0.386239 4.602960 0.000000 0.973997
1376.250000 0.363718 4.486656 0.000000 0.973113
1377.000000 0.358585 4.541675 0.000000 0.975015
1377.750000 0.344817 4.472710 0.000000 0.968252
1378.500000 0.343325 4.492805 0.000000 0.974321
1379.250000 0.346138 4.504902 0.000000 0.974590
1380.000000 0.363491 4.625723 0.000000 0.975434
1380.750000 0.354861 4.555600 0.000000 0.971352
1381.500000 0.359912 4.585531 0.000000 0.975120
1382.250000 0.353728 4.545563 0.000000 0.969957
1383.000000 0.340668 4.474095 0.000000 0.969194
1383.750000 0.333500 4.463033 0.000000 0.968143
1384.500000 0.340138 4.467327 0.000000 0.970379
1385.250000 0.337796 4.472674 0.000000 0.968928
1386.000000 0.325530 4.395058 0.000000 0.973189
1386.750000 0.325598 4.361409 0.000000 0.976193
1387.500000 0.327900 4.377900 0.000000 0.972700
1388.250000 0.325698 4.343403 0.000000 0.976893
1389.000000 0.308662 4.232947 0.000000 0.971694
1389.750000 0.301732 4.220142 0.000000 0.971569
1390.500000 0.302676 4.213800 0.000000 0.968744
1391.250000 0.298660 4.161932 0.000000 0.970694
1392.000000 0.303518 4.206776 0.000000 0.970718
1392.750000 0.304178 4.171631 0.000000 0.970812
1393.500000 0.296359 4.122924 0.000000 0.973595
1394.250000 0.300969 4.180801 0.000000 0.971631
1395.000000 0.297849 4.136168 0.000000 0.973687
1395.750000 0.300858 4.114394 0.000000 0.972250
1396.500000 0.303710 4.125374 0.000000 0.969080
1397.250000 0.311875 4.161236 0.000000 0.970812
1398.000000 0.318232 4.225122 0.000000 0.976698
1398.750000 0.310603 4.189796 0.000000 0.972744
1399.500000 0.314735 4.238706 0.000000 0.973054
1400.250000 0.334334 4.362854 0.000000 0.972881
1401.000000 0.344669 4.454291 0.000000 0.970994
1401.750000 0.352595 4.513673 0.000000 0.965669
1402.500000 0.362691 4.570629 0.000000 0.972008
1403.250000 0.352159 4.529088 0.000000 0.972111
1404.000000 0.352407 4.513182 0.000000 0.970641
1404.750000 0.341246 4.420172 0.000000 0.971755
1405.500000 0.327834 4.337333 0.000000 0.970006
1406.250000 0.330327 4.288535 0.000000 0.977050
1407.000000 0.326102 4.251124 0.000000 0.973408
1407.750000 0.337774 4.332966 0.000000 0.975358
1408.500000 0.339093 4.306732 0.000000 0.969736
1409.250000 0.340541 4.362663 0.000000 0.973974
1410.000000 0.344507 4.377126 0.000000 0.973484
1410.750000 0.337269 4.343372 0.000000 0.971886
1411.500000 0.327893 4.340709 0.000000 0.971265
1412.250000 0.324400 4.273800 0.000000 0.971900
1413.000000 0.332133 4.292929 0.000000 0.972097
1413.750000 0.333233 4.304348 0.000000 0.975212
1414.500000 0.343521 4.389919 0.000000 0.974246
1415.250000 0.336904 4.374950 0.000000 0.974970
1416.000000 0.323017 4.289763 0.000000 0.972957
1416.750000 0.316622 4.259582 0.000000 0.976183
1417.500000 0.309317 4.173422 0.000000 0.972881
1418.250000 0.310445 4.154023 0.000000 0.974513
1419.000000 0.289610 4.025974 0.000000 0.972527
1419.750000 0.278100 3.949100 0.000000 0.973800
1420.500000 0.302277 4.065808 0.000000 0.973936
1421.250000 0.292337 3.981417 0.000000 0.973024
1422.000000 0.289745 3.966283 0.000000 0.973387
1422.750000 0.295382 3.976510 0.000000 0.971411
1423.500000 0.306019 4.016269 0.000000 0.971654
1424.250000 0.290152 3.881542 0.000000 0.970835
1425.000000 0.281834 3.790472 0.000000 0.972036
1425.750000 0.276895 3.780841 0.000000 0.969034
1426.500000 0.268931 3.698302 0.000000 0.974525
1427.250000 0.273300 3.724300 0.000000 0.973400
1428.000000 0.262715 3.641970 0.000000 0.974569
1428.750000 0.255716 3.552372 0.000000 0.969446
1429.500000 0.259048 3.576585 0.000000 0.974705
1430.250000 0.257391 3.517379 0.000000 0.972034
1431.000000 0.259522 3.576527 0.000000 0.977007
1431.750000 0.249700 3.476109 0.000000 0.971211
1432.500000 0.236178 3.381911 0.000000 0.966947
1433.250000 0.233290 3.361559 0.000000 0.977453
1434.000000 0.229877 3.312469 0.000000 0.975203
1434.750000 0.223322 3.222322 0.000000 0.964196
1435.500000 0.222256 3.264847 0.000000 0.973105
1436.250000 0.216899 3.298186 0.000000 0.974241
1437.000000 0.214021 3.353136 0.000000 0.976298
1437.750000 0.220249 3.350923 0.000000 0.975062
1438.500000 0.236753 3.415217 0.000000 0.973605
1439.250000 0.246899 3.423870 0.000000 0.974190
1440.000000 0.219385 3.263643 0.000000 0.970662
1440.750000 0.211377 3.254790 0.000000 0.971856
1441.500000 0.237105 3.391543 0.000000 0.974810
1442.250000 0.249550 3.498402 0.000000 0.974925
1443.000000 0.237153 3.382623 0.000000 0.974405
1443.750000 0.226904 3.295666 0.000000 0.966170
1444.500000 0.228032 3.319804 0.000000 0.978506
1445.250000 0.232081 3.323098 0.000000 0.976672
1446.000000 0.247723 3.413572 0.000000 0.975478
1446.750000 0.245528 3.397722 0.000000 0.972719
1447.500000 0.235866 3.349840 0.000000 0.970730
1448.250000 0.240592 3.373099 0.000000 0.973879
1449.000000 0.243703 3.334166 0.000000 0.974310
1449.750000 0.230838 3.264115 0.000000 0.976916
1450.500000 0.226023 3.187619 0.000000 0.972697
1451.250000 0.220867 3.156306 0.000000 0.975914
1452.000000 0.217987 3.111545 0.000000 0.977991
1452.750000 0.218469 3.096642 0.000000 0.978613
1453.500000 0.224322 3.091409 0.000000 0.979298
1454.250000 0.235206 3.202475 0.000000 0.976350
1455.000000 0.236122 3.190196 0.000000 0.977436
1455.750000 0.230739 3.176048 0.000000 0.979541
1456.500000 0.225005 3.132409 0.000000 0.974556
1457.250000 0.228217 3.129696 0.000000 0.979516
1458.000000 0.222444 3.139128 0.000000 0.979596
1458.750000 0.209018 3.047796 0.000000 0.979158
1459.500000 0.213507 3.061531 0.000000 0.979090
1460.250000 0.214271 3.074655 0.000000 0.977114
1461.000000 0.208837 3.033690 0.000000 0.981705
1461.750000 0.211200 3.079900 0.000000 0.975700
1462.500000 0.219159 3.113276 0.000000 0.975127
1463.250000 0.216168 3.119162 0.000000 0.971856
1464.000000 0.215698 3.043739 0.000000 0.975335
1464.750000 0.218331 3.066740 0.000000 0.979688
1465.500000 0.210463 3.030152 0.000000 0.979932
1466.250000 0.219775 3.056414 0.000000 0.973587
1467.000000 0.225561 3.104568 0.000000 0.976963
1467.750000 0.225777 3.096990 0.000000 0.976902
1468.500000 0.214750 3.016111 0.000000 0.975683
1469.250000 0.216235 2.947516 0.000000 0.974508
1470.000000 0.211575 2.929809 0.000000 0.978672
1470.750000 0.214849 2.992516 0.000000 0.976449
1471.500000 0.212859 2.954772 0.000000 0.978934
1472.250000 0.206018 2.858656 0.000000 0.977809
1473.000000 0.203236 2.815840 0.000000 0.975232
1473.750000 0.205033 2.839808 0.000000 0.978728
1474.500000 0.217652 2.931652 0.000000 0.978485
1475.250000 0.225445 2.995499 0.000000 0.977295
1476.000000 0.233473 3.055822 0.000000 0.977631
1476.750000 0.228077 3.043895 0.000000 0.972703
1477.500000 0.227886 3.016792 0.000000 0.976612
1478.250000 0.226777 3.046495 0.000000 0.981502
1479.000000 0.227763 3.045573 0.000000 0.977014
1479.750000 0.238119 3.137280 0.000000 0.979932
1480.500000 0.232753 3.090182 0.000000 0.973305
1481.250000 0.257512 3.207232 0.000000 0.979167
1482.000000 0.265681 3.274171 0.000000 0.978726
1482.750000 0.267986 3.265987 0.000000 0.978217
1483.500000 0.273173 3.327367 0.000000 0.975902
1484.250000 0.288669 3.454936 0.000000 0.978118
1485.000000 0.284074 3.449925 0.000000 0.967349
1485.750000 0.260822 3.327349 0.000000 0.969779
1486.500000 0.276462 3.391904 0.000000 0.975412
1487.250000 0.271790 3.367057 0.000000 0.977584
1488.000000 0.278027 3.335230 0.000000 0.977039
1488.750000 0.291366 3.429086 0.000000 0.982272
1489.500000 0.293041 3.464007 0.000000 0.975605
1490.250000 0.284528 3.407141 0.000000 0.974097
1491.000000 0.288920 3.517031 0.000000 0.979263
1491.750000 0.290294 3.562013 0.000000 0.977132
1492.500000 0.290187 3.582075 0.000000 0.975193
1493.250000 0.291187 3.566170 0.000000 0.971491
1494.000000 0.299731 3.641781 0.000000 0.979339
1494.750000 0.296130 3.651065 0.000000 0.977198
1495.500000 0.289151 3.598064 0.000000 0.973949
1496.250000 0.297993 3.646800 0.000000 0.976540
1497.000000 0.300759 3.661409 0.000000 0.975145
1497.750000 0.296396 3.609810 0.000000 0.975175
1498.500000 0.293818 3.618747 0.000000 0.979592
1499.250000 0.306360 3.673710 0.000000 0.981272
