0.000000 0.999500 7.996401 0.000000 0.999800
0.750000 0.966787 7.813926 0.000000 0.977291
1.500000 0.941088 7.709036 0.000000 0.969546
2.250000 0.911482 7.659232 0.000000 0.968694
3.000000 0.881412 7.622538 0.000000 0.969203
3.750000 0.859027 7.585173 0.000000 0.966830
4.500000 0.842489 7.565222 0.000000 0.966540
5.250000 0.821753 7.503241 0.000000 0.965706
6.000000 0.807543 7.486481 0.000000 0.966477
6.750000 0.792555 7.466927 0.000000 0.967978
7.500000 0.770084 7.418965 0.000000 0.966827
8.250000 0.765686 7.395212 0.000000 0.965287
9.000000 0.748675 7.339998 0.000000 0.965710
9.750000 0.723559 7.287725 0.000000 0.967442
10.500000 0.712988 7.251173 0.000000 0.964361
11.250000 0.700020 7.195422 0.000000 0.967813
12.000000 0.696325 7.178450 0.000000 0.963451
12.750000 0.694844 7.156575 0.000000 0.966926
13.500000 0.696991 7.144735 0.000000 0.963190
14.250000 0.686605 7.116822 0.000000 0.962128
15.000000 0.683442 7.093247 0.000000 0.962981
15.750000 0.672297 7.037477 0.000000 0.965721
16.500000 0.661678 6.978150 0.000000 0.971067
17.250000 0.645194 6.914274 0.000000 0.971491
18.000000 0.643643 6.893942 0.000000 0.967513
18.750000 0.647711 6.904557 0.000000 0.967519
19.500000 0.639147 6.868908 0.000000 0.963875
20.250000 0.638939 6.859066 0.000000 0.966387
21.000000 0.632062 6.832501 0.000000 0.966860
21.750000 0.636518 6.820508 0.000000 0.967420
22.500000 0.630648 6.794182 0.000000 0.968213
23.250000 0.619790 6.735332 0.000000 0.968116
24.000000 0.615623 6.670534 0.000000 0.967894
24.750000 0.612457 6.616763 0.000000 0.966052
25.500000 0.603796 6.552547 0.000000 0.963836
26.250000 0.604027 6.543725 0.000000 0.965041
27.000000 0.580800 6.454300 0.000000 0.966000
27.750000 0.583975 6.473142 0.000000 0.970391
28.500000 0.591926 6.510491 0.000000 0.968325
29.250000 0.589805 6.489163 0.000000 0.969396
30.000000 0.595583 6.493954 0.000000 0.969721
30.750000 0.597297 6.457458 0.000000 0.963263
31.500000 0.590369 6.429713 0.000000 0.970227
32.250000 0.582291 6.421310 0.000000 0.964682
33.000000 0.585910 6.454918 0.000000 0.963174
33.750000 0.568400 6.376700 0.000000 0.964300
34.500000 0.553955 6.342534 0.000000 0.965897
35.250000 0.546018 6.279212 0.000000 0.966687
36.000000 0.538830 6.223598 0.000000 0.967758
36.750000 0.522686 6.130122 0.000000 0.966420
37.500000 0.509698 6.073285 0.000000 0.964407
38.250000 0.506449 6.007799 0.000000 0.968003
39.000000 0.503700 6.018700 0.000000 0.964100
39.750000 0.519544 6.051085 0.000000 0.969009
40.500000 0.512069 5.991921 0.000000 0.964393
41.250000 0.509751 6.009201 0.000000 0.969797
42.000000 0.508772 6.019638 0.000000 0.969498
42.750000 0.498950 5.989299 0.000000 0.967397
43.500000 0.495652 5.952624 0.000000 0.966917
44.250000 0.488207 5.869478 0.000000 0.967619
45.000000 0.488405 5.856058 0.000000 0.968613
45.750000 0.481934 5.797418 0.000000 0.969873
46.500000 0.470207 5.728316 0.000000 0.968959
47.250000 0.461893 5.679218 0.000000 0.970055
48.000000 0.454300 5.640496 0.000000 0.966437
48.750000 0.448383 5.566236 0.000000 0.966757
49.500000 0.444656 5.553136 0.000000 0.969895
50.250000 0.438074 5.518578 0.000000 0.967439
51.000000 0.421216 5.395673 0.000000 0.967845
51.750000 0.436274 5.413365 0.000000 0.967287
52.500000 0.448542 5.478405 0.000000 0.967532
53.250000 0.463198 5.482972 0.000000 0.966444
54.000000 0.455788 5.453792 0.000000 0.965669
54.750000 0.451309 5.438071 0.000000 0.966904
55.500000 0.433443 5.331433 0.000000 0.969297
56.250000 0.423131 5.264806 0.000000 0.971286
57.000000 0.418365 5.258493 0.000000 0.968225
57.750000 0.420120 5.314214 0.000000 0.969469
58.500000 0.410287 5.193535 0.000000 0.969379
59.250000 0.405978 5.159352 0.000000 0.966310
60.000000 0.404760 5.140386 0.000000 0.971003
60.750000 0.418537 5.205129 0.000000 0.972763
61.500000 0.407022 5.163949 0.000000 0.969191
62.250000 0.400200 5.181219 0.000000 0.970130
63.000000 0.395960 5.133487 0.000000 0.968003
63.750000 0.375675 5.070058 0.000000 0.969518
64.500000 0.367359 5.046544 0.000000 0.967739
65.250000 0.379417 5.048512 0.000000 0.970353
66.000000 0.370241 4.981913 0.000000 0.967823
66.750000 0.378749 4.993902 0.000000 0.969712
67.500000 0.385431 4.943366 0.000000 0.969782
68.250000 0.380198 4.931556 0.000000 0.969536
69.000000 0.387796 4.963347 0.000000 0.968840
69.750000 0.381495 4.897982 0.000000 0.968725
70.500000 0.376150 4.819328 0.000000 0.968487
71.250000 0.397800 4.874800 0.000000 0.970100
72.000000 0.391035 4.874324 0.000000 0.970482
72.750000 0.390561 4.945806 0.000000 0.967303
73.500000 0.390327 4.948236 0.000000 0.963426
74.250000 0.387249 4.917526 0.000000 0.964968
75.000000 0.392165 4.985408 0.000000 0.969318
75.750000 0.403100 5.038100 0.000000 0.969200
76.500000 0.406871 5.031260 0.000000 0.970638
77.250000 0.412058 5.055001 0.000000 0.969455
78.000000 0.398062 4.992508 0.000000 0.968035
78.750000 0.406970 5.029040 0.000000 0.969658
79.500000 0.394179 4.979796 0.000000 0.967593
80.250000 0.390705 5.002998 0.000000 0.970115
81.000000 0.378948 4.932327 0.000000 0.963115
81.750000 0.375075 4.881959 0.000000 0.967871
82.500000 0.378024 4.874025 0.000000 0.965707
83.250000 0.380254 4.875611 0.000000 0.968254
84.000000 0.370152 4.815374 0.000000 0.965914
84.750000 0.377494 4.850858 0.000000 0.967877
85.500000 0.377891 4.854811 0.000000 0.969460
86.250000 0.369111 4.822847 0.000000 0.969991
87.000000 0.374212 4.831414 0.000000 0.965963
87.750000 0.375162 4.826017 0.000000 0.968303
88.500000 0.379197 4.837330 0.000000 0.967026
89.250000 0.400180 4.920064 0.000000 0.968747
90.000000 0.382653 4.779812 0.000000 0.968387
90.750000 0.378938 4.764476 0.000000 0.967897
91.500000 0.373824 4.713428 0.000000 0.969682
92.250000 0.380395 4.768399 0.000000 0.967558
93.000000 0.384515 4.789511 0.000000 0.968032
93.750000 0.385783 4.741014 0.000000 0.964557
94.500000 0.370507 4.729233 0.000000 0.970248
95.250000 0.374025 4.731454 0.000000 0.971206
96.000000 0.365915 4.758886 0.000000 0.970148
96.750000 0.378827 4.808585 0.000000 0.971683
97.500000 0.368158 4.759431 0.000000 0.969479
98.250000 0.358743 4.719288 0.000000 0.973790
99.000000 0.333833 4.606315 0.000000 0.972622
99.750000 0.319972 4.486405 0.000000 0.964114
100.500000 0.330495 4.490182 0.000000 0.970246
101.250000 0.318450 4.430273 0.000000 0.971869
102.000000 0.317071 4.394009 0.000000 0.972350
102.750000 0.319507 4.369702 0.000000 0.972848
103.500000 0.307531 4.235424 0.000000 0.967497
104.250000 0.310438 4.246950 0.000000 0.973005
105.000000 0.316737 4.217957 0.000000 0.969906
105.750000 0.316578 4.185870 0.000000 0.968622
106.500000 0.313064 4.171509 0.000000 0.973152
107.250000 0.313530 4.122716 0.000000 0.973540
108.000000 0.301581 4.008005 0.000000 0.970682
108.750000 0.300789 3.958129 0.000000 0.970720
109.500000 0.302230 3.985299 0.000000 0.968097
110.250000 0.313729 4.070294 0.000000 0.972941
111.000000 0.296330 4.004000 0.000000 0.970897
111.750000 0.309941 4.025128 0.000000 0.972470
112.500000 0.297238 3.962870 0.000000 0.972178
113.250000 0.295974 3.998801 0.000000 0.974528
114.000000 0.276176 3.865265 0.000000 0.972272
114.750000 0.276442 3.851763 0.000000 0.973658
115.500000 0.283245 3.845839 0.000000 0.971026
116.250000 0.271354 3.733747 0.000000 0.972695
117.000000 0.275711 3.762494 0.000000 0.972668
117.750000 0.275969 3.785258 0.000000 0.968038
118.500000 0.284012 3.830714 0.000000 0.971469
119.250000 0.279133 3.843994 0.000000 0.975315
120.000000 0.274093 3.829794 0.000000 0.973252
120.750000 0.270346 3.831933 0.000000 0.975005
121.500000 0.273619 3.880605 0.000000 0.973279
122.250000 0.270516 3.859888 0.000000 0.970076
123.000000 0.269951 3.891659 0.000000 0.970061
123.750000 0.260236 3.837827 0.000000 0.971939
124.500000 0.266866 3.862076 0.000000 0.970459
125.250000 0.253781 3.794992 0.000000 0.974562
126.000000 0.235994 3.717487 0.000000 0.976391
126.750000 0.242743 3.706506 0.000000 0.976977
127.500000 0.249575 3.735732 0.000000 0.976212
128.250000 0.255221 3.735385 0.000000 0.977316
129.000000 0.263037 3.724252 0.000000 0.975878
129.750000 0.269892 3.785286 0.000000 0.973910
130.500000 0.262007 3.734199 0.000000 0.971243
131.250000 0.254125 3.682968 0.000000 0.973197
132.000000 0.247874 3.630789 0.000000 0.971992
132.750000 0.241734 3.584157 0.000000 0.972330
133.500000 0.228720 3.506436 0.000000 0.969364
134.250000 0.240004 3.523790 0.000000 0.973211
135.000000 0.237021 3.514178 0.000000 0.974141
135.750000 0.231617 3.428371 0.000000 0.974254
136.500000 0.229429 3.364064 0.000000 0.970370
137.250000 0.234277 3.432057 0.000000 0.971803
138.000000 0.231943 3.415503 0.000000 0.974362
138.750000 0.232737 3.418007 0.000000 0.976816
139.500000 0.235547 3.426685 0.000000 0.975595
140.250000 0.226090 3.340836 0.000000 0.973890
141.000000 0.235664 3.336890 0.000000 0.976663
141.750000 0.240168 3.342139 0.000000 0.975083
142.500000 0.232006 3.264351 0.000000 0.972247
143.250000 0.235859 3.279708 0.000000 0.978176
144.000000 0.215272 3.053843 0.000000 0.973579
144.750000 0.225223 3.127713 0.000000 0.978398
145.500000 0.223779 3.100881 0.000000 0.973879
146.250000 0.236545 3.201997 0.000000 0.978333
147.000000 0.239517 3.228135 0.000000 0.976238
147.750000 0.238190 3.261460 0.000000 0.977429
148.500000 0.235153 3.250050 0.000000 0.977105
149.250000 0.235176 3.296670 0.000000 0.977302
150.000000 0.224140 3.219152 0.000000 0.971571
150.750000 0.226119 3.169465 0.000000 0.975919
151.500000 0.236858 3.217469 0.000000 0.973616
152.250000 0.244551 3.195961 0.000000 0.972705
153.000000 0.244882 3.237491 0.000000 0.974733
153.750000 0.229794 3.125823 0.000000 0.975254
154.500000 0.227014 3.153276 0.000000 0.975588
155.250000 0.224498 3.123489 0.000000 0.978919
156.000000 0.215898 3.024466 0.000000 0.974036
156.750000 0.231806 3.144055 0.000000 0.976041
157.500000 0.224136 3.130395 0.000000 0.971958
158.250000 0.216413 3.153239 0.000000 0.971211
159.000000 0.228489 3.204432 0.000000 0.976642
159.750000 0.228543 3.200801 0.000000 0.974161
160.500000 0.244083 3.304304 0.000000 0.977030
161.250000 0.247972 3.345819 0.000000 0.977967
162.000000 0.254340 3.354719 0.000000 0.981142
162.750000 0.252149 3.313012 0.000000 0.980112
163.500000 0.258619 3.315279 0.000000 0.977016
164.250000 0.257536 3.321821 0.000000 0.979437
165.000000 0.252947 3.298702 0.000000 0.979121
165.750000 0.239473 3.207444 0.000000 0.979745
166.500000 0.230554 3.139890 0.000000 0.973739
167.250000 0.247678 3.214921 0.000000 0.977829
168.000000 0.247076 3.229885 0.000000 0.976712
168.750000 0.241931 3.198461 0.000000 0.977915
169.500000 0.238523 3.220958 0.000000 0.982335
170.250000 0.246151 3.290642 0.000000 0.976805
171.000000 0.249251 3.279920 0.000000 0.969730
171.750000 0.243130 3.271610 0.000000 0.969921
172.500000 0.237824 3.218722 0.000000 0.970697
173.250000 0.246823 3.326263 0.000000 0.978689
174.000000 0.245279 3.336497 0.000000 0.976421
174.750000 0.235771 3.216765 0.000000 0.971191
175.500000 0.234287 3.171337 0.000000 0.970777
176.250000 0.237738 3.232045 0.000000 0.977724
177.000000 0.248927 3.280455 0.000000 0.980046
177.750000 0.253376 3.287386 0.000000 0.979994
178.500000 0.256116 3.343584 0.000000 0.978632
179.250000 0.258531 3.382159 0.000000 0.977050
180.000000 0.245100 3.259500 0.000000 0.971900
180.750000 0.247331 3.290831 0.000000 0.975856
181.500000 0.233756 3.209602 0.000000 0.974948
182.250000 0.233053 3.240552 0.000000 0.977005
183.000000 0.236950 3.237952 0.000000 0.979060
183.750000 0.253284 3.328086 0.000000 0.974932
184.500000 0.252778 3.331064 0.000000 0.970868
185.250000 0.258254 3.375561 0.000000 0.975761
186.000000 0.258819 3.351554 0.000000 0.972020
186.750000 0.271256 3.443900 0.000000 0.976221
187.500000 0.265200 3.434600 0.000000 0.982000
188.250000 0.285057 3.530035 0.000000 0.979110
189.000000 0.301809 3.651105 0.000000 0.975907
189.750000 0.306300 3.673400 0.000000 0.975800
190.500000 0.305356 3.708433 0.000000 0.977918
191.250000 0.302036 3.680008 0.000000 0.976126
192.000000 0.308562 3.711042 0.000000 0.977596
192.750000 0.323309 3.802578 0.000000 0.977720
193.500000 0.326508 3.815322 0.000000 0.973132
194.250000 0.295596 3.625826 0.000000 0.969169
195.000000 0.298406 3.668204 0.000000 0.972024
195.750000 0.293036 3.654711 0.000000 0.972225
196.500000 0.287797 3.657180 0.000000 0.980527
197.250000 0.270600 3.630600 0.000000 0.975200
198.000000 0.278812 3.684874 0.000000 0.978291
198.750000 0.267761 3.630378 0.000000 0.975685
199.500000 0.278918 3.679919 0.000000 0.975563
200.250000 0.273491 3.666634 0.000000 0.975610
201.000000 0.271811 3.623278 0.000000 0.976542
201.750000 0.263742 3.603837 0.000000 0.978313
202.500000 0.262229 3.567061 0.000000 0.975441
203.250000 0.257559 3.483685 0.000000 0.971859
204.000000 0.258956 3.489771 0.000000 0.977348
204.750000 0.255100 3.491100 0.000000 0.974800
205.500000 0.260252 3.457591 0.000000 0.978096
206.250000 0.256185 3.475858 0.000000 0.970770
207.000000 0.258826 3.511551 0.000000 0.976098
207.750000 0.257234 3.588866 0.000000 0.968459
208.500000 0.246345 3.536852 0.000000 0.972461
209.250000 0.249500 3.581800 0.000000 0.978300
210.000000 0.248477 3.583242 0.000000 0.978927
210.750000 0.253825 3.612961 0.000000 0.978398
211.500000 0.246377 3.527836 0.000000 0.971814
212.250000 0.251926 3.554277 0.000000 0.973787
213.000000 0.250075 3.528650 0.000000 0.977020
213.750000 0.253870 3.531909 0.000000 0.977130
214.500000 0.252251 3.495397 0.000000 0.975185
215.250000 0.245351 3.419816 0.000000 0.970806
216.000000 0.240793 3.361689 0.000000 0.969075
216.750000 0.251526 3.448704 0.000000 0.974077
217.500000 0.253256 3.487578 0.000000 0.970547
218.250000 0.253751 3.473795 0.000000 0.974895
219.000000 0.265269 3.506088 0.000000 0.976048
219.750000 0.257648 3.453109 0.000000 0.975505
220.500000 0.252171 3.394829 0.000000 0.976440
221.250000 0.255094 3.351478 0.000000 0.974031
222.000000 0.258203 3.360744 0.000000 0.974290
222.750000 0.262121 3.363091 0.000000 0.976707
223.500000 0.276162 3.468566 0.000000 0.973113
224.250000 0.279632 3.449230 0.000000 0.975015
225.000000 0.272918 3.399940 0.000000 0.977631
225.750000 0.291617 3.582832 0.000000 0.975130
226.500000 0.281895 3.486781 0.000000 0.969357
227.250000 0.277883 3.445634 0.000000 0.967690
228.000000 0.281621 3.502845 0.000000 0.975342
228.750000 0.283917 3.533393 0.000000 0.975442
229.500000 0.268797 3.505641 0.000000 0.975537
230.250000 0.270846 3.541192 0.000000 0.976605
231.000000 0.268930 3.565405 0.000000 0.978365
231.750000 0.254575 3.429157 0.000000 0.976802
232.500000 0.249775 3.363673 0.000000 0.968129
233.250000 0.257552 3.430186 0.000000 0.970794
234.000000 0.261323 3.507716 0.000000 0.978958
234.750000 0.253621 3.427030 0.000000 0.975027
235.500000 0.247252 3.428443 0.000000 0.971517
236.250000 0.257357 3.506534 0.000000 0.978254
237.000000 0.268268 3.531932 0.000000 0.975375
237.750000 0.263906 3.509304 0.000000 0.975790
238.500000 0.252022 3.473989 0.000000 0.977534
239.250000 0.253075 3.516848 0.000000 0.978602
240.000000 0.262858 3.538700 0.000000 0.976231
240.750000 0.255721 3.470571 0.000000 0.979115
241.500000 0.250500 3.375850 0.000000 0.970288
242.250000 0.253833 3.400441 0.000000 0.977152
243.000000 0.253377 3.351046 0.000000 0.981187
243.750000 0.248153 3.250449 0.000000 0.978638
244.500000 0.256994 3.299660 0.000000 0.979716
245.250000 0.251276 3.214951 0.000000 0.980186
246.000000 0.262785 3.299572 0.000000 0.975077
246.750000 0.260178 3.246274 0.000000 0.977293
247.500000 0.262496 3.320862 0.000000 0.975257
248.250000 0.259155 3.335501 0.000000 0.977987
249.000000 0.261414 3.290348 0.000000 0.977473
249.750000 0.271710 3.403218 0.000000 0.980614
250.500000 0.285200 3.476934 0.000000 0.978685
251.250000 0.276630 3.432664 0.000000 0.972746
252.000000 0.277672 3.441356 0.000000 0.979802
252.750000 0.260635 3.335830 0.000000 0.976433
253.500000 0.292542 3.579684 0.000000 0.978104
254.250000 0.295948 3.627714 0.000000 0.975488
255.000000 0.304938 3.681496 0.000000 0.977756
255.750000 0.307477 3.734761 0.000000 0.972175
256.500000 0.305481 3.767096 0.000000 0.975042
257.250000 0.321049 3.866213 0.000000 0.978169
258.000000 0.334601 3.982890 0.000000 0.974285
258.750000 0.340298 4.048385 0.000000 0.976507
259.500000 0.342717 4.070979 0.000000 0.976640
260.250000 0.352100 4.109200 0.000000 0.975700
261.000000 0.352189 4.182890 0.000000 0.975315
261.750000 0.345858 4.156391 0.000000 0.974118
262.500000 0.340538 4.139497 0.000000 0.972581
263.250000 0.347713 4.145796 0.000000 0.975934
264.000000 0.342076 4.160777 0.000000 0.973471
264.750000 0.352437 4.213296 0.000000 0.977873
265.500000 0.363909 4.280376 0.000000 0.978517
266.250000 0.373121 4.365504 0.000000 0.971838
267.000000 0.375851 4.432118 0.000000 0.972066
267.750000 0.374014 4.417557 0.000000 0.973135
268.500000 0.353623 4.262969 0.000000 0.975512
269.250000 0.349495 4.256623 0.000000 0.974108
270.000000 0.335399 4.172648 0.000000 0.970609
270.750000 0.354446 4.308991 0.000000 0.980819
271.500000 0.357235 4.313952 0.000000 0.974369
272.250000 0.344424 4.329137 0.000000 0.973621
273.000000 0.366600 4.441100 0.000000 0.972300
273.750000 0.371777 4.419648 0.000000 0.974915
274.500000 0.380748 4.460050 0.000000 0.973766
275.250000 0.367473 4.410482 0.000000 0.971694
276.000000 0.362582 4.440536 0.000000 0.975515
276.750000 0.356822 4.429785 0.000000 0.972714
277.500000 0.365092 4.531225 0.000000 0.969976
278.250000 0.367853 4.544083 0.000000 0.974510
279.000000 0.358995 4.450896 0.000000 0.970367
279.750000 0.366687 4.482625 0.000000 0.975834
280.500000 0.351848 4.387113 0.000000 0.973427
281.250000 0.368826 4.490102 0.000000 0.971606
282.000000 0.350619 4.419364 0.000000 0.967126
282.750000 0.342116 4.375776 0.000000 0.969345
283.500000 0.350884 4.401139 0.000000 0.972725
284.250000 0.352506 4.362592 0.000000 0.974036
285.000000 0.346863 4.342454 0.000000 0.973341
285.750000 0.355271 4.409682 0.000000 0.971394
286.500000 0.368558 4.478335 0.000000 0.974983
287.250000 0.379966 4.544180 0.000000 0.974082
288.000000 0.374500 4.508293 0.000000 0.969924
288.750000 0.387074 4.520040 0.000000 0.971743
289.500000 0.396060 4.551344 0.000000 0.971203
290.250000 0.396517 4.586569 0.000000 0.971777
291.000000 0.396341 4.584966 0.000000 0.968113
291.750000 0.381428 4.502945 0.000000 0.970644
292.500000 0.367879 4.414751 0.000000 0.970818
293.250000 0.381029 4.524815 0.000000 0.974285
294.000000 0.389866 4.594743 0.000000 0.971417
294.750000 0.403498 4.705747 0.000000 0.970215
295.500000 0.412676 4.755174 0.000000 0.972808
296.250000 0.405206 4.682557 0.000000 0.970579
297.000000 0.388750 4.625337 0.000000 0.972125
297.750000 0.396678 4.671170 0.000000 0.972981
298.500000 0.391591 4.669529 0.000000 0.971237
299.250000 0.382832 4.618167 0.000000 0.965424
300.000000 0.378395 4.598657 0.000000 0.972743
300.750000 0.382902 4.643563 0.000000 0.971437
301.500000 0.385601 4.661160 0.000000 0.971863
302.250000 0.388405 4.687894 0.000000 0.974467
303.000000 0.393842 4.692623 0.000000 0.969012
303.750000 0.402157 4.752695 0.000000 0.970847
304.500000 0.395286 4.713872 0.000000 0.970738
305.250000 0.391435 4.694419 0.000000 0.971748
306.000000 0.398961 4.701229 0.000000 0.971232
306.750000 0.410994 4.781809 0.000000 0.976512
307.500000 0.411412 4.785750 0.000000 0.976916
308.250000 0.405238 4.719512 0.000000 0.973211
309.000000 0.432332 4.885986 0.000000 0.974374
309.750000 0.430746 4.891037 0.000000 0.969154
310.500000 0.421400 4.846800 0.000000 0.970200
311.250000 0.424630 4.842263 0.000000 0.972911
312.000000 0.404702 4.765382 0.000000 0.968084
312.750000 0.417250 4.864581 0.000000 0.974715
313.500000 0.417984 4.817363 0.000000 0.971994
314.250000 0.401320 4.683905 0.000000 0.966190
315.000000 0.395458 4.635354 0.000000 0.970988
315.750000 0.390556 4.640256 0.000000 0.970288
316.500000 0.388378 4.666734 0.000000 0.971194
317.250000 0.384815 4.647695 0.000000 0.967990
318.000000 0.382849 4.603474 0.000000 0.966457
318.750000 0.385297 4.602650 0.000000 0.972208
319.500000 0.378249 4.589864 0.000000 0.970612
320.250000 0.373219 4.593304 0.000000 0.969812
321.000000 0.378627 4.673104 0.000000 0.974084
321.750000 0.398760 4.804822 0.000000 0.976090
322.500000 0.393143 4.792883 0.000000 0.972511
323.250000 0.369289 4.684895 0.000000 0.969609
324.000000 0.380249 4.753716 0.000000 0.967382
324.750000 0.379844 4.780663 0.000000 0.973232
325.500000 0.364300 4.725999 0.000000 0.974500
326.250000 0.369215 4.686157 0.000000 0.967416
327.000000 0.361070 4.673052 0.000000 0.974559
327.750000 0.341551 4.623515 0.000000 0.974249
328.500000 0.342337 4.640656 0.000000 0.971088
329.250000 0.342886 4.565452 0.000000 0.973340
330.000000 0.319604 4.406478 0.000000 0.971209
330.750000 0.312812 4.389966 0.000000 0.970418
331.500000 0.314000 4.380200 0.000000 0.973000
332.250000 0.323597 4.451535 0.000000 0.971391
333.000000 0.322590 4.416184 0.000000 0.970864
333.750000 0.338681 4.449068 0.000000 0.973531
334.500000 0.347457 4.485460 0.000000 0.970820
335.250000 0.351081 4.443755 0.000000 0.975881
336.000000 0.361802 4.480072 0.000000 0.972830
336.750000 0.365717 4.523838 0.000000 0.973913
337.500000 0.358759 4.469570 0.000000 0.975676
338.250000 0.366610 4.559268 0.000000 0.972792
339.000000 0.363454 4.529654 0.000000 0.970447
339.750000 0.366341 4.622679 0.000000 0.974047
340.500000 0.368248 4.615976 0.000000 0.970145
341.250000 0.355139 4.514727 0.000000 0.970647
342.000000 0.343281 4.465852 0.000000 0.971560
342.750000 0.353511 4.515433 0.000000 0.973130
343.500000 0.350919 4.431655 0.000000 0.974420
344.250000 0.350415 4.410548 0.000000 0.970333
345.000000 0.363964 4.483315 0.000000 0.969035
345.750000 0.360144 4.465786 0.000000 0.970288
346.500000 0.349137 4.434474 0.000000 0.974149
347.250000 0.350020 4.429756 0.000000 0.968225
348.000000 0.337668 4.354270 0.000000 0.972995
348.750000 0.331097 4.309071 0.000000 0.972367
349.500000 0.312138 4.238552 0.000000 0.968706
350.250000 0.318468 4.326667 0.000000 0.970303
351.000000 0.308753 4.308753 0.000000 0.972922
351.750000 0.290571 4.233077 0.000000 0.966803
352.500000 0.280653 4.123912 0.000000 0.968071
353.250000 0.272392 4.027329 0.000000 0.970577
354.000000 0.261243 3.905957 0.000000 0.967819
354.750000 0.253551 3.846069 0.000000 0.972594
355.500000 0.263835 3.908964 0.000000 0.970186
356.250000 0.270262 3.840204 0.000000 0.968881
357.000000 0.258774 3.697031 0.000000 0.970603
357.750000 0.242027 3.615716 0.000000 0.969309
358.500000 0.246425 3.604760 0.000000 0.970497
359.250000 0.261688 3.682951 0.000000 0.972670
360.000000 0.268551 3.669929 0.000000 0.968641
360.750000 0.290281 3.695135 0.000000 0.973729
361.500000 0.279228 3.628763 0.000000 0.972997
362.250000 0.270173 3.616438 0.000000 0.977502
363.000000 0.269531 3.585236 0.000000 0.974559
363.750000 0.263922 3.579227 0.000000 0.974659
364.500000 0.269536 3.598957 0.000000 0.972916
365.250000 0.265333 3.568684 0.000000 0.970685
366.000000 0.256761 3.489073 0.000000 0.968466
366.750000 0.265451 3.549541 0.000000 0.980662
367.500000 0.272500 3.565678 0.000000 0.975327
368.250000 0.277983 3.584823 0.000000 0.976935
369.000000 0.271963 3.509105 0.000000 0.972584
369.750000 0.269727 3.564857 0.000000 0.975898
370.500000 0.259356 3.559636 0.000000 0.971883
371.250000 0.256026 3.553555 0.000000 0.971097
372.000000 0.259415 3.500550 0.000000 0.974528
372.750000 0.270617 3.556645 0.000000 0.977482
373.500000 0.279065 3.619257 0.000000 0.975330
374.250000 0.282198 3.603322 0.000000 0.973682
375.000000 0.285814 3.625874 0.000000 0.977123
375.750000 0.296886 3.702213 0.000000 0.977371
376.500000 0.292693 3.675675 0.000000 0.974975
377.250000 0.283090 3.655021 0.000000 0.967758
378.000000 0.282361 3.628246 0.000000 0.968338
378.750000 0.283975 3.633806 0.000000 0.975254
379.500000 0.276138 3.604402 0.000000 0.972486
380.250000 0.281303 3.674528 0.000000 0.977416
381.000000 0.296155 3.752403 0.000000 0.978975
381.750000 0.300140 3.821214 0.000000 0.976728
382.500000 0.300239 3.814907 0.000000 0.974456
383.250000 0.303752 3.889344 0.000000 0.973187
384.000000 0.311446 3.910089 0.000000 0.968965
384.750000 0.309693 3.892468 0.000000 0.967590
385.500000 0.326308 4.010987 0.000000 0.972533
386.250000 0.335099 4.089873 0.000000 0.972408
387.000000 0.347604 4.165950 0.000000 0.971391
387.750000 0.338237 4.114580 0.000000 0.969279
388.500000 0.327035 4.106179 0.000000 0.973505
389.250000 0.320957 4.082366 0.000000 0.975380
390.000000 0.327893 4.103224 0.000000 0.972567
390.750000 0.324840 4.077638 0.000000 0.974121
391.500000 0.311457 4.022675 0.000000 0.972330
392.250000 0.311713 4.054467 0.000000 0.973816
393.000000 0.312256 4.065337 0.000000 0.975949
393.750000 0.309521 4.040164 0.000000 0.975222
394.500000 0.310853 4.036577 0.000000 0.974346
395.250000 0.299940 4.012110 0.000000 0.969676
396.000000 0.294570 3.996706 0.000000 0.970453
396.750000 0.299349 4.014622 0.000000 0.974562
397.500000 0.310646 3.983260 0.000000 0.974038
398.250000 0.304640 3.957811 0.000000 0.968033
399.000000 0.309174 3.942098 0.000000 0.973944
399.750000 0.303373 3.897308 0.000000 0.974977
400.500000 0.301987 3.917840 0.000000 0.976041
401.250000 0.311899 3.992789 0.000000 0.974760
402.000000 0.312281 3.998198 0.000000 0.971675
402.750000 0.299470 3.955060 0.000000 0.969773
403.500000 0.299680 3.967346 0.000000 0.971440
404.250000 0.299750 3.946974 0.000000 0.968784
405.000000 0.313549 3.989808 0.000000 0.976219
405.750000 0.308891 3.947652 0.000000 0.971229
406.500000 0.308610 3.962013 0.000000 0.968929
407.250000 0.303657 3.938149 0.000000 0.969924
408.000000 0.298323 3.923023 0.000000 0.971645
408.750000 0.300540 3.968406 0.000000 0.975205
409.500000 0.316617 4.049950 0.000000 0.972272
410.250000 0.318849 4.095495 0.000000 0.972730
411.000000 0.322166 4.135108 0.000000 0.972081
411.750000 0.325345 4.158578 0.000000 0.977731
412.500000 0.337903 4.193916 0.000000 0.978787
413.250000 0.347778 4.251223 0.000000 0.974938
414.000000 0.369739 4.367146 0.000000 0.980451
414.750000 0.371912 4.369711 0.000000 0.975293
415.500000 0.364791 4.325503 0.000000 0.973408
416.250000 0.369306 4.345981 0.000000 0.975773
417.000000 0.377255 4.414228 0.000000 0.976653
417.750000 0.356264 4.252175 0.000000 0.977502
418.500000 0.364743 4.318227 0.000000 0.976642
419.250000 0.372428 4.327572 0.000000 0.975524
420.000000 0.384254 4.433373 0.000000 0.975390
420.750000 0.400599 4.579820 0.000000 0.972727
421.500000 0.401420 4.577285 0.000000 0.974305
422.250000 0.400160 4.590846 0.000000 0.976414
423.000000 0.391820 4.600598 0.000000 0.973367
423.750000 0.385493 4.600801 0.000000 0.969785
424.500000 0.391565 4.710374 0.000000 0.972417
425.250000 0.393585 4.710432 0.000000 0.972722
426.000000 0.392047 4.743131 0.000000 0.975322
426.750000 0.394166 4.756068 0.000000 0.968535
427.500000 0.406524 4.827713 0.000000 0.970571
428.250000 0.399820 4.828805 0.000000 0.974830
429.000000 0.410684 4.911932 0.000000 0.974139
429.750000 0.414034 4.965814 0.000000 0.971511
430.500000 0.409649 4.906403 0.000000 0.971232
431.250000 0.407975 4.920549 0.000000 0.970043
432.000000 0.413866 4.962185 0.000000 0.969088
432.750000 0.426174 5.007492 0.000000 0.974126
433.500000 0.443165 5.080822 0.000000 0.970656
434.250000 0.432497 5.022684 0.000000 0.975417
435.000000 0.460068 5.150320 0.000000 0.970777
435.750000 0.473874 5.178779 0.000000 0.972673
436.500000 0.469059 5.185744 0.000000 0.973208
437.250000 0.454609 5.126014 0.000000 0.970974
438.000000 0.436187 5.055911 0.000000 0.971394
438.750000 0.419722 4.989709 0.000000 0.969028
439.500000 0.412872 4.975978 0.000000 0.973176
440.250000 0.402982 4.948464 0.000000 0.972181
441.000000 0.409318 4.983303 0.000000 0.971906
441.750000 0.393554 4.904914 0.000000 0.973676
442.500000 0.396922 4.924253 0.000000 0.973718
443.250000 0.410182 4.938088 0.000000 0.970494
444.000000 0.400958 4.875299 0.000000 0.970447
444.750000 0.408923 4.928835 0.000000 0.970157
445.500000 0.397758 4.850666 0.000000 0.968872
446.250000 0.401019 4.863795 0.000000 0.969122
447.000000 0.412717 4.867126 0.000000 0.970906
447.750000 0.416817 4.923316 0.000000 0.971206
448.500000 0.408377 4.887134 0.000000 0.969709
449.250000 0.398981 4.848621 0.000000 0.970124
450.000000 0.403856 4.899311 0.000000 0.969633
450.750000 0.390548 4.790289 0.000000 0.972824
451.500000 0.404812 4.865429 0.000000 0.974443
452.250000 0.412552 4.894164 0.000000 0.967719
453.000000 0.413459 4.908809 0.000000 0.972003
453.750000 0.419116 4.942111 0.000000 0.973505
454.500000 0.418069 4.955028 0.000000 0.972656
455.250000 0.432904 5.018657 0.000000 0.972264
456.000000 0.421605 4.976417 0.000000 0.972120
456.750000 0.416132 4.943287 0.000000 0.974649
457.500000 0.399120 4.858628 0.000000 0.969506
458.250000 0.383938 4.792479 0.000000 0.972097
459.000000 0.376813 4.741622 0.000000 0.970591
459.750000 0.392525 4.811831 0.000000 0.969321
460.500000 0.404462 4.836134 0.000000 0.968387
461.250000 0.391831 4.747522 0.000000 0.970568
462.000000 0.383898 4.677963 0.000000 0.968819
462.750000 0.381105 4.723060 0.000000 0.971437
463.500000 0.385537 4.765981 0.000000 0.970336
464.250000 0.396645 4.791192 0.000000 0.969842
465.000000 0.407474 4.761091 0.000000 0.972422
465.750000 0.411007 4.813824 0.000000 0.967040
466.500000 0.419432 4.874250 0.000000 0.969012
467.250000 0.417682 4.896403 0.000000 0.973027
468.000000 0.406793 4.836763 0.000000 0.971628
468.750000 0.382326 4.692616 0.000000 0.967037
469.500000 0.381200 4.760000 0.000000 0.973600
470.250000 0.366837 4.679468 0.000000 0.971897
471.000000 0.373304 4.713188 0.000000 0.969872
471.750000 0.367696 4.652682 0.000000 0.968535
472.500000 0.370533 4.701238 0.000000 0.971152
473.250000 0.374900 4.790471 0.000000 0.971990
474.000000 0.377600 4.757400 0.000000 0.974600
474.750000 0.372065 4.703766 0.000000 0.969727
475.500000 0.372235 4.690221 0.000000 0.971574
476.250000 0.380328 4.709325 0.000000 0.969081
477.000000 0.378649 4.756598 0.000000 0.967413
477.750000 0.380034 4.703807 0.000000 0.969521
478.500000 0.376299 4.699940 0.000000 0.969624
479.250000 0.364801 4.612774 0.000000 0.971869
480.000000 0.355864 4.522048 0.000000 0.970003
480.750000 0.354379 4.576601 0.000000 0.972272
481.500000 0.355607 4.589277 0.000000 0.971792
482.250000 0.369179 4.715171 0.000000 0.970118
483.000000 0.376534 4.717151 0.000000 0.968572
483.750000 0.355025 4.645673 0.000000 0.970955
484.500000 0.344221 4.567176 0.000000 0.968535
485.250000 0.337237 4.501301 0.000000 0.975876
486.000000 0.330426 4.424361 0.000000 0.974436
486.750000 0.321407 4.355686 0.000000 0.973816
487.500000 0.320472 4.370052 0.000000 0.974010
488.250000 0.322989 4.370286 0.000000 0.970665
489.000000 0.328964 4.446123 0.000000 0.975088
489.750000 0.344403 4.502951 0.000000 0.974092
490.500000 0.343572 4.461531 0.000000 0.973687
491.250000 0.337065 4.452319 0.000000 0.970112
492.000000 0.317881 4.377553 0.000000 0.968562
492.750000 0.316958 4.342872 0.000000 0.972386
493.500000 0.314349 4.289468 0.000000 0.974121
494.250000 0.301017 4.240774 0.000000 0.969878
495.000000 0.284529 4.123925 0.000000 0.970818
495.750000 0.281559 4.110245 0.000000 0.970615
496.500000 0.272118 4.055284 0.000000 0.973008
497.250000 0.277039 4.076438 0.000000 0.974387
498.000000 0.276817 4.053084 0.000000 0.971009
498.750000 0.280602 4.003308 0.000000 0.973434
499.500000 0.267253 3.935683 0.000000 0.970039
500.250000 0.270419 3.981035 0.000000 0.970500
501.000000 0.261535 3.920929 0.000000 0.973876
501.750000 0.279792 3.929478 0.000000 0.969733
502.500000 0.269746 3.820236 0.000000 0.970906
503.250000 0.269684 3.824740 0.000000 0.970723
504.000000 0.252353 3.720409 0.000000 0.973964
504.750000 0.258590 3.742908 0.000000 0.975729
505.500000 0.261351 3.701627 0.000000 0.975352
506.250000 0.270146 3.731254 0.000000 0.976605
507.000000 0.254068 3.610063 0.000000 0.976240
507.750000 0.259544 3.644114 0.000000 0.972716
508.500000 0.254853 3.558935 0.000000 0.969682
509.250000 0.254827 3.583692 0.000000 0.970585
510.000000 0.257365 3.546690 0.000000 0.974833
510.750000 0.251753 3.511120 0.000000 0.972751
511.500000 0.258609 3.536780 0.000000 0.972053
512.250000 0.274388 3.612781 0.000000 0.972341
513.000000 0.272382 3.570816 0.000000 0.974249
513.750000 0.271490 3.563995 0.000000 0.973381
514.500000 0.259452 3.517904 0.000000 0.972795
515.250000 0.256903 3.498199 0.000000 0.971289
516.000000 0.252023 3.518430 0.000000 0.975827
516.750000 0.244302 3.466813 0.000000 0.975410
517.500000 0.240024 3.427374 0.000000 0.975559
518.250000 0.252449 3.472617 0.000000 0.978013
519.000000 0.259274 3.513649 0.000000 0.975802
519.750000 0.258490 3.493208 0.000000 0.974830
520.500000 0.249675 3.423596 0.000000 0.976183
521.250000 0.242770 3.368458 0.000000 0.968778
522.000000 0.245051 3.374525 0.000000 0.973205
522.750000 0.256620 3.485161 0.000000 0.975717
523.500000 0.248297 3.408854 0.000000 0.973057
524.250000 0.265020 3.535839 0.000000 0.980206
525.000000 0.269065 3.552324 0.000000 0.977311
525.750000 0.264847 3.517297 0.000000 0.976105
526.500000 0.259126 3.514351 0.000000 0.976898
527.250000 0.249200 3.405638 0.000000 0.980208
528.000000 0.259026 3.444545 0.000000 0.974797
528.750000 0.261343 3.469518 0.000000 0.975615
529.500000 0.253172 3.437906 0.000000 0.979618
530.250000 0.243395 3.391113 0.000000 0.977682
531.000000 0.245319 3.381796 0.000000 0.976169
531.750000 0.237743 3.337903 0.000000 0.975785
532.500000 0.241990 3.312375 0.000000 0.973268
533.250000 0.250725 3.403979 0.000000 0.972908
534.000000 0.260144 3.462622 0.000000 0.974915
534.750000 0.251549 3.398761 0.000000 0.971717
535.500000 0.247320 3.360713 0.000000 0.974356
536.250000 0.248178 3.330139 0.000000 0.968853
537.000000 0.251177 3.374512 0.000000 0.977758
537.750000 0.240160 3.255045 0.000000 0.972727
538.500000 0.240746 3.271575 0.000000 0.978250
539.250000 0.241103 3.237895 0.000000 0.978446
540.000000 0.244024 3.245624 0.000000 0.978098
540.750000 0.247875 3.294971 0.000000 0.978202
541.500000 0.247926 3.296511 0.000000 0.976207
542.250000 0.244627 3.247926 0.000000 0.973908
543.000000 0.242048 3.224745 0.000000 0.978196
543.750000 0.237895 3.174870 0.000000 0.978792
544.500000 0.241558 3.191009 0.000000 0.974026
545.250000 0.237744 3.221403 0.000000 0.975389
546.000000 0.226049 3.143558 0.000000 0.971368
546.750000 0.225358 3.113279 0.000000 0.976584
547.500000 0.217982 3.043457 0.000000 0.972927
548.250000 0.227096 3.123589 0.000000 0.977121
549.000000 0.245504 3.203637 0.000000 0.975120
549.750000 0.241940 3.197924 0.000000 0.978740
550.500000 0.245221 3.202482 0.000000 0.978881
551.250000 0.229840 3.070759 0.000000 0.971457
552.000000 0.232514 3.121203 0.000000 0.977018
552.750000 0.232098 3.085988 0.000000 0.974134
553.500000 0.236842 3.098959 0.000000 0.977286
554.250000 0.251801 3.226381 0.000000 0.978183
555.000000 0.255249 3.241052 0.000000 0.973805
555.750000 0.255596 3.254696 0.000000 0.977218
556.500000 0.244912 3.145163 0.000000 0.977544
557.250000 0.237648 3.034107 0.000000 0.970994
558.000000 0.234434 3.002202 0.000000 0.978478
558.750000 0.232461 3.007995 0.000000 0.975715
559.500000 0.234470 3.019006 0.000000 0.976293
560.250000 0.229446 3.002201 0.000000 0.974895
561.000000 0.237701 3.045505 0.000000 0.980341
561.750000 0.229940 2.999900 0.000000 0.979042
562.500000 0.249700 3.153900 0.000000 0.979500
563.250000 0.245730 3.155129 0.000000 0.977125
564.000000 0.242352 3.132374 0.000000 0.977405
564.750000 0.233753 3.118376 0.000000 0.976805
565.500000 0.220212 3.042183 0.000000 0.973711
566.250000 0.218460 3.060134 0.000000 0.981620
567.000000 0.221656 3.069024 0.000000 0.977325
567.750000 0.239776 3.246275 0.000000 0.978902
568.500000 0.258822 3.324203 0.000000 0.976907
569.250000 0.249375 3.254776 0.000000 0.978093
570.000000 0.254894 3.315521 0.000000 0.979125
570.750000 0.254402 3.266107 0.000000 0.979892
571.500000 0.265620 3.355793 0.000000 0.981006
572.250000 0.262034 3.311071 0.000000 0.979643
573.000000 0.269592 3.296481 0.000000 0.978109
573.750000 0.252851 3.176535 0.000000 0.975895
574.500000 0.257154 3.204823 0.000000 0.979187
575.250000 0.250626 3.156441 0.000000 0.977380
576.000000 0.260982 3.292931 0.000000 0.978135
576.750000 0.253786 3.291551 0.000000 0.974791
577.500000 0.256574 3.284071 0.000000 0.975802
578.250000 0.257109 3.257109 0.000000 0.977974
579.000000 0.271783 3.391387 0.000000 0.979816
579.750000 0.285500 3.450685 0.000000 0.978815
580.500000 0.291838 3.497246 0.000000 0.979970
581.250000 0.289442 3.519696 0.000000 0.977405
582.000000 0.291788 3.546264 0.000000 0.980094
582.750000 0.298312 3.623090 0.000000 0.978728
583.500000 0.279932 3.535141 0.000000 0.974280
584.250000 0.293012 3.549535 0.000000 0.976907
585.000000 0.290580 3.573669 0.000000 0.975027
585.750000 0.280308 3.541242 0.000000 0.978530
586.500000 0.275948 3.516265 0.000000 0.978481
587.250000 0.297332 3.692876 0.000000 0.977820
588.000000 0.308747 3.803643 0.000000 0.977382
588.750000 0.293836 3.699870 0.000000 0.974023
589.500000 0.299080 3.794682 0.000000 0.974610
590.250000 0.296485 3.854104 0.000000 0.975434
591.000000 0.305300 3.924600 0.000000 0.973400
591.750000 0.311425 3.988495 0.000000 0.974490
592.500000 0.316294 3.966454 0.000000 0.974042
593.250000 0.320910 3.976054 0.000000 0.968139
594.000000 0.310200 3.947400 0.000000 0.975000
594.750000 0.312394 3.974792 0.000000 0.974892
595.500000 0.316927 4.005903 0.000000 0.968187
596.250000 0.321997 4.047614 0.000000 0.972792
597.000000 0.311770 3.974643 0.000000 0.973146
597.750000 0.317574 4.041492 0.000000 0.973369
598.500000 0.314297 4.053702 0.000000 0.973750
599.250000 0.320676 4.116918 0.000000 0.973219
600.000000 0.328166 4.151530 0.000000 0.975095
600.750000 0.324081 4.072484 0.000000 0.972843
601.500000 0.320012 4.115886 0.000000 0.976162
602.250000 0.330998 4.215094 0.000000 0.975678
603.000000 0.339742 4.280465 0.000000 0.974367
603.750000 0.328005 4.168448 0.000000 0.973324
604.500000 0.340902 4.283285 0.000000 0.973092
605.250000 0.335837 4.279464 0.000000 0.974967
606.000000 0.335334 4.287815 0.000000 0.973689
606.750000 0.326072 4.210952 0.000000 0.971420
607.500000 0.328233 4.197920 0.000000 0.972897
608.250000 0.323294 4.136182 0.000000 0.976686
609.000000 0.321604 4.147456 0.000000 0.977507
609.750000 0.317822 4.085860 0.000000 0.974282
610.500000 0.309345 4.004098 0.000000 0.977511
611.250000 0.296856 3.936123 0.000000 0.978474
612.000000 0.287068 3.871283 0.000000 0.973957
612.750000 0.286229 3.869596 0.000000 0.974079
613.500000 0.287954 3.804235 0.000000 0.972034
614.250000 0.274918 3.726582 0.000000 0.972808
615.000000 0.277040 3.700789 0.000000 0.973734
615.750000 0.281219 3.655345 0.000000 0.972727
616.500000 0.277517 3.633510 0.000000 0.972508
617.250000 0.270033 3.557929 0.000000 0.971360
618.000000 0.273373 3.602340 0.000000 0.971003
618.750000 0.281041 3.700850 0.000000 0.974287
619.500000 0.275613 3.617727 0.000000 0.973260
620.250000 0.270300 3.626300 0.000000 0.974000
621.000000 0.275714 3.636908 0.000000 0.976932
621.750000 0.267900 3.613000 0.000000 0.974700
622.500000 0.272764 3.618430 0.000000 0.973671
623.250000 0.255828 3.532666 0.000000 0.974087
624.000000 0.256395 3.548261 0.000000 0.974720
624.750000 0.252796 3.524561 0.000000 0.974241
625.500000 0.247052 3.471717 0.000000 0.971017
626.250000 0.252777 3.546383 0.000000 0.977084
627.000000 0.254471 3.507244 0.000000 0.976321
627.750000 0.256462 3.538870 0.000000 0.973252
628.500000 0.269565 3.613093 0.000000 0.975012
629.250000 0.270127 3.602260 0.000000 0.971197
630.000000 0.264455 3.553663 0.000000 0.976651
630.750000 0.258355 3.502602 0.000000 0.971883
631.500000 0.264008 3.512762 0.000000 0.976471
632.250000 0.253329 3.409532 0.000000 0.973065
633.000000 0.257720 3.412012 0.000000 0.976716
633.750000 0.262542 3.442935 0.000000 0.974815
634.500000 0.281344 3.587482 0.000000 0.977205
635.250000 0.288242 3.621676 0.000000 0.973005
636.000000 0.288542 3.615777 0.000000 0.972405
636.750000 0.292809 3.606961 0.000000 0.973671
637.500000 0.297022 3.650810 0.000000 0.974215
638.250000 0.297022 3.673896 0.000000 0.973116
639.000000 0.292195 3.611772 0.000000 0.966923
639.750000 0.292420 3.611805 0.000000 0.973834
640.500000 0.299191 3.639213 0.000000 0.977638
641.250000 0.305431 3.694469 0.000000 0.973897
642.000000 0.300799 3.646454 0.000000 0.971828
642.750000 0.302746 3.674987 0.000000 0.973640
643.500000 0.332833 3.813138 0.000000 0.975705
644.250000 0.338140 3.866026 0.000000 0.977371
645.000000 0.350600 3.946700 0.000000 0.976600
645.750000 0.365515 4.070188 0.000000 0.975639
646.500000 0.387019 4.226860 0.000000 0.974638
647.250000 0.391161 4.302970 0.000000 0.977002
648.000000 0.400680 4.417175 0.000000 0.973708
648.750000 0.391661 4.325868 0.000000 0.974303
649.500000 0.384070 4.254848 0.000000 0.971317
650.250000 0.385338 4.327707 0.000000 0.975829
651.000000 0.373391 4.280267 0.000000 0.972552
651.750000 0.378124 4.347730 0.000000 0.971906
652.500000 0.369163 4.339366 0.000000 0.974703
653.250000 0.356151 4.289597 0.000000 0.975817
654.000000 0.352606 4.307392 0.000000 0.975093
654.750000 0.380458 4.471375 0.000000 0.970327
655.500000 0.376890 4.466406 0.000000 0.969861
656.250000 0.379776 4.481996 0.000000 0.972494
657.000000 0.362336 4.348734 0.000000 0.971097
657.750000 0.360056 4.377449 0.000000 0.972411
658.500000 0.351005 4.376614 0.000000 0.974292
659.250000 0.360772 4.426585 0.000000 0.973395
660.000000 0.357542 4.418994 0.000000 0.976556
660.750000 0.358072 4.380476 0.000000 0.976195
661.500000 0.351774 4.356986 0.000000 0.972540
662.250000 0.352482 4.399319 0.000000 0.973979
663.000000 0.352294 4.389383 0.000000 0.974808
663.750000 0.353466 4.390024 0.000000 0.970853
664.500000 0.372200 4.559500 0.000000 0.974800
665.250000 0.379479 4.624625 0.000000 0.972472
666.000000 0.370722 4.531219 0.000000 0.973784
666.750000 0.373525 4.568886 0.000000 0.972905
667.500000 0.356651 4.519410 0.000000 0.973057
668.250000 0.349319 4.479475 0.000000 0.972267
669.000000 0.334865 4.386897 0.000000 0.974433
669.750000 0.348561 4.446721 0.000000 0.973211
670.500000 0.349645 4.457921 0.000000 0.975983
671.250000 0.340196 4.447132 0.000000 0.973516
672.000000 0.336368 4.434817 0.000000 0.972286
672.750000 0.329828 4.448117 0.000000 0.972556
673.500000 0.338317 4.489733 0.000000 0.965510
674.250000 0.323441 4.423162 0.000000 0.972722
675.000000 0.328003 4.380872 0.000000 0.969918
675.750000 0.336030 4.432095 0.000000 0.973537
676.500000 0.330330 4.409710 0.000000 0.974174
677.250000 0.325904 4.367579 0.000000 0.973716
678.000000 0.343172 4.474837 0.000000 0.975388
678.750000 0.338995 4.428514 0.000000 0.971526
679.500000 0.327073 4.359839 0.000000 0.974426
680.250000 0.320152 4.347882 0.000000 0.973271
681.000000 0.331333 4.361236 0.000000 0.971297
681.750000 0.342951 4.437900 0.000000 0.973343
682.500000 0.328325 4.328025 0.000000 0.974659
683.250000 0.323335 4.294041 0.000000 0.970506
684.000000 0.332068 4.335465 0.000000 0.970121
684.750000 0.342108 4.413372 0.000000 0.969172
685.500000 0.350905 4.416425 0.000000 0.974692
686.250000 0.375400 4.613100 0.000000 0.972900
687.000000 0.358831 4.536444 0.000000 0.972968
687.750000 0.349154 4.520576 0.000000 0.970562
688.500000 0.349416 4.565078 0.000000 0.971232
689.250000 0.335732 4.519540 0.000000 0.975112
690.000000 0.350699 4.559880 0.000000 0.973952
690.750000 0.355297 4.550671 0.000000 0.973062
691.500000 0.341563 4.492103 0.000000 0.972611
692.250000 0.347150 4.505879 0.000000 0.970905
693.000000 0.349130 4.486902 0.000000 0.969806
693.750000 0.337135 4.372149 0.000000 0.971188
694.500000 0.332800 4.347308 0.000000 0.969982
695.250000 0.340436 4.352441 0.000000 0.972189
696.000000 0.355329 4.444011 0.000000 0.973805
696.750000 0.370515 4.548426 0.000000 0.971714
697.500000 0.374175 4.600140 0.000000 0.971017
698.250000 0.384577 4.599720 0.000000 0.972094
699.000000 0.383954 4.598262 0.000000 0.970227
699.750000 0.394215 4.688050 0.000000 0.969375
700.500000 0.389544 4.660835 0.000000 0.972411
701.250000 0.372627 4.583316 0.000000 0.971129
702.000000 0.385563 4.654786 0.000000 0.970364
702.750000 0.388295 4.700689 0.000000 0.971337
703.500000 0.385707 4.669165 0.000000 0.973113
704.250000 0.391927 4.677985 0.000000 0.969852
705.000000 0.405073 4.694497 0.000000 0.973934
705.750000 0.386400 4.599300 0.000000 0.970900
706.500000 0.404211 4.716024 0.000000 0.973558
707.250000 0.402855 4.749800 0.000000 0.973143
708.000000 0.403798 4.738331 0.000000 0.968516
708.750000 0.403081 4.806461 0.000000 0.972695
709.500000 0.406119 4.821036 0.000000 0.971006
710.250000 0.404166 4.807430 0.000000 0.973663
711.000000 0.433815 4.931671 0.000000 0.970075
711.750000 0.432059 4.902541 0.000000 0.961677
712.500000 0.426000 4.894100 0.000000 0.972000
713.250000 0.428714 4.933060 0.000000 0.970926
714.000000 0.425634 4.958175 0.000000 0.973448
714.750000 0.430086 5.025505 0.000000 0.972795
715.500000 0.433520 5.010981 0.000000 0.972450
716.250000 0.442811 5.086583 0.000000 0.970406
717.000000 0.433027 5.042483 0.000000 0.969412
717.750000 0.437638 5.061361 0.000000 0.972272
718.500000 0.452930 5.190975 0.000000 0.970949
719.250000 0.444278 5.178971 0.000000 0.969988
720.000000 0.446817 5.192277 0.000000 0.969667
720.750000 0.445291 5.190854 0.000000 0.972320
721.500000 0.440128 5.197743 0.000000 0.969939
722.250000 0.437744 5.124112 0.000000 0.969697
723.000000 0.447008 5.200580 0.000000 0.972131
723.750000 0.435877 5.152717 0.000000 0.971434
724.500000 0.435153 5.157736 0.000000 0.970656
725.250000 0.448472 5.189435 0.000000 0.969043
726.000000 0.451661 5.204363 0.000000 0.970176
726.750000 0.450706 5.202482 0.000000 0.969072
727.500000 0.453810 5.261260 0.000000 0.970938
728.250000 0.440217 5.155206 0.000000 0.971489
729.000000 0.443487 5.132766 0.000000 0.970641
729.750000 0.436133 5.128434 0.000000 0.973235
730.500000 0.447107 5.235335 0.000000 0.972125
731.250000 0.441221 5.210005 0.000000 0.967584
732.000000 0.444256 5.167881 0.000000 0.968560
732.750000 0.447779 5.116747 0.000000 0.969288
733.500000 0.446154 5.143456 0.000000 0.975824
734.250000 0.441886 5.090499 0.000000 0.973070
735.000000 0.430088 5.092749 0.000000 0.967147
735.750000 0.428757 5.092656 0.000000 0.969182
736.500000 0.421179 5.036065 0.000000 0.973726
737.250000 0.439429 5.095576 0.000000 0.974433
738.000000 0.430073 5.025828 0.000000 0.971469
738.750000 0.415850 4.976514 0.000000 0.970418
739.500000 0.417450 5.017611 0.000000 0.970382
740.250000 0.427356 5.083208 0.000000 0.972664
741.000000 0.428001 5.128719 0.000000 0.972538
741.750000 0.441833 5.249875 0.000000 0.972692
742.500000 0.429913 5.157558 0.000000 0.969228
743.250000 0.432086 5.102320 0.000000 0.970294
744.000000 0.423654 5.042826 0.000000 0.966580
744.750000 0.422400 5.027100 0.000000 0.967900
745.500000 0.424006 5.074742 0.000000 0.971446
746.250000 0.439648 5.127798 0.000000 0.972422
747.000000 0.446446 5.160261 0.000000 0.971071
747.750000 0.456591 5.214043 0.000000 0.968694
748.500000 0.455710 5.249725 0.000000 0.967771
749.250000 0.450415 5.272390 0.000000 0.967777
750.000000 0.461947 5.293411 0.000000 0.969157
750.750000 0.451349 5.226573 0.000000 0.966334
751.500000 0.442183 5.178988 0.000000 0.969271
752.250000 0.428343 5.064961 0.000000 0.971717
753.000000 0.423208 5.054224 0.000000 0.970841
753.750000 0.418472 5.003795 0.000000 0.973140
754.500000 0.434917 5.090237 0.000000 0.971352
755.250000 0.434153 5.134593 0.000000 0.969225
756.000000 0.441109 5.141799 0.000000 0.969078
756.750000 0.445498 5.164404 0.000000 0.969854
757.500000 0.439860 5.098248 0.000000 0.971557
758.250000 0.453926 5.186698 0.000000 0.974760
759.000000 0.450140 5.197542 0.000000 0.968525
759.750000 0.450456 5.217814 0.000000 0.967238
760.500000 0.450575 5.227286 0.000000 0.968016
761.250000 0.441860 5.189939 0.000000 0.967861
762.000000 0.436558 5.121593 0.000000 0.971149
762.750000 0.412629 5.039364 0.000000 0.972924
763.500000 0.399940 4.997801 0.000000 0.967313
764.250000 0.402556 4.994009 0.000000 0.969249
765.000000 0.406709 5.008885 0.000000 0.967455
765.750000 0.395298 4.945573 0.000000 0.966083
766.500000 0.391013 4.908627 0.000000 0.970576
767.250000 0.389875 4.898446 0.000000 0.974236
768.000000 0.383924 4.884373 0.000000 0.971742
768.750000 0.385368 4.860465 0.000000 0.971654
769.500000 0.391835 4.881729 0.000000 0.973284
770.250000 0.403066 4.898707 0.000000 0.967839
771.000000 0.406306 4.882983 0.000000 0.967467
771.750000 0.406568 4.880116 0.000000 0.973747
772.500000 0.398701 4.837063 0.000000 0.969331
773.250000 0.412902 4.852249 0.000000 0.969448
774.000000 0.407322 4.799240 0.000000 0.969791
774.750000 0.410464 4.752401 0.000000 0.971489
775.500000 0.412189 4.725408 0.000000 0.973081
776.250000 0.418338 4.777612 0.000000 0.969770
777.000000 0.428814 4.864532 0.000000 0.971586
777.750000 0.439471 4.945229 0.000000 0.971162
778.500000 0.430384 4.905813 0.000000 0.973032
779.250000 0.424312 4.813807 0.000000 0.968884
780.000000 0.416617 4.828835 0.000000 0.969206
780.750000 0.410372 4.792566 0.000000 0.966926
781.500000 0.423915 4.854029 0.000000 0.971306
782.250000 0.431984 4.912444 0.000000 0.971814
783.000000 0.427555 4.869138 0.000000 0.970742
783.750000 0.428013 4.921551 0.000000 0.974552
784.500000 0.427942 4.893014 0.000000 0.970376
785.250000 0.441076 5.034113 0.000000 0.974590
786.000000 0.451310 5.094881 0.000000 0.974305
786.750000 0.462469 5.159220 0.000000 0.973213
787.500000 0.457217 5.173324 0.000000 0.969618
788.250000 0.439932 5.113634 0.000000 0.966290
789.000000 0.442104 5.092134 0.000000 0.971252
789.750000 0.429929 5.029209 0.000000 0.967490
790.500000 0.435392 5.122610 0.000000 0.974177
791.250000 0.427071 5.108843 0.000000 0.972489
792.000000 0.421494 5.055833 0.000000 0.970935
792.750000 0.422220 5.077430 0.000000 0.967829
793.500000 0.419603 5.036930 0.000000 0.969857
794.250000 0.416733 5.019092 0.000000 0.970312
795.000000 0.428957 5.117588 0.000000 0.968803
795.750000 0.419058 5.123288 0.000000 0.970903
796.500000 0.403063 5.084876 0.000000 0.976379
797.250000 0.384169 5.011408 0.000000 0.970780
798.000000 0.370178 4.875775 0.000000 0.966420
798.750000 0.380691 4.926618 0.000000 0.969649
799.500000 0.396876 5.027333 0.000000 0.973368
800.250000 0.396783 5.081335 0.000000 0.973921
801.000000 0.408100 5.105100 0.000000 0.972400
801.750000 0.415215 5.078279 0.000000 0.973173
802.500000 0.434813 5.154269 0.000000 0.972905
803.250000 0.425475 5.083516 0.000000 0.972627
804.000000 0.428129 5.106882 0.000000 0.970133
804.750000 0.435342 5.173119 0.000000 0.970265
805.500000 0.438251 5.171237 0.000000 0.968975
806.250000 0.441156 5.149885 0.000000 0.964804
807.000000 0.432295 5.148891 0.000000 0.970342
807.750000 0.439137 5.151010 0.000000 0.970718
808.500000 0.424409 5.049359 0.000000 0.970364
809.250000 0.422538 5.055945 0.000000 0.972478
810.000000 0.406366 4.958263 0.000000 0.972375
810.750000 0.391396 4.899450 0.000000 0.970185
811.500000 0.404500 4.928600 0.000000 0.969700
812.250000 0.407504 4.965383 0.000000 0.970585
813.000000 0.401757 4.971046 0.000000 0.971446
813.750000 0.403837 4.966929 0.000000 0.972824
814.500000 0.413400 5.028600 0.000000 0.969500
815.250000 0.416392 5.012094 0.000000 0.965817
816.000000 0.414983 5.007602 0.000000 0.969494
816.750000 0.425392 5.034035 0.000000 0.973151
817.500000 0.428186 5.048409 0.000000 0.971494
818.250000 0.425781 5.048077 0.000000 0.967448
819.000000 0.449131 5.168499 0.000000 0.968519
819.750000 0.458017 5.241603 0.000000 0.970912
820.500000 0.451713 5.210926 0.000000 0.971138
821.250000 0.443076 5.176529 0.000000 0.969661
822.000000 0.447891 5.270868 0.000000 0.971976
822.750000 0.471861 5.401261 0.000000 0.969557
823.500000 0.468472 5.394124 0.000000 0.971320
824.250000 0.481044 5.438131 0.000000 0.968891
825.000000 0.472272 5.459059 0.000000 0.973774
825.750000 0.464100 5.436100 0.000000 0.967900
826.500000 0.460824 5.361683 0.000000 0.969418
827.250000 0.456883 5.376451 0.000000 0.971188
828.000000 0.454664 5.378087 0.000000 0.964511
828.750000 0.445668 5.322684 0.000000 0.969154
829.500000 0.429427 5.265123 0.000000 0.972749
830.250000 0.413934 5.184826 0.000000 0.967313
831.000000 0.410923 5.125137 0.000000 0.971591
831.750000 0.397426 5.082418 0.000000 0.971862
832.500000 0.402004 5.049098 0.000000 0.970240
833.250000 0.399740 5.033936 0.000000 0.972452
834.000000 0.391517 4.946485 0.000000 0.970391
834.750000 0.405241 4.955695 0.000000 0.970597
835.500000 0.404500 4.926900 0.000000 0.971400
836.250000 0.397238 4.917851 0.000000 0.971683
837.000000 0.385101 4.828454 0.000000 0.975336
837.750000 0.388278 4.798760 0.000000 0.970494
838.500000 0.392543 4.804978 0.000000 0.965014
839.250000 0.403360 4.812718 0.000000 0.967703
840.000000 0.393746 4.754631 0.000000 0.972018
840.750000 0.382318 4.658541 0.000000 0.971828
841.500000 0.357307 4.551293 0.000000 0.973429
842.250000 0.364236 4.596260 0.000000 0.968997
843.000000 0.376548 4.601478 0.000000 0.968138
843.750000 0.376075 4.594319 0.000000 0.968294
844.500000 0.385346 4.666634 0.000000 0.968413
845.250000 0.395042 4.703518 0.000000 0.968613
846.000000 0.398979 4.731812 0.000000 0.968278
846.750000 0.400220 4.729624 0.000000 0.969537
847.500000 0.401639 4.648241 0.000000 0.966613
848.250000 0.395523 4.651444 0.000000 0.969122
849.000000 0.413824 4.737922 0.000000 0.974492
849.750000 0.413738 4.699409 0.000000 0.972865
850.500000 0.397379 4.635727 0.000000 0.969294
851.250000 0.398342 4.728980 0.000000 0.971839
852.000000 0.393086 4.762790 0.000000 0.969225
852.750000 0.377798 4.726818 0.000000 0.974021
853.500000 0.373349 4.732193 0.000000 0.969488
854.250000 0.384477 4.779443 0.000000 0.968834
855.000000 0.376509 4.756412 0.000000 0.972458
855.750000 0.369878 4.738057 0.000000 0.973116
856.500000 0.375986 4.740285 0.000000 0.971232
857.250000 0.383907 4.777622 0.000000 0.968275
858.000000 0.371805 4.695287 0.000000 0.965555
858.750000 0.364857 4.666600 0.000000 0.965939
859.500000 0.353641 4.630952 0.000000 0.969888
860.250000 0.345546 4.602202 0.000000 0.969870
861.000000 0.337673 4.580914 0.000000 0.972962
861.750000 0.331400 4.566900 0.000000 0.972800
862.500000 0.343152 4.614267 0.000000 0.972548
863.250000 0.334133 4.549290 0.000000 0.974105
864.000000 0.343869 4.591418 0.000000 0.971894
864.750000 0.336364 4.544256 0.000000 0.971129
865.500000 0.355914 4.595958 0.000000 0.973384
866.250000 0.336633 4.481704 0.000000 0.968406
867.000000 0.358372 4.560212 0.000000 0.970994
867.750000 0.354742 4.526511 0.000000 0.971088
868.500000 0.357793 4.513246 0.000000 0.970109
869.250000 0.360983 4.527683 0.000000 0.969818
870.000000 0.364765 4.546346 0.000000 0.969870
870.750000 0.350296 4.451568 0.000000 0.968346
871.500000 0.368600 4.532100 0.000000 0.973000
872.250000 0.367543 4.608274 0.000000 0.969421
873.000000 0.366071 4.570087 0.000000 0.971326
873.750000 0.360396 4.589048 0.000000 0.971669
874.500000 0.362609 4.603781 0.000000 0.970091
875.250000 0.360164 4.615499 0.000000 0.972372
876.000000 0.357293 4.586746 0.000000 0.975073
876.750000 0.364236 4.620580 0.000000 0.974326
877.500000 0.371042 4.655712 0.000000 0.971443
878.250000 0.362072 4.610322 0.000000 0.972094
879.000000 0.359464 4.605740 0.000000 0.972003
879.750000 0.350375 4.531365 0.000000 0.971786
880.500000 0.364474 4.599480 0.000000 0.972865
881.250000 0.362664 4.604439 0.000000 0.971903
882.000000 0.369578 4.647312 0.000000 0.973916
882.750000 0.356272 4.663204 0.000000 0.970935
883.500000 0.351044 4.592330 0.000000 0.969839
884.250000 0.360520 4.587706 0.000000 0.968016
885.000000 0.360761 4.566767 0.000000 0.971972
885.750000 0.338561 4.429171 0.000000 0.971928
886.500000 0.344879 4.443302 0.000000 0.972150
887.250000 0.353654 4.502302 0.000000 0.976076
888.000000 0.363809 4.477618 0.000000 0.970424
888.750000 0.384900 4.599100 0.000000 0.973500
889.500000 0.377518 4.559246 0.000000 0.971674
890.250000 0.370600 4.498100 0.000000 0.970400
891.000000 0.373602 4.499800 0.000000 0.969449
891.750000 0.361131 4.475482 0.000000 0.971837
892.500000 0.354816 4.429856 0.000000 0.970124
893.250000 0.355375 4.427512 0.000000 0.973650
894.000000 0.358143 4.440576 0.000000 0.971289
894.750000 0.358483 4.429541 0.000000 0.969461
895.500000 0.365137 4.504150 0.000000 0.972397
896.250000 0.361736 4.457546 0.000000 0.972197
897.000000 0.369707 4.510161 0.000000 0.974772
897.750000 0.373763 4.554645 0.000000 0.967403
898.500000 0.357621 4.506837 0.000000 0.968460
899.250000 0.340930 4.425487 0.000000 0.970215
900.000000 0.337797 4.392465 0.000000 0.972117
900.750000 0.324800 4.287700 0.000000 0.972400
901.500000 0.326863 4.269835 0.000000 0.971286
902.250000 0.333300 4.240389 0.000000 0.972667
903.000000 0.345827 4.284158 0.000000 0.972814
903.750000 0.342466 4.204479 0.000000 0.973503
904.500000 0.342229 4.227186 0.000000 0.973813
905.250000 0.346669 4.219344 0.000000 0.971494
906.000000 0.344149 4.232428 0.000000 0.972444
906.750000 0.332500 4.139383 0.000000 0.969582
907.500000 0.326557 4.136491 0.000000 0.972161
908.250000 0.339078 4.170942 0.000000 0.968838
909.000000 0.330227 4.100020 0.000000 0.972640
909.750000 0.320320 4.087269 0.000000 0.974538
910.500000 0.312775 4.030637 0.000000 0.974670
911.250000 0.306006 3.972372 0.000000 0.970170
912.000000 0.297970 3.905609 0.000000 0.972303
912.750000 0.303791 3.943483 0.000000 0.973692
913.500000 0.317149 4.022325 0.000000 0.969767
914.250000 0.332302 4.122080 0.000000 0.975145
915.000000 0.322819 4.090437 0.000000 0.972849
915.750000 0.340889 4.182527 0.000000 0.976535
916.500000 0.347157 4.232038 0.000000 0.972719
917.250000 0.345151 4.184660 0.000000 0.971437
918.000000 0.338657 4.145124 0.000000 0.974249
918.750000 0.335631 4.122901 0.000000 0.968225
919.500000 0.335696 4.206390 0.000000 0.977234
920.250000 0.341007 4.237814 0.000000 0.975578
921.000000 0.337965 4.208316 0.000000 0.970012
921.750000 0.331069 4.139660 0.000000 0.970230
922.500000 0.344817 4.243359 0.000000 0.973337
923.250000 0.335731 4.203837 0.000000 0.970923
924.000000 0.315658 4.101851 0.000000 0.973987
924.750000 0.309371 4.089407 0.000000 0.973969
925.500000 0.308415 4.094044 0.000000 0.974615
926.250000 0.311333 4.081079 0.000000 0.973240
927.000000 0.319636 4.071486 0.000000 0.975205
927.750000 0.309200 3.981900 0.000000 0.971600
928.500000 0.291921 3.890342 0.000000 0.974633
929.250000 0.289426 3.829202 0.000000 0.973516
930.000000 0.294559 3.861573 0.000000 0.974495
930.750000 0.306445 3.920336 0.000000 0.975781
931.500000 0.310393 3.922777 0.000000 0.971892
932.250000 0.292876 3.873724 0.000000 0.971683
933.000000 0.287101 3.848494 0.000000 0.975583
933.750000 0.276445 3.717257 0.000000 0.970906
934.500000 0.266527 3.727773 0.000000 0.974898
935.250000 0.269780 3.775517 0.000000 0.971266
936.000000 0.275600 3.781800 0.000000 0.976000
936.750000 0.262031 3.688244 0.000000 0.975188
937.500000 0.264089 3.740608 0.000000 0.976319
938.250000 0.260396 3.685826 0.000000 0.976010
939.000000 0.246231 3.605791 0.000000 0.978632
939.750000 0.247699 3.536715 0.000000 0.974190
940.500000 0.254478 3.579105 0.000000 0.975283
941.250000 0.258826 3.573557 0.000000 0.977198
942.000000 0.253683 3.516688 0.000000 0.974341
942.750000 0.244558 3.396844 0.000000 0.974436
943.500000 0.241631 3.350055 0.000000 0.974018
944.250000 0.242676 3.322968 0.000000 0.976502
945.000000 0.246000 3.355300 0.000000 0.970800
945.750000 0.260244 3.374875 0.000000 0.974315
946.500000 0.284529 3.480412 0.000000 0.977414
947.250000 0.289297 3.515939 0.000000 0.978015
948.000000 0.276696 3.444611 0.000000 0.977325
948.750000 0.282615 3.515445 0.000000 0.977107
949.500000 0.306878 3.657383 0.000000 0.979834
950.250000 0.306100 3.746600 0.000000 0.975100
951.000000 0.304595 3.768731 0.000000 0.974925
951.750000 0.314037 3.795141 0.000000 0.976705
952.500000 0.304465 3.770525 0.000000 0.977273
953.250000 0.296463 3.740807 0.000000 0.978317
954.000000 0.302728 3.759017 0.000000 0.976221
954.750000 0.300170 3.725453 0.000000 0.973876
955.500000 0.293789 3.712703 0.000000 0.976832
956.250000 0.289011 3.651249 0.000000 0.975824
957.000000 0.296692 3.727191 0.000000 0.973319
957.750000 0.293107 3.739860 0.000000 0.975325
958.500000 0.291938 3.679119 0.000000 0.974261
959.250000 0.280543 3.603770 0.000000 0.975865
960.000000 0.272282 3.629789 0.000000 0.975693
960.750000 0.279432 3.651109 0.000000 0.977014
961.500000 0.274745 3.645171 0.000000 0.976905
962.250000 0.281228 3.705370 0.000000 0.977298
963.000000 0.277772 3.674833 0.000000 0.974303
963.750000 0.273281 3.660472 0.000000 0.977918
964.500000 0.270754 3.690638 0.000000 0.976195
965.250000 0.271573 3.698730 0.000000 0.978702
966.000000 0.273981 3.737310 0.000000 0.980216
966.750000 0.281818 3.777922 0.000000 0.979820
967.500000 0.283904 3.776469 0.000000 0.976150
968.250000 0.293853 3.813993 0.000000 0.975412
969.000000 0.290665 3.758213 0.000000 0.969251
969.750000 0.300660 3.837368 0.000000 0.977996
970.500000 0.314337 3.930955 0.000000 0.974395
971.250000 0.319325 3.961370 0.000000 0.972949
972.000000 0.313013 3.950250 0.000000 0.974174
972.750000 0.295603 3.812581 0.000000 0.974757
973.500000 0.280088 3.675630 0.000000 0.971012
974.250000 0.277534 3.669294 0.000000 0.975758
975.000000 0.270937 3.603838 0.000000 0.976814
975.750000 0.271310 3.578395 0.000000 0.974018
976.500000 0.268110 3.615147 0.000000 0.978248
977.250000 0.267240 3.632321 0.000000 0.973916
978.000000 0.260822 3.551435 0.000000 0.976807
978.750000 0.276007 3.593884 0.000000 0.972719
979.500000 0.263279 3.475343 0.000000 0.976193
980.250000 0.252776 3.466440 0.000000 0.975093
981.000000 0.271835 3.587440 0.000000 0.976863
981.750000 0.270719 3.600920 0.000000 0.975807
982.500000 0.275310 3.630453 0.000000 0.976791
983.250000 0.270165 3.571814 0.000000 0.974113
984.000000 0.258023 3.466660 0.000000 0.979706
984.750000 0.262441 3.466807 0.000000 0.979774
985.500000 0.278094 3.536110 0.000000 0.973729
986.250000 0.270667 3.477436 0.000000 0.974840
987.000000 0.263663 3.455890 0.000000 0.976022
987.750000 0.252899 3.392543 0.000000 0.976509
988.500000 0.244604 3.447142 0.000000 0.970723
989.250000 0.228640 3.384031 0.000000 0.968922
990.000000 0.244578 3.438481 0.000000 0.973813
990.750000 0.233823 3.350435 0.000000 0.971897
991.500000 0.233553 3.343631 0.000000 0.978804
992.250000 0.236124 3.397540 0.000000 0.979698
993.000000 0.234006 3.402939 0.000000 0.977209
993.750000 0.233423 3.372537 0.000000 0.977098
994.500000 0.238381 3.439780 0.000000 0.977411
995.250000 0.233743 3.393368 0.000000 0.976026
996.000000 0.233599 3.355135 0.000000 0.972981
996.750000 0.235212 3.387549 0.000000 0.975878
997.500000 0.232428 3.339556 0.000000 0.973243
998.250000 0.231231 3.370671 0.000000 0.978178
999.000000 0.218922 3.283329 0.000000 0.974898
999.750000 0.211625 3.174273 0.000000 0.979826
1000.500000 0.209112 3.171745 0.000000 0.974223
1001.250000 0.200739 3.088685 0.000000 0.977929
1002.000000 0.203639 3.098371 0.000000 0.980606
1002.750000 0.200120 3.061345 0.000000 0.975922
1003.500000 0.188719 3.010001 0.000000 0.977998
1004.250000 0.186510 2.992183 0.000000 0.975847
1005.000000 0.180643 2.969241 0.000000 0.979160
1005.750000 0.188368 2.995004 0.000000 0.979315
1006.500000 0.184511 2.929958 0.000000 0.979688
1007.250000 0.189440 2.921050 0.000000 0.977543
1008.000000 0.185119 2.859886 0.000000 0.971697
1008.750000 0.191336 2.909073 0.000000 0.976445
1009.500000 0.200619 2.922770 0.000000 0.975822
1010.250000 0.205300 2.908900 0.000000 0.972200
1011.000000 0.195652 2.870367 0.000000 0.973653
1011.750000 0.210763 2.951385 0.000000 0.978794
1012.500000 0.222045 3.006490 0.000000 0.977636
1013.250000 0.224525 3.018318 0.000000 0.975776
1014.000000 0.227823 3.050005 0.000000 0.978498
1014.750000 0.229969 3.066120 0.000000 0.974892
1015.500000 0.243660 3.193846 0.000000 0.979453
1016.250000 0.243795 3.228783 0.000000 0.978283
1017.000000 0.232006 3.171409 0.000000 0.972147
1017.750000 0.225677 3.156584 0.000000 0.977602
1018.500000 0.226932 3.189144 0.000000 0.973108
1019.250000 0.223277 3.157742 0.000000 0.976424
1020.000000 0.221844 3.139353 0.000000 0.976274
1020.750000 0.225745 3.197540 0.000000 0.974795
1021.500000 0.232635 3.200000 0.000000 0.977645
1022.250000 0.223563 3.096967 0.000000 0.973962
1023.000000 0.215608 3.065533 0.000000 0.973287
1023.750000 0.223609 3.078398 0.000000 0.977230
1024.500000 0.221679 3.051502 0.000000 0.972353
1025.250000 0.219471 3.042836 0.000000 0.975037
1026.000000 0.225175 3.070729 0.000000 0.978122
1026.750000 0.220775 3.097165 0.000000 0.974957
1027.500000 0.214450 3.038519 0.000000 0.976350
1028.250000 0.215092 3.075962 0.000000 0.973014
1029.000000 0.209937 3.097071 0.000000 0.975707
1029.750000 0.212097 3.145224 0.000000 0.973650
1030.500000 0.209307 3.043040 0.000000 0.976034
1031.250000 0.188487 2.945333 0.000000 0.971517
1032.000000 0.177975 2.874688 0.000000 0.972419
1032.750000 0.187394 2.939167 0.000000 0.975227
1033.500000 0.177030 2.865425 0.000000 0.966857
1034.250000 0.170081 2.843510 0.000000 0.968622
1035.000000 0.174122 2.891024 0.000000 0.975583
1035.750000 0.170788 2.897607 0.000000 0.976171
1036.500000 0.161219 2.803098 0.000000 0.978311
1037.250000 0.165235 2.744655 0.000000 0.975724
1038.000000 0.177058 2.822342 0.000000 0.979416
1038.750000 0.185174 2.829692 0.000000 0.975456
1039.500000 0.207131 2.948367 0.000000 0.978029
1040.250000 0.208812 2.978120 0.000000 0.980318
1041.000000 0.214414 2.959716 0.000000 0.980008
1041.750000 0.211289 2.963237 0.000000 0.975924
1042.500000 0.214658 2.978174 0.000000 0.978274
1043.250000 0.215586 2.952381 0.000000 0.977991
1044.000000 0.218403 3.018683 0.000000 0.977920
1044.750000 0.224510 3.085366 0.000000 0.980208
1045.500000 0.242494 3.217274 0.000000 0.978283
1046.250000 0.233751 3.200701 0.000000 0.976665
1047.000000 0.240264 3.257240 0.000000 0.977831
1047.750000 0.244029 3.267213 0.000000 0.975417
1048.500000 0.265741 3.484609 0.000000 0.977314
1049.250000 0.272036 3.501451 0.000000 0.975988
1050.000000 0.269749 3.501149 0.000000 0.974833
1050.750000 0.261548 3.480604 0.000000 0.970006
1051.500000 0.249226 3.386729 0.000000 0.978115
1052.250000 0.247544 3.344396 0.000000 0.977642
1053.000000 0.243219 3.324990 0.000000 0.979856
1053.750000 0.243695 3.314652 0.000000 0.975480
1054.500000 0.251398 3.362420 0.000000 0.973742
1055.250000 0.259970 3.446077 0.000000 0.977411
1056.000000 0.252050 3.427985 0.000000 0.978496
1056.750000 0.260002 3.449766 0.000000 0.978450
1057.500000 0.263079 3.461038 0.000000 0.978594
1058.250000 0.282051 3.558316 0.000000 0.976155
1059.000000 0.284615 3.598102 0.000000 0.974825
1059.750000 0.297934 3.701866 0.000000 0.973550
1060.500000 0.295770 3.690431 0.000000 0.973303
1061.250000 0.294887 3.732275 0.000000 0.978930
1062.000000 0.288587 3.739822 0.000000 0.979894
1062.750000 0.292305 3.738717 0.000000 0.981687
1063.500000 0.294876 3.784237 0.000000 0.975627
1064.250000 0.291625 3.768939 0.000000 0.970618
1065.000000 0.280040 3.677038 0.000000 0.975788
1065.750000 0.271439 3.632125 0.000000 0.974743
1066.500000 0.271946 3.630081 0.000000 0.973934
1067.250000 0.260300 3.542700 0.000000 0.971700
1068.000000 0.255274 3.528647 0.000000 0.975102
1068.750000 0.260096 3.540184 0.000000 0.973910
1069.500000 0.255774 3.479552 0.000000 0.972103
1070.250000 0.256515 3.455816 0.000000 0.973839
1071.000000 0.262406 3.482876 0.000000 0.976236
1071.750000 0.241979 3.352224 0.000000 0.970415
1072.500000 0.237494 3.305062 0.000000 0.973434
1073.250000 0.239565 3.341022 0.000000 0.971839
1074.000000 0.236863 3.393606 0.000000 0.977223
1074.750000 0.225845 3.322964 0.000000 0.976295
1075.500000 0.243303 3.443523 0.000000 0.978609
1076.250000 0.233883 3.411994 0.000000 0.973113
1077.000000 0.227418 3.372722 0.000000 0.976767
1077.750000 0.238757 3.369578 0.000000 0.974815
1078.500000 0.237000 3.324900 0.000000 0.978500
1079.250000 0.236325 3.344019 0.000000 0.977560
1080.000000 0.251249 3.395663 0.000000 0.976814
1080.750000 0.242603 3.361955 0.000000 0.974410
1081.500000 0.252771 3.389194 0.000000 0.972336
1082.250000 0.242281 3.285485 0.000000 0.972133
1083.000000 0.240770 3.293754 0.000000 0.975155
1083.750000 0.244767 3.306760 0.000000 0.980270
1084.500000 0.248952 3.335297 0.000000 0.978139
1085.250000 0.253875 3.334266 0.000000 0.977302
1086.000000 0.270046 3.396621 0.000000 0.973605
1086.750000 0.281159 3.436282 0.000000 0.976712
1087.500000 0.285143 3.474105 0.000000 0.978604
1088.250000 0.290526 3.561863 0.000000 0.978613
1089.000000 0.292409 3.581013 0.000000 0.975866
1089.750000 0.297089 3.663699 0.000000 0.977093
1090.500000 0.307638 3.724955 0.000000 0.976305
1091.250000 0.305847 3.741729 0.000000 0.979011
1092.000000 0.306432 3.764782 0.000000 0.979425
1092.750000 0.311378 3.780852 0.000000 0.975238
1093.500000 0.309331 3.753175 0.000000 0.972097
1094.250000 0.298549 3.653727 0.000000 0.972987
1095.000000 0.302060 3.751451 0.000000 0.977495
1095.750000 0.291646 3.702051 0.000000 0.973887
1096.500000 0.290271 3.753661 0.000000 0.969609
1097.250000 0.290707 3.836471 0.000000 0.977569
1098.000000 0.299020 3.916967 0.000000 0.974790
1098.750000 0.318000 4.016136 0.000000 0.978653
1099.500000 0.314663 4.033207 0.000000 0.974895
1100.250000 0.318446 4.036050 0.000000 0.976968
1101.000000 0.329466 4.079616 0.000000 0.978296
1101.750000 0.333834 4.125225 0.000000 0.975175
1102.500000 0.344041 4.208146 0.000000 0.975283
1103.250000 0.340739 4.140198 0.000000 0.972080
1104.000000 0.352488 4.188407 0.000000 0.972069
1104.750000 0.354265 4.270973 0.000000 0.973603
1105.500000 0.352953 4.226042 0.000000 0.974118
1106.250000 0.354929 4.256549 0.000000 0.972905
1107.000000 0.357864 4.313569 0.000000 0.969403
1107.750000 0.326913 4.114161 0.000000 0.965473
1108.500000 0.320911 4.100909 0.000000 0.971725
1109.250000 0.331201 4.152209 0.000000 0.970018
1110.000000 0.323042 4.150779 0.000000 0.965927
1110.750000 0.327240 4.191789 0.000000 0.971232
1111.500000 0.332665 4.192743 0.000000 0.973539
1112.250000 0.328667 4.147585 0.000000 0.972003
1113.000000 0.328503 4.153508 0.000000 0.971817
1113.750000 0.329097 4.160797 0.000000 0.971183
1114.500000 0.323148 4.211704 0.000000 0.974336
1115.250000 0.311338 4.180764 0.000000 0.972106
1116.000000 0.313249 4.182154 0.000000 0.970324
1116.750000 0.328309 4.257337 0.000000 0.973148
1117.500000 0.336857 4.298265 0.000000 0.975768
1118.250000 0.335998 4.306117 0.000000 0.977214
1119.000000 0.329899 4.185155 0.000000 0.974392
1119.750000 0.322193 4.103962 0.000000 0.974585
1120.500000 0.314833 4.041825 0.000000 0.973747
1121.250000 0.317465 4.048603 0.000000 0.972455
1122.000000 0.319832 4.069707 0.000000 0.975798
1122.750000 0.320424 4.052237 0.000000 0.973682
1123.500000 0.307492 4.008602 0.000000 0.973092
1124.250000 0.292451 3.919003 0.000000 0.965459
1125.000000 0.300000 3.981600 0.000000 0.971500
1125.750000 0.310020 4.013527 0.000000 0.974549
1126.500000 0.317141 4.070965 0.000000 0.973813
1127.250000 0.307777 4.022520 0.000000 0.975378
1128.000000 0.314843 4.053973 0.000000 0.975512
1128.750000 0.320316 4.096284 0.000000 0.976229
1129.500000 0.326827 4.145145 0.000000 0.973273
1130.250000 0.327374 4.194348 0.000000 0.970738
1131.000000 0.320168 4.134723 0.000000 0.970730
1131.750000 0.315510 4.074797 0.000000 0.972464
1132.500000 0.315816 4.111700 0.000000 0.973024
1133.250000 0.316143 4.071500 0.000000 0.978870
1134.000000 0.317295 4.041112 0.000000 0.977493
1134.750000 0.310524 4.014106 0.000000 0.975190
1135.500000 0.315548 3.994405 0.000000 0.971723
1136.250000 0.324838 4.043778 0.000000 0.971114
1137.000000 0.324027 4.021815 0.000000 0.970679
1137.750000 0.328166 4.054511 0.000000 0.974795
1138.500000 0.322236 4.056089 0.000000 0.974805
1139.250000 0.331165 4.053643 0.000000 0.974480
1140.000000 0.334166 4.107760 0.000000 0.973135
1140.750000 0.323029 4.075230 0.000000 0.972789
1141.500000 0.339642 4.181236 0.000000 0.972965
1142.250000 0.332967 4.191781 0.000000 0.973303
1143.000000 0.335799 4.212772 0.000000 0.972816
1143.750000 0.328400 4.204800 0.000000 0.973900
1144.500000 0.324018 4.166066 0.000000 0.974259
1145.250000 0.320032 4.143915 0.000000 0.969797
1146.000000 0.307977 4.069772 0.000000 0.973910
1146.750000 0.302495 4.049002 0.000000 0.972056
1147.500000 0.313616 4.135860 0.000000 0.976160
1148.250000 0.311944 4.158921 0.000000 0.974713
1149.000000 0.292790 4.073697 0.000000 0.974136
1149.750000 0.286727 4.003094 0.000000 0.976547
1150.500000 0.286829 4.015302 0.000000 0.974397
1151.250000 0.293888 4.085425 0.000000 0.976393
1152.000000 0.299041 4.108570 0.000000 0.976029
1152.750000 0.303009 4.093272 0.000000 0.973508
1153.500000 0.303479 4.082067 0.000000 0.972211
1154.250000 0.305275 4.101191 0.000000 0.969773
1155.000000 0.309291 4.087712 0.000000 0.974725
1155.750000 0.299121 4.039277 0.000000 0.975115
1156.500000 0.303434 4.068475 0.000000 0.974872
1157.250000 0.305614 4.190834 0.000000 0.972681
1158.000000 0.306476 4.224202 0.000000 0.975178
1158.750000 0.296775 4.102164 0.000000 0.969050
1159.500000 0.290713 4.057283 0.000000 0.971109
1160.250000 0.280288 3.953119 0.000000 0.970012
1161.000000 0.277933 3.925644 0.000000 0.970218
1161.750000 0.271347 3.864077 0.000000 0.971038
1162.500000 0.257383 3.770848 0.000000 0.970067
1163.250000 0.253932 3.768306 0.000000 0.972053
1164.000000 0.243568 3.702173 0.000000 0.974872
1164.750000 0.239744 3.655593 0.000000 0.973984
1165.500000 0.260222 3.754774 0.000000 0.977407
1166.250000 0.260030 3.780590 0.000000 0.978389
1167.000000 0.263420 3.763720 0.000000 0.979345
1167.750000 0.261826 3.765576 0.000000 0.979498
1168.500000 0.279728 3.848285 0.000000 0.977898
1169.250000 0.287970 3.873801 0.000000 0.969824
1170.000000 0.278217 3.797760 0.000000 0.972708
1170.750000 0.269146 3.773356 0.000000 0.973336
1171.500000 0.255481 3.729703 0.000000 0.971368
1172.250000 0.245453 3.684989 0.000000 0.973816
1173.000000 0.237719 3.616508 0.000000 0.971886
1173.750000 0.239744 3.635792 0.000000 0.972153
1174.500000 0.238229 3.640908 0.000000 0.968909
1175.250000 0.243551 3.607479 0.000000 0.973105
1176.000000 0.250250 3.642771 0.000000 0.974805
1176.750000 0.256551 3.666733 0.000000 0.973395
1177.500000 0.261017 3.655741 0.000000 0.976317
1178.250000 0.230076 3.458350 0.000000 0.970164
1179.000000 0.231776 3.424006 0.000000 0.973936
1179.750000 0.239924 3.537954 0.000000 0.975698
1180.500000 0.242919 3.554599 0.000000 0.975678
1181.250000 0.247875 3.556244 0.000000 0.977402
1182.000000 0.257913 3.650425 0.000000 0.973839
1182.750000 0.263158 3.677406 0.000000 0.972183
1183.500000 0.260705 3.645074 0.000000 0.972652
1184.250000 0.274063 3.726437 0.000000 0.974613
1185.000000 0.288186 3.815045 0.000000 0.975493
1185.750000 0.281393 3.767918 0.000000 0.975544
1186.500000 0.267479 3.708750 0.000000 0.974131
1187.250000 0.268761 3.710627 0.000000 0.976586
1188.000000 0.276905 3.755331 0.000000 0.974272
1188.750000 0.281178 3.777822 0.000000 0.977261
1189.500000 0.294365 3.805525 0.000000 0.975178
1190.250000 0.290000 3.840600 0.000000 0.973700
1191.000000 0.284615 3.811857 0.000000 0.971808
1191.750000 0.285729 3.808515 0.000000 0.970518
1192.500000 0.290339 3.799081 0.000000 0.973324
1193.250000 0.274071 3.713344 0.000000 0.970036
1194.000000 0.269016 3.666899 0.000000 0.971551
1194.750000 0.269612 3.680192 0.000000 0.975854
1195.500000 0.287268 3.785472 0.000000 0.975654
1196.250000 0.285171 3.741765 0.000000 0.976970
1197.000000 0.272247 3.671489 0.000000 0.972965
1197.750000 0.279609 3.714400 0.000000 0.976333
1198.500000 0.278272 3.660534 0.000000 0.972003
1199.250000 0.262384 3.554789 0.000000 0.974983
1200.000000 0.265528 3.584082 0.000000 0.973837
1200.750000 0.272646 3.614002 0.000000 0.975032
1201.500000 0.273418 3.602819 0.000000 0.974508
1202.250000 0.267859 3.563393 0.000000 0.976721
1203.000000 0.267326 3.597563 0.000000 0.977432
1203.750000 0.276230 3.673855 0.000000 0.977039
1204.500000 0.291129 3.701070 0.000000 0.975898
1205.250000 0.274064 3.582450 0.000000 0.969182
1206.000000 0.278549 3.626236 0.000000 0.974223
1206.750000 0.288638 3.691094 0.000000 0.973642
1207.500000 0.288044 3.689545 0.000000 0.976988
1208.250000 0.295000 3.736000 0.000000 0.978800
1209.000000 0.301776 3.767159 0.000000 0.976756
1209.750000 0.303400 3.755500 0.000000 0.975100
1210.500000 0.293741 3.691662 0.000000 0.973505
1211.250000 0.282928 3.646465 0.000000 0.975998
1212.000000 0.297559 3.731646 0.000000 0.978196
1212.750000 0.292228 3.686222 0.000000 0.975756
1213.500000 0.291517 3.698780 0.000000 0.976891
1214.250000 0.288575 3.726845 0.000000 0.974567
1215.000000 0.287502 3.747346 0.000000 0.973763
1215.750000 0.290681 3.762024 0.000000 0.976453
1216.500000 0.288531 3.710168 0.000000 0.975981
1217.250000 0.270966 3.586561 0.000000 0.972544
1218.000000 0.278926 3.706599 0.000000 0.975142
1218.750000 0.278461 3.727036 0.000000 0.975212
1219.500000 0.260630 3.581991 0.000000 0.972786
1220.250000 0.260078 3.530759 0.000000 0.975093
1221.000000 0.256954 3.503402 0.000000 0.975385
1221.750000 0.247899 3.429372 0.000000 0.972689
1222.500000 0.248878 3.514215 0.000000 0.974564
1223.250000 0.240509 3.418812 0.000000 0.975058
1224.000000 0.241669 3.463024 0.000000 0.975783
1224.750000 0.252727 3.534881 0.000000 0.975878
1225.500000 0.247725 3.474447 0.000000 0.975798
1226.250000 0.251952 3.473874 0.000000 0.975576
1227.000000 0.242091 3.443832 0.000000 0.974469
1227.750000 0.251598 3.501997 0.000000 0.971135
1228.500000 0.252543 3.524037 0.000000 0.978656
1229.250000 0.265173 3.610139 0.000000 0.977202
1230.000000 0.261552 3.592719 0.000000 0.976895
1230.750000 0.263881 3.566045 0.000000 0.975145
1231.500000 0.252102 3.488691 0.000000 0.975881
1232.250000 0.255168 3.497853 0.000000 0.970139
1233.000000 0.255760 3.516730 0.000000 0.974153
1233.750000 0.255126 3.513851 0.000000 0.979598
1234.500000 0.250675 3.512743 0.000000 0.973613
1235.250000 0.245849 3.518303 0.000000 0.977896
1236.000000 0.247351 3.489202 0.000000 0.971706
1236.750000 0.249400 3.449379 0.000000 0.978091
1237.500000 0.253962 3.477026 0.000000 0.976079
1238.250000 0.247326 3.423473 0.000000 0.980506
1239.000000 0.245014 3.390906 0.000000 0.975967
1239.750000 0.248901 3.382394 0.000000 0.975520
1240.500000 0.253472 3.348087 0.000000 0.973724
1241.250000 0.233806 3.237805 0.000000 0.972511
1242.000000 0.229554 3.239052 0.000000 0.978104
1242.750000 0.223354 3.187294 0.000000 0.976126
1243.500000 0.228060 3.239067 0.000000 0.978785
1244.250000 0.224522 3.223322 0.000000 0.979898
1245.000000 0.219593 3.181845 0.000000 0.975434
1245.750000 0.216127 3.148581 0.000000 0.979217
1246.500000 0.221268 3.163156 0.000000 0.977134
1247.250000 0.231446 3.188637 0.000000 0.975795
1248.000000 0.232071 3.167268 0.000000 0.975461
1248.750000 0.239916 3.190772 0.000000 0.976979
1249.500000 0.236879 3.196214 0.000000 0.972456
1250.250000 0.241272 3.244273 0.000000 0.981595
1251.000000 0.228400 3.191200 0.000000 0.974000
1251.750000 0.230261 3.211924 0.000000 0.973247
1252.500000 0.231729 3.241014 0.000000 0.976937
1253.250000 0.252494 3.429070 0.000000 0.978252
1254.000000 0.253287 3.407669 0.000000 0.973805
1254.750000 0.264022 3.465044 0.000000 0.974459
1255.500000 0.262842 3.464022 0.000000 0.973716
1256.250000 0.266466 3.433083 0.000000 0.976642
1257.000000 0.264406 3.444978 0.000000 0.975290
1257.750000 0.229081 3.159769 0.000000 0.960407
1258.500000 0.219093 3.127821 0.000000 0.969343
1259.250000 0.216267 3.082036 0.000000 0.974551
1260.000000 0.212067 3.042154 0.000000 0.973829
1260.750000 0.209958 3.052089 0.000000 0.981404
1261.500000 0.204905 2.942042 0.000000 0.977277
1262.250000 0.190624 2.890544 0.000000 0.976909
1263.000000 0.203442 2.992495 0.000000 0.980887
1263.750000 0.196902 2.959020 0.000000 0.978811
1264.500000 0.183979 2.833699 0.000000 0.973831
1265.250000 0.176047 2.770369 0.000000 0.971409
1266.000000 0.177849 2.779691 0.000000 0.973863
1266.750000 0.173035 2.754251 0.000000 0.976495
1267.500000 0.180068 2.769200 0.000000 0.976339
1268.250000 0.175153 2.758628 0.000000 0.979194
1269.000000 0.184255 2.785336 0.000000 0.978994
1269.750000 0.176323 2.681877 0.000000 0.968878
1270.500000 0.173348 2.624513 0.000000 0.974108
1271.250000 0.165249 2.544490 0.000000 0.974977
1272.000000 0.165317 2.542554 0.000000 0.978198
1272.750000 0.178989 2.607404 0.000000 0.976588
1273.500000 0.190347 2.712026 0.000000 0.979573
1274.250000 0.194839 2.737548 0.000000 0.980696
1275.000000 0.190457 2.689159 0.000000 0.977141
1275.750000 0.196026 2.708708 0.000000 0.972239
1276.500000 0.195446 2.735744 0.000000 0.973035
1277.250000 0.194048 2.782682 0.000000 0.975432
1278.000000 0.198881 2.790026 0.000000 0.975515
1278.750000 0.204700 2.826300 0.000000 0.980600
1279.500000 0.217078 2.884812 0.000000 0.979802
1280.250000 0.206240 2.761364 0.000000 0.974083
1281.000000 0.213679 2.857813 0.000000 0.980429
1281.750000 0.213407 2.868735 0.000000 0.979590
1282.500000 0.208038 2.822453 0.000000 0.976707
1283.250000 0.217992 2.952314 0.000000 0.979663
1284.000000 0.215092 2.951124 0.000000 0.980710
1284.750000 0.206406 2.909910 0.000000 0.975976
1285.500000 0.207783 2.985494 0.000000 0.980492
1286.250000 0.202158 2.934546 0.000000 0.969721
1287.000000 0.189573 2.797743 0.000000 0.968338
1287.750000 0.175288 2.702051 0.000000 0.967284
1288.500000 0.172414 2.738873 0.000000 0.969326
1289.250000 0.173466 2.739052 0.000000 0.977157
1290.000000 0.174508 2.759764 0.000000 0.975327
1290.750000 0.190943 2.799960 0.000000 0.978906
1291.500000 0.199880 2.862682 0.000000 0.980612
1292.250000 0.204957 2.827920 0.000000 0.975717
1293.000000 0.222855 2.984703 0.000000 0.980704
1293.750000 0.233530 3.042087 0.000000 0.976707
1294.500000 0.232870 3.080324 0.000000 0.976893
1295.250000 0.236987 3.134878 0.000000 0.981417
1296.000000 0.240915 3.122104 0.000000 0.981629
1296.750000 0.246900 3.143900 0.000000 0.979700
1297.500000 0.256997 3.208817 0.000000 0.976809
1298.250000 0.264526 3.257926 0.000000 0.981098
1299.000000 0.261952 3.263453 0.000000 0.979896
1299.750000 0.262785 3.277667 0.000000 0.974930
1300.500000 0.276879 3.409772 0.000000 0.979516
1301.250000 0.273282 3.380614 0.000000 0.978694
1302.000000 0.266214 3.351354 0.000000 0.970621
1302.750000 0.277922 3.406294 0.000000 0.976723
1303.500000 0.266333 3.313457 0.000000 0.977389
1304.250000 0.261831 3.286443 0.000000 0.976888
1305.000000 0.259670 3.240180 0.000000 0.978211
1305.750000 0.262220 3.255910 0.000000 0.981971
1306.500000 0.269142 3.306379 0.000000 0.978137
1307.250000 0.264268 3.297551 0.000000 0.979410
1308.000000 0.259666 3.327106 0.000000 0.981017
1308.750000 0.244573 3.278984 0.000000 0.979994
1309.500000 0.252774 3.344928 0.000000 0.978911
1310.250000 0.252821 3.387918 0.000000 0.978333
1311.000000 0.244010 3.312281 0.000000 0.977243
1311.750000 0.232890 3.273054 0.000000 0.977220
1312.500000 0.241631 3.289797 0.000000 0.978415
1313.250000 0.245158 3.300853 0.000000 0.976116
1314.000000 0.245447 3.241045 0.000000 0.971183
1314.750000 0.239972 3.189557 0.000000 0.972192
1315.500000 0.226777 3.100790 0.000000 0.975602
1316.250000 0.226474 3.079321 0.000000 0.973826
1317.000000 0.229613 3.083550 0.000000 0.978662
1317.750000 0.220832 3.036122 0.000000 0.977787
1318.500000 0.220544 2.982396 0.000000 0.974595
1319.250000 0.230492 3.055595 0.000000 0.974857
1320.000000 0.233330 3.084775 0.000000 0.978107
1320.750000 0.232337 3.046767 0.000000 0.969521
1321.500000 0.243958 3.131216 0.000000 0.979529
1322.250000 0.248951 3.155007 0.000000 0.980812
1323.000000 0.249575 3.183855 0.000000 0.975993
1323.750000 0.261383 3.253077 0.000000 0.979386
1324.500000 0.267335 3.330862 0.000000 0.973747
1325.250000 0.255568 3.249076 0.000000 0.970039
1326.000000 0.261717 3.247227 0.000000 0.976516
1326.750000 0.269165 3.310145 0.000000 0.977111
1327.500000 0.269008 3.281780 0.000000 0.977749
1328.250000 0.269608 3.347339 0.000000 0.977991
1329.000000 0.279912 3.444666 0.000000 0.979343
1329.750000 0.273727 3.435944 0.000000 0.978898
1330.500000 0.281325 3.438050 0.000000 0.975480
1331.250000 0.281762 3.432781 0.000000 0.977527
1332.000000 0.273963 3.376112 0.000000 0.974213
1332.750000 0.285229 3.475582 0.000000 0.978128
1333.500000 0.292590 3.550629 0.000000 0.975335
1334.250000 0.288198 3.502848 0.000000 0.978815
1335.000000 0.292368 3.541466 0.000000 0.977364
1335.750000 0.296674 3.577765 0.000000 0.976925
1336.500000 0.291358 3.506401 0.000000 0.972895
1337.250000 0.299131 3.631931 0.000000 0.975722
1338.000000 0.284002 3.524366 0.000000 0.972039
1338.750000 0.285258 3.581289 0.000000 0.974566
1339.500000 0.280056 3.556611 0.000000 0.975795
1340.250000 0.291296 3.596083 0.000000 0.978515
1341.000000 0.285958 3.589143 0.000000 0.977364
1341.750000 0.299140 3.635773 0.000000 0.978604
1342.500000 0.311994 3.660498 0.000000 0.973592
1343.250000 0.313969 3.656234 0.000000 0.977502
1344.000000 0.292125 3.542075 0.000000 0.976014
1344.750000 0.299199 3.613413 0.000000 0.976176
1345.500000 0.300349 3.622467 0.000000 0.972941
1346.250000 0.302142 3.703663 0.000000 0.973579
1347.000000 0.292824 3.629722 0.000000 0.972516
1347.750000 0.295852 3.635582 0.000000 0.979210
1348.500000 0.285029 3.548371 0.000000 0.979212
1349.250000 0.284728 3.576561 0.000000 0.977182
1350.000000 0.290342 3.599180 0.000000 0.979504
1350.750000 0.288229 3.559456 0.000000 0.977998
1351.500000 0.286371 3.594924 0.000000 0.974321
1352.250000 0.269012 3.469771 0.000000 0.978615
1353.000000 0.263825 3.523458 0.000000 0.978738
1353.750000 0.270138 3.578553 0.000000 0.974215
1354.500000 0.280160 3.596502 0.000000 0.978211
1355.250000 0.274426 3.607992 0.000000 0.975924
1356.000000 0.257186 3.492814 0.000000 0.973054
1356.750000 0.243778 3.405797 0.000000 0.972914
1357.500000 0.239900 3.386900 0.000000 0.973200
1358.250000 0.237995 3.426570 0.000000 0.974390
1359.000000 0.260326 3.559856 0.000000 0.975598
1359.750000 0.274873 3.631037 0.000000 0.975902
1360.500000 0.279868 3.619372 0.000000 0.974485
1361.250000 0.275828 3.573295 0.000000 0.972377
1362.000000 0.268161 3.581949 0.000000 0.973784
1362.750000 0.262197 3.513818 0.000000 0.974858
1363.500000 0.265151 3.547531 0.000000 0.975458
1364.250000 0.253621 3.489561 0.000000 0.976925
1365.000000 0.258693 3.525280 0.000000 0.975320
1365.750000 0.254714 3.547341 0.000000 0.973561
1366.500000 0.253196 3.490711 0.000000 0.974231
1367.250000 0.219690 3.213993 0.000000 0.962919
1368.000000 0.233896 3.296914 0.000000 0.980126
1368.750000 0.236429 3.287114 0.000000 0.976007
1369.500000 0.232500 3.279900 0.000000 0.977200
1370.250000 0.243642 3.379775 0.000000 0.980852
1371.000000 0.262252 3.470694 0.000000 0.979296
1371.750000 0.263710 3.459195 0.000000 0.977525
1372.500000 0.255300 3.371700 0.000000 0.973000
1373.250000 0.255077 3.366610 0.000000 0.975693
1374.000000 0.260252 3.420784 0.000000 0.978496
1374.750000 0.260922 3.399680 0.000000 0.976907
1375.500000 0.254955 3.416317 0.000000 0.976877
1376.250000 0.260270 3.478561 0.000000 0.979011
1377.000000 0.251677 3.429672 0.000000 0.974072
1377.750000 0.256074 3.461354 0.000000 0.978402
1378.500000 0.246478 3.406734 0.000000 0.976621
1379.250000 0.235717 3.365461 0.000000 0.976528
1380.000000 0.239524 3.449345 0.000000 0.977098
1380.750000 0.241894 3.519015 0.000000 0.975681
1381.500000 0.230685 3.412358 0.000000 0.971252
1382.250000 0.228837 3.417951 0.000000 0.975886
1383.000000 0.229863 3.340752 0.000000 0.975746
1383.750000 0.227981 3.294088 0.000000 0.973437
1384.500000 0.216926 3.222822 0.000000 0.976319
1385.250000 0.217422 3.231423 0.000000 0.976298
1386.000000 0.207988 3.173240 0.000000 0.970644
1386.750000 0.200379 3.052117 0.000000 0.968850
1387.500000 0.200560 3.070121 0.000000 0.977793
1388.250000 0.198225 3.033902 0.000000 0.976269
1389.000000 0.190400 2.953502 0.000000 0.973244
1389.750000 0.199081 2.997404 0.000000 0.979732
1390.500000 0.201580 2.974102 0.000000 0.979402
1391.250000 0.199960 2.959468 0.000000 0.974279
1392.000000 0.199600 2.988806 0.000000 0.979110
1392.750000 0.213264 3.066920 0.000000 0.976993
1393.500000 0.213914 3.048880 0.000000 0.975810
1394.250000 0.207525 2.979888 0.000000 0.973484
1395.000000 0.207732 2.949219 0.000000 0.978165
1395.750000 0.221511 3.028489 0.000000 0.978609
1396.500000 0.224888 3.075562 0.000000 0.980610
1397.250000 0.215280 3.064283 0.000000 0.974567
1398.000000 0.212124 3.028563 0.000000 0.974333
1398.750000 0.205031 2.957776 0.000000 0.968856
1399.500000 0.206983 3.048319 0.000000 0.975390
1400.250000 0.211660 3.072323 0.000000 0.979465
1401.000000 0.233760 3.231361 0.000000 0.979113
1401.750000 0.234072 3.204014 0.000000 0.974336
1402.500000 0.226268 3.187456 0.000000 0.977193
1403.250000 0.226982 3.184047 0.000000 0.976181
1404.000000 0.214758 3.112392 0.000000 0.975236
1404.750000 0.225213 3.145473 0.000000 0.978889
1405.500000 0.210558 3.058388 0.000000 0.973905
1406.250000 0.221777 3.120505 0.000000 0.973956
1407.000000 0.227332 3.101569 0.000000 0.976007
1407.750000 0.215733 3.073375 0.000000 0.974643
1408.500000 0.223776 3.144855 0.000000 0.978322
1409.250000 0.222333 3.147823 0.000000 0.978925
1410.000000 0.225745 3.157732 0.000000 0.973795
1410.750000 0.224700 3.111400 0.000000 0.975800
1411.500000 0.232189 3.152066 0.000000 0.977649
1412.250000 0.232786 3.131905 0.000000 0.979183
1413.000000 0.224590 3.038415 0.000000 0.975090
1413.750000 0.211485 2.975890 0.000000 0.973790
1414.500000 0.221487 3.047705 0.000000 0.976348
1415.250000 0.206665 2.944456 0.000000 0.975080
1416.000000 0.201839 2.810052 0.000000 0.974021
1416.750000 0.216127 2.915168 0.000000 0.975220
1417.500000 0.227951 3.036940 0.000000 0.978176
1418.250000 0.225981 2.964171 0.000000 0.974179
1419.000000 0.221956 2.924115 0.000000 0.964407
1419.750000 0.223842 2.996905 0.000000 0.976338
1420.500000 0.241937 3.143784 0.000000 0.978632
1421.250000 0.227813 3.004592 0.000000 0.978037
1422.000000 0.225829 2.945066 0.000000 0.971534
1422.750000 0.230346 2.994599 0.000000 0.973095
1423.500000 0.230923 3.003591 0.000000 0.980050
1424.250000 0.257297 3.150040 0.000000 0.980908
1425.000000 0.264338 3.151436 0.000000 0.979882
1425.750000 0.255844 3.102198 0.000000 0.981519
1426.500000 0.250601 3.070184 0.000000 0.974970
1427.250000 0.264038 3.177260 0.000000 0.980482
1428.000000 0.260066 3.161854 0.000000 0.974623
1428.750000 0.265815 3.228397 0.000000 0.981840
1429.500000 0.266280 3.257577 0.000000 0.972492
1430.250000 0.265841 3.310114 0.000000 0.977513
1431.000000 0.263896 3.383476 0.000000 0.974762
1431.750000 0.267386 3.479317 0.000000 0.972122
1432.500000 0.274563 3.515642 0.000000 0.974413
1433.250000 0.285243 3.590095 0.000000 0.973387
1434.000000 0.276568 3.537654 0.000000 0.972633
1434.750000 0.269169 3.484385 0.000000 0.975976
1435.500000 0.268958 3.496653 0.000000 0.977121
1436.250000 0.282889 3.631505 0.000000 0.978324
1437.000000 0.275489 3.570225 0.000000 0.977143
1437.750000 0.275786 3.596705 0.000000 0.975037
1438.500000 0.273246 3.614153 0.000000 0.974177
1439.250000 0.256889 3.479333 0.000000 0.976038
1440.000000 0.254475 3.446455 0.000000 0.977002
1440.750000 0.250949 3.408328 0.000000 0.974036
1441.500000 0.255647 3.420748 0.000000 0.976014
1442.250000 0.247456 3.362303 0.000000 0.976452
1443.000000 0.238119 3.308154 0.000000 0.978789
1443.750000 0.232354 3.252850 0.000000 0.971306
1444.500000 0.251974 3.408596 0.000000 0.977811
1445.250000 0.260178 3.456437 0.000000 0.976993
1446.000000 0.265055 3.456507 0.000000 0.975232
1446.750000 0.263105 3.438075 0.000000 0.969888
1447.500000 0.247725 3.297430 0.000000 0.963096
1448.250000 0.258271 3.372314 0.000000 0.972014
1449.000000 0.252376 3.365310 0.000000 0.973492
1449.750000 0.254332 3.362516 0.000000 0.979265
1450.500000 0.245406 3.327108 0.000000 0.974930
1451.250000 0.244473 3.315695 0.000000 0.975693
1452.000000 0.237039 3.229947 0.000000 0.974628
1452.750000 0.236737 3.197297 0.000000 0.976376
1453.500000 0.219081 3.116483 0.000000 0.970529
1454.250000 0.223110 3.101268 0.000000 0.974533
1455.000000 0.227595 3.093316 0.000000 0.972325
1455.750000 0.239764 3.152386 0.000000 0.971740
1456.500000 0.245172 3.186030 0.000000 0.975183
1457.250000 0.254904 3.245497 0.000000 0.975380
1458.000000 0.263910 3.305564 0.000000 0.979123
1458.750000 0.265706 3.298820 0.000000 0.977891
1459.500000 0.278117 3.410377 0.000000 0.976707
1460.250000 0.275769 3.423492 0.000000 0.978526
1461.000000 0.269100 3.418900 0.000000 0.975700
1461.750000 0.280080 3.463505 0.000000 0.980729
1462.500000 0.288454 3.516580 0.000000 0.980723
1463.250000 0.281222 3.477388 0.000000 0.976939
1464.000000 0.292092 3.548849 0.000000 0.978478
1464.750000 0.314012 3.714971 0.000000 0.977214
1465.500000 0.314754 3.750275 0.000000 0.974528
1466.250000 0.317237 3.759348 0.000000 0.978004
1467.000000 0.310228 3.687675 0.000000 0.973732
1467.750000 0.312294 3.690502 0.000000 0.980525
1468.500000 0.336405 3.790385 0.000000 0.979169
1469.250000 0.333433 3.787107 0.000000 0.975212
1470.000000 0.332768 3.791384 0.000000 0.977164
1470.750000 0.340957 3.860182 0.000000 0.972636
1471.500000 0.343634 3.878188 0.000000 0.976698
1472.250000 0.334736 3.838742 0.000000 0.977764
1473.000000 0.326157 3.796715 0.000000 0.974665
1473.750000 0.319447 3.757260 0.000000 0.972061
1474.500000 0.319143 3.757988 0.000000 0.976159
1475.250000 0.312325 3.790851 0.000000 0.977527
1476.000000 0.315168 3.848415 0.000000 0.982002
1476.750000 0.305781 3.824767 0.000000 0.977056
1477.500000 0.291429 3.772077 0.000000 0.973497
1478.250000 0.308169 3.947705 0.000000 0.979802
1479.000000 0.302270 3.929607 0.000000 0.978402
1479.750000 0.295823 3.933640 0.000000 0.977414
1480.500000 0.288083 3.919488 0.000000 0.973729
1481.250000 0.279054 3.830571 0.000000 0.976637
1482.000000 0.282254 3.830648 0.000000 0.973176
1482.750000 0.270602 3.773549 0.000000 0.974228
1483.500000 0.273707 3.780395 0.000000 0.977341
1484.250000 0.270022 3.722489 0.000000 0.976433
1485.000000 0.267693 3.701219 0.000000 0.976809
1485.750000 0.284443 3.741152 0.000000 0.975705
1486.500000 0.293324 3.848991 0.000000 0.976614
1487.250000 0.283062 3.763749 0.000000 0.975447
1488.000000 0.276523 3.735465 0.000000 0.972727
1488.750000 0.272927 3.711071 0.000000 0.975998
1489.500000 0.269562 3.713428 0.000000 0.977186
1490.250000 0.266720 3.635656 0.000000 0.972450
1491.000000 0.279449 3.738136 0.000000 0.975822
1491.750000 0.281069 3.745547 0.000000 0.971383
1492.500000 0.269335 3.687944 0.000000 0.974587
1493.250000 0.267613 3.671930 0.000000 0.974118
1494.000000 0.276320 3.749326 0.000000 0.975551
1494.750000 0.272609 3.727792 0.000000 0.974133
1495.500000 0.279972 3.764113 0.000000 0.978257
1496.250000 0.288112 3.761039 0.000000 0.979920
1497.000000 0.285171 3.737343 0.000000 0.980288
1497.750000 0.286542 3.687881 0.000000 0.973424
1498.500000 0.282878 3.662343 0.000000 0.972660
1499.250000 0.283928 3.723272 0.000000 0.971597
