0.000000 0.999402 7.995817 0.000000 0.999402
0.750000 0.966450 7.804193 0.000000 0.979930
1.500000 0.931321 7.706489 0.000000 0.971109
2.250000 0.901690 7.656265 0.000000 0.970397
3.000000 0.879021 7.628771 0.000000 0.969830
3.750000 0.853668 7.577920 0.000000 0.966370
4.500000 0.837044 7.560459 0.000000 0.967349
5.250000 0.814615 7.514615 0.000000 0.967568
6.000000 0.798147 7.474046 0.000000 0.967221
6.750000 0.783248 7.448414 0.000000 0.968778
7.500000 0.762152 7.403733 0.000000 0.967262
8.250000 0.750801 7.350120 0.000000 0.967060
9.000000 0.729035 7.278661 0.000000 0.965217
9.750000 0.714800 7.230261 0.000000 0.966977
10.500000 0.708542 7.209743 0.000000 0.969294
11.250000 0.704689 7.190843 0.000000 0.969609
12.000000 0.691939 7.133553 0.000000 0.968035
12.750000 0.695288 7.116214 0.000000 0.969050
13.500000 0.670065 7.022089 0.000000 0.971114
14.250000 0.643964 6.958296 0.000000 0.965297
15.000000 0.634419 6.896063 0.000000 0.963522
15.750000 0.618073 6.854918 0.000000 0.967948
16.500000 0.625950 6.827569 0.000000 0.968513
17.250000 0.626024 6.784130 0.000000 0.969718
18.000000 0.616214 6.741414 0.000000 0.972244
18.750000 0.608813 6.701426 0.000000 0.971189
19.500000 0.602421 6.663033 0.000000 0.966793
20.250000 0.579884 6.577184 0.000000 0.963407
21.000000 0.571728 6.561845 0.000000 0.968254
21.750000 0.552850 6.464018 0.000000 0.966564
22.500000 0.542803 6.421536 0.000000 0.964339
23.250000 0.542594 6.433353 0.000000 0.969333
24.000000 0.538047 6.380867 0.000000 0.970941
24.750000 0.539784 6.345162 0.000000 0.969912
25.500000 0.530270 6.260939 0.000000 0.969031
26.250000 0.523186 6.221267 0.000000 0.966820
27.000000 0.526300 6.210601 0.000000 0.966900
27.750000 0.538099 6.279126 0.000000 0.968217
28.500000 0.537222 6.252351 0.000000 0.964679
29.250000 0.532413 6.269108 0.000000 0.970988
30.000000 0.523743 6.210037 0.000000 0.969809
30.750000 0.519396 6.140371 0.000000 0.967107
31.500000 0.512741 6.136305 0.000000 0.965424
32.250000 0.493052 6.028091 0.000000 0.967910
33.000000 0.503593 6.008883 0.000000 0.968962
33.750000 0.491690 5.916500 0.000000 0.968162
34.500000 0.480856 5.868539 0.000000 0.969309
35.250000 0.474815 5.833999 0.000000 0.964621
36.000000 0.489639 5.833617 0.000000 0.969166
36.750000 0.501652 5.829043 0.000000 0.971858
37.500000 0.491757 5.748527 0.000000 0.968229
38.250000 0.482189 5.657595 0.000000 0.971683
39.000000 0.480809 5.651780 0.000000 0.970591
39.750000 0.484594 5.662165 0.000000 0.967087
40.500000 0.480084 5.676450 0.000000 0.966557
41.250000 0.482762 5.670531 0.000000 0.967922
42.000000 0.497152 5.703507 0.000000 0.969521
42.750000 0.506104 5.723834 0.000000 0.970482
43.500000 0.509447 5.716185 0.000000 0.966710
44.250000 0.507649 5.695430 0.000000 0.969303
45.000000 0.501500 5.674235 0.000000 0.965593
45.750000 0.488027 5.664062 0.000000 0.965935
46.500000 0.483325 5.609214 0.000000 0.967251
47.250000 0.477991 5.601740 0.000000 0.965186
48.000000 0.479452 5.655434 0.000000 0.969403
48.750000 0.479468 5.662903 0.000000 0.968428
49.500000 0.473031 5.642850 0.000000 0.971780
50.250000 0.463124 5.606124 0.000000 0.969579
51.000000 0.468111 5.638886 0.000000 0.966863
51.750000 0.483616 5.648763 0.000000 0.968033
52.500000 0.488791 5.634007 0.000000 0.968475
53.250000 0.505538 5.721884 0.000000 0.970362
54.000000 0.504883 5.764600 0.000000 0.968806
54.750000 0.491347 5.625288 0.000000 0.966390
55.500000 0.490893 5.576361 0.000000 0.964071
56.250000 0.477948 5.535053 0.000000 0.968497
57.000000 0.470994 5.495299 0.000000 0.971694
57.750000 0.471017 5.456626 0.000000 0.970318
58.500000 0.461092 5.389878 0.000000 0.968894
59.250000 0.470213 5.416525 0.000000 0.965373
60.000000 0.478153 5.439435 0.000000 0.965462
60.750000 0.463796 5.386780 0.000000 0.969054
61.500000 0.444189 5.279356 0.000000 0.967493
62.250000 0.435134 5.220014 0.000000 0.968940
63.000000 0.448396 5.260865 0.000000 0.968428
63.750000 0.441965 5.241245 0.000000 0.969482
64.500000 0.428657 5.164514 0.000000 0.968759
65.250000 0.434874 5.175470 0.000000 0.968787
66.000000 0.430273 5.191611 0.000000 0.968365
66.750000 0.427157 5.186081 0.000000 0.966203
67.500000 0.421913 5.151464 0.000000 0.970028
68.250000 0.429072 5.154871 0.000000 0.969667
69.000000 0.431386 5.206441 0.000000 0.972294
69.750000 0.421147 5.191685 0.000000 0.971917
70.500000 0.422931 5.190224 0.000000 0.972011
71.250000 0.413207 5.124262 0.000000 0.968884
72.000000 0.402238 5.092516 0.000000 0.970227
72.750000 0.396077 5.056339 0.000000 0.967077
73.500000 0.384792 4.961132 0.000000 0.965228
74.250000 0.390305 4.971314 0.000000 0.971514
75.000000 0.390753 4.950769 0.000000 0.971240
75.750000 0.389682 4.935037 0.000000 0.968666
76.500000 0.397837 4.953526 0.000000 0.965044
77.250000 0.401180 4.969009 0.000000 0.969709
78.000000 0.403477 4.962030 0.000000 0.968225
78.750000 0.405078 4.960512 0.000000 0.970809
79.500000 0.390273 4.877614 0.000000 0.969078
80.250000 0.384777 4.879733 0.000000 0.967436
81.000000 0.388972 4.899230 0.000000 0.968478
81.750000 0.393513 4.865069 0.000000 0.971856
82.500000 0.386604 4.763426 0.000000 0.968856
83.250000 0.391204 4.816892 0.000000 0.971114
84.000000 0.390012 4.768715 0.000000 0.970977
84.750000 0.375550 4.733193 0.000000 0.969788
85.500000 0.364082 4.685543 0.000000 0.971086
86.250000 0.352066 4.621681 0.000000 0.970453
87.000000 0.360664 4.636937 0.000000 0.973203
87.750000 0.350005 4.551064 0.000000 0.972746
88.500000 0.359488 4.602382 0.000000 0.971978
89.250000 0.369689 4.632510 0.000000 0.968709
90.000000 0.354410 4.526421 0.000000 0.968335
90.750000 0.351403 4.521314 0.000000 0.966657
91.500000 0.366537 4.611161 0.000000 0.968997
92.250000 0.358525 4.575423 0.000000 0.969730
93.000000 0.366573 4.583117 0.000000 0.969394
93.750000 0.369249 4.570111 0.000000 0.970532
94.500000 0.355564 4.571042 0.000000 0.973003
95.250000 0.349156 4.515739 0.000000 0.973419
96.000000 0.355268 4.512119 0.000000 0.974259
96.750000 0.353988 4.495803 0.000000 0.972317
97.500000 0.349680 4.416600 0.000000 0.970036
98.250000 0.334566 4.356358 0.000000 0.969312
99.000000 0.344711 4.411178 0.000000 0.971457
99.750000 0.346319 4.442713 0.000000 0.974428
100.500000 0.356578 4.512856 0.000000 0.973487
101.250000 0.368658 4.563494 0.000000 0.970179
102.000000 0.373292 4.564276 0.000000 0.972674
102.750000 0.381900 4.610800 0.000000 0.972800
103.500000 0.387767 4.623226 0.000000 0.975215
104.250000 0.389895 4.617809 0.000000 0.975488
105.000000 0.389534 4.651491 0.000000 0.970682
105.750000 0.366784 4.622077 0.000000 0.974511
106.500000 0.371595 4.651342 0.000000 0.968450
107.250000 0.377491 4.724742 0.000000 0.970962
108.000000 0.371043 4.645831 0.000000 0.971742
108.750000 0.353247 4.597203 0.000000 0.968831
109.500000 0.370426 4.701460 0.000000 0.967307
110.250000 0.388922 4.766667 0.000000 0.972255
111.000000 0.390100 4.790300 0.000000 0.971600
111.750000 0.379056 4.804133 0.000000 0.972946
112.500000 0.395231 4.832269 0.000000 0.971762
113.250000 0.367547 4.734694 0.000000 0.972989
114.000000 0.360864 4.669133 0.000000 0.972603
114.750000 0.363837 4.721359 0.000000 0.966423
115.500000 0.356120 4.718947 0.000000 0.971875
116.250000 0.361164 4.715928 0.000000 0.969303
117.000000 0.367942 4.701809 0.000000 0.972919
117.750000 0.354023 4.587306 0.000000 0.971414
118.500000 0.362202 4.601938 0.000000 0.970932
119.250000 0.375586 4.658821 0.000000 0.976962
120.000000 0.376625 4.672365 0.000000 0.973705
120.750000 0.380504 4.648619 0.000000 0.975080
121.500000 0.374875 4.633520 0.000000 0.971317
122.250000 0.369015 4.569615 0.000000 0.972214
123.000000 0.352348 4.469730 0.000000 0.966234
123.750000 0.356279 4.512039 0.000000 0.970227
124.500000 0.352383 4.509242 0.000000 0.969827
125.250000 0.354619 4.586728 0.000000 0.969372
126.000000 0.353594 4.619214 0.000000 0.972608
126.750000 0.359520 4.597101 0.000000 0.972614
127.500000 0.363991 4.619414 0.000000 0.971309
128.250000 0.345542 4.531873 0.000000 0.973682
129.000000 0.345431 4.549390 0.000000 0.970906
129.750000 0.355695 4.633923 0.000000 0.975941
130.500000 0.353825 4.659391 0.000000 0.975471
131.250000 0.350617 4.596830 0.000000 0.971417
132.000000 0.360272 4.564213 0.000000 0.972194
132.750000 0.371029 4.661538 0.000000 0.971029
133.500000 0.366350 4.604393 0.000000 0.968347
134.250000 0.355664 4.571343 0.000000 0.970503
135.000000 0.386100 4.723500 0.000000 0.969900
135.750000 0.386926 4.724397 0.000000 0.969266
136.500000 0.377895 4.685902 0.000000 0.973143
137.250000 0.374426 4.664704 0.000000 0.970054
138.000000 0.376263 4.699490 0.000000 0.970479
138.750000 0.383094 4.724020 0.000000 0.973421
139.500000 0.392141 4.788072 0.000000 0.969682
140.250000 0.396497 4.826727 0.000000 0.968468
141.000000 0.407022 4.907873 0.000000 0.967790
141.750000 0.411148 4.898012 0.000000 0.973629
142.500000 0.425115 4.972406 0.000000 0.968006
143.250000 0.437469 5.048085 0.000000 0.966810
144.000000 0.432787 5.024805 0.000000 0.969094
144.750000 0.432864 5.047519 0.000000 0.969552
145.500000 0.425325 5.031732 0.000000 0.971972
146.250000 0.436756 5.058594 0.000000 0.975003
147.000000 0.448541 5.099320 0.000000 0.968525
147.750000 0.463878 5.192616 0.000000 0.971183
148.500000 0.484809 5.341021 0.000000 0.970420
149.250000 0.485235 5.329410 0.000000 0.964984
150.000000 0.462669 5.257872 0.000000 0.968416
150.750000 0.454264 5.239464 0.000000 0.969343
151.500000 0.445089 5.221844 0.000000 0.968994
152.250000 0.437594 5.241744 0.000000 0.967874
153.000000 0.451290 5.339367 0.000000 0.970794
153.750000 0.450804 5.294776 0.000000 0.969733
154.500000 0.453456 5.295246 0.000000 0.971634
155.250000 0.468117 5.399137 0.000000 0.971225
156.000000 0.443778 5.291417 0.000000 0.966186
156.750000 0.444134 5.308615 0.000000 0.972317
157.500000 0.445255 5.304196 0.000000 0.971329
158.250000 0.440776 5.210784 0.000000 0.972889
159.000000 0.430202 5.108452 0.000000 0.970258
159.750000 0.421725 5.085363 0.000000 0.966853
160.500000 0.409787 5.030822 0.000000 0.969279
161.250000 0.402778 4.967825 0.000000 0.972122
162.000000 0.405768 4.992690 0.000000 0.967955
162.750000 0.407237 4.986506 0.000000 0.970412
163.500000 0.395402 4.909345 0.000000 0.966817
164.250000 0.390095 4.886243 0.000000 0.968784
165.000000 0.397959 4.933873 0.000000 0.971489
165.750000 0.402201 4.964983 0.000000 0.968184
166.500000 0.402975 4.977740 0.000000 0.968058
167.250000 0.397681 4.969409 0.000000 0.969909
168.000000 0.391904 4.955223 0.000000 0.969015
168.750000 0.385554 4.907663 0.000000 0.968087
169.500000 0.380325 4.864213 0.000000 0.971665
170.250000 0.386128 4.891816 0.000000 0.969860
171.000000 0.382047 4.906837 0.000000 0.968812
171.750000 0.377415 4.848834 0.000000 0.969166
172.500000 0.368905 4.817546 0.000000 0.971223
173.250000 0.364891 4.786064 0.000000 0.971009
174.000000 0.347292 4.667200 0.000000 0.973616
174.750000 0.353782 4.681787 0.000000 0.968928
175.500000 0.344106 4.660896 0.000000 0.970983
176.250000 0.344776 4.630376 0.000000 0.973256
177.000000 0.360227 4.730128 0.000000 0.968784
177.750000 0.362724 4.746614 0.000000 0.968302
178.500000 0.357900 4.789000 0.000000 0.970700
179.250000 0.353347 4.765135 0.000000 0.973926
180.000000 0.357193 4.763602 0.000000 0.973246
180.750000 0.351776 4.664332 0.000000 0.972186
181.500000 0.351489 4.663502 0.000000 0.976514
182.250000 0.363855 4.654378 0.000000 0.973853
183.000000 0.379914 4.713114 0.000000 0.970991
183.750000 0.369103 4.688840 0.000000 0.967488
184.500000 0.365944 4.704207 0.000000 0.971620
185.250000 0.352518 4.597921 0.000000 0.970923
186.000000 0.345262 4.536885 0.000000 0.972511
186.750000 0.345720 4.571671 0.000000 0.969134
187.500000 0.366914 4.678650 0.000000 0.969758
188.250000 0.346473 4.592296 0.000000 0.968884
189.000000 0.354394 4.627812 0.000000 0.970809
189.750000 0.349940 4.650760 0.000000 0.971289
190.500000 0.358442 4.640959 0.000000 0.972428
191.250000 0.364363 4.661906 0.000000 0.971035
192.000000 0.363455 4.632452 0.000000 0.973540
192.750000 0.365419 4.608665 0.000000 0.968481
193.500000 0.370908 4.630994 0.000000 0.969166
194.250000 0.379324 4.701360 0.000000 0.971806
195.000000 0.397957 4.822652 0.000000 0.971360
195.750000 0.408411 4.828981 0.000000 0.972294
196.500000 0.397897 4.760741 0.000000 0.968252
197.250000 0.412583 4.867174 0.000000 0.968394
198.000000 0.408127 4.835168 0.000000 0.969476
198.750000 0.415600 4.839500 0.000000 0.970600
199.500000 0.403612 4.820694 0.000000 0.970265
200.250000 0.389289 4.760891 0.000000 0.969325
201.000000 0.376954 4.724549 0.000000 0.969639
201.750000 0.383471 4.695778 0.000000 0.969159
202.500000 0.361498 4.578536 0.000000 0.970267
203.250000 0.357186 4.590592 0.000000 0.973789
204.000000 0.340621 4.513128 0.000000 0.970251
204.750000 0.337839 4.485932 0.000000 0.970361
205.500000 0.361874 4.627635 0.000000 0.975622
206.250000 0.367832 4.699501 0.000000 0.973726
207.000000 0.369985 4.677539 0.000000 0.973587
207.750000 0.373125 4.751949 0.000000 0.973805
208.500000 0.363864 4.636938 0.000000 0.972943
209.250000 0.387190 4.775480 0.000000 0.969824
210.000000 0.391904 4.733134 0.000000 0.970115
210.750000 0.402460 4.820818 0.000000 0.972703
211.500000 0.407000 4.860000 0.000000 0.976400
212.250000 0.375986 4.691639 0.000000 0.970433
213.000000 0.362326 4.612451 0.000000 0.973476
213.750000 0.358746 4.581647 0.000000 0.971849
214.500000 0.353618 4.543690 0.000000 0.970073
215.250000 0.336230 4.431126 0.000000 0.971531
216.000000 0.325900 4.351300 0.000000 0.970200
216.750000 0.333633 4.362167 0.000000 0.971964
217.500000 0.336506 4.403827 0.000000 0.973953
218.250000 0.318054 4.283027 0.000000 0.969876
219.000000 0.342395 4.389866 0.000000 0.971117
219.750000 0.357979 4.470335 0.000000 0.970185
220.500000 0.372968 4.568678 0.000000 0.969776
221.250000 0.375699 4.591627 0.000000 0.972722
222.000000 0.358230 4.471466 0.000000 0.973769
222.750000 0.357742 4.482018 0.000000 0.971329
223.500000 0.354119 4.477429 0.000000 0.972876
224.250000 0.348442 4.447884 0.000000 0.971146
225.000000 0.348095 4.510972 0.000000 0.973868
225.750000 0.338907 4.455347 0.000000 0.971165
226.500000 0.334199 4.422546 0.000000 0.963722
227.250000 0.353035 4.464257 0.000000 0.974541
228.000000 0.342877 4.374011 0.000000 0.973170
228.750000 0.348391 4.401559 0.000000 0.976614
229.500000 0.356993 4.435780 0.000000 0.976574
230.250000 0.348809 4.460076 0.000000 0.973284
231.000000 0.348061 4.427229 0.000000 0.971411
231.750000 0.344046 4.429983 0.000000 0.974249
232.500000 0.347061 4.402239 0.000000 0.971311
233.250000 0.354952 4.424018 0.000000 0.970429
234.000000 0.357915 4.498099 0.000000 0.968381
234.750000 0.349386 4.483765 0.000000 0.968728
235.500000 0.342400 4.438900 0.000000 0.970200
236.250000 0.349295 4.468259 0.000000 0.969509
237.000000 0.347722 4.471223 0.000000 0.970623
237.750000 0.359000 4.501800 0.000000 0.973100
238.500000 0.376590 4.591569 0.000000 0.971763
239.250000 0.392636 4.649990 0.000000 0.974084
240.000000 0.385802 4.609392 0.000000 0.971062
240.750000 0.378213 4.619586 0.000000 0.965690
241.500000 0.370422 4.674983 0.000000 0.966969
242.250000 0.368884 4.670335 0.000000 0.971886
243.000000 0.348747 4.604115 0.000000 0.970039
243.750000 0.335336 4.512166 0.000000 0.972564
244.500000 0.317041 4.441779 0.000000 0.973014
245.250000 0.320052 4.424367 0.000000 0.970167
246.000000 0.303727 4.329503 0.000000 0.972625
246.750000 0.303100 4.218600 0.000000 0.974100
247.500000 0.308377 4.272791 0.000000 0.972811
248.250000 0.301460 4.205241 0.000000 0.971594
249.000000 0.306592 4.258077 0.000000 0.972492
249.750000 0.299090 4.153746 0.000000 0.972592
250.500000 0.294365 4.128516 0.000000 0.971775
251.250000 0.293864 4.098589 0.000000 0.974777
252.000000 0.304217 4.143114 0.000000 0.974815
252.750000 0.311326 4.235118 0.000000 0.975130
253.500000 0.318332 4.343977 0.000000 0.974953
254.250000 0.326387 4.366059 0.000000 0.973653
255.000000 0.332499 4.396395 0.000000 0.974261
255.750000 0.329198 4.333000 0.000000 0.975986
256.500000 0.323512 4.267679 0.000000 0.969237
257.250000 0.314297 4.187400 0.000000 0.974141
258.000000 0.324154 4.167515 0.000000 0.971665
258.750000 0.322445 4.135351 0.000000 0.974428
259.500000 0.312961 4.126920 0.000000 0.973579
260.250000 0.304513 4.057040 0.000000 0.973381
261.000000 0.321243 4.163569 0.000000 0.975220
261.750000 0.323849 4.145553 0.000000 0.972547
262.500000 0.326311 4.147079 0.000000 0.974638
263.250000 0.341934 4.220122 0.000000 0.972597
264.000000 0.336532 4.197301 0.000000 0.968616
264.750000 0.325739 4.165068 0.000000 0.970923
265.500000 0.337120 4.214051 0.000000 0.971300
266.250000 0.337335 4.224690 0.000000 0.972389
267.000000 0.324017 4.088840 0.000000 0.968756
267.750000 0.317622 4.083158 0.000000 0.969879
268.500000 0.315067 4.051793 0.000000 0.974153
269.250000 0.311431 4.055605 0.000000 0.974697
270.000000 0.300250 4.021411 0.000000 0.973187
270.750000 0.301049 4.017291 0.000000 0.974213
271.500000 0.301981 4.057234 0.000000 0.974985
272.250000 0.305278 4.087165 0.000000 0.974410
273.000000 0.297189 3.994398 0.000000 0.975093
273.750000 0.286285 3.921032 0.000000 0.975010
274.500000 0.274735 3.863282 0.000000 0.973916
275.250000 0.269550 3.826875 0.000000 0.975168
276.000000 0.264376 3.786015 0.000000 0.971348
276.750000 0.271973 3.797220 0.000000 0.968803
277.500000 0.256084 3.727992 0.000000 0.978768
278.250000 0.252200 3.705200 0.000000 0.978500
279.000000 0.231368 3.588746 0.000000 0.973661
279.750000 0.237810 3.574833 0.000000 0.971383
280.500000 0.231108 3.522270 0.000000 0.973977
281.250000 0.233977 3.487051 0.000000 0.975902
282.000000 0.248151 3.556966 0.000000 0.974715
282.750000 0.249675 3.496253 0.000000 0.975422
283.500000 0.270529 3.595904 0.000000 0.976424
284.250000 0.275835 3.592444 0.000000 0.973916
285.000000 0.275083 3.618286 0.000000 0.974792
285.750000 0.291496 3.688018 0.000000 0.974418
286.500000 0.299670 3.699630 0.000000 0.975203
287.250000 0.301019 3.681591 0.000000 0.977014
288.000000 0.280928 3.541854 0.000000 0.975298
288.750000 0.282248 3.580970 0.000000 0.976438
289.500000 0.271847 3.499051 0.000000 0.975332
290.250000 0.267996 3.464806 0.000000 0.975174
291.000000 0.275115 3.529376 0.000000 0.977040
291.750000 0.284600 3.588800 0.000000 0.979100
292.500000 0.263890 3.473321 0.000000 0.972269
293.250000 0.281959 3.599600 0.000000 0.980210
294.000000 0.297151 3.710545 0.000000 0.979110
294.750000 0.305703 3.739738 0.000000 0.975632
295.500000 0.315895 3.837751 0.000000 0.975493
296.250000 0.319187 3.853769 0.000000 0.976179
297.000000 0.328497 3.926756 0.000000 0.979288
297.750000 0.307800 3.832100 0.000000 0.974600
298.500000 0.298531 3.758218 0.000000 0.973024
299.250000 0.289376 3.712526 0.000000 0.976570
300.000000 0.289942 3.694361 0.000000 0.973105
300.750000 0.267566 3.548625 0.000000 0.975012
301.500000 0.283472 3.638336 0.000000 0.978702
302.250000 0.270443 3.544089 0.000000 0.978280
303.000000 0.277422 3.602682 0.000000 0.975981
303.750000 0.291783 3.661135 0.000000 0.975610
304.500000 0.291879 3.656654 0.000000 0.980375
305.250000 0.281256 3.614723 0.000000 0.977696
306.000000 0.278434 3.559972 0.000000 0.973068
306.750000 0.261480 3.405855 0.000000 0.971526
307.500000 0.261352 3.449690 0.000000 0.972695
308.250000 0.266106 3.491133 0.000000 0.975153
309.000000 0.268554 3.507502 0.000000 0.976995
309.750000 0.255840 3.376943 0.000000 0.969424
310.500000 0.258193 3.402678 0.000000 0.976918
311.250000 0.273944 3.482672 0.000000 0.976331
312.000000 0.279676 3.505496 0.000000 0.973921
312.750000 0.268700 3.397000 0.000000 0.972500
313.500000 0.262879 3.377713 0.000000 0.975893
314.250000 0.259866 3.345089 0.000000 0.967130
315.000000 0.256518 3.278194 0.000000 0.970233
315.750000 0.246478 3.241683 0.000000 0.970826
316.500000 0.236229 3.206938 0.000000 0.972808
317.250000 0.236012 3.163848 0.000000 0.976078
318.000000 0.231732 3.120721 0.000000 0.975075
318.750000 0.244209 3.233526 0.000000 0.979133
319.500000 0.241648 3.208742 0.000000 0.980096
320.250000 0.235735 3.156390 0.000000 0.980314
321.000000 0.221501 3.034569 0.000000 0.975622
321.750000 0.213341 2.996194 0.000000 0.974760
322.500000 0.231422 3.125250 0.000000 0.974531
323.250000 0.245281 3.208828 0.000000 0.977030
324.000000 0.249925 3.204275 0.000000 0.975327
324.750000 0.245145 3.185585 0.000000 0.976276
325.500000 0.235359 3.109448 0.000000 0.979248
326.250000 0.235653 3.146870 0.000000 0.973505
327.000000 0.245174 3.212264 0.000000 0.975193
327.750000 0.240769 3.200841 0.000000 0.979285
328.500000 0.250924 3.244529 0.000000 0.981013
329.250000 0.264168 3.323338 0.000000 0.979710
330.000000 0.265714 3.331868 0.000000 0.979015
330.750000 0.264172 3.348803 0.000000 0.974451
331.500000 0.267521 3.405687 0.000000 0.975270
332.250000 0.261995 3.388145 0.000000 0.974510
333.000000 0.266100 3.402900 0.000000 0.978000
333.750000 0.261169 3.394303 0.000000 0.976112
334.500000 0.259874 3.361464 0.000000 0.973803
335.250000 0.255430 3.335802 0.000000 0.978781
336.000000 0.254175 3.326068 0.000000 0.977902
336.750000 0.245349 3.259352 0.000000 0.973995
337.500000 0.242761 3.213706 0.000000 0.975053
338.250000 0.233443 3.141644 0.000000 0.977924
339.000000 0.245462 3.235288 0.000000 0.978356
339.750000 0.235212 3.180755 0.000000 0.977318
340.500000 0.232146 3.185437 0.000000 0.978396
341.250000 0.247571 3.220931 0.000000 0.977666
342.000000 0.256011 3.242143 0.000000 0.976853
342.750000 0.257574 3.317668 0.000000 0.974303
343.500000 0.248127 3.306063 0.000000 0.969933
344.250000 0.252597 3.301338 0.000000 0.975829
345.000000 0.258793 3.372202 0.000000 0.974121
345.750000 0.267360 3.423254 0.000000 0.974685
346.500000 0.279219 3.449174 0.000000 0.976965
347.250000 0.293894 3.538023 0.000000 0.974518
348.000000 0.280860 3.454573 0.000000 0.975212
348.750000 0.294915 3.548355 0.000000 0.979163
349.500000 0.290487 3.480244 0.000000 0.977593
350.250000 0.291504 3.487141 0.000000 0.973481
351.000000 0.296000 3.509600 0.000000 0.974200
351.750000 0.287938 3.443081 0.000000 0.979447
352.500000 0.267227 3.346835 0.000000 0.977398
353.250000 0.276200 3.415800 0.000000 0.978500
354.000000 0.283842 3.423912 0.000000 0.977289
354.750000 0.268168 3.365265 0.000000 0.972172
355.500000 0.266414 3.357550 0.000000 0.976616
356.250000 0.273639 3.454427 0.000000 0.980547
357.000000 0.256428 3.369385 0.000000 0.973487
357.750000 0.271720 3.526563 0.000000 0.980228
358.500000 0.271855 3.564092 0.000000 0.976921
359.250000 0.269624 3.555066 0.000000 0.977573
360.000000 0.275690 3.579368 0.000000 0.973810
360.750000 0.268151 3.570658 0.000000 0.976131
361.500000 0.265163 3.576341 0.000000 0.976642
362.250000 0.261518 3.540264 0.000000 0.977965
363.000000 0.251074 3.487456 0.000000 0.973913
363.750000 0.250150 3.526427 0.000000 0.977978
364.500000 0.253383 3.547559 0.000000 0.973138
365.250000 0.265519 3.626752 0.000000 0.973668
366.000000 0.258755 3.607865 0.000000 0.976886
366.750000 0.276917 3.702089 0.000000 0.975607
367.500000 0.286114 3.694192 0.000000 0.980406
368.250000 0.296196 3.766166 0.000000 0.976176
369.000000 0.315291 3.819079 0.000000 0.980064
369.750000 0.319628 3.837635 0.000000 0.977991
370.500000 0.322036 3.898720 0.000000 0.976605
371.250000 0.313892 3.810646 0.000000 0.976930
372.000000 0.304830 3.768177 0.000000 0.975798
372.750000 0.310011 3.812257 0.000000 0.976045
373.500000 0.297568 3.770694 0.000000 0.974377
374.250000 0.303261 3.791858 0.000000 0.975795
375.000000 0.298870 3.781322 0.000000 0.974903
375.750000 0.296252 3.775712 0.000000 0.971914
376.500000 0.303416 3.832515 0.000000 0.976761
377.250000 0.283758 3.656272 0.000000 0.972514
378.000000 0.287627 3.635119 0.000000 0.972816
378.750000 0.294359 3.678489 0.000000 0.971145
379.500000 0.281197 3.557190 0.000000 0.974182
380.250000 0.274463 3.570015 0.000000 0.977012
381.000000 0.273844 3.492759 0.000000 0.976630
381.750000 0.263321 3.410457 0.000000 0.974860
382.500000 0.260952 3.410682 0.000000 0.974695
383.250000 0.257497 3.480808 0.000000 0.971311
384.000000 0.252897 3.410907 0.000000 0.971834
384.750000 0.267852 3.497853 0.000000 0.973934
385.500000 0.277416 3.580370 0.000000 0.973560
386.250000 0.281366 3.613598 0.000000 0.975969
387.000000 0.288929 3.661366 0.000000 0.976498
387.750000 0.288249 3.630940 0.000000 0.978444
388.500000 0.280424 3.535929 0.000000 0.977782
389.250000 0.280272 3.530547 0.000000 0.972903
390.000000 0.284000 3.562700 0.000000 0.975300
390.750000 0.283531 3.484271 0.000000 0.971837
391.500000 0.273565 3.435240 0.000000 0.969849
392.250000 0.278406 3.521574 0.000000 0.977876
393.000000 0.273172 3.499751 0.000000 0.974359
393.750000 0.270057 3.501349 0.000000 0.972325
394.500000 0.272064 3.563618 0.000000 0.975712
395.250000 0.270192 3.593063 0.000000 0.975110
396.000000 0.275917 3.693792 0.000000 0.971808
396.750000 0.269860 3.641716 0.000000 0.977745
397.500000 0.265896 3.640024 0.000000 0.976181
398.250000 0.263811 3.662930 0.000000 0.978783
399.000000 0.260304 3.618648 0.000000 0.975290
399.750000 0.268785 3.653277 0.000000 0.975520
400.500000 0.279021 3.695605 0.000000 0.975125
401.250000 0.272654 3.620507 0.000000 0.974767
402.000000 0.257449 3.532293 0.000000 0.974105
402.750000 0.264462 3.534719 0.000000 0.974123
403.500000 0.263179 3.513354 0.000000 0.976193
404.250000 0.264259 3.483090 0.000000 0.976486
405.000000 0.264726 3.511451 0.000000 0.974697
405.750000 0.248018 3.394301 0.000000 0.973412
406.500000 0.243062 3.400060 0.000000 0.975053
407.250000 0.254300 3.483900 0.000000 0.977700
408.000000 0.253724 3.492652 0.000000 0.977407
408.750000 0.238813 3.406512 0.000000 0.975629
409.500000 0.239924 3.308502 0.000000 0.975436
410.250000 0.235971 3.334600 0.000000 0.976593
411.000000 0.234841 3.321493 0.000000 0.979988
411.750000 0.249201 3.453837 0.000000 0.978417
412.500000 0.252924 3.452464 0.000000 0.974208
413.250000 0.256531 3.510960 0.000000 0.974677
414.000000 0.266274 3.574082 0.000000 0.976338
414.750000 0.297103 3.775424 0.000000 0.976623
415.500000 0.291062 3.720649 0.000000 0.973676
416.250000 0.295536 3.783026 0.000000 0.976081
417.000000 0.306424 3.822460 0.000000 0.974823
417.750000 0.293024 3.791725 0.000000 0.975215
418.500000 0.303904 3.831331 0.000000 0.972773
419.250000 0.303621 3.863445 0.000000 0.976391
420.000000 0.305242 3.893060 0.000000 0.974538
420.750000 0.299630 3.789279 0.000000 0.975898
421.500000 0.315164 3.856344 0.000000 0.976640
422.250000 0.319492 3.896338 0.000000 0.974285
423.000000 0.313464 3.827389 0.000000 0.967141
423.750000 0.294636 3.772518 0.000000 0.976381
424.500000 0.302958 3.790767 0.000000 0.978317
425.250000 0.295322 3.689721 0.000000 0.977213
426.000000 0.300950 3.726463 0.000000 0.977789
426.750000 0.305803 3.743309 0.000000 0.976947
427.500000 0.311369 3.813119 0.000000 0.980202
428.250000 0.336168 3.972086 0.000000 0.976388
429.000000 0.335234 3.921068 0.000000 0.974790
429.750000 0.335464 3.926895 0.000000 0.972236
430.500000 0.333633 3.924706 0.000000 0.976832
431.250000 0.331569 3.916234 0.000000 0.977236
432.000000 0.324905 3.871377 0.000000 0.976214
432.750000 0.317972 3.864256 0.000000 0.972851
433.500000 0.313370 3.829544 0.000000 0.972659
434.250000 0.302460 3.804661 0.000000 0.978396
435.000000 0.297359 3.739948 0.000000 0.976495
435.750000 0.312057 3.836242 0.000000 0.976763
436.500000 0.331968 3.969431 0.000000 0.977822
437.250000 0.348483 4.051256 0.000000 0.975173
438.000000 0.347439 4.077931 0.000000 0.975790
438.750000 0.353459 4.093263 0.000000 0.975210
439.500000 0.349221 4.138090 0.000000 0.972322
440.250000 0.361206 4.203084 0.000000 0.973763
441.000000 0.366600 4.228184 0.000000 0.974524
441.750000 0.365227 4.231254 0.000000 0.976305
442.500000 0.387449 4.414073 0.000000 0.977079
443.250000 0.394866 4.447608 0.000000 0.978424
444.000000 0.397401 4.471165 0.000000 0.977111
444.750000 0.391583 4.482255 0.000000 0.974308
445.500000 0.378911 4.468966 0.000000 0.977411
446.250000 0.371888 4.470959 0.000000 0.973008
447.000000 0.368479 4.452989 0.000000 0.975268
447.750000 0.366370 4.493756 0.000000 0.976421
448.500000 0.374487 4.559828 0.000000 0.972664
449.250000 0.367406 4.537170 0.000000 0.970524
450.000000 0.351027 4.478218 0.000000 0.971457
450.750000 0.347261 4.482207 0.000000 0.973910
451.500000 0.362873 4.615946 0.000000 0.976421
452.250000 0.372876 4.649510 0.000000 0.976114
453.000000 0.390503 4.727009 0.000000 0.975055
453.750000 0.393927 4.737349 0.000000 0.971640
454.500000 0.387077 4.667033 0.000000 0.971494
455.250000 0.392304 4.746727 0.000000 0.972614
456.000000 0.384024 4.696755 0.000000 0.972841
456.750000 0.382812 4.670272 0.000000 0.971655
457.500000 0.367402 4.599761 0.000000 0.972253
458.250000 0.373725 4.629874 0.000000 0.971206
459.000000 0.389680 4.726367 0.000000 0.972408
459.750000 0.398396 4.793483 0.000000 0.973534
460.500000 0.399301 4.785223 0.000000 0.976735
461.250000 0.392986 4.791967 0.000000 0.972222
462.000000 0.381562 4.773623 0.000000 0.968003
462.750000 0.387416 4.806942 0.000000 0.972092
463.500000 0.388800 4.804000 0.000000 0.974800
464.250000 0.379379 4.773473 0.000000 0.967167
465.000000 0.370356 4.781572 0.000000 0.973761
465.750000 0.366037 4.815382 0.000000 0.971397
466.500000 0.371366 4.825357 0.000000 0.972225
467.250000 0.360808 4.764329 0.000000 0.971391
468.000000 0.370589 4.842547 0.000000 0.969509
468.750000 0.380296 4.858014 0.000000 0.971623
469.500000 0.364191 4.792263 0.000000 0.970909
470.250000 0.360176 4.821661 0.000000 0.973724
471.000000 0.365049 4.809805 0.000000 0.972428
471.750000 0.348561 4.756997 0.000000 0.968812
472.500000 0.338402 4.700210 0.000000 0.970191
473.250000 0.340368 4.692238 0.000000 0.970794
474.000000 0.347192 4.668099 0.000000 0.969718
474.750000 0.356893 4.682939 0.000000 0.970949
475.500000 0.357193 4.643506 0.000000 0.974543
476.250000 0.356571 4.584335 0.000000 0.967147
477.000000 0.349426 4.514614 0.000000 0.972070
477.750000 0.334698 4.458650 0.000000 0.972433
478.500000 0.320424 4.337637 0.000000 0.970079
479.250000 0.323317 4.340244 0.000000 0.973658
480.000000 0.308646 4.259370 0.000000 0.969115
480.750000 0.312469 4.268543 0.000000 0.974743
481.500000 0.336296 4.369257 0.000000 0.976928
482.250000 0.335860 4.346933 0.000000 0.977157
483.000000 0.340827 4.369604 0.000000 0.973221
483.750000 0.342356 4.424762 0.000000 0.973133
484.500000 0.360680 4.506653 0.000000 0.973987
485.250000 0.343123 4.450305 0.000000 0.973529
486.000000 0.347965 4.508679 0.000000 0.974461
486.750000 0.354019 4.550095 0.000000 0.972976
487.500000 0.371923 4.597558 0.000000 0.969482
488.250000 0.373988 4.587924 0.000000 0.969909
489.000000 0.363691 4.543140 0.000000 0.966147
489.750000 0.348561 4.488204 0.000000 0.970212
490.500000 0.341971 4.457929 0.000000 0.973587
491.250000 0.362846 4.554212 0.000000 0.968622
492.000000 0.368022 4.562369 0.000000 0.971237
492.750000 0.380610 4.540530 0.000000 0.974513
493.500000 0.374349 4.525931 0.000000 0.973268
494.250000 0.368242 4.518238 0.000000 0.975017
495.000000 0.377275 4.591218 0.000000 0.973695
495.750000 0.389395 4.677339 0.000000 0.973487
496.500000 0.398681 4.760791 0.000000 0.974820
497.250000 0.396277 4.710898 0.000000 0.969979
498.000000 0.425260 4.879197 0.000000 0.975919
498.750000 0.421132 4.887445 0.000000 0.974410
499.500000 0.421583 4.924628 0.000000 0.971349
500.250000 0.426772 4.989103 0.000000 0.967210
501.000000 0.436851 4.987610 0.000000 0.968425
501.750000 0.414261 4.920603 0.000000 0.968341
502.500000 0.406756 4.874276 0.000000 0.974715
503.250000 0.403163 4.831548 0.000000 0.971775
504.000000 0.401058 4.843950 0.000000 0.969748
504.750000 0.400660 4.878852 0.000000 0.972189
505.500000 0.405891 4.873090 0.000000 0.970245
506.250000 0.393118 4.800140 0.000000 0.967790
507.000000 0.396102 4.808596 0.000000 0.970315
507.750000 0.392214 4.759107 0.000000 0.972978
508.500000 0.404085 4.842711 0.000000 0.972467
509.250000 0.402538 4.874713 0.000000 0.970227
510.000000 0.395488 4.891695 0.000000 0.968457
510.750000 0.387506 4.824687 0.000000 0.965717
511.500000 0.388184 4.856543 0.000000 0.971009
512.250000 0.388522 4.913817 0.000000 0.969706
513.000000 0.403489 5.003409 0.000000 0.968214
513.750000 0.408122 5.028409 0.000000 0.968291
514.500000 0.394708 4.961258 0.000000 0.967049
515.250000 0.379245 4.867259 0.000000 0.966041
516.000000 0.380652 4.880352 0.000000 0.970788
516.750000 0.377442 4.850846 0.000000 0.969749
517.500000 0.381090 4.870307 0.000000 0.969748
518.250000 0.376386 4.828888 0.000000 0.972630
519.000000 0.380415 4.814933 0.000000 0.968656
519.750000 0.364754 4.752998 0.000000 0.965614
520.500000 0.367123 4.832617 0.000000 0.970239
521.250000 0.382120 4.846331 0.000000 0.966763
522.000000 0.396808 4.902943 0.000000 0.968479
522.750000 0.394592 4.847571 0.000000 0.968353
523.500000 0.401117 4.900968 0.000000 0.970579
524.250000 0.399940 4.864719 0.000000 0.972584
525.000000 0.406713 4.918136 0.000000 0.969038
525.750000 0.412824 4.996799 0.000000 0.974993
526.500000 0.430600 5.058100 0.000000 0.974800
527.250000 0.435697 5.106771 0.000000 0.971354
528.000000 0.431609 5.123602 0.000000 0.969649
528.750000 0.424930 5.090164 0.000000 0.970212
529.500000 0.424358 5.067393 0.000000 0.970103
530.250000 0.421079 5.098789 0.000000 0.971975
531.000000 0.433610 5.152763 0.000000 0.972225
531.750000 0.432489 5.102793 0.000000 0.971574
532.500000 0.424697 5.061443 0.000000 0.967677
533.250000 0.422789 5.015692 0.000000 0.966117
534.000000 0.431773 4.990196 0.000000 0.963585
534.750000 0.434530 5.038311 0.000000 0.966790
535.500000 0.437319 5.026329 0.000000 0.969183
536.250000 0.432662 5.029639 0.000000 0.974467
537.000000 0.421842 4.939394 0.000000 0.969897
537.750000 0.408701 4.919876 0.000000 0.970465
538.500000 0.398699 4.906553 0.000000 0.974887
539.250000 0.414059 5.005699 0.000000 0.975502
540.000000 0.407715 5.024483 0.000000 0.973119
540.750000 0.414107 5.047624 0.000000 0.968284
541.500000 0.404619 4.971006 0.000000 0.972705
542.250000 0.393967 4.914894 0.000000 0.972131
543.000000 0.381589 4.870507 0.000000 0.966653
543.750000 0.367732 4.778522 0.000000 0.971728
544.500000 0.366693 4.748999 0.000000 0.975280
545.250000 0.355484 4.620496 0.000000 0.972278
546.000000 0.371013 4.706920 0.000000 0.969107
546.750000 0.374375 4.721867 0.000000 0.970718
547.500000 0.373924 4.747249 0.000000 0.968781
548.250000 0.382987 4.730930 0.000000 0.973343
549.000000 0.376577 4.723623 0.000000 0.970470
549.750000 0.370500 4.712476 0.000000 0.970181
550.500000 0.356508 4.578564 0.000000 0.966437
551.250000 0.357842 4.563037 0.000000 0.970529
552.000000 0.346910 4.513627 0.000000 0.968354
552.750000 0.348539 4.505102 0.000000 0.971088
553.500000 0.346912 4.521569 0.000000 0.974077
554.250000 0.351917 4.572015 0.000000 0.975278
555.000000 0.353423 4.494253 0.000000 0.976212
555.750000 0.356081 4.529981 0.000000 0.978549
556.500000 0.362262 4.541742 0.000000 0.975976
557.250000 0.361375 4.541613 0.000000 0.973024
558.000000 0.376074 4.624726 0.000000 0.973637
558.750000 0.375588 4.656929 0.000000 0.968584
559.500000 0.370374 4.598720 0.000000 0.968894
560.250000 0.369372 4.622242 0.000000 0.969851
561.000000 0.379214 4.718416 0.000000 0.973992
561.750000 0.388672 4.717910 0.000000 0.973329
562.500000 0.393157 4.759203 0.000000 0.972389
563.250000 0.371234 4.627164 0.000000 0.964968
564.000000 0.388517 4.752326 0.000000 0.972092
564.750000 0.383200 4.754000 0.000000 0.971500
565.500000 0.396040 4.821982 0.000000 0.975098
566.250000 0.404831 4.876036 0.000000 0.973750
567.000000 0.390514 4.787718 0.000000 0.972242
567.750000 0.380943 4.716945 0.000000 0.970974
568.500000 0.385031 4.684110 0.000000 0.971283
569.250000 0.366093 4.626201 0.000000 0.973179
570.000000 0.345306 4.481093 0.000000 0.968872
570.750000 0.349265 4.527348 0.000000 0.974403
571.500000 0.370192 4.608573 0.000000 0.974559
572.250000 0.364536 4.522252 0.000000 0.973197
573.000000 0.375462 4.523728 0.000000 0.972225
573.750000 0.374451 4.542315 0.000000 0.972954
574.500000 0.379056 4.611660 0.000000 0.972247
575.250000 0.389217 4.610884 0.000000 0.970791
576.000000 0.377438 4.530153 0.000000 0.974898
576.750000 0.385215 4.542757 0.000000 0.974525
577.500000 0.380575 4.437506 0.000000 0.970031
578.250000 0.360004 4.350714 0.000000 0.971032
579.000000 0.365690 4.419874 0.000000 0.976507
579.750000 0.376375 4.506401 0.000000 0.976295
580.500000 0.383132 4.536325 0.000000 0.976616
581.250000 0.389372 4.549496 0.000000 0.973329
582.000000 0.395063 4.586548 0.000000 0.975515
582.750000 0.385353 4.557398 0.000000 0.970626
583.500000 0.396302 4.659470 0.000000 0.969015
584.250000 0.391687 4.718326 0.000000 0.970324
585.000000 0.383762 4.671533 0.000000 0.970603
585.750000 0.370296 4.599561 0.000000 0.968260
586.500000 0.366183 4.597299 0.000000 0.968984
587.250000 0.359692 4.553134 0.000000 0.965810
588.000000 0.366370 4.514637 0.000000 0.970527
588.750000 0.354539 4.440427 0.000000 0.971837
589.500000 0.365208 4.467426 0.000000 0.974520
590.250000 0.371840 4.482062 0.000000 0.973219
591.000000 0.381095 4.493241 0.000000 0.972264
591.750000 0.382579 4.460194 0.000000 0.973030
592.500000 0.396746 4.494361 0.000000 0.976145
593.250000 0.398161 4.521787 0.000000 0.975615
594.000000 0.410766 4.614202 0.000000 0.975232
594.750000 0.411883 4.633504 0.000000 0.972648
595.500000 0.418252 4.650293 0.000000 0.971804
596.250000 0.401657 4.583874 0.000000 0.971859
597.000000 0.403115 4.652591 0.000000 0.974943
597.750000 0.391830 4.586296 0.000000 0.971334
598.500000 0.392854 4.546692 0.000000 0.966970
599.250000 0.392208 4.569631 0.000000 0.974825
600.000000 0.381366 4.504294 0.000000 0.971640
600.750000 0.368468 4.444100 0.000000 0.972525
601.500000 0.349601 4.366966 0.000000 0.969062
602.250000 0.351878 4.400220 0.000000 0.973632
603.000000 0.348826 4.374612 0.000000 0.971714
603.750000 0.335166 4.285386 0.000000 0.974010
604.500000 0.327931 4.190076 0.000000 0.968587
605.250000 0.315552 4.097678 0.000000 0.969776
606.000000 0.313144 4.114225 0.000000 0.970968
606.750000 0.317290 4.070942 0.000000 0.973584
607.500000 0.312987 4.027073 0.000000 0.974925
608.250000 0.313669 4.038996 0.000000 0.972903
609.000000 0.298123 3.923123 0.000000 0.969649
609.750000 0.300230 3.961396 0.000000 0.973197
610.500000 0.312744 4.025187 0.000000 0.971214
611.250000 0.312713 4.019319 0.000000 0.974074
612.000000 0.312856 4.011906 0.000000 0.976388
612.750000 0.309686 3.943366 0.000000 0.975785
613.500000 0.308522 3.949046 0.000000 0.976321
614.250000 0.325290 4.026532 0.000000 0.977974
615.000000 0.323274 3.978415 0.000000 0.974918
615.750000 0.333400 4.008490 0.000000 0.973732
616.500000 0.333466 4.015275 0.000000 0.976538
617.250000 0.313325 3.964686 0.000000 0.974490
618.000000 0.317159 3.994197 0.000000 0.974887
618.750000 0.311806 3.951314 0.000000 0.972808
619.500000 0.316593 4.009186 0.000000 0.978035
620.250000 0.311082 4.006995 0.000000 0.974618
621.000000 0.317441 3.985507 0.000000 0.975712
621.750000 0.327941 4.044338 0.000000 0.978131
622.500000 0.326580 4.009582 0.000000 0.972951
623.250000 0.337526 4.151243 0.000000 0.973944
624.000000 0.342929 4.229085 0.000000 0.975012
624.750000 0.340902 4.247174 0.000000 0.973092
625.500000 0.345445 4.272773 0.000000 0.976777
626.250000 0.342329 4.251275 0.000000 0.977511
627.000000 0.331201 4.187987 0.000000 0.972916
627.750000 0.317419 4.088294 0.000000 0.971934
628.500000 0.321371 4.094662 0.000000 0.972311
629.250000 0.308815 4.064161 0.000000 0.974515
630.000000 0.326710 4.158962 0.000000 0.974538
630.750000 0.322171 4.123651 0.000000 0.974510
631.500000 0.317190 4.108065 0.000000 0.976086
632.250000 0.319336 4.125675 0.000000 0.976605
633.000000 0.334764 4.184350 0.000000 0.974948
633.750000 0.340977 4.234328 0.000000 0.972361
634.500000 0.347426 4.321539 0.000000 0.978111
635.250000 0.331938 4.270235 0.000000 0.974482
636.000000 0.338824 4.288509 0.000000 0.973645
636.750000 0.344166 4.300870 0.000000 0.972103
637.500000 0.342458 4.325774 0.000000 0.973626
638.250000 0.346323 4.375977 0.000000 0.975857
639.000000 0.345611 4.338805 0.000000 0.973376
639.750000 0.336435 4.263784 0.000000 0.971380
640.500000 0.338235 4.283013 0.000000 0.973990
641.250000 0.328400 4.185500 0.000000 0.973600
642.000000 0.326098 4.188756 0.000000 0.971792
642.750000 0.326940 4.165019 0.000000 0.972430
643.500000 0.320757 4.137210 0.000000 0.972578
644.250000 0.319277 4.160687 0.000000 0.975217
645.000000 0.312606 4.099029 0.000000 0.976069
645.750000 0.324316 4.199840 0.000000 0.975444
646.500000 0.315926 4.169568 0.000000 0.969888
647.250000 0.307546 4.101181 0.000000 0.969476
648.000000 0.299429 4.060866 0.000000 0.975373
648.750000 0.292871 3.944606 0.000000 0.974903
649.500000 0.288498 3.873688 0.000000 0.970820
650.250000 0.285572 3.826760 0.000000 0.966950
651.000000 0.291854 3.904548 0.000000 0.973713
651.750000 0.302235 3.947116 0.000000 0.976851
652.500000 0.301319 3.950330 0.000000 0.975215
653.250000 0.300200 3.962262 0.000000 0.974775
654.000000 0.297089 3.919376 0.000000 0.972992
654.750000 0.313263 4.026805 0.000000 0.972594
655.500000 0.306583 3.995291 0.000000 0.969141
656.250000 0.300942 3.984873 0.000000 0.971348
657.000000 0.313006 4.098771 0.000000 0.972408
657.750000 0.309438 4.095581 0.000000 0.972605
658.500000 0.315347 4.096406 0.000000 0.968565
659.250000 0.314126 4.075030 0.000000 0.973990
660.000000 0.295545 3.942269 0.000000 0.973532
660.750000 0.293493 3.907808 0.000000 0.971471
661.500000 0.293800 3.911400 0.000000 0.974000
662.250000 0.298879 3.924155 0.000000 0.972183
663.000000 0.297295 3.930418 0.000000 0.972347
663.750000 0.284986 3.863954 0.000000 0.973611
664.500000 0.287188 3.903536 0.000000 0.970850
665.250000 0.292380 3.893361 0.000000 0.979674
666.000000 0.277222 3.820857 0.000000 0.971077
666.750000 0.284130 3.883770 0.000000 0.976414
667.500000 0.271517 3.787430 0.000000 0.971377
668.250000 0.277045 3.800640 0.000000 0.975505
669.000000 0.281556 3.857671 0.000000 0.978796
669.750000 0.275603 3.872660 0.000000 0.972570
670.500000 0.276560 3.871032 0.000000 0.977170
671.250000 0.293477 3.953451 0.000000 0.973629
672.000000 0.306255 4.056954 0.000000 0.976119
672.750000 0.296755 3.967448 0.000000 0.979131
673.500000 0.315052 4.112090 0.000000 0.976081
674.250000 0.321701 4.119234 0.000000 0.972423
675.000000 0.325530 4.147959 0.000000 0.972289
675.750000 0.327733 4.203620 0.000000 0.973597
676.500000 0.318801 4.112247 0.000000 0.974945
677.250000 0.322249 4.077791 0.000000 0.975335
678.000000 0.305214 3.988893 0.000000 0.977084
678.750000 0.310876 4.039984 0.000000 0.974910
679.500000 0.301975 3.986931 0.000000 0.975459
680.250000 0.308309 4.029969 0.000000 0.978050
681.000000 0.297351 3.989905 0.000000 0.976512
681.750000 0.293083 3.950720 0.000000 0.976909
682.500000 0.285686 3.934264 0.000000 0.977257
683.250000 0.276766 3.846908 0.000000 0.971183
684.000000 0.291275 3.940364 0.000000 0.970983
684.750000 0.311773 4.112414 0.000000 0.973125
685.500000 0.329558 4.202666 0.000000 0.974842
686.250000 0.327519 4.180451 0.000000 0.971429
687.000000 0.332599 4.253380 0.000000 0.977066
687.750000 0.327008 4.189672 0.000000 0.975030
688.500000 0.321161 4.129901 0.000000 0.973860
689.250000 0.322210 4.112399 0.000000 0.972225
690.000000 0.304774 4.001502 0.000000 0.970073
690.750000 0.309510 3.973774 0.000000 0.973574
691.500000 0.297683 3.903635 0.000000 0.966147
692.250000 0.295799 3.887396 0.000000 0.974531
693.000000 0.298619 3.904362 0.000000 0.975590
693.750000 0.302715 3.931784 0.000000 0.974957
694.500000 0.298409 3.854898 0.000000 0.968978
695.250000 0.297208 3.867007 0.000000 0.973982
696.000000 0.299760 3.903284 0.000000 0.973068
696.750000 0.298600 3.899700 0.000000 0.974100
697.500000 0.291725 3.887268 0.000000 0.976114
698.250000 0.295357 3.887568 0.000000 0.972741
699.000000 0.293336 3.883805 0.000000 0.970327
699.750000 0.274722 3.828074 0.000000 0.972147
700.500000 0.276534 3.847292 0.000000 0.971417
701.250000 0.281936 3.891118 0.000000 0.973852
702.000000 0.287056 3.936332 0.000000 0.972314
702.750000 0.289069 3.898281 0.000000 0.975619
703.500000 0.281128 3.861786 0.000000 0.972097
704.250000 0.263258 3.749026 0.000000 0.967642
705.000000 0.264679 3.697509 0.000000 0.973492
705.750000 0.267153 3.749150 0.000000 0.976395
706.500000 0.276251 3.768608 0.000000 0.974423
707.250000 0.272409 3.678625 0.000000 0.975617
708.000000 0.266148 3.635120 0.000000 0.977239
708.750000 0.273363 3.671564 0.000000 0.978711
709.500000 0.275538 3.668934 0.000000 0.978889
710.250000 0.269726 3.644289 0.000000 0.974863
711.000000 0.263405 3.541188 0.000000 0.976635
711.750000 0.258548 3.500000 0.000000 0.973905
712.500000 0.268777 3.545445 0.000000 0.976029
713.250000 0.268661 3.544527 0.000000 0.975986
714.000000 0.255208 3.493590 0.000000 0.976763
714.750000 0.254945 3.555944 0.000000 0.972827
715.500000 0.250649 3.507789 0.000000 0.971640
716.250000 0.251650 3.508298 0.000000 0.978704
717.000000 0.248076 3.471364 0.000000 0.972914
717.750000 0.258934 3.547914 0.000000 0.977441
718.500000 0.267658 3.580906 0.000000 0.979449
719.250000 0.263447 3.527493 0.000000 0.975751
720.000000 0.257803 3.553021 0.000000 0.971989
720.750000 0.265699 3.630646 0.000000 0.973560
721.500000 0.271349 3.658919 0.000000 0.975060
722.250000 0.274582 3.663399 0.000000 0.977793
723.000000 0.291142 3.727755 0.000000 0.975105
723.750000 0.308860 3.788333 0.000000 0.974828
724.500000 0.305417 3.756946 0.000000 0.975515
725.250000 0.299960 3.730685 0.000000 0.975245
726.000000 0.305608 3.696491 0.000000 0.973908
726.750000 0.318409 3.775035 0.000000 0.974715
727.500000 0.307209 3.708246 0.000000 0.974574
728.250000 0.296119 3.683528 0.000000 0.976454
729.000000 0.319351 3.877065 0.000000 0.973671
729.750000 0.322822 3.899811 0.000000 0.974154
730.500000 0.341161 4.029779 0.000000 0.976017
731.250000 0.362881 4.183594 0.000000 0.973057
732.000000 0.343469 4.038108 0.000000 0.976695
732.750000 0.351681 4.065152 0.000000 0.973479
733.500000 0.350600 4.093400 0.000000 0.972200
734.250000 0.353283 4.115793 0.000000 0.978983
735.000000 0.342166 4.094491 0.000000 0.969603
735.750000 0.350225 4.202099 0.000000 0.972114
736.500000 0.368763 4.316168 0.000000 0.975102
737.250000 0.370178 4.262043 0.000000 0.972616
738.000000 0.358795 4.222745 0.000000 0.976975
738.750000 0.356243 4.232693 0.000000 0.976891
739.500000 0.345400 4.161200 0.000000 0.979100
740.250000 0.346814 4.150889 0.000000 0.977232
741.000000 0.345531 4.202060 0.000000 0.973105
741.750000 0.360784 4.319708 0.000000 0.973816
742.500000 0.366453 4.323441 0.000000 0.976038
743.250000 0.363718 4.316741 0.000000 0.972214
744.000000 0.380356 4.429215 0.000000 0.974569
744.750000 0.379742 4.485837 0.000000 0.977079
745.500000 0.386007 4.447876 0.000000 0.975612
746.250000 0.390464 4.467194 0.000000 0.978363
747.000000 0.381372 4.472809 0.000000 0.977867
747.750000 0.375400 4.470777 0.000000 0.977282
748.500000 0.374189 4.530891 0.000000 0.975447
749.250000 0.375762 4.600859 0.000000 0.976121
750.000000 0.382350 4.643895 0.000000 0.969448
750.750000 0.387284 4.598420 0.000000 0.973708
751.500000 0.384777 4.580861 0.000000 0.972730
752.250000 0.403604 4.684084 0.000000 0.973774
753.000000 0.409931 4.757318 0.000000 0.975622
753.750000 0.421956 4.816566 0.000000 0.971058
754.500000 0.415660 4.846499 0.000000 0.971537
755.250000 0.433203 4.958471 0.000000 0.971880
756.000000 0.420192 4.905826 0.000000 0.978352
756.750000 0.416542 4.877934 0.000000 0.969733
757.500000 0.421690 4.952433 0.000000 0.968957
758.250000 0.409522 4.973550 0.000000 0.971155
759.000000 0.413237 5.003204 0.000000 0.973866
759.750000 0.407178 4.991702 0.000000 0.970009
760.500000 0.408358 5.025253 0.000000 0.970338
761.250000 0.411048 5.036060 0.000000 0.969234
762.000000 0.409509 5.052337 0.000000 0.969237
762.750000 0.407914 5.077346 0.000000 0.971620
763.500000 0.401916 5.062163 0.000000 0.971762
764.250000 0.398140 5.041605 0.000000 0.972097
765.000000 0.413717 5.131973 0.000000 0.973305
765.750000 0.401302 5.056485 0.000000 0.972559
766.500000 0.392739 4.912991 0.000000 0.971897
767.250000 0.390019 4.891372 0.000000 0.972242
768.000000 0.384654 4.870680 0.000000 0.967645
768.750000 0.384715 4.874362 0.000000 0.971792
769.500000 0.377916 4.838122 0.000000 0.971268
770.250000 0.385935 4.870324 0.000000 0.971970
771.000000 0.363145 4.770208 0.000000 0.971889
771.750000 0.362300 4.787200 0.000000 0.972600
772.500000 0.356602 4.738333 0.000000 0.969485
773.250000 0.352352 4.743944 0.000000 0.971972
774.000000 0.348812 4.688236 0.000000 0.973237
774.750000 0.333600 4.582526 0.000000 0.973040
775.500000 0.330236 4.582135 0.000000 0.968525
776.250000 0.342266 4.644435 0.000000 0.971803
777.000000 0.332134 4.547690 0.000000 0.969506
777.750000 0.336226 4.578197 0.000000 0.968781
778.500000 0.343028 4.581309 0.000000 0.971114
779.250000 0.355251 4.643150 0.000000 0.973119
780.000000 0.364283 4.688201 0.000000 0.971655
780.750000 0.370744 4.725212 0.000000 0.973340
781.500000 0.373351 4.742103 0.000000 0.971012
782.250000 0.386768 4.759045 0.000000 0.968819
783.000000 0.408964 4.890956 0.000000 0.972789
783.750000 0.419371 4.943685 0.000000 0.970145
784.500000 0.415666 4.924170 0.000000 0.970088
785.250000 0.414234 4.881648 0.000000 0.967213
786.000000 0.425519 5.009884 0.000000 0.972344
786.750000 0.413545 4.973430 0.000000 0.968235
787.500000 0.424303 5.016888 0.000000 0.971220
788.250000 0.435022 5.082999 0.000000 0.968763
789.000000 0.445587 5.120707 0.000000 0.969848
789.750000 0.444023 5.097573 0.000000 0.967243
790.500000 0.433613 5.080784 0.000000 0.967107
791.250000 0.421541 5.022759 0.000000 0.967758
792.000000 0.420322 5.082126 0.000000 0.967529
792.750000 0.416417 5.010785 0.000000 0.968744
793.500000 0.421775 5.037260 0.000000 0.970653
794.250000 0.424358 4.971603 0.000000 0.971903
795.000000 0.427614 4.987002 0.000000 0.967906
795.750000 0.402498 4.899800 0.000000 0.967732
796.500000 0.397178 4.915340 0.000000 0.965376
797.250000 0.401821 5.016313 0.000000 0.973078
798.000000 0.395802 5.003298 0.000000 0.973413
798.750000 0.405690 5.071421 0.000000 0.970049
799.500000 0.401536 5.043197 0.000000 0.971269
800.250000 0.410477 5.099670 0.000000 0.968310
801.000000 0.416492 5.128136 0.000000 0.970115
801.750000 0.417825 5.109733 0.000000 0.969791
802.500000 0.419193 5.095166 0.000000 0.967077
803.250000 0.413831 5.077862 0.000000 0.972278
804.000000 0.405987 5.041550 0.000000 0.973268
804.750000 0.395284 4.965927 0.000000 0.968725
805.500000 0.399359 5.010610 0.000000 0.971174
806.250000 0.391827 4.960036 0.000000 0.965645
807.000000 0.389832 4.950659 0.000000 0.969437
807.750000 0.387368 4.927343 0.000000 0.970718
808.500000 0.396460 4.940506 0.000000 0.970103
809.250000 0.394145 4.867719 0.000000 0.972425
810.000000 0.389343 4.791559 0.000000 0.973957
810.750000 0.389570 4.783428 0.000000 0.973477
811.500000 0.389022 4.744091 0.000000 0.969251
812.250000 0.409908 4.844087 0.000000 0.970036
813.000000 0.407574 4.822742 0.000000 0.972122
813.750000 0.396578 4.770840 0.000000 0.973081
814.500000 0.382932 4.744179 0.000000 0.969621
815.250000 0.372786 4.702551 0.000000 0.968184
816.000000 0.379818 4.695265 0.000000 0.969767
816.750000 0.370707 4.678914 0.000000 0.968351
817.500000 0.358264 4.579742 0.000000 0.971603
818.250000 0.363100 4.561900 0.000000 0.974400
819.000000 0.376449 4.584766 0.000000 0.972811
819.750000 0.385821 4.648827 0.000000 0.974239
820.500000 0.399540 4.730338 0.000000 0.974285
821.250000 0.398504 4.699750 0.000000 0.972768
822.000000 0.384123 4.611178 0.000000 0.971906
822.750000 0.377967 4.577366 0.000000 0.970356
823.500000 0.366042 4.499148 0.000000 0.969129
824.250000 0.362155 4.487705 0.000000 0.970112
825.000000 0.357921 4.492054 0.000000 0.972814
825.750000 0.346296 4.453164 0.000000 0.971509
826.500000 0.337832 4.302040 0.000000 0.972206
827.250000 0.330997 4.246796 0.000000 0.970965
828.000000 0.337738 4.275476 0.000000 0.974174
828.750000 0.325070 4.215514 0.000000 0.974910
829.500000 0.323268 4.186781 0.000000 0.972703
830.250000 0.304487 4.058359 0.000000 0.971620
831.000000 0.301762 4.061274 0.000000 0.971866
831.750000 0.318610 4.095653 0.000000 0.968249
832.500000 0.314952 4.076861 0.000000 0.970276
833.250000 0.297051 4.006796 0.000000 0.964718
834.000000 0.296581 4.032087 0.000000 0.973910
834.750000 0.297065 3.985526 0.000000 0.972050
835.500000 0.292856 3.964877 0.000000 0.974257
836.250000 0.303727 4.024778 0.000000 0.972425
837.000000 0.298207 3.997496 0.000000 0.973856
837.750000 0.299180 4.007297 0.000000 0.975910
838.500000 0.286972 3.966780 0.000000 0.973484
839.250000 0.293022 4.019922 0.000000 0.976074
840.000000 0.301745 4.070297 0.000000 0.976233
840.750000 0.310849 4.171137 0.000000 0.974980
841.500000 0.305356 4.119704 0.000000 0.974121
842.250000 0.313224 4.129844 0.000000 0.971334
843.000000 0.289352 4.054141 0.000000 0.972027
843.750000 0.291612 4.122557 0.000000 0.972142
844.500000 0.292395 4.129909 0.000000 0.975817
845.250000 0.299040 4.112678 0.000000 0.972405
846.000000 0.307985 4.134480 0.000000 0.969482
846.750000 0.300759 4.124775 0.000000 0.969455
847.500000 0.314743 4.161520 0.000000 0.973313
848.250000 0.315405 4.137559 0.000000 0.970209
849.000000 0.304005 4.080595 0.000000 0.966543
849.750000 0.301855 4.044077 0.000000 0.975170
850.500000 0.313886 4.117582 0.000000 0.975924
851.250000 0.320847 4.085306 0.000000 0.973130
852.000000 0.317946 4.050947 0.000000 0.976969
852.750000 0.307515 4.004503 0.000000 0.973281
853.500000 0.317545 4.024835 0.000000 0.973964
854.250000 0.311895 3.959553 0.000000 0.971038
855.000000 0.296900 3.855200 0.000000 0.971700
855.750000 0.299301 3.839860 0.000000 0.967832
856.500000 0.304200 3.836800 0.000000 0.972200
857.250000 0.297430 3.822482 0.000000 0.974998
858.000000 0.291721 3.783282 0.000000 0.977629
858.750000 0.288542 3.744651 0.000000 0.976905
859.500000 0.285629 3.658444 0.000000 0.971337
860.250000 0.266081 3.614463 0.000000 0.976628
861.000000 0.254671 3.500649 0.000000 0.973224
861.750000 0.256490 3.574281 0.000000 0.977037
862.500000 0.268273 3.643436 0.000000 0.975402
863.250000 0.267768 3.642242 0.000000 0.975576
864.000000 0.272773 3.700901 0.000000 0.981782
864.750000 0.284829 3.787328 0.000000 0.976214
865.500000 0.288731 3.756505 0.000000 0.976882
866.250000 0.288435 3.765903 0.000000 0.971486
867.000000 0.297781 3.848061 0.000000 0.974910
867.750000 0.295434 3.866121 0.000000 0.975522
868.500000 0.298822 3.929213 0.000000 0.975539
869.250000 0.305586 3.977915 0.000000 0.973419
870.000000 0.310407 4.014196 0.000000 0.972608
870.750000 0.311393 4.055017 0.000000 0.971091
871.500000 0.307923 4.057848 0.000000 0.971725
872.250000 0.307808 4.054812 0.000000 0.973442
873.000000 0.296523 4.004910 0.000000 0.973645
873.750000 0.313188 4.094556 0.000000 0.977787
874.500000 0.312688 4.089554 0.000000 0.975886
875.250000 0.296118 3.974390 0.000000 0.975690
876.000000 0.309514 4.043574 0.000000 0.971317
876.750000 0.304417 3.997507 0.000000 0.971882
877.500000 0.296755 4.011283 0.000000 0.971143
878.250000 0.294282 3.949920 0.000000 0.969012
879.000000 0.287098 3.853505 0.000000 0.967845
879.750000 0.287714 3.845247 0.000000 0.970709
880.500000 0.283128 3.805981 0.000000 0.972897
881.250000 0.276249 3.777500 0.000000 0.973076
882.000000 0.284216 3.842458 0.000000 0.971628
882.750000 0.288871 3.876312 0.000000 0.974003
883.500000 0.288958 3.863373 0.000000 0.969494
884.250000 0.298712 3.919804 0.000000 0.973035
885.000000 0.315595 4.013504 0.000000 0.972192
885.750000 0.325937 4.064668 0.000000 0.975512
886.500000 0.318623 4.010608 0.000000 0.974983
887.250000 0.310252 3.934752 0.000000 0.975420
888.000000 0.307930 3.896824 0.000000 0.975130
888.750000 0.310006 3.878284 0.000000 0.975637
889.500000 0.313469 3.880812 0.000000 0.971603
890.250000 0.307623 3.861125 0.000000 0.974923
891.000000 0.309331 3.901690 0.000000 0.975498
891.750000 0.311493 3.936681 0.000000 0.976293
892.500000 0.327262 4.038331 0.000000 0.977482
893.250000 0.325893 4.092583 0.000000 0.974877
894.000000 0.341247 4.237506 0.000000 0.977257
894.750000 0.341697 4.204339 0.000000 0.977507
895.500000 0.344597 4.215335 0.000000 0.975107
896.250000 0.345518 4.231347 0.000000 0.977066
897.000000 0.345573 4.221711 0.000000 0.974287
897.750000 0.340593 4.237186 0.000000 0.974223
898.500000 0.324930 4.185274 0.000000 0.977791
899.250000 0.328203 4.170897 0.000000 0.974915
900.000000 0.319313 4.139774 0.000000 0.971825
900.750000 0.322622 4.149087 0.000000 0.974953
901.500000 0.316063 4.147329 0.000000 0.970894
902.250000 0.300910 4.034190 0.000000 0.976307
903.000000 0.293308 3.941558 0.000000 0.975466
903.750000 0.281831 3.878772 0.000000 0.975415
904.500000 0.294904 3.948340 0.000000 0.973372
905.250000 0.295200 3.940100 0.000000 0.974100
906.000000 0.289884 3.895242 0.000000 0.974710
906.750000 0.281116 3.899230 0.000000 0.970609
907.500000 0.272945 3.919816 0.000000 0.972506
908.250000 0.277506 3.925252 0.000000 0.974618
909.000000 0.277494 3.887621 0.000000 0.970579
909.750000 0.288071 3.961004 0.000000 0.974103
910.500000 0.273933 3.870662 0.000000 0.971879
911.250000 0.287431 3.968954 0.000000 0.974862
912.000000 0.292603 3.950784 0.000000 0.975242
912.750000 0.300110 3.996607 0.000000 0.973162
913.500000 0.296022 3.956026 0.000000 0.968619
914.250000 0.295904 3.912787 0.000000 0.973626
915.000000 0.289708 3.910352 0.000000 0.978237
915.750000 0.300120 3.946779 0.000000 0.975990
916.500000 0.287215 3.895658 0.000000 0.977891
917.250000 0.299161 3.973821 0.000000 0.970524
918.000000 0.302393 4.026234 0.000000 0.974567
918.750000 0.308715 4.043474 0.000000 0.974415
919.500000 0.318168 4.095680 0.000000 0.974159
920.250000 0.311556 4.044322 0.000000 0.975488
921.000000 0.303255 4.003405 0.000000 0.975163
921.750000 0.306231 3.997000 0.000000 0.975998
922.500000 0.304087 3.959735 0.000000 0.976062
923.250000 0.312944 4.052973 0.000000 0.974713
924.000000 0.320922 4.096426 0.000000 0.973647
924.750000 0.319588 4.091082 0.000000 0.970574
925.500000 0.334900 4.154446 0.000000 0.970991
926.250000 0.341607 4.120609 0.000000 0.973076
927.000000 0.346365 4.231177 0.000000 0.974503
927.750000 0.353376 4.284259 0.000000 0.973931
928.500000 0.344190 4.284344 0.000000 0.973324
929.250000 0.336472 4.195032 0.000000 0.967044
930.000000 0.351238 4.363818 0.000000 0.972045
930.750000 0.357558 4.353954 0.000000 0.975475
931.500000 0.351114 4.380281 0.000000 0.975827
932.250000 0.334736 4.282021 0.000000 0.969232
933.000000 0.328205 4.257968 0.000000 0.974423
933.750000 0.321232 4.243424 0.000000 0.974297
934.500000 0.316522 4.196938 0.000000 0.972080
935.250000 0.313818 4.179638 0.000000 0.974123
936.000000 0.313957 4.241721 0.000000 0.973987
936.750000 0.332900 4.347196 0.000000 0.974208
937.500000 0.332568 4.329572 0.000000 0.973734
938.250000 0.360620 4.486157 0.000000 0.972014
939.000000 0.358236 4.478048 0.000000 0.975798
939.750000 0.355584 4.430544 0.000000 0.972978
940.500000 0.347440 4.427188 0.000000 0.974848
941.250000 0.351102 4.433267 0.000000 0.971343
942.000000 0.359928 4.485803 0.000000 0.975205
942.750000 0.346880 4.444932 0.000000 0.973939
943.500000 0.351756 4.444034 0.000000 0.975459
944.250000 0.344251 4.448517 0.000000 0.974159
945.000000 0.332833 4.334133 0.000000 0.969897
945.750000 0.318086 4.226103 0.000000 0.970974
946.500000 0.323185 4.266800 0.000000 0.975063
947.250000 0.325437 4.245277 0.000000 0.974913
948.000000 0.326769 4.282187 0.000000 0.976010
948.750000 0.346327 4.360720 0.000000 0.972714
949.500000 0.351589 4.418649 0.000000 0.975515
950.250000 0.357401 4.419976 0.000000 0.975231
951.000000 0.353560 4.388305 0.000000 0.974667
951.750000 0.358494 4.400640 0.000000 0.971268
952.500000 0.363391 4.418435 0.000000 0.971177
953.250000 0.352853 4.347447 0.000000 0.973574
954.000000 0.355071 4.401280 0.000000 0.973495
954.750000 0.356284 4.385648 0.000000 0.974644
955.500000 0.365871 4.431412 0.000000 0.978020
956.250000 0.383064 4.551728 0.000000 0.977531
957.000000 0.397119 4.637491 0.000000 0.974792
957.750000 0.386132 4.594657 0.000000 0.971183
958.500000 0.384669 4.572169 0.000000 0.971990
959.250000 0.370259 4.477944 0.000000 0.968663
960.000000 0.373440 4.502846 0.000000 0.970344
960.750000 0.364236 4.428243 0.000000 0.969297
961.500000 0.371055 4.490312 0.000000 0.976728
962.250000 0.359461 4.399401 0.000000 0.973640
963.000000 0.354694 4.321304 0.000000 0.970909
963.750000 0.356162 4.317958 0.000000 0.975534
964.500000 0.352929 4.308115 0.000000 0.974848
965.250000 0.353189 4.368305 0.000000 0.970568
966.000000 0.337574 4.245417 0.000000 0.970850
966.750000 0.340886 4.288181 0.000000 0.971451
967.500000 0.338568 4.277055 0.000000 0.972594
968.250000 0.340827 4.304556 0.000000 0.973721
969.000000 0.340358 4.307600 0.000000 0.972236
969.750000 0.348309 4.360816 0.000000 0.974585
970.500000 0.339649 4.294336 0.000000 0.967419
971.250000 0.350979 4.290051 0.000000 0.970535
972.000000 0.352853 4.304605 0.000000 0.973073
972.750000 0.342263 4.251300 0.000000 0.973810
973.500000 0.332098 4.205269 0.000000 0.970347
974.250000 0.334166 4.204918 0.000000 0.971611
975.000000 0.334665 4.201578 0.000000 0.973942
975.750000 0.329163 4.131805 0.000000 0.970576
976.500000 0.323606 4.101140 0.000000 0.976214
977.250000 0.316580 4.039848 0.000000 0.973268
978.000000 0.307315 3.957570 0.000000 0.973081
978.750000 0.311374 3.933120 0.000000 0.975170
979.500000 0.310524 3.916608 0.000000 0.979352
980.250000 0.325205 4.009694 0.000000 0.977913
981.000000 0.321379 3.929770 0.000000 0.975524
981.750000 0.334133 3.971705 0.000000 0.975605
982.500000 0.344490 4.044160 0.000000 0.975322
983.250000 0.331269 3.991810 0.000000 0.972735
984.000000 0.328870 4.011492 0.000000 0.971120
984.750000 0.340841 4.062263 0.000000 0.974074
985.500000 0.341395 4.072257 0.000000 0.976914
986.250000 0.346215 4.109347 0.000000 0.971939
987.000000 0.361700 4.244600 0.000000 0.976100
987.750000 0.371851 4.309276 0.000000 0.973311
988.500000 0.372361 4.330431 0.000000 0.974182
989.250000 0.396247 4.452041 0.000000 0.972452
990.000000 0.399940 4.487530 0.000000 0.974960
990.750000 0.390648 4.520232 0.000000 0.968229
991.500000 0.380648 4.444722 0.000000 0.973611
992.250000 0.376862 4.495350 0.000000 0.972503
993.000000 0.376912 4.487756 0.000000 0.970815
993.750000 0.383741 4.584539 0.000000 0.973965
994.500000 0.401159 4.698532 0.000000 0.977225
995.250000 0.393418 4.680404 0.000000 0.970691
996.000000 0.379872 4.650010 0.000000 0.974415
996.750000 0.386874 4.689142 0.000000 0.970832
997.500000 0.388784 4.729767 0.000000 0.969564
998.250000 0.393728 4.797643 0.000000 0.964343
999.000000 0.403281 4.801060 0.000000 0.970294
999.750000 0.398723 4.765333 0.000000 0.970978
1000.500000 0.387110 4.654824 0.000000 0.974379
1001.250000 0.371243 4.539890 0.000000 0.972242
1002.000000 0.374237 4.550955 0.000000 0.972897
1002.750000 0.367298 4.545436 0.000000 0.971546
1003.500000 0.368089 4.538362 0.000000 0.972556
1004.250000 0.364164 4.511349 0.000000 0.969003
1005.000000 0.356550 4.446187 0.000000 0.967723
1005.750000 0.359544 4.501501 0.000000 0.971889
1006.500000 0.348735 4.538154 0.000000 0.969597
1007.250000 0.359144 4.587635 0.000000 0.973689
1008.000000 0.359808 4.644682 0.000000 0.971463
1008.750000 0.326224 4.472514 0.000000 0.966456
1009.500000 0.332534 4.427031 0.000000 0.970433
1010.250000 0.320911 4.351583 0.000000 0.970527
1011.000000 0.326810 4.361957 0.000000 0.971343
1011.750000 0.315837 4.337333 0.000000 0.971006
1012.500000 0.309952 4.296463 0.000000 0.971323
1013.250000 0.304935 4.228852 0.000000 0.970167
1014.000000 0.295716 4.192250 0.000000 0.968840
1014.750000 0.288958 4.166033 0.000000 0.968794
1015.500000 0.304800 4.244200 0.000000 0.969100
1016.250000 0.292292 4.110610 0.000000 0.976777
1017.000000 0.302270 4.120088 0.000000 0.972703
1017.750000 0.285485 4.060161 0.000000 0.970971
1018.500000 0.290181 4.029667 0.000000 0.972430
1019.250000 0.296541 4.023595 0.000000 0.972006
1020.000000 0.277611 3.879552 0.000000 0.972689
1020.750000 0.285757 3.891430 0.000000 0.973831
1021.500000 0.293630 3.907548 0.000000 0.972145
1022.250000 0.280344 3.832534 0.000000 0.976005
1023.000000 0.274792 3.803362 0.000000 0.974382
1023.750000 0.269215 3.794936 0.000000 0.973479
1024.500000 0.272791 3.776989 0.000000 0.970912
1025.250000 0.276404 3.801482 0.000000 0.972870
1026.000000 0.261540 3.729548 0.000000 0.971363
1026.750000 0.252527 3.669002 0.000000 0.976779
1027.500000 0.240889 3.581197 0.000000 0.976272
1028.250000 0.236042 3.549830 0.000000 0.973584
1029.000000 0.227868 3.500250 0.000000 0.973292
1029.750000 0.241176 3.547545 0.000000 0.973903
1030.500000 0.248702 3.648222 0.000000 0.972233
1031.250000 0.250575 3.606997 0.000000 0.972714
1032.000000 0.249301 3.571714 0.000000 0.971434
1032.750000 0.256817 3.571971 0.000000 0.975227
1033.500000 0.268549 3.592370 0.000000 0.976670
1034.250000 0.270411 3.591486 0.000000 0.977716
1035.000000 0.269273 3.633537 0.000000 0.970803
1035.750000 0.267114 3.590472 0.000000 0.973379
1036.500000 0.265300 3.550500 0.000000 0.974600
1037.250000 0.255257 3.514621 0.000000 0.973062
1038.000000 0.258145 3.519289 0.000000 0.972317
1038.750000 0.268224 3.584881 0.000000 0.974735
1039.500000 0.262868 3.526838 0.000000 0.966753
1040.250000 0.287326 3.650554 0.000000 0.974733
1041.000000 0.283703 3.629519 0.000000 0.976233
1041.750000 0.281378 3.634979 0.000000 0.972654
1042.500000 0.275180 3.572542 0.000000 0.971723
1043.250000 0.270181 3.561869 0.000000 0.972192
1044.000000 0.269300 3.571200 0.000000 0.973200
1044.750000 0.281749 3.640775 0.000000 0.972344
1045.500000 0.288458 3.711142 0.000000 0.971794
1046.250000 0.286472 3.668401 0.000000 0.972884
1047.000000 0.305295 3.824476 0.000000 0.975524
1047.750000 0.300859 3.838729 0.000000 0.976719
1048.500000 0.297557 3.843212 0.000000 0.975270
1049.250000 0.299240 3.876625 0.000000 0.974805
1050.000000 0.302351 3.886243 0.000000 0.976588
1050.750000 0.303748 3.916542 0.000000 0.976312
1051.500000 0.289553 3.894826 0.000000 0.971734
1052.250000 0.281428 3.851685 0.000000 0.975698
1053.000000 0.285543 3.877410 0.000000 0.976022
1053.750000 0.270178 3.818346 0.000000 0.971861
1054.500000 0.274398 3.840176 0.000000 0.972930
1055.250000 0.266920 3.835302 0.000000 0.974169
1056.000000 0.271994 3.878749 0.000000 0.972402
1056.750000 0.268034 3.859730 0.000000 0.975188
1057.500000 0.256397 3.745702 0.000000 0.963215
1058.250000 0.246095 3.670304 0.000000 0.971466
1059.000000 0.230639 3.637924 0.000000 0.973253
1059.750000 0.225115 3.610755 0.000000 0.973663
1060.500000 0.224494 3.544729 0.000000 0.976164
1061.250000 0.239120 3.603802 0.000000 0.977089
1062.000000 0.228908 3.566273 0.000000 0.975510
1062.750000 0.226517 3.540757 0.000000 0.973263
1063.500000 0.239616 3.588129 0.000000 0.975478
1064.250000 0.244078 3.514643 0.000000 0.975412
1065.000000 0.234436 3.400519 0.000000 0.974718
1065.750000 0.239315 3.418277 0.000000 0.976579
1066.500000 0.244100 3.458600 0.000000 0.978100
1067.250000 0.244827 3.485454 0.000000 0.978107
1068.000000 0.236060 3.535389 0.000000 0.974672
1068.750000 0.232145 3.524423 0.000000 0.974828
1069.500000 0.251573 3.634575 0.000000 0.976331
1070.250000 0.250901 3.643015 0.000000 0.974880
1071.000000 0.243305 3.587630 0.000000 0.975220
1071.750000 0.236674 3.478838 0.000000 0.972250
1072.500000 0.241331 3.513541 0.000000 0.975717
1073.250000 0.245362 3.544285 0.000000 0.973569
1074.000000 0.244051 3.476605 0.000000 0.976905
1074.750000 0.241666 3.483131 0.000000 0.973070
1075.500000 0.227477 3.334466 0.000000 0.974303
1076.250000 0.236253 3.385623 0.000000 0.975005
1077.000000 0.240511 3.415502 0.000000 0.976229
1077.750000 0.250826 3.438495 0.000000 0.975678
1078.500000 0.251403 3.456213 0.000000 0.978457
1079.250000 0.240580 3.439580 0.000000 0.971714
1080.000000 0.246601 3.489004 0.000000 0.975510
1080.750000 0.253914 3.492271 0.000000 0.978159
1081.500000 0.253651 3.501601 0.000000 0.974495
1082.250000 0.250574 3.492266 0.000000 0.970662
1083.000000 0.260835 3.513281 0.000000 0.972139
1083.750000 0.246118 3.425523 0.000000 0.968647
1084.500000 0.258872 3.522029 0.000000 0.971591
1085.250000 0.269311 3.558309 0.000000 0.975017
1086.000000 0.274242 3.605547 0.000000 0.973962
1086.750000 0.272009 3.619048 0.000000 0.974790
1087.500000 0.270535 3.555278 0.000000 0.974087
1088.250000 0.273409 3.572729 0.000000 0.974290
1089.000000 0.282924 3.647572 0.000000 0.974862
1089.750000 0.260656 3.522013 0.000000 0.975285
1090.500000 0.266906 3.582160 0.000000 0.972530
1091.250000 0.256649 3.514797 0.000000 0.971906
1092.000000 0.257562 3.552062 0.000000 0.974643
1092.750000 0.252796 3.515275 0.000000 0.973343
1093.500000 0.261000 3.621969 0.000000 0.975357
1094.250000 0.262262 3.577578 0.000000 0.972573
1095.000000 0.268254 3.576115 0.000000 0.971094
1095.750000 0.271236 3.582691 0.000000 0.974187
1096.500000 0.244716 3.483923 0.000000 0.975258
1097.250000 0.255472 3.512444 0.000000 0.976012
1098.000000 0.265127 3.621262 0.000000 0.976898
1098.750000 0.249100 3.502701 0.000000 0.972889
1099.500000 0.270154 3.629426 0.000000 0.979096
1100.250000 0.275205 3.596327 0.000000 0.975245
1101.000000 0.289700 3.627100 0.000000 0.975800
1101.750000 0.281562 3.589393 0.000000 0.978726
1102.500000 0.292305 3.699790 0.000000 0.977784
1103.250000 0.278733 3.667000 0.000000 0.974116
1104.000000 0.272073 3.619938 0.000000 0.976202
1104.750000 0.289658 3.695639 0.000000 0.977295
1105.500000 0.304696 3.787924 0.000000 0.978873
1106.250000 0.311687 3.836202 0.000000 0.976186
1107.000000 0.313105 3.850584 0.000000 0.975247
1107.750000 0.303270 3.805319 0.000000 0.976002
1108.500000 0.312069 3.892011 0.000000 0.977902
1109.250000 0.309293 3.869661 0.000000 0.977493
1110.000000 0.302739 3.851429 0.000000 0.974505
1110.750000 0.284015 3.771269 0.000000 0.974808
1111.500000 0.289447 3.760613 0.000000 0.975771
1112.250000 0.300070 3.838331 0.000000 0.975429
1113.000000 0.302521 3.873850 0.000000 0.973489
1113.750000 0.309345 3.885157 0.000000 0.973213
1114.500000 0.336839 4.086238 0.000000 0.974960
1115.250000 0.333567 4.040520 0.000000 0.976488
1116.000000 0.336334 4.116512 0.000000 0.974697
1116.750000 0.346058 4.212604 0.000000 0.972949
1117.500000 0.338127 4.244557 0.000000 0.975135
1118.250000 0.333433 4.212413 0.000000 0.971872
1119.000000 0.322974 4.126411 0.000000 0.972120
1119.750000 0.315574 4.074870 0.000000 0.971811
1120.500000 0.312731 4.074508 0.000000 0.973297
1121.250000 0.312506 4.069879 0.000000 0.972308
1122.000000 0.300530 4.010591 0.000000 0.973424
1122.750000 0.303539 4.050990 0.000000 0.975005
1123.500000 0.314870 4.113573 0.000000 0.976347
1124.250000 0.297738 3.995597 0.000000 0.972978
1125.000000 0.308884 4.036375 0.000000 0.977216
1125.750000 0.309758 3.993288 0.000000 0.973653
1126.500000 0.307469 4.028597 0.000000 0.974802
1127.250000 0.290204 3.905926 0.000000 0.975160
1128.000000 0.278765 3.837695 0.000000 0.975629
1128.750000 0.273109 3.781512 0.000000 0.972889
1129.500000 0.282018 3.816783 0.000000 0.971029
1130.250000 0.269611 3.720096 0.000000 0.973618
1131.000000 0.282231 3.725165 0.000000 0.973916
1131.750000 0.290800 3.768700 0.000000 0.971900
1132.500000 0.292559 3.810962 0.000000 0.976195
1133.250000 0.282487 3.754898 0.000000 0.974910
1134.000000 0.272727 3.739547 0.000000 0.968566
1134.750000 0.269695 3.707638 0.000000 0.973739
1135.500000 0.262826 3.723172 0.000000 0.974497
1136.250000 0.270498 3.788167 0.000000 0.974072
1137.000000 0.269700 3.819900 0.000000 0.969800
1137.750000 0.277256 3.893870 0.000000 0.973542
1138.500000 0.275935 3.930741 0.000000 0.973639
1139.250000 0.280404 3.924253 0.000000 0.975517
1140.000000 0.272863 3.888401 0.000000 0.974868
1140.750000 0.275272 3.906209 0.000000 0.973703
1141.500000 0.256946 3.789626 0.000000 0.970917
1142.250000 0.285315 3.900469 0.000000 0.976640
1143.000000 0.270965 3.847676 0.000000 0.971414
1143.750000 0.262869 3.733633 0.000000 0.973813
1144.500000 0.264568 3.756222 0.000000 0.973813
1145.250000 0.259400 3.727300 0.000000 0.969700
1146.000000 0.253096 3.648322 0.000000 0.972533
1146.750000 0.265165 3.722022 0.000000 0.975175
1147.500000 0.286944 3.828494 0.000000 0.974970
1148.250000 0.290561 3.862176 0.000000 0.977480
1149.000000 0.294047 3.833500 0.000000 0.971734
1149.750000 0.289874 3.798880 0.000000 0.971783
1150.500000 0.298221 3.861683 0.000000 0.974215
1151.250000 0.313988 3.920352 0.000000 0.973984
1152.000000 0.320975 3.919257 0.000000 0.971120
1152.750000 0.311295 3.854689 0.000000 0.968141
1153.500000 0.311882 3.879184 0.000000 0.974518
1154.250000 0.311849 3.912930 0.000000 0.975380
1155.000000 0.326929 3.981687 0.000000 0.975983
1155.750000 0.335202 4.053564 0.000000 0.978674
1156.500000 0.338237 4.097168 0.000000 0.975783
1157.250000 0.324630 4.008204 0.000000 0.975890
1158.000000 0.322022 4.055956 0.000000 0.973373
1158.750000 0.324181 4.040735 0.000000 0.976737
1159.500000 0.321164 4.025276 0.000000 0.975527
1160.250000 0.320804 4.000300 0.000000 0.973808
1161.000000 0.306977 3.919032 0.000000 0.975810
1161.750000 0.317792 3.950280 0.000000 0.974141
1162.500000 0.326035 3.971206 0.000000 0.972506
1163.250000 0.336203 4.016620 0.000000 0.976672
1164.000000 0.339464 4.054878 0.000000 0.974310
1164.750000 0.348556 4.130908 0.000000 0.975717
1165.500000 0.348539 4.106043 0.000000 0.974590
1166.250000 0.351789 4.124825 0.000000 0.972417
1167.000000 0.344717 4.111768 0.000000 0.967051
1167.750000 0.335034 4.037104 0.000000 0.967097
1168.500000 0.333733 4.033783 0.000000 0.971414
1169.250000 0.347609 4.155735 0.000000 0.972846
1170.000000 0.339193 4.149321 0.000000 0.972034
1170.750000 0.328363 4.074460 0.000000 0.973879
1171.500000 0.322164 4.017704 0.000000 0.969994
1172.250000 0.321607 3.973516 0.000000 0.978413
1173.000000 0.314523 3.929185 0.000000 0.976029
1173.750000 0.315474 4.013595 0.000000 0.976509
1174.500000 0.329967 4.136586 0.000000 0.978602
1175.250000 0.352688 4.243254 0.000000 0.977014
1176.000000 0.348605 4.185455 0.000000 0.979994
1176.750000 0.363600 4.249900 0.000000 0.977700
1177.500000 0.353071 4.156031 0.000000 0.971994
1178.250000 0.339496 4.113032 0.000000 0.971717
1179.000000 0.340545 4.197516 0.000000 0.972957
1179.750000 0.341038 4.219089 0.000000 0.971406
1180.500000 0.328378 4.095490 0.000000 0.974157
1181.250000 0.333766 4.142287 0.000000 0.976651
1182.000000 0.334401 4.144830 0.000000 0.972475
1182.750000 0.338885 4.251421 0.000000 0.974768
1183.500000 0.339966 4.243076 0.000000 0.970103
1184.250000 0.345985 4.236916 0.000000 0.970036
1185.000000 0.338703 4.216930 0.000000 0.972984
1185.750000 0.324014 4.079980 0.000000 0.974139
1186.500000 0.315585 4.013262 0.000000 0.972679
1187.250000 0.321949 4.030258 0.000000 0.976733
1188.000000 0.340598 4.140158 0.000000 0.976507
1188.750000 0.338178 4.111757 0.000000 0.974642
1189.500000 0.316137 3.990002 0.000000 0.972306
1190.250000 0.313093 3.951064 0.000000 0.976231
1191.000000 0.312831 3.953195 0.000000 0.971797
1191.750000 0.303852 3.884342 0.000000 0.974087
1192.500000 0.307600 3.875500 0.000000 0.978300
1193.250000 0.311004 3.929308 0.000000 0.974267
1194.000000 0.316068 3.975848 0.000000 0.974751
1194.750000 0.319696 3.994298 0.000000 0.973692
1195.500000 0.321443 3.991807 0.000000 0.969125
1196.250000 0.324343 4.016482 0.000000 0.972730
1197.000000 0.319460 4.012706 0.000000 0.971386
1197.750000 0.316558 3.995498 0.000000 0.970085
1198.500000 0.297424 3.898163 0.000000 0.973542
1199.250000 0.288217 3.884973 0.000000 0.976875
1200.000000 0.297836 3.913144 0.000000 0.974855
1200.750000 0.289568 3.862211 0.000000 0.976319
1201.500000 0.275197 3.735491 0.000000 0.971831
1202.250000 0.281144 3.772446 0.000000 0.974005
1203.000000 0.285814 3.821054 0.000000 0.973708
1203.750000 0.297513 3.906921 0.000000 0.975931
1204.500000 0.303896 3.947652 0.000000 0.974825
1205.250000 0.305714 3.985490 0.000000 0.973381
1206.000000 0.310593 4.028708 0.000000 0.975493
1206.750000 0.311431 3.986799 0.000000 0.976198
1207.500000 0.317305 4.022193 0.000000 0.971309
1208.250000 0.322545 4.053006 0.000000 0.975351
1209.000000 0.338702 4.124838 0.000000 0.977493
1209.750000 0.334864 4.138237 0.000000 0.977642
1210.500000 0.352058 4.220887 0.000000 0.972865
1211.250000 0.361003 4.293277 0.000000 0.975627
1212.000000 0.365488 4.327941 0.000000 0.971740
1212.750000 0.365352 4.354468 0.000000 0.973440
1213.500000 0.366867 4.336537 0.000000 0.974374
1214.250000 0.378935 4.454882 0.000000 0.976017
1215.000000 0.375875 4.464393 0.000000 0.973795
1215.750000 0.391700 4.520800 0.000000 0.971000
1216.500000 0.405381 4.611223 0.000000 0.970194
1217.250000 0.391522 4.507799 0.000000 0.966907
1218.000000 0.389819 4.503357 0.000000 0.971540
1218.750000 0.392586 4.542067 0.000000 0.972522
1219.500000 0.399161 4.601238 0.000000 0.971645
1220.250000 0.381319 4.532368 0.000000 0.968432
1221.000000 0.387957 4.640104 0.000000 0.973038
1221.750000 0.394185 4.679156 0.000000 0.973921
1222.500000 0.394513 4.629919 0.000000 0.969961
1223.250000 0.396806 4.612475 0.000000 0.969760
1224.000000 0.389367 4.573088 0.000000 0.970765
1224.750000 0.392500 4.593600 0.000000 0.971800
1225.500000 0.397063 4.670463 0.000000 0.972930
1226.250000 0.401000 4.681800 0.000000 0.971700
1227.000000 0.402399 4.686756 0.000000 0.970915
1227.750000 0.411559 4.807119 0.000000 0.971203
1228.500000 0.403286 4.761895 0.000000 0.967745
1229.250000 0.380971 4.611533 0.000000 0.970418
1230.000000 0.389622 4.637972 0.000000 0.971906
1230.750000 0.390342 4.616672 0.000000 0.974652
1231.500000 0.398620 4.662999 0.000000 0.972892
1232.250000 0.400840 4.735006 0.000000 0.973910
1233.000000 0.406585 4.765236 0.000000 0.973682
1233.750000 0.402121 4.802741 0.000000 0.973792
1234.500000 0.401280 4.789363 0.000000 0.972508
1235.250000 0.393526 4.716605 0.000000 0.974346
1236.000000 0.389478 4.701340 0.000000 0.972294
1236.750000 0.372941 4.628158 0.000000 0.972341
1237.500000 0.373160 4.589284 0.000000 0.973660
1238.250000 0.368374 4.522604 0.000000 0.971594
1239.000000 0.347861 4.458517 0.000000 0.969412
1239.750000 0.322574 4.257020 0.000000 0.967123
1240.500000 0.321135 4.330861 0.000000 0.969019
1241.250000 0.316484 4.250150 0.000000 0.972328
1242.000000 0.316095 4.281018 0.000000 0.972640
1242.750000 0.318673 4.224410 0.000000 0.968713
1243.500000 0.314554 4.221157 0.000000 0.973229
1244.250000 0.317360 4.185185 0.000000 0.974743
1245.000000 0.317800 4.174200 0.000000 0.975200
1245.750000 0.320528 4.200580 0.000000 0.969488
1246.500000 0.324341 4.225520 0.000000 0.967626
1247.250000 0.334402 4.236897 0.000000 0.970538
1248.000000 0.340564 4.252099 0.000000 0.975710
1248.750000 0.329026 4.232071 0.000000 0.972957
1249.500000 0.343975 4.343174 0.000000 0.972078
1250.250000 0.352160 4.417723 0.000000 0.974354
1251.000000 0.363854 4.450334 0.000000 0.975590
1251.750000 0.355402 4.401438 0.000000 0.975634
1252.500000 0.366100 4.497500 0.000000 0.976100
1253.250000 0.371942 4.487968 0.000000 0.972042
1254.000000 0.381882 4.495896 0.000000 0.971572
1254.750000 0.370481 4.442081 0.000000 0.975534
1255.500000 0.354555 4.334398 0.000000 0.974553
1256.250000 0.362555 4.348660 0.000000 0.969112
1257.000000 0.350730 4.307938 0.000000 0.975805
1257.750000 0.366753 4.419032 0.000000 0.975410
1258.500000 0.357086 4.322806 0.000000 0.973516
1259.250000 0.356636 4.320184 0.000000 0.971537
1260.000000 0.350219 4.273634 0.000000 0.969685
1260.750000 0.341075 4.190910 0.000000 0.971869
1261.500000 0.343691 4.237287 0.000000 0.972725
1262.250000 0.367795 4.345221 0.000000 0.973429
1263.000000 0.361779 4.294471 0.000000 0.974359
1263.750000 0.356406 4.213663 0.000000 0.971151
1264.500000 0.353488 4.280232 0.000000 0.974915
1265.250000 0.356465 4.329705 0.000000 0.973040
1266.000000 0.374825 4.432114 0.000000 0.973705
1266.750000 0.380238 4.494550 0.000000 0.977098
1267.500000 0.390088 4.589329 0.000000 0.974820
1268.250000 0.393239 4.605061 0.000000 0.974097
1269.000000 0.378313 4.513554 0.000000 0.974492
1269.750000 0.358257 4.425630 0.000000 0.967913
1270.500000 0.371191 4.481957 0.000000 0.971231
1271.250000 0.360476 4.425117 0.000000 0.974523
1272.000000 0.362420 4.492811 0.000000 0.974641
1272.750000 0.352777 4.464542 0.000000 0.972932
1273.500000 0.349405 4.397319 0.000000 0.975693
1274.250000 0.361008 4.462339 0.000000 0.975093
1275.000000 0.361156 4.434426 0.000000 0.974510
1275.750000 0.357436 4.389039 0.000000 0.976398
1276.500000 0.353436 4.399820 0.000000 0.975656
1277.250000 0.362235 4.400381 0.000000 0.975671
1278.000000 0.348470 4.327766 0.000000 0.972895
1278.750000 0.364363 4.425190 0.000000 0.975130
1279.500000 0.371317 4.496954 0.000000 0.974733
1280.250000 0.379824 4.493601 0.000000 0.976505
1281.000000 0.388550 4.550205 0.000000 0.975022
1281.750000 0.390644 4.584766 0.000000 0.974110
1282.500000 0.395623 4.620666 0.000000 0.972219
1283.250000 0.396204 4.605994 0.000000 0.968531
1284.000000 0.376026 4.488884 0.000000 0.969557
1284.750000 0.364036 4.417542 0.000000 0.970997
1285.500000 0.359832 4.414097 0.000000 0.972667
1286.250000 0.343631 4.303740 0.000000 0.969106
1287.000000 0.352389 4.332001 0.000000 0.972816
1287.750000 0.337069 4.221111 0.000000 0.970085
1288.500000 0.344466 4.340566 0.000000 0.976602
1289.250000 0.350645 4.364655 0.000000 0.976684
1290.000000 0.346127 4.311444 0.000000 0.975612
1290.750000 0.341320 4.308975 0.000000 0.977339
1291.500000 0.360967 4.464942 0.000000 0.976428
1292.250000 0.363918 4.495998 0.000000 0.972484
1293.000000 0.363491 4.507306 0.000000 0.977482
1293.750000 0.367116 4.540530 0.000000 0.974913
1294.500000 0.368374 4.538085 0.000000 0.977738
1295.250000 0.370937 4.550855 0.000000 0.971797
1296.000000 0.375264 4.590403 0.000000 0.967574
1296.750000 0.351573 4.417274 0.000000 0.960359
1297.500000 0.356022 4.471464 0.000000 0.970615
1298.250000 0.366051 4.515727 0.000000 0.973739
1299.000000 0.373549 4.476090 0.000000 0.972989
1299.750000 0.378422 4.475325 0.000000 0.971928
1300.500000 0.364716 4.323283 0.000000 0.974740
1301.250000 0.371494 4.442308 0.000000 0.975160
1302.000000 0.366010 4.421426 0.000000 0.970291
1302.750000 0.372274 4.438188 0.000000 0.973695
1303.500000 0.356257 4.346262 0.000000 0.975210
1304.250000 0.349051 4.293507 0.000000 0.972727
1305.000000 0.349365 4.327367 0.000000 0.972603
1305.750000 0.350870 4.291358 0.000000 0.973795
1306.500000 0.353566 4.314002 0.000000 0.975160
1307.250000 0.363209 4.423961 0.000000 0.973521
1308.000000 0.361175 4.422720 0.000000 0.971626
1308.750000 0.370259 4.457320 0.000000 0.975183
1309.500000 0.355229 4.362228 0.000000 0.970706
1310.250000 0.365508 4.406275 0.000000 0.970723
1311.000000 0.366967 4.462362 0.000000 0.973874
1311.750000 0.367848 4.453420 0.000000 0.974738
1312.500000 0.367569 4.456290 0.000000 0.973224
1313.250000 0.375986 4.478374 0.000000 0.973829
1314.000000 0.378486 4.479456 0.000000 0.971409
1314.750000 0.379748 4.479608 0.000000 0.973511
1315.500000 0.391839 4.546755 0.000000 0.970497
1316.250000 0.380852 4.504902 0.000000 0.971689
1317.000000 0.380202 4.486978 0.000000 0.975052
1317.750000 0.381942 4.494407 0.000000 0.973232
1318.500000 0.375037 4.468897 0.000000 0.975137
1319.250000 0.359908 4.403712 0.000000 0.971662
1320.000000 0.354277 4.392096 0.000000 0.975388
1320.750000 0.354181 4.355280 0.000000 0.975822
1321.500000 0.375063 4.495743 0.000000 0.974762
1322.250000 0.373460 4.459990 0.000000 0.969554
1323.000000 0.375989 4.468108 0.000000 0.973966
1323.750000 0.380638 4.483748 0.000000 0.969597
1324.500000 0.396121 4.557689 0.000000 0.971606
1325.250000 0.390161 4.591241 0.000000 0.971503
1326.000000 0.394503 4.662868 0.000000 0.973713
1326.750000 0.405659 4.793021 0.000000 0.972303
1327.500000 0.382467 4.682457 0.000000 0.970181
1328.250000 0.361726 4.608047 0.000000 0.970574
1329.000000 0.367234 4.583767 0.000000 0.979559
1329.750000 0.363964 4.618700 0.000000 0.975749
1330.500000 0.372365 4.658208 0.000000 0.969627
1331.250000 0.358107 4.526358 0.000000 0.963289
1332.000000 0.365654 4.560476 0.000000 0.971012
1332.750000 0.375075 4.584017 0.000000 0.973095
1333.500000 0.382094 4.674960 0.000000 0.975520
1334.250000 0.379900 4.692300 0.000000 0.974700
1335.000000 0.370300 4.649900 0.000000 0.974300
1335.750000 0.364009 4.642193 0.000000 0.973292
1336.500000 0.363427 4.633570 0.000000 0.973576
1337.250000 0.374176 4.733174 0.000000 0.974935
1338.000000 0.378197 4.750599 0.000000 0.971523
1338.750000 0.389617 4.827648 0.000000 0.973192
1339.500000 0.395667 4.886881 0.000000 0.976538
1340.250000 0.401018 4.901317 0.000000 0.974257
1341.000000 0.376000 4.712300 0.000000 0.964200
1341.750000 0.370175 4.691272 0.000000 0.972968
1342.500000 0.361428 4.659468 0.000000 0.970306
1343.250000 0.359676 4.646818 0.000000 0.971126
1344.000000 0.361853 4.621134 0.000000 0.967377
1344.750000 0.354352 4.620666 0.000000 0.967423
1345.500000 0.343734 4.562256 0.000000 0.972697
1346.250000 0.348526 4.563518 0.000000 0.971214
1347.000000 0.346943 4.478235 0.000000 0.970479
1347.750000 0.338398 4.348196 0.000000 0.970309
1348.500000 0.354094 4.379187 0.000000 0.970109
1349.250000 0.344269 4.368774 0.000000 0.970794
1350.000000 0.348135 4.384839 0.000000 0.969797
1350.750000 0.361255 4.446221 0.000000 0.972311
1351.500000 0.359164 4.448355 0.000000 0.971403
1352.250000 0.334868 4.309448 0.000000 0.966773
1353.000000 0.333667 4.310669 0.000000 0.969903
1353.750000 0.329630 4.225025 0.000000 0.968569
1354.500000 0.312894 4.169251 0.000000 0.972892
1355.250000 0.327077 4.233227 0.000000 0.973742
1356.000000 0.313900 4.153900 0.000000 0.970300
1356.750000 0.325752 4.249800 0.000000 0.970240
1357.500000 0.314606 4.211037 0.000000 0.969609
1358.250000 0.326357 4.197176 0.000000 0.970258
1359.000000 0.327697 4.243546 0.000000 0.971783
1359.750000 0.326308 4.202457 0.000000 0.971734
1360.500000 0.329870 4.214486 0.000000 0.970929
1361.250000 0.338369 4.254928 0.000000 0.971586
1362.000000 0.346539 4.310925 0.000000 0.975590
1362.750000 0.328231 4.218187 0.000000 0.972989
1363.500000 0.332469 4.247255 0.000000 0.973658
1364.250000 0.334633 4.266847 0.000000 0.973805
1365.000000 0.323386 4.199222 0.000000 0.971155
1365.750000 0.333766 4.267793 0.000000 0.971411
1366.500000 0.335897 4.273672 0.000000 0.973232
1367.250000 0.331299 4.261679 0.000000 0.973392
1368.000000 0.332933 4.272727 0.000000 0.972897
1368.750000 0.327762 4.234788 0.000000 0.972178
1369.500000 0.305569 4.155884 0.000000 0.973603
1370.250000 0.305705 4.138540 0.000000 0.972871
1371.000000 0.307838 4.186320 0.000000 0.975637
1371.750000 0.309893 4.178453 0.000000 0.973892
1372.500000 0.312800 4.197900 0.000000 0.975100
1373.250000 0.307954 4.215628 0.000000 0.971123
1374.000000 0.312737 4.207458 0.000000 0.973705
1374.750000 0.307846 4.228389 0.000000 0.968557
1375.500000 0.301921 4.194678 0.000000 0.971589
1376.250000 0.296603 4.148052 0.000000 0.969431
1377.000000 0.290610 4.071550 0.000000 0.972743
1377.750000 0.298771 4.088902 0.000000 0.977525
1378.500000 0.296808 4.098369 0.000000 0.973481
1379.250000 0.299220 4.147359 0.000000 0.974290
1380.000000 0.311546 4.153478 0.000000 0.972757
1380.750000 0.306384 4.118171 0.000000 0.973384
1381.500000 0.302414 4.158169 0.000000 0.973655
1382.250000 0.306261 4.148230 0.000000 0.970994
1383.000000 0.314817 4.134179 0.000000 0.969527
1383.750000 0.319332 4.135613 0.000000 0.970297
1384.500000 0.317244 4.108151 0.000000 0.972562
1385.250000 0.318496 4.120036 0.000000 0.973192
1386.000000 0.323844 4.167416 0.000000 0.966137
1386.750000 0.353683 4.278623 0.000000 0.969476
1387.500000 0.355856 4.325425 0.000000 0.969469
1388.250000 0.373511 4.476824 0.000000 0.970367
1389.000000 0.370367 4.448596 0.000000 0.976521
1389.750000 0.372504 4.439197 0.000000 0.972843
1390.500000 0.375162 4.452855 0.000000 0.968303
1391.250000 0.374164 4.472597 0.000000 0.971349
1392.000000 0.367127 4.492901 0.000000 0.972106
1392.750000 0.361519 4.516042 0.000000 0.973913
1393.500000 0.360603 4.484567 0.000000 0.971032
1394.250000 0.356743 4.451280 0.000000 0.973890
1395.000000 0.355536 4.424942 0.000000 0.975498
1395.750000 0.353935 4.380338 0.000000 0.973797
1396.500000 0.358949 4.434796 0.000000 0.973618
1397.250000 0.355722 4.429286 0.000000 0.971114
1398.000000 0.338995 4.374663 0.000000 0.975522
1398.750000 0.326908 4.297343 0.000000 0.972233
1399.500000 0.333167 4.316184 0.000000 0.974525
1400.250000 0.348000 4.430400 0.000000 0.973400
1401.000000 0.364480 4.523710 0.000000 0.974244
1401.750000 0.354935 4.449745 0.000000 0.972797
1402.500000 0.342452 4.410144 0.000000 0.974042
1403.250000 0.324270 4.303079 0.000000 0.971012
1404.000000 0.331537 4.280255 0.000000 0.973461
1404.750000 0.331933 4.293317 0.000000 0.973689
1405.500000 0.331565 4.313645 0.000000 0.970668
1406.250000 0.326324 4.268749 0.000000 0.970662
1407.000000 0.315084 4.185467 0.000000 0.973176
1407.750000 0.314785 4.172328 0.000000 0.972527
1408.500000 0.312712 4.173096 0.000000 0.974915
1409.250000 0.312338 4.156569 0.000000 0.972905
1410.000000 0.317819 4.198562 0.000000 0.974031
1410.750000 0.323714 4.157863 0.000000 0.973040
1411.500000 0.330765 4.141313 0.000000 0.972378
1412.250000 0.337266 4.170483 0.000000 0.976402
1413.000000 0.326098 4.100831 0.000000 0.973192
1413.750000 0.333833 4.161817 0.000000 0.974898
1414.500000 0.345565 4.212379 0.000000 0.971703
1415.250000 0.338304 4.195476 0.000000 0.975078
1416.000000 0.333865 4.141960 0.000000 0.973582
1416.750000 0.341919 4.151542 0.000000 0.975741
1417.500000 0.342925 4.194066 0.000000 0.972817
1418.250000 0.337107 4.152875 0.000000 0.969345
1419.000000 0.343994 4.204677 0.000000 0.972217
1419.750000 0.347813 4.225522 0.000000 0.972512
1420.500000 0.348013 4.165449 0.000000 0.973876
1421.250000 0.350763 4.151582 0.000000 0.974254
1422.000000 0.340258 4.134925 0.000000 0.973335
1422.750000 0.348844 4.194436 0.000000 0.973982
1423.500000 0.335695 4.102684 0.000000 0.972558
1424.250000 0.342260 4.149695 0.000000 0.975317
1425.000000 0.339998 4.131761 0.000000 0.972908
1425.750000 0.353141 4.198980 0.000000 0.973289
1426.500000 0.359628 4.244551 0.000000 0.975905
1427.250000 0.366424 4.249975 0.000000 0.977030
1428.000000 0.367674 4.276855 0.000000 0.974595
1428.750000 0.370356 4.279564 0.000000 0.976328
1429.500000 0.376548 4.335697 0.000000 0.971734
1430.250000 0.377389 4.365683 0.000000 0.973987
1431.000000 0.368258 4.375062 0.000000 0.973081
1431.750000 0.355902 4.387857 0.000000 0.969942
1432.500000 0.366710 4.472942 0.000000 0.973792
1433.250000 0.356340 4.435493 0.000000 0.972612
1434.000000 0.372326 4.563287 0.000000 0.973805
1434.750000 0.365486 4.524788 0.000000 0.972968
1435.500000 0.359336 4.521252 0.000000 0.971397
1436.250000 0.372182 4.596653 0.000000 0.976150
1437.000000 0.374537 4.595059 0.000000 0.969997
1437.750000 0.367663 4.567944 0.000000 0.970003
1438.500000 0.351843 4.443124 0.000000 0.966244
1439.250000 0.360797 4.506156 0.000000 0.974472
1440.000000 0.377689 4.558880 0.000000 0.972987
1440.750000 0.370007 4.535189 0.000000 0.974572
1441.500000 0.374787 4.592544 0.000000 0.971039
1442.250000 0.383640 4.660007 0.000000 0.975829
1443.000000 0.404277 4.758294 0.000000 0.972922
1443.750000 0.400620 4.758769 0.000000 0.971620
1444.500000 0.396621 4.659068 0.000000 0.971806
1445.250000 0.403860 4.646635 0.000000 0.972103
1446.000000 0.394337 4.624675 0.000000 0.972684
1446.750000 0.385261 4.563244 0.000000 0.974303
1447.500000 0.385921 4.631553 0.000000 0.973140
1448.250000 0.379846 4.619353 0.000000 0.974557
1449.000000 0.396721 4.731054 0.000000 0.970506
1449.750000 0.409114 4.789584 0.000000 0.969154
1450.500000 0.411647 4.808485 0.000000 0.970983
1451.250000 0.403484 4.762515 0.000000 0.973969
1452.000000 0.413455 4.865151 0.000000 0.972870
1452.750000 0.408278 4.802559 0.000000 0.971009
1453.500000 0.395889 4.800459 0.000000 0.972364
1454.250000 0.400778 4.841943 0.000000 0.971380
1455.000000 0.406651 4.888823 0.000000 0.972055
1455.750000 0.403525 4.859317 0.000000 0.972564
1456.500000 0.400500 4.860100 0.000000 0.967100
1457.250000 0.411123 4.878064 0.000000 0.970891
1458.000000 0.395119 4.793838 0.000000 0.971491
1458.750000 0.390176 4.735723 0.000000 0.971546
1459.500000 0.388383 4.717276 0.000000 0.972459
1460.250000 0.401675 4.818009 0.000000 0.971580
1461.000000 0.413087 4.888011 0.000000 0.970130
1461.750000 0.394690 4.804552 0.000000 0.969455
1462.500000 0.396302 4.836282 0.000000 0.971214
1463.250000 0.398579 4.810667 0.000000 0.968278
1464.000000 0.413828 4.830553 0.000000 0.971226
1464.750000 0.410210 4.814714 0.000000 0.970871
1465.500000 0.405592 4.784024 0.000000 0.972042
1466.250000 0.400120 4.823624 0.000000 0.970820
1467.000000 0.401821 4.758907 0.000000 0.968175
1467.750000 0.390787 4.725320 0.000000 0.970823
1468.500000 0.406541 4.829583 0.000000 0.973997
1469.250000 0.405192 4.804992 0.000000 0.975936
1470.000000 0.415500 4.882500 0.000000 0.972100
1470.750000 0.432373 4.985094 0.000000 0.973089
1471.500000 0.440880 5.012194 0.000000 0.974013
1472.250000 0.431212 4.956939 0.000000 0.971226
1473.000000 0.436715 5.032788 0.000000 0.970401
1473.750000 0.420134 4.932855 0.000000 0.966976
1474.500000 0.414110 4.909863 0.000000 0.968922
1475.250000 0.416458 4.961104 0.000000 0.970703
1476.000000 0.404077 4.891587 0.000000 0.967126
1476.750000 0.390349 4.813968 0.000000 0.966930
1477.500000 0.396519 4.841052 0.000000 0.969391
1478.250000 0.393439 4.816282 0.000000 0.974097
1479.000000 0.388100 4.748300 0.000000 0.973700
1479.750000 0.397742 4.777300 0.000000 0.971725
1480.500000 0.402878 4.804657 0.000000 0.974321
1481.250000 0.401320 4.816936 0.000000 0.968906
1482.000000 0.398618 4.781908 0.000000 0.971549
1482.750000 0.409291 4.874449 0.000000 0.971966
1483.500000 0.396104 4.800100 0.000000 0.972627
1484.250000 0.389333 4.724730 0.000000 0.972133
1485.000000 0.378308 4.615000 0.000000 0.968741
1485.750000 0.374288 4.634709 0.000000 0.969909
1486.500000 0.360552 4.544281 0.000000 0.970679
1487.250000 0.352335 4.503450 0.000000 0.973397
1488.000000 0.352162 4.550115 0.000000 0.969600
1488.750000 0.363427 4.595780 0.000000 0.972206
1489.500000 0.359760 4.555456 0.000000 0.976076
1490.250000 0.362126 4.518166 0.000000 0.975678
1491.000000 0.350359 4.450619 0.000000 0.972765
1491.750000 0.345715 4.388866 0.000000 0.968562
1492.500000 0.346284 4.404115 0.000000 0.972233
1493.250000 0.346399 4.390784 0.000000 0.971773
1494.000000 0.346588 4.373663 0.000000 0.974523
1494.750000 0.347392 4.368479 0.000000 0.974016
1495.500000 0.342200 4.350500 0.000000 0.974500
1496.250000 0.341171 4.374387 0.000000 0.972686
1497.000000 0.339668 4.399980 0.000000 0.973695
1497.750000 0.334001 4.359031 0.000000 0.972867
1498.500000 0.334801 4.395537 0.000000 0.974185
1499.250000 0.336435 4.387171 0.000000 0.976684
