0.000000 0.992799 7.941188 0.000000 0.992599
0.120000 0.903813 7.228805 0.000000 0.903613
0.240000 0.824795 6.601561 0.000000 0.824795
0.360000 0.757149 6.062588 0.000000 0.757249
0.480000 0.693722 5.565174 0.000000 0.695622
0.600000 0.645771 5.185763 0.000000 0.648070
0.720000 0.597101 4.798001 0.000000 0.600200
0.840000 0.556022 4.476562 0.000000 0.559920
0.960000 0.523300 4.218600 0.000000 0.527700
1.080000 0.487059 3.930848 0.000000 0.491256
1.200000 0.455691 3.687637 0.000000 0.460992
1.320000 0.431314 3.500100 0.000000 0.437612
1.440000 0.403039 3.282787 0.000000 0.410936
1.560000 0.383347 3.130348 0.000000 0.392243
1.680000 0.358408 2.939582 0.000000 0.368811
1.800000 0.340238 2.801061 0.000000 0.351946
1.920000 0.318859 2.639120 0.000000 0.331466
2.040000 0.303748 2.526937 0.000000 0.317341
2.160000 0.288600 2.418200 0.000000 0.303900
2.280000 0.270981 2.287186 0.000000 0.287586
2.400000 0.252475 2.151285 0.000000 0.270573
2.520000 0.237724 2.038604 0.000000 0.256326
2.640000 0.225523 1.955796 0.000000 0.245825
2.760000 0.212121 1.854685 0.000000 0.233323
2.880000 0.203180 1.796121 0.000000 0.225777
3.000000 0.192481 1.721828 0.000000 0.216678
3.120000 0.182282 1.655734 0.000000 0.208479
3.240000 0.175853 1.608083 0.000000 0.202661
3.360000 0.167850 1.555933 0.000000 0.196241
3.480000 0.160064 1.511305 0.000000 0.190776
3.600000 0.150485 1.451055 0.000000 0.183582
3.720000 0.144700 1.420100 0.000000 0.179900
3.840000 0.138358 1.384285 0.000000 0.175747
3.960000 0.132713 1.353735 0.000000 0.171617
4.080000 0.128126 1.334667 0.000000 0.169334
4.200000 0.122675 1.313037 0.000000 0.166867
4.320000 0.115223 1.281356 0.000000 0.162533
4.440000 0.109089 1.253075 0.000000 0.159184
4.560000 0.104263 1.235541 0.000000 0.156994
4.680000 0.099680 1.216957 0.000000 0.154669
4.800000 0.094491 1.196580 0.000000 0.152185
4.920000 0.088591 1.165883 0.000000 0.148285
5.040000 0.085000 1.170800 0.000000 0.149300
5.160000 0.082258 1.174422 0.000000 0.150105
5.280000 0.077015 1.157732 0.000000 0.148030
5.400000 0.072985 1.157169 0.000000 0.147770
5.520000 0.070872 1.163435 0.000000 0.148741
5.640000 0.069914 1.193039 0.000000 0.152831
5.760000 0.065093 1.186781 0.000000 0.151885
5.880000 0.060012 1.178836 0.000000 0.150930
6.000000 0.056711 1.185937 0.000000 0.152130
6.120000 0.052895 1.190481 0.000000 0.152985
6.240000 0.049535 1.201741 0.000000 0.154308
6.360000 0.045928 1.218931 0.000000 0.157194
6.480000 0.043891 1.237852 0.000000 0.159968
6.600000 0.042187 1.268520 0.000000 0.164151
6.720000 0.039204 1.283928 0.000000 0.165917
6.840000 0.037289 1.316305 0.000000 0.170749
6.960000 0.036596 1.368363 0.000000 0.177782
7.080000 0.035318 1.397999 0.000000 0.181891
7.200000 0.034020 1.437162 0.000000 0.187513
7.320000 0.032690 1.490953 0.000000 0.194942
7.440000 0.030312 1.534414 0.000000 0.200680
7.560000 0.028897 1.611539 0.000000 0.211379
7.680000 0.028000 1.670900 0.000000 0.219100
7.800000 0.027003 1.744375 0.000000 0.228923
7.920000 0.027395 1.824635 0.000000 0.239652
8.040000 0.024100 1.886800 0.000000 0.248500
8.160000 0.023595 1.960908 0.000000 0.258948
8.280000 0.022900 2.024700 0.000000 0.267400
8.400000 0.020706 2.101630 0.000000 0.277783
8.520000 0.020492 2.170232 0.000000 0.287385
8.639999 0.019000 2.232100 0.000000 0.295900
8.760000 0.017095 2.314606 0.000000 0.307108
8.880000 0.015205 2.396219 0.000000 0.318396
9.000000 0.014490 2.486260 0.000000 0.330768
9.120000 0.013408 2.576946 0.000000 0.343506
9.240000 0.011994 2.680360 0.000000 0.357821
9.360000 0.010798 2.778544 0.000000 0.371026
9.480000 0.010804 2.858844 0.000000 0.382253
9.599999 0.010201 2.964597 0.000000 0.397140
9.719999 0.009101 3.064306 0.000000 0.410541
9.840000 0.008901 3.170717 0.000000 0.424742
9.960000 0.007401 3.273528 0.000000 0.438644
10.080000 0.007299 3.375225 0.000000 0.452709
10.200000 0.006197 3.491754 0.000000 0.469365
10.320000 0.005899 3.598740 0.000000 0.484152
10.440000 0.004699 3.712786 0.000000 0.500450
10.559999 0.004299 3.821136 0.000000 0.515697
10.679999 0.003997 3.922554 0.000000 0.530529
10.800000 0.003999 4.031394 0.000000 0.545891
10.920000 0.003502 4.135781 0.000000 0.561037
11.040000 0.003701 4.246249 0.000000 0.576815
11.160000 0.003699 4.362827 0.000000 0.593581
11.280000 0.003200 4.481952 0.000000 0.610939
11.400000 0.003198 4.574498 0.000000 0.623464
11.520000 0.002901 4.674470 0.000000 0.638055
11.639999 0.002200 4.748225 0.000000 0.649135
11.759999 0.001599 4.854658 0.000000 0.663734
11.880000 0.001100 4.944800 0.000000 0.676800
12.000000 0.001101 5.034845 0.000000 0.690698
12.120000 0.000900 5.122712 0.000000 0.703370
12.240000 0.000700 5.201641 0.000000 0.714543
12.360000 0.000701 5.284914 0.000000 0.727000
12.480000 0.000500 5.377250 0.000000 0.740796
12.599999 0.000500 5.464333 0.000000 0.753777
12.719999 0.000699 5.543711 0.000000 0.765111
12.840000 0.000699 5.627710 0.000000 0.777744
12.960000 0.000300 5.684579 0.000000 0.786951
13.080000 0.000300 5.750926 0.000000 0.796239
13.200000 0.000100 5.826613 0.000000 0.806903
13.320000 0.000200 5.877875 0.000000 0.815263
13.440000 0.000200 5.937706 0.000000 0.824818
13.559999 0.000200 5.992500 0.000000 0.833217
13.679999 0.000200 6.063657 0.000000 0.843859
13.799999 0.000100 6.112200 0.000000 0.853100
13.920000 0.000100 6.165783 0.000000 0.861514
14.040000 0.000100 6.199581 0.000000 0.866846
14.160000 0.000100 6.245374 0.000000 0.874862
14.280000 0.000100 6.293658 0.000000 0.881376
14.400000 0.000000 6.327769 0.000000 0.886945
14.520000 0.000000 6.365317 0.000000 0.892254
14.639999 0.000000 6.403001 0.000000 0.897849
14.759999 0.000000 6.443789 0.000000 0.904381
14.880000 0.000000 6.472447 0.000000 0.909291
15.000000 0.000000 6.507199 0.000000 0.915217
15.120000 0.000000 6.537063 0.000000 0.920679
15.240000 0.000000 6.560108 0.000000 0.925952
15.360000 0.000000 6.572729 0.000000 0.929421
15.480000 0.000000 6.592460 0.000000 0.932893
15.599999 0.000000 6.608292 0.000000 0.935864
15.719999 0.000000 6.628629 0.000000 0.940240
15.839999 0.000000 6.645794 0.000000 0.942383
15.960000 0.000000 6.660058 0.000000 0.945930
16.080000 0.000000 6.667967 0.000000 0.948095
16.199999 0.000000 6.677964 0.000000 0.951010
16.320000 0.000000 6.695778 0.000000 0.955282
16.440001 0.000000 6.707300 0.000000 0.958400
16.559999 0.000000 6.714842 0.000000 0.961246
16.680000 0.000000 6.716372 0.000000 0.964196
16.799999 0.000000 6.725535 0.000000 0.964879
16.920000 0.000000 6.732360 0.000000 0.966820
17.039999 0.000000 6.737952 0.000000 0.969006
17.160000 0.000000 6.739952 0.000000 0.971606
17.279999 0.000000 6.743877 0.000000 0.972908
17.400000 0.000000 6.747425 0.000000 0.973992
17.520000 0.000000 6.752574 0.000000 0.974908
17.639999 0.000000 6.756544 0.000000 0.975524
17.760000 0.000000 6.754732 0.000000 0.975864
17.879999 0.000000 6.754668 0.000000 0.977134
18.000000 0.000000 6.751174 0.000000 0.977516
18.119999 0.000000 6.748750 0.000000 0.978104
18.240000 0.000000 6.745726 0.000000 0.978702
18.359999 0.000000 6.741948 0.000000 0.978496
18.480000 0.000000 6.732046 0.000000 0.978196
18.600000 0.000000 6.723262 0.000000 0.978789
18.719999 0.000000 6.712643 0.000000 0.979396
18.840000 0.000000 6.698819 0.000000 0.980088
18.959999 0.000000 6.687081 0.000000 0.980386
19.080000 0.000000 6.683463 0.000000 0.980504
19.199999 0.000000 6.676565 0.000000 0.981304
19.320000 0.000000 6.671367 0.000000 0.981498
19.439999 0.000000 6.662269 0.000000 0.982109
19.559999 0.000000 6.653027 0.000000 0.981991
19.680000 0.000000 6.648035 0.000000 0.981102
19.799999 0.000000 6.637301 0.000000 0.981279
19.920000 0.000000 6.635799 0.000000 0.981480
20.039999 0.000000 6.624262 0.000000 0.983098
20.160000 0.000000 6.616985 0.000000 0.983295
20.279999 0.000000 6.611116 0.000000 0.982205
20.400000 0.000000 6.590246 0.000000 0.982211
20.520000 0.000000 6.582925 0.000000 0.983405
20.639999 0.000000 6.579316 0.000000 0.982897
20.760000 0.000000 6.574728 0.000000 0.982705
20.879999 0.000000 6.565743 0.000000 0.982002
21.000000 0.000000 6.555100 0.000000 0.981900
21.119999 0.000000 6.550120 0.000000 0.980992
21.240000 0.000000 6.543174 0.000000 0.981611
21.359999 0.000000 6.534212 0.000000 0.981321
21.480000 0.000000 6.524457 0.000000 0.981394
21.600000 0.000000 6.517231 0.000000 0.980921
21.719999 0.000000 6.509347 0.000000 0.981206
21.840000 0.000000 6.502650 0.000000 0.981402
21.959999 0.000000 6.487661 0.000000 0.981816
22.080000 0.000000 6.481674 0.000000 0.982075
22.199999 0.000000 6.469529 0.000000 0.981687
22.320000 0.000000 6.457149 0.000000 0.982041
22.439999 0.000000 6.449135 0.000000 0.981494
22.559999 0.000000 6.440544 0.000000 0.981698
22.680000 0.000000 6.424612 0.000000 0.981391
22.799999 0.000000 6.421511 0.000000 0.982391
22.920000 0.000000 6.408772 0.000000 0.982114
23.039999 0.000000 6.398480 0.000000 0.981596
23.160000 0.000000 6.398442 0.000000 0.980418
23.279999 0.000000 6.395181 0.000000 0.980606
23.400000 0.000000 6.385007 0.000000 0.980610
23.519999 0.000000 6.374500 0.000000 0.981115
23.639999 0.000000 6.363809 0.000000 0.981215
23.760000 0.000000 6.349890 0.000000 0.980373
23.879999 0.000000 6.336432 0.000000 0.980310
24.000000 0.000000 6.328797 0.000000 0.980989
24.119999 0.000000 6.316910 0.000000 0.980812
24.240000 0.000000 6.306415 0.000000 0.980787
24.359999 0.000000 6.298751 0.000000 0.980810
24.480000 0.000000 6.294276 0.000000 0.980821
24.600000 0.000000 6.296659 0.000000 0.981096
24.719999 0.000000 6.285258 0.000000 0.980923
24.840000 0.000000 6.274508 0.000000 0.981013
24.959999 0.000000 6.273055 0.000000 0.980696
25.080000 0.000000 6.261621 0.000000 0.980906
25.199999 0.000000 6.252323 0.000000 0.980614
25.320000 0.000000 6.247451 0.000000 0.981104
25.439999 0.000000 6.230708 0.000000 0.981407
25.559999 0.000000 6.225487 0.000000 0.981309
25.680000 0.000000 6.212873 0.000000 0.981111
25.799999 0.000000 6.205364 0.000000 0.981585
25.920000 0.000000 6.196643 0.000000 0.981815
26.039999 0.000000 6.182783 0.000000 0.981882
26.160000 0.000000 6.180180 0.000000 0.981281
26.279999 0.000000 6.170018 0.000000 0.981498
26.400000 0.000000 6.164249 0.000000 0.980694
26.519999 0.000000 6.165018 0.000000 0.980710
26.639999 0.000000 6.153638 0.000000 0.981183
26.760000 0.000000 6.152432 0.000000 0.980821
26.879999 0.000000 6.146173 0.000000 0.980590
27.000000 0.000000 6.138528 0.000000 0.980796
27.119999 0.000000 6.126723 0.000000 0.980212
27.240000 0.000000 6.123026 0.000000 0.980812
27.359999 0.000000 6.125225 0.000000 0.980196
27.480000 0.000000 6.127915 0.000000 0.980382
27.599998 0.000000 6.122499 0.000000 0.981300
27.719999 0.000000 6.116493 0.000000 0.981785
27.840000 0.000000 6.106832 0.000000 0.982195
27.959999 0.000000 6.095272 0.000000 0.982205
28.080000 0.000000 6.084942 0.000000 0.982691
28.199999 0.000000 6.080252 0.000000 0.982810
28.320000 0.000000 6.080184 0.000000 0.982304
28.439999 0.000000 6.072707 0.000000 0.981698
28.559999 0.000000 6.062094 0.000000 0.982102
28.680000 0.000000 6.044273 0.000000 0.982910
28.799999 0.000000 6.039033 0.000000 0.982230
28.920000 0.000000 6.033127 0.000000 0.981885
29.039999 0.000000 6.025187 0.000000 0.981309
29.160000 0.000000 6.018682 0.000000 0.981119
29.279999 0.000000 6.012901 0.000000 0.980598
29.400000 0.000000 6.006999 0.000000 0.980402
29.519999 0.000000 6.002698 0.000000 0.979714
29.639999 0.000000 6.000500 0.000000 0.979498
29.760000 0.000000 5.993204 0.000000 0.979113
29.879999 0.000000 5.986304 0.000000 0.978107
30.000000 0.000000 5.976705 0.000000 0.978204
30.119999 0.000000 5.969594 0.000000 0.978896
30.240000 0.000000 5.963582 0.000000 0.978889
30.359999 0.000000 5.960088 0.000000 0.979394
30.480000 0.000000 5.949739 0.000000 0.979576
30.599998 0.000000 5.935868 0.000000 0.979790
30.719999 0.000000 5.928786 0.000000 0.980696
30.840000 0.000000 5.920660 0.000000 0.980490
30.959999 0.000000 5.916375 0.000000 0.980894
31.080000 0.000000 5.915074 0.000000 0.980394
31.199999 0.000000 5.915941 0.000000 0.979686
31.320000 0.000000 5.903862 0.000000 0.979892
31.439999 0.000000 5.903338 0.000000 0.980408
31.559999 0.000000 5.901080 0.000000 0.979796
31.679998 0.000000 5.896235 0.000000 0.980126
31.799999 0.000000 5.892814 0.000000 0.979784
31.920000 0.000000 5.878561 0.000000 0.980410
32.040001 0.000000 5.871690 0.000000 0.979215
32.160000 0.000000 5.865465 0.000000 0.978879
32.279999 0.000000 5.862372 0.000000 0.979896
32.399998 0.000000 5.851563 0.000000 0.980521
32.520000 0.000000 5.845946 0.000000 0.980180
32.639999 0.000000 5.836049 0.000000 0.980706
32.759998 0.000000 5.832817 0.000000 0.980902
32.880001 0.000000 5.825082 0.000000 0.981098
33.000000 0.000000 5.812613 0.000000 0.981982
33.119999 0.000000 5.798599 0.000000 0.982491
33.239998 0.000000 5.791237 0.000000 0.982395
33.360001 0.000000 5.789584 0.000000 0.982807
33.480000 0.000000 5.788073 0.000000 0.982590
33.599998 0.000000 5.781613 0.000000 0.983193
33.719997 0.000000 5.787500 0.000000 0.982700
33.840000 0.000000 5.780690 0.000000 0.982992
33.959999 0.000000 5.767390 0.000000 0.983585
34.079998 0.000000 5.750726 0.000000 0.983388
34.200001 0.000000 5.744456 0.000000 0.983516
34.320000 0.000000 5.734007 0.000000 0.982881
34.439999 0.000000 5.732881 0.000000 0.983505
34.559998 0.000000 5.721656 0.000000 0.984203
34.680000 0.000000 5.722405 0.000000 0.983488
34.799999 0.000000 5.702940 0.000000 0.984697
34.919998 0.000000 5.701930 0.000000 0.983802
35.040001 0.000000 5.698581 0.000000 0.984409
35.160000 0.000000 5.699121 0.000000 0.984006
35.279999 0.000000 5.693908 0.000000 0.984095
35.399998 0.000000 5.692777 0.000000 0.984594
35.520000 0.000000 5.684079 0.000000 0.984618
35.639999 0.000000 5.669833 0.000000 0.984002
35.759998 0.000000 5.661900 0.000000 0.984200
35.880001 0.000000 5.655476 0.000000 0.983613
36.000000 0.000000 5.652079 0.000000 0.983014
36.119999 0.000000 5.639000 0.000000 0.983000
36.239998 0.000000 5.631279 0.000000 0.983090
36.360001 0.000000 5.616815 0.000000 0.982805
36.480000 0.000000 5.616677 0.000000 0.982503
36.599998 0.000000 5.608895 0.000000 0.981909
36.719997 0.000000 5.603321 0.000000 0.982196
36.840000 0.000000 5.596900 0.000000 0.982300
36.959999 0.000000 5.591441 0.000000 0.982602
37.079998 0.000000 5.589782 0.000000 0.982404
37.200001 0.000000 5.575394 0.000000 0.982524
37.320000 0.000000 5.564887 0.000000 0.982304
37.439999 0.000000 5.561381 0.000000 0.982391
37.559998 0.000000 5.552314 0.000000 0.981113
37.680000 0.000000 5.539862 0.000000 0.980894
37.799999 0.000000 5.538677 0.000000 0.981387
37.919998 0.000000 5.531347 0.000000 0.981402
38.040001 0.000000 5.520652 0.000000 0.981498
38.160000 0.000000 5.517197 0.000000 0.981904
38.279999 0.000000 5.514797 0.000000 0.981904
38.399998 0.000000 5.511956 0.000000 0.981591
38.520000 0.000000 5.505905 0.000000 0.981685
38.639999 0.000000 5.491505 0.000000 0.982610
38.759998 0.000000 5.496251 0.000000 0.982905
38.879997 0.000000 5.485397 0.000000 0.982597
39.000000 0.000000 5.473905 0.000000 0.982903
39.119999 0.000000 5.463885 0.000000 0.983093
39.239998 0.000000 5.454254 0.000000 0.983383
39.360001 0.000000 5.451429 0.000000 0.983710
39.480000 0.000000 5.439173 0.000000 0.983919
39.599998 0.000000 5.433333 0.000000 0.983884
39.719997 0.000000 5.430528 0.000000 0.983207
39.840000 0.000000 5.425272 0.000000 0.983105
39.959999 0.000000 5.417351 0.000000 0.982590
40.079998 0.000000 5.407859 0.000000 0.982602
40.200001 0.000000 5.404438 0.000000 0.982907
40.320000 0.000000 5.385362 0.000000 0.983002
40.439999 0.000000 5.380352 0.000000 0.983293
40.559998 0.000000 5.383101 0.000000 0.983900
40.680000 0.000000 5.376652 0.000000 0.983380
40.799999 0.000000 5.371577 0.000000 0.983010
40.919998 0.000000 5.373675 0.000000 0.982897
41.040001 0.000000 5.371926 0.000000 0.983003
41.160000 0.000000 5.367100 0.000000 0.982000
41.279999 0.000000 5.364392 0.000000 0.982386
41.399998 0.000000 5.354371 0.000000 0.982296
41.520000 0.000000 5.334000 0.000000 0.982900
41.639999 0.000000 5.324138 0.000000 0.982709
41.759998 0.000000 5.313588 0.000000 0.983090
41.879997 0.000000 5.310769 0.000000 0.982702
42.000000 0.000000 5.307715 0.000000 0.982288
42.119999 0.000000 5.299010 0.000000 0.983005
42.239998 0.000000 5.293829 0.000000 0.983198
42.360001 0.000000 5.283214 0.000000 0.982893
42.480000 0.000000 5.279356 0.000000 0.982597
42.599998 0.000000 5.276224 0.000000 0.982318
42.719997 0.000000 5.279536 0.000000 0.982423
42.840000 0.000000 5.278205 0.000000 0.982013
42.959999 0.000000 5.264515 0.000000 0.981713
43.079998 0.000000 5.264306 0.000000 0.981493
43.200001 0.000000 5.255702 0.000000 0.981393
43.320000 0.000000 5.251624 0.000000 0.981613
43.439999 0.000000 5.239109 0.000000 0.980715
43.559998 0.000000 5.232693 0.000000 0.981793
43.680000 0.000000 5.222711 0.000000 0.982007
43.799999 0.000000 5.215264 0.000000 0.982495
43.919998 0.000000 5.209537 0.000000 0.982305
44.040001 0.000000 5.204402 0.000000 0.983092
44.160000 0.000000 5.197800 0.000000 0.981700
44.279999 0.000000 5.202716 0.000000 0.981426
44.399998 0.000000 5.199061 0.000000 0.981113
44.520000 0.000000 5.189824 0.000000 0.980208
44.639999 0.000000 5.186161 0.000000 0.981274
44.759998 0.000000 5.186788 0.000000 0.981311
44.879997 0.000000 5.176982 0.000000 0.981602
45.000000 0.000000 5.163999 0.000000 0.982590
45.119999 0.000000 5.163453 0.000000 0.982616
45.239998 0.000000 5.146944 0.000000 0.981995
45.360001 0.000000 5.147185 0.000000 0.982102
45.480000 0.000000 5.141272 0.000000 0.982204
45.599998 0.000000 5.134957 0.000000 0.981933
45.719997 0.000000 5.126238 0.000000 0.981895
45.840000 0.000000 5.132374 0.000000 0.981904
45.959999 0.000000 5.130365 0.000000 0.982831
46.079998 0.000000 5.122861 0.000000 0.982891
46.200001 0.000000 5.116359 0.000000 0.983292
46.320000 0.000000 5.103059 0.000000 0.983906
46.439999 0.000000 5.099670 0.000000 0.983505
46.559998 0.000000 5.093797 0.000000 0.983566
46.680000 0.000000 5.093081 0.000000 0.983803
46.799999 0.000000 5.085752 0.000000 0.984291
46.919998 0.000000 5.080568 0.000000 0.983607
47.039997 0.000000 5.073963 0.000000 0.983808
47.160000 0.000000 5.075892 0.000000 0.983302
47.279999 0.000000 5.071614 0.000000 0.983097
47.399998 0.000000 5.064581 0.000000 0.983305
47.520000 0.000000 5.051964 0.000000 0.982812
47.639999 0.000000 5.044009 0.000000 0.982296
47.759998 0.000000 5.044769 0.000000 0.982612
47.879997 0.000000 5.037225 0.000000 0.983134
48.000000 0.000000 5.036004 0.000000 0.983698
48.119999 0.000000 5.031581 0.000000 0.983810
48.239998 0.000000 5.031687 0.000000 0.983906
48.360001 0.000000 5.034697 0.000000 0.984402
48.480000 0.000000 5.026471 0.000000 0.984817
48.599998 0.000000 5.026595 0.000000 0.985003
48.719997 0.000000 5.023066 0.000000 0.985721
48.840000 0.000000 5.013896 0.000000 0.985004
48.959999 0.000000 5.009297 0.000000 0.984905
49.079998 0.000000 5.007700 0.000000 0.984100
49.200001 0.000000 5.000400 0.000000 0.983390
49.320000 0.000000 4.998500 0.000000 0.983198
49.439999 0.000000 5.003701 0.000000 0.982593
49.559998 0.000000 4.994102 0.000000 0.983205
49.680000 0.000000 4.985914 0.000000 0.982917
49.799999 0.000000 4.978977 0.000000 0.983482
49.919998 0.000000 4.971531 0.000000 0.983818
50.039997 0.000000 4.964018 0.000000 0.983308
50.160000 0.000000 4.956504 0.000000 0.983302
50.279999 0.000000 4.941588 0.000000 0.982897
50.399998 0.000000 4.927258 0.000000 0.983513
50.520000 0.000000 4.920240 0.000000 0.982409
50.639999 0.000000 4.920784 0.000000 0.982597
50.759998 0.000000 4.910791 0.000000 0.981298
50.879997 0.000000 4.906087 0.000000 0.980577
51.000000 0.000000 4.891119 0.000000 0.980222
51.119999 0.000000 4.893189 0.000000 0.980798
51.239998 0.000000 4.888445 0.000000 0.980908
51.360001 0.000000 4.890333 0.000000 0.980806
51.480000 0.000000 4.886334 0.000000 0.981805
51.599998 0.000000 4.875823 0.000000 0.981933
51.719997 0.000000 4.868127 0.000000 0.982104
51.840000 0.000000 4.858428 0.000000 0.981204
51.959999 0.000000 4.861472 0.000000 0.980996
52.079998 0.000000 4.855658 0.000000 0.981308
52.199997 0.000000 4.848100 0.000000 0.980600
52.320000 0.000000 4.843132 0.000000 0.980804
52.439999 0.000000 4.835917 0.000000 0.981702
52.559998 0.000000 4.827603 0.000000 0.982111
52.680000 0.000000 4.810048 0.000000 0.982186
52.799999 0.000000 4.799480 0.000000 0.982516
52.919998 0.000000 4.801280 0.000000 0.982607
53.039997 0.000000 4.795516 0.000000 0.982684
53.160000 0.000000 4.784184 0.000000 0.982683
53.279999 0.000000 4.769346 0.000000 0.982204
53.399998 0.000000 4.768701 0.000000 0.982123
53.520000 0.000000 4.770679 0.000000 0.982475
53.639999 0.000000 4.768277 0.000000 0.982698
53.759998 0.000000 4.760260 0.000000 0.983083
53.879997 0.000000 4.753595 0.000000 0.982621
54.000000 0.000000 4.746125 0.000000 0.983702
54.119999 0.000000 4.734247 0.000000 0.983697
54.239998 0.000000 4.725600 0.000000 0.983600
54.360001 0.000000 4.713344 0.000000 0.983120
54.480000 0.000000 4.701798 0.000000 0.982617
54.599998 0.000000 4.702419 0.000000 0.982307
54.719997 0.000000 4.693332 0.000000 0.982679
54.840000 0.000000 4.683794 0.000000 0.983105
54.959999 0.000000 4.673829 0.000000 0.983112
55.079998 0.000000 4.675128 0.000000 0.983512
55.199997 0.000000 4.665132 0.000000 0.982986
55.320000 0.000000 4.649875 0.000000 0.982209
55.439999 0.000000 4.649770 0.000000 0.982503
55.559998 0.000000 4.645665 0.000000 0.981398
55.680000 0.000000 4.639520 0.000000 0.981291
55.799999 0.000000 4.639548 0.000000 0.980987
55.919998 0.000000 4.627912 0.000000 0.980106
56.039997 0.000000 4.620410 0.000000 0.978989
56.160000 0.000000 4.609330 0.000000 0.979323
56.279999 0.000000 4.608865 0.000000 0.979688
56.399998 0.000000 4.600800 0.000000 0.980310
56.520000 0.000000 4.585993 0.000000 0.980590
56.639999 0.000000 4.573669 0.000000 0.980621
56.759998 0.000000 4.566900 0.000000 0.981400
56.879997 0.000000 4.558697 0.000000 0.982016
57.000000 0.000000 4.553689 0.000000 0.982104
57.119999 0.000000 4.544636 0.000000 0.981885
57.239998 0.000000 4.537032 0.000000 0.981409
57.360001 0.000000 4.541138 0.000000 0.982205
57.480000 0.000000 4.546154 0.000000 0.982698
57.599998 0.000000 4.528559 0.000000 0.982795
57.719997 0.000000 4.523229 0.000000 0.982716
57.840000 0.000000 4.520548 0.000000 0.983302
57.959999 0.000000 4.515891 0.000000 0.982710
58.079998 0.000000 4.507047 0.000000 0.982109
58.199997 0.000000 4.502599 0.000000 0.981611
58.320000 0.000000 4.503098 0.000000 0.981707
58.439999 0.000000 4.503454 0.000000 0.980979
58.559998 0.000000 4.490055 0.000000 0.980610
58.680000 0.000000 4.492489 0.000000 0.980773
58.799999 0.000000 4.478018 0.000000 0.980316
58.919998 0.000000 4.471353 0.000000 0.980302
59.039997 0.000000 4.463076 0.000000 0.979714
59.160000 0.000000 4.457563 0.000000 0.979906
59.279999 0.000000 4.458771 0.000000 0.980210
59.399998 0.000000 4.450690 0.000000 0.980496
59.520000 0.000000 4.451426 0.000000 0.980690
59.639999 0.000000 4.450645 0.000000 0.981098
59.759998 0.000000 4.454818 0.000000 0.981407
59.879997 0.000000 4.449950 0.000000 0.981519
60.000000 0.000000 4.452429 0.000000 0.981011
60.119999 0.000000 4.438838 0.000000 0.980380
60.239998 0.000000 4.435657 0.000000 0.979302
60.359997 0.000000 4.427758 0.000000 0.979631
60.480000 0.000000 4.418449 0.000000 0.979212
60.599998 0.000000 4.420748 0.000000 0.979013
60.719997 0.000000 4.422562 0.000000 0.979117
60.840000 0.000000 4.407782 0.000000 0.979696
60.959999 0.000000 4.395423 0.000000 0.979414
61.079998 0.000000 4.389061 0.000000 0.980002
61.199997 0.000000 4.384170 0.000000 0.979412
61.320000 0.000000 4.389411 0.000000 0.979083
61.439999 0.000000 4.389422 0.000000 0.979604
61.559998 0.000000 4.382723 0.000000 0.979404
61.680000 0.000000 4.373288 0.000000 0.980106
61.799999 0.000000 4.371757 0.000000 0.980439
61.919998 0.000000 4.368052 0.000000 0.980608
62.039997 0.000000 4.361890 0.000000 0.981285
62.160000 0.000000 4.351489 0.000000 0.981511
62.279999 0.000000 4.346596 0.000000 0.981406
62.399998 0.000000 4.346265 0.000000 0.981502
62.520000 0.000000 4.331499 0.000000 0.981895
62.639999 0.000000 4.318359 0.000000 0.981891
62.759998 0.000000 4.313569 0.000000 0.981602
62.879997 0.000000 4.316800 0.000000 0.982200
63.000000 0.000000 4.313980 0.000000 0.981113
63.119999 0.000000 4.307439 0.000000 0.981304
63.239998 0.000000 4.306292 0.000000 0.981294
63.359997 0.000000 4.304361 0.000000 0.981396
63.480000 0.000000 4.298009 0.000000 0.981387
63.599998 0.000000 4.289042 0.000000 0.982204
63.719997 0.000000 4.291171 0.000000 0.981802
63.840000 0.000000 4.291567 0.000000 0.982614
63.959999 0.000000 4.285129 0.000000 0.982610
64.080002 0.000000 4.280220 0.000000 0.981918
64.199997 0.000000 4.277945 0.000000 0.982204
64.320000 0.000000 4.261948 0.000000 0.982803
64.439995 0.000000 4.261334 0.000000 0.982624
64.559998 0.000000 4.253751 0.000000 0.982396
64.680000 0.000000 4.253672 0.000000 0.981816
64.799995 0.000000 4.248426 0.000000 0.980913
64.919998 0.000000 4.244429 0.000000 0.980913
65.040001 0.000000 4.241373 0.000000 0.981895
65.159996 0.000000 4.247550 0.000000 0.981804
65.279999 0.000000 4.244925 0.000000 0.981698
65.400002 0.000000 4.240212 0.000000 0.981822
65.519997 0.000000 4.239772 0.000000 0.982595
65.639999 0.000000 4.236863 0.000000 0.982917
65.760002 0.000000 4.227050 0.000000 0.983618
65.879997 0.000000 4.223310 0.000000 0.983207
66.000000 0.000000 4.220999 0.000000 0.983185
66.119995 0.000000 4.217391 0.000000 0.982909
66.239998 0.000000 4.213886 0.000000 0.982717
66.360001 0.000000 4.207959 0.000000 0.983003
66.479996 0.000000 4.193571 0.000000 0.983229
66.599998 0.000000 4.190376 0.000000 0.982929
66.720001 0.000000 4.187394 0.000000 0.982591
66.839996 0.000000 4.186056 0.000000 0.982595
66.959999 0.000000 4.179410 0.000000 0.983009
67.080002 0.000000 4.173031 0.000000 0.983407
67.199997 0.000000 4.184310 0.000000 0.983890
67.320000 0.000000 4.168599 0.000000 0.983510
67.439995 0.000000 4.160444 0.000000 0.982584
67.559998 0.000000 4.150830 0.000000 0.982196
67.680000 0.000000 4.152708 0.000000 0.981711
67.799995 0.000000 4.151533 0.000000 0.981720
67.919998 0.000000 4.142372 0.000000 0.981916
68.040001 0.000000 4.138634 0.000000 0.981322
68.159996 0.000000 4.145086 0.000000 0.980902
68.279999 0.000000 4.142715 0.000000 0.981185
68.400002 0.000000 4.129061 0.000000 0.981206
68.519997 0.000000 4.119676 0.000000 0.981304
68.639999 0.000000 4.114180 0.000000 0.981087
68.760002 0.000000 4.105016 0.000000 0.981115
68.879997 0.000000 4.102839 0.000000 0.981411
69.000000 0.000000 4.096313 0.000000 0.981117
69.119995 0.000000 4.094128 0.000000 0.980694
69.239998 0.000000 4.089472 0.000000 0.980084
69.360001 0.000000 4.087847 0.000000 0.979812
69.479996 0.000000 4.077108 0.000000 0.979525
69.599998 0.000000 4.075253 0.000000 0.980186
69.720001 0.000000 4.077169 0.000000 0.980583
69.839996 0.000000 4.069363 0.000000 0.980583
69.959999 0.000000 4.071614 0.000000 0.979924
70.080002 0.000000 4.062787 0.000000 0.980004
70.199997 0.000000 4.056500 0.000000 0.979600
70.320000 0.000000 4.054804 0.000000 0.980463
70.439995 0.000000 4.054100 0.000000 0.980400
70.559998 0.000000 4.043596 0.000000 0.980802
70.680000 0.000000 4.037089 0.000000 0.981206
70.799995 0.000000 4.039328 0.000000 0.980486
70.919998 0.000000 4.038935 0.000000 0.980382
71.040001 0.000000 4.031794 0.000000 0.980604
71.159996 0.000000 4.023407 0.000000 0.980894
71.279999 0.000000 4.018291 0.000000 0.980010
71.400002 0.000000 4.017998 0.000000 0.980102
71.519997 0.000000 4.011101 0.000000 0.979698
71.639999 0.000000 3.996798 0.000000 0.979688
71.760002 0.000000 3.990303 0.000000 0.978506
71.879997 0.000000 3.987389 0.000000 0.978581
72.000000 0.000000 3.976390 0.000000 0.977791
72.119995 0.000000 3.976319 0.000000 0.977718
72.239998 0.000000 3.962608 0.000000 0.978604
72.360001 0.000000 3.961789 0.000000 0.978994
72.479996 0.000000 3.957847 0.000000 0.979323
72.599998 0.000000 3.956553 0.000000 0.979477
72.720001 0.000000 3.949915 0.000000 0.980006
72.839996 0.000000 3.941818 0.000000 0.980006
72.959999 0.000000 3.937050 0.000000 0.980615
73.080002 0.000000 3.941394 0.000000 0.980498
73.199997 0.000000 3.930135 0.000000 0.980710
73.320000 0.000000 3.929022 0.000000 0.981380
73.439995 0.000000 3.925785 0.000000 0.981796
73.559998 0.000000 3.925530 0.000000 0.982207
73.680000 0.000000 3.916042 0.000000 0.982609
73.799995 0.000000 3.921883 0.000000 0.982273
73.919998 0.000000 3.908010 0.000000 0.983320
74.040001 0.000000 3.906509 0.000000 0.983602
74.159996 0.000000 3.901538 0.000000 0.983223
74.279999 0.000000 3.897308 0.000000 0.982785
74.400002 0.000000 3.899211 0.000000 0.983019
74.519997 0.000000 3.894595 0.000000 0.983415
74.639999 0.000000 3.886857 0.000000 0.983908
74.760002 0.000000 3.873911 0.000000 0.984289
74.879997 0.000000 3.867147 0.000000 0.984094
75.000000 0.000000 3.865994 0.000000 0.983611
75.119995 0.000000 3.862210 0.000000 0.983913
75.239998 0.000000 3.854340 0.000000 0.982981
75.360001 0.000000 3.859540 0.000000 0.983117
75.479996 0.000000 3.855487 0.000000 0.983110
75.599998 0.000000 3.850585 0.000000 0.983298
75.720001 0.000000 3.841248 0.000000 0.982305
75.839996 0.000000 3.845315 0.000000 0.981902
75.959999 0.000000 3.834801 0.000000 0.982289
76.080002 0.000000 3.832016 0.000000 0.982791
76.199997 0.000000 3.835234 0.000000 0.983193
76.320000 0.000000 3.830697 0.000000 0.983881
76.439995 0.000000 3.828240 0.000000 0.983523
76.559998 0.000000 3.819236 0.000000 0.984003
76.680000 0.000000 3.817919 0.000000 0.984901
76.799995 0.000000 3.814370 0.000000 0.984789
76.919998 0.000000 3.811826 0.000000 0.984519
77.040001 0.000000 3.800919 0.000000 0.985016
77.159996 0.000000 3.799780 0.000000 0.985098
77.279999 0.000000 3.802619 0.000000 0.985409
77.400002 0.000000 3.805822 0.000000 0.985094
77.519997 0.000000 3.796700 0.000000 0.984900
77.639999 0.000000 3.793576 0.000000 0.985792
77.759995 0.000000 3.784451 0.000000 0.984811
77.879997 0.000000 3.779844 0.000000 0.984203
78.000000 0.000000 3.781882 0.000000 0.983784
78.119995 0.000000 3.778522 0.000000 0.983802
78.239998 0.000000 3.773304 0.000000 0.983515
78.360001 0.000000 3.775900 0.000000 0.983600
78.479996 0.000000 3.768662 0.000000 0.983611
78.599998 0.000000 3.751676 0.000000 0.983592
78.720001 0.000000 3.759200 0.000000 0.983500
78.839996 0.000000 3.750125 0.000000 0.983908
78.959999 0.000000 3.756400 0.000000 0.984000
79.080002 0.000000 3.745331 0.000000 0.984620
79.199997 0.000000 3.737947 0.000000 0.984297
79.320000 0.000000 3.742651 0.000000 0.984203
79.439995 0.000000 3.740478 0.000000 0.983705
79.559998 0.000000 3.737564 0.000000 0.983485
79.680000 0.000000 3.724483 0.000000 0.982605
79.799995 0.000000 3.725574 0.000000 0.982018
79.919998 0.000000 3.722895 0.000000 0.982681
80.040001 0.000000 3.716413 0.000000 0.981907
80.159996 0.000000 3.711842 0.000000 0.982096
80.279999 0.000000 3.708841 0.000000 0.982797
80.400002 0.000000 3.701110 0.000000 0.982095
80.519997 0.000000 3.694614 0.000000 0.981913
80.639999 0.000000 3.685431 0.000000 0.982702
80.759995 0.000000 3.678210 0.000000 0.982584
80.879997 0.000000 3.672360 0.000000 0.983119
81.000000 0.000000 3.670601 0.000000 0.983195
81.119995 0.000000 3.665300 0.000000 0.983200
81.239998 0.000000 3.656969 0.000000 0.982803
81.360001 0.000000 3.652604 0.000000 0.983005
81.479996 0.000000 3.647171 0.000000 0.983603
81.599998 0.000000 3.643758 0.000000 0.982893
81.720001 0.000000 3.639164 0.000000 0.982998
81.839996 0.000000 3.635402 0.000000 0.982738
81.959999 0.000000 3.616354 0.000000 0.982507
82.080002 0.000000 3.605197 0.000000 0.982009
82.199997 0.000000 3.602000 0.000000 0.982200
82.320000 0.000000 3.585879 0.000000 0.981673
82.439995 0.000000 3.580144 0.000000 0.982268
82.559998 0.000000 3.572114 0.000000 0.982409
82.680000 0.000000 3.572343 0.000000 0.982602
82.799995 0.000000 3.560739 0.000000 0.982717
82.919998 0.000000 3.553289 0.000000 0.983603
83.040001 0.000000 3.548900 0.000000 0.983900
83.159996 0.000000 3.540646 0.000000 0.983502
83.279999 0.000000 3.533947 0.000000 0.983302
83.400002 0.000000 3.527716 0.000000 0.984090
83.519997 0.000000 3.525937 0.000000 0.984208
83.639999 0.000000 3.522779 0.000000 0.984380
83.759995 0.000000 3.532527 0.000000 0.983911
83.879997 0.000000 3.530735 0.000000 0.983508
84.000000 0.000000 3.524790 0.000000 0.983806
84.119995 0.000000 3.521060 0.000000 0.983892
84.239998 0.000000 3.521104 0.000000 0.982897
84.360001 0.000000 3.519567 0.000000 0.982985
84.479996 0.000000 3.517452 0.000000 0.983498
84.599998 0.000000 3.518644 0.000000 0.982205
84.720001 0.000000 3.521200 0.000000 0.981100
84.839996 0.000000 3.517045 0.000000 0.980006
84.959999 0.000000 3.515903 0.000000 0.980796
85.080002 0.000000 3.513505 0.000000 0.980992
85.199997 0.000000 3.511042 0.000000 0.980913
85.320000 0.000000 3.508393 0.000000 0.980216
85.439995 0.000000 3.499300 0.000000 0.979596
85.559998 0.000000 3.497346 0.000000 0.980475
85.680000 0.000000 3.488153 0.000000 0.979906
85.799995 0.000000 3.486854 0.000000 0.979806
85.919998 0.000000 3.482645 0.000000 0.980394
86.040001 0.000000 3.483603 0.000000 0.979904
86.159996 0.000000 3.482645 0.000000 0.980194
86.279999 0.000000 3.480492 0.000000 0.980592
86.400002 0.000000 3.474625 0.000000 0.979620
86.519997 0.000000 3.472058 0.000000 0.980306
86.639999 0.000000 3.467400 0.000000 0.979600
86.759995 0.000000 3.466160 0.000000 0.979306
86.879997 0.000000 3.459684 0.000000 0.978892
87.000000 0.000000 3.457151 0.000000 0.978825
87.119995 0.000000 3.460084 0.000000 0.978992
87.239998 0.000000 3.448334 0.000000 0.979694
87.360001 0.000000 3.446356 0.000000 0.980102
87.479996 0.000000 3.442700 0.000000 0.979700
87.599998 0.000000 3.450090 0.000000 0.979896
87.720001 0.000000 3.448676 0.000000 0.980610
87.839996 0.000000 3.447755 0.000000 0.980102
87.959999 0.000000 3.439896 0.000000 0.980431
88.080002 0.000000 3.436143 0.000000 0.979998
88.199997 0.000000 3.428757 0.000000 0.979716
88.320000 0.000000 3.425225 0.000000 0.979980
88.439995 0.000000 3.424521 0.000000 0.980331
88.559998 0.000000 3.421642 0.000000 0.980198
88.680000 0.000000 3.418176 0.000000 0.980382
88.799995 0.000000 3.411024 0.000000 0.980128
88.919998 0.000000 3.409623 0.000000 0.979994
89.040001 0.000000 3.402997 0.000000 0.979820
89.159996 0.000000 3.399880 0.000000 0.980596
89.279999 0.000000 3.387077 0.000000 0.979896
89.400002 0.000000 3.386700 0.000000 0.980400
89.519997 0.000000 3.386184 0.000000 0.980606
89.639999 0.000000 3.389394 0.000000 0.980525
89.759995 0.000000 3.390305 0.000000 0.980810
89.879997 0.000000 3.385854 0.000000 0.981993
90.000000 0.000000 3.371034 0.000000 0.981583
90.119995 0.000000 3.366837 0.000000 0.981798
90.239998 0.000000 3.364635 0.000000 0.982018
90.360001 0.000000 3.357107 0.000000 0.982719
90.479996 0.000000 3.355600 0.000000 0.982500
90.599998 0.000000 3.347643 0.000000 0.981687
90.720001 0.000000 3.338031 0.000000 0.980910
90.839996 0.000000 3.331400 0.000000 0.980300
90.959999 0.000000 3.327833 0.000000 0.981298
91.079994 0.000000 3.325012 0.000000 0.982327
91.199997 0.000000 3.327267 0.000000 0.982102
91.320000 0.000000 3.320549 0.000000 0.981474
91.439995 0.000000 3.325935 0.000000 0.981004
91.559998 0.000000 3.325753 0.000000 0.980266
91.680000 0.000000 3.322800 0.000000 0.980800
91.799995 0.000000 3.317873 0.000000 0.980608
91.919998 0.000000 3.311980 0.000000 0.981083
92.040001 0.000000 3.313174 0.000000 0.981308
92.159996 0.000000 3.307246 0.000000 0.981309
92.279999 0.000000 3.300649 0.000000 0.981428
92.400002 0.000000 3.304492 0.000000 0.981552
92.519997 0.000000 3.298770 0.000000 0.981302
92.639999 0.000000 3.295341 0.000000 0.981504
92.759995 0.000000 3.289616 0.000000 0.981192
92.879997 0.000000 3.280828 0.000000 0.982098
93.000000 0.000000 3.275465 0.000000 0.981889
93.119995 0.000000 3.269862 0.000000 0.982089
93.239998 0.000000 3.262711 0.000000 0.982519
93.360001 0.000000 3.254302 0.000000 0.983093
93.479996 0.000000 3.252325 0.000000 0.984098
93.599998 0.000000 3.242889 0.000000 0.984475
93.720001 0.000000 3.240920 0.000000 0.983592
93.839996 0.000000 3.235589 0.000000 0.983387
93.959999 0.000000 3.234730 0.000000 0.982505
94.079994 0.000000 3.220843 0.000000 0.983081
94.199997 0.000000 3.206379 0.000000 0.983302
94.320000 0.000000 3.200661 0.000000 0.982886
94.439995 0.000000 3.201560 0.000000 0.983703
94.559998 0.000000 3.193761 0.000000 0.983603
94.680000 0.000000 3.191581 0.000000 0.983602
94.799995 0.000000 3.198860 0.000000 0.983095
94.919998 0.000000 3.192719 0.000000 0.983398
95.040001 0.000000 3.184903 0.000000 0.983782
95.159996 0.000000 3.186505 0.000000 0.984283
95.279999 0.000000 3.175512 0.000000 0.984608
95.400002 0.000000 3.170785 0.000000 0.983592
95.519997 0.000000 3.165116 0.000000 0.983689
95.639999 0.000000 3.160324 0.000000 0.983618
95.759995 0.000000 3.156606 0.000000 0.983710
95.879997 0.000000 3.152224 0.000000 0.983408
96.000000 0.000000 3.151415 0.000000 0.983898
96.119995 0.000000 3.154231 0.000000 0.983497
96.239998 0.000000 3.149925 0.000000 0.983608
96.360001 0.000000 3.149145 0.000000 0.982995
96.479996 0.000000 3.150496 0.000000 0.983479
96.599998 0.000000 3.148625 0.000000 0.982409
96.720001 0.000000 3.142972 0.000000 0.982503
96.839996 0.000000 3.141229 0.000000 0.982609
96.959999 0.000000 3.135676 0.000000 0.982077
97.079994 0.000000 3.136000 0.000000 0.981300
97.199997 0.000000 3.125638 0.000000 0.981394
97.320000 0.000000 3.125913 0.000000 0.982298
97.439995 0.000000 3.121563 0.000000 0.981905
97.559998 0.000000 3.128452 0.000000 0.981893
97.680000 0.000000 3.126200 0.000000 0.982200
97.799995 0.000000 3.124213 0.000000 0.981813
97.919998 0.000000 3.128626 0.000000 0.981196
98.040001 0.000000 3.126951 0.000000 0.981393
98.159996 0.000000 3.124825 0.000000 0.981396
98.279999 0.000000 3.128136 0.000000 0.981509
98.400002 0.000000 3.129848 0.000000 0.981207
98.519997 0.000000 3.122137 0.000000 0.980794
98.639999 0.000000 3.118557 0.000000 0.980523
98.759995 0.000000 3.106159 0.000000 0.979970
98.879997 0.000000 3.105284 0.000000 0.980422
99.000000 0.000000 3.105826 0.000000 0.980014
99.119995 0.000000 3.102080 0.000000 0.979804
99.239998 0.000000 3.106864 0.000000 0.980588
99.360001 0.000000 3.100290 0.000000 0.981802
99.479996 0.000000 3.099070 0.000000 0.982188
99.599998 0.000000 3.094972 0.000000 0.981905
99.720001 0.000000 3.090236 0.000000 0.981092
99.839996 0.000000 3.096339 0.000000 0.981092
99.959999 0.000000 3.091346 0.000000 0.980690
100.079994 0.000000 3.094019 0.000000 0.980596
100.199997 0.000000 3.086214 0.000000 0.980519
100.320000 0.000000 3.081757 0.000000 0.980686
100.439995 0.000000 3.080148 0.000000 0.981189
100.559998 0.000000 3.075576 0.000000 0.981481
100.680000 0.000000 3.070014 0.000000 0.982396
100.799995 0.000000 3.067006 0.000000 0.982425
100.919998 0.000000 3.055223 0.000000 0.981925
101.040001 0.000000 3.054889 0.000000 0.981604
101.159996 0.000000 3.049449 0.000000 0.981181
101.279999 0.000000 3.042100 0.000000 0.981400
101.400002 0.000000 3.050610 0.000000 0.981596
101.519997 0.000000 3.046414 0.000000 0.981795
101.639999 0.000000 3.038673 0.000000 0.982113
101.759995 0.000000 3.031638 0.000000 0.981678
101.879997 0.000000 3.031450 0.000000 0.981470
102.000000 0.000000 3.032532 0.000000 0.982082
102.119995 0.000000 3.021302 0.000000 0.981398
102.239998 0.000000 3.018504 0.000000 0.981196
102.360001 0.000000 3.011504 0.000000 0.979894
102.479996 0.000000 3.011202 0.000000 0.979296
102.599998 0.000000 3.008502 0.000000 0.979496
102.720001 0.000000 3.009599 0.000000 0.980102
102.839996 0.000000 3.004204 0.000000 0.979780
102.959999 0.000000 3.007400 0.000000 0.979300
103.079994 0.000000 2.995706 0.000000 0.978828
103.199997 0.000000 3.001899 0.000000 0.979208
103.320000 0.000000 2.999400 0.000000 0.980094
103.439995 0.000000 2.995806 0.000000 0.980328
103.559998 0.000000 3.000000 0.000000 0.980402
103.680000 0.000000 2.986909 0.000000 0.980614
103.799995 0.000000 2.981776 0.000000 0.980875
103.919998 0.000000 2.984300 0.000000 0.980400
104.040001 0.000000 2.987020 0.000000 0.980729
104.159996 0.000000 2.982600 0.000000 0.981300
104.279999 0.000000 2.974695 0.000000 0.981096
104.399994 0.000000 2.969491 0.000000 0.980694
104.519997 0.000000 2.965431 0.000000 0.980717
104.639999 0.000000 2.962615 0.000000 0.981008
104.759995 0.000000 2.958050 0.000000 0.981378
104.879997 0.000000 2.956609 0.000000 0.981304
105.000000 0.000000 2.953209 0.000000 0.980904
105.119995 0.000000 2.945407 0.000000 0.980867
105.239998 0.000000 2.946273 0.000000 0.981291
105.360001 0.000000 2.940482 0.000000 0.980694
105.479996 0.000000 2.939070 0.000000 0.980990
105.599998 0.000000 2.933626 0.000000 0.980208
105.720001 0.000000 2.931245 0.000000 0.980584
105.839996 0.000000 2.927351 0.000000 0.980913
105.959999 0.000000 2.924223 0.000000 0.980606
106.079994 0.000000 2.916358 0.000000 0.980713
106.199997 0.000000 2.906391 0.000000 0.980398
106.320000 0.000000 2.895721 0.000000 0.980404
106.439995 0.000000 2.896100 0.000000 0.979800
106.559998 0.000000 2.898171 0.000000 0.980314
106.680000 0.000000 2.891065 0.000000 0.980612
106.799995 0.000000 2.896227 0.000000 0.980086
106.919998 0.000000 2.892628 0.000000 0.980970
107.040001 0.000000 2.896321 0.000000 0.981304
107.159996 0.000000 2.894332 0.000000 0.981805
107.279999 0.000000 2.884484 0.000000 0.982883
107.399994 0.000000 2.880912 0.000000 0.983502
107.519997 0.000000 2.880812 0.000000 0.983802
107.639999 0.000000 2.881553 0.000000 0.984294
107.759995 0.000000 2.886745 0.000000 0.984106
107.879997 0.000000 2.881624 0.000000 0.983703
108.000000 0.000000 2.874838 0.000000 0.984018
108.119995 0.000000 2.875813 0.000000 0.984702
108.239998 0.000000 2.872119 0.000000 0.984366
108.360001 0.000000 2.873524 0.000000 0.983890
108.479996 0.000000 2.868013 0.000000 0.983802
108.599998 0.000000 2.865200 0.000000 0.983700
108.720001 0.000000 2.864150 0.000000 0.984317
108.839996 0.000000 2.853971 0.000000 0.984597
108.959999 0.000000 2.859470 0.000000 0.984208
109.079994 0.000000 2.857857 0.000000 0.984906
109.199997 0.000000 2.855315 0.000000 0.985002
109.320000 0.000000 2.855101 0.000000 0.984411
109.439995 0.000000 2.838268 0.000000 0.984097
109.559998 0.000000 2.834517 0.000000 0.983302
109.680000 0.000000 2.831967 0.000000 0.982607
109.799995 0.000000 2.830969 0.000000 0.982318
109.919998 0.000000 2.827348 0.000000 0.981795
110.040001 0.000000 2.817372 0.000000 0.981487
110.159996 0.000000 2.821500 0.000000 0.981400
110.279999 0.000000 2.820718 0.000000 0.981502
110.399994 0.000000 2.817445 0.000000 0.981094
110.519997 0.000000 2.806777 0.000000 0.980908
110.639999 0.000000 2.809448 0.000000 0.980785
110.759995 0.000000 2.809052 0.000000 0.980475
110.879997 0.000000 2.798341 0.000000 0.980713
111.000000 0.000000 2.792288 0.000000 0.981372
111.119995 0.000000 2.787867 0.000000 0.980779
111.239998 0.000000 2.788169 0.000000 0.980815
111.360001 0.000000 2.785672 0.000000 0.980516
111.479996 0.000000 2.778200 0.000000 0.981300
111.599998 0.000000 2.768476 0.000000 0.982375
111.720001 0.000000 2.763947 0.000000 0.982903
111.839996 0.000000 2.756173 0.000000 0.982305
111.959999 0.000000 2.756592 0.000000 0.982221
112.079994 0.000000 2.745355 0.000000 0.982617
112.199997 0.000000 2.731834 0.000000 0.982809
112.320000 0.000000 2.733247 0.000000 0.983497
112.439995 0.000000 2.724200 0.000000 0.983400
112.559998 0.000000 2.719428 0.000000 0.982202
112.680000 0.000000 2.716945 0.000000 0.983385
112.799995 0.000000 2.714328 0.000000 0.982890
112.919998 0.000000 2.702697 0.000000 0.983816
113.040001 0.000000 2.690938 0.000000 0.982997
113.159996 0.000000 2.690907 0.000000 0.983695
113.279999 0.000000 2.687306 0.000000 0.983395
113.399994 0.000000 2.683774 0.000000 0.983593
113.519997 0.000000 2.680096 0.000000 0.983205
113.639999 0.000000 2.670699 0.000000 0.983505
113.759995 0.000000 2.666867 0.000000 0.983393
113.879997 0.000000 2.663268 0.000000 0.983108
114.000000 0.000000 2.665734 0.000000 0.982612
114.119995 0.000000 2.658507 0.000000 0.983415
114.239998 0.000000 2.658539 0.000000 0.983811
114.360001 0.000000 2.649590 0.000000 0.983423
114.479996 0.000000 2.652070 0.000000 0.984403
114.599998 0.000000 2.648954 0.000000 0.983889
114.720001 0.000000 2.648492 0.000000 0.983562
114.839996 0.000000 2.650465 0.000000 0.983298
114.959999 0.000000 2.648554 0.000000 0.982688
115.079994 0.000000 2.651652 0.000000 0.983784
115.199997 0.000000 2.650285 0.000000 0.983285
115.320000 0.000000 2.646959 0.000000 0.983693
115.439995 0.000000 2.638172 0.000000 0.983603
115.559998 0.000000 2.634375 0.000000 0.983521
115.680000 0.000000 2.637082 0.000000 0.983190
115.799995 0.000000 2.648476 0.000000 0.983208
115.919998 0.000000 2.643271 0.000000 0.983903
116.040001 0.000000 2.647859 0.000000 0.983493
116.159996 0.000000 2.650120 0.000000 0.982786
116.279999 0.000000 2.646137 0.000000 0.983230
116.399994 0.000000 2.642378 0.000000 0.983485
116.519997 0.000000 2.641806 0.000000 0.983382
116.639999 0.000000 2.629334 0.000000 0.983215
116.759995 0.000000 2.631431 0.000000 0.984484
116.879997 0.000000 2.635737 0.000000 0.984419
117.000000 0.000000 2.627849 0.000000 0.984506
117.119995 0.000000 2.622053 0.000000 0.983819
117.239998 0.000000 2.616093 0.000000 0.983587
117.360001 0.000000 2.615469 0.000000 0.984591
117.479996 0.000000 2.619628 0.000000 0.984509
117.599998 0.000000 2.613961 0.000000 0.983798
117.719994 0.000000 2.613545 0.000000 0.983393
117.839996 0.000000 2.602903 0.000000 0.982983
117.959999 0.000000 2.594040 0.000000 0.982202
118.079994 0.000000 2.594627 0.000000 0.982523
118.199997 0.000000 2.605724 0.000000 0.982488
118.320000 0.000000 2.616215 0.000000 0.982205
118.439995 0.000000 2.609703 0.000000 0.982232
118.559998 0.000000 2.614394 0.000000 0.982332
118.680000 0.000000 2.607157 0.000000 0.982207
118.799995 0.000000 2.606618 0.000000 0.982705
118.919998 0.000000 2.607625 0.000000 0.982488
119.040001 0.000000 2.606161 0.000000 0.981398
119.159996 0.000000 2.598540 0.000000 0.981102
119.279999 0.000000 2.598620 0.000000 0.981905
119.399994 0.000000 2.590187 0.000000 0.981613
119.519997 0.000000 2.594624 0.000000 0.981815
119.639999 0.000000 2.599420 0.000000 0.981805
119.759995 0.000000 2.592155 0.000000 0.981789
119.879997 0.000000 2.581032 0.000000 0.981793
120.000000 0.000000 2.577715 0.000000 0.982897
120.119995 0.000000 2.578421 0.000000 0.983285
120.239998 0.000000 2.573728 0.000000 0.983405
120.360001 0.000000 2.572229 0.000000 0.983593
120.479996 0.000000 2.566757 0.000000 0.983598
120.599998 0.000000 2.565843 0.000000 0.984002
120.719994 0.000000 2.565561 0.000000 0.983810
120.839996 0.000000 2.571257 0.000000 0.983187
120.959999 0.000000 2.566540 0.000000 0.983090
121.079994 0.000000 2.560668 0.000000 0.982195
121.199997 0.000000 2.558191 0.000000 0.982188
121.320000 0.000000 2.559335 0.000000 0.982590
121.439995 0.000000 2.552172 0.000000 0.982526
121.559998 0.000000 2.552445 0.000000 0.982402
121.680000 0.000000 2.557833 0.000000 0.982505
121.799995 0.000000 2.553155 0.000000 0.983198
121.919998 0.000000 2.548300 0.000000 0.982200
122.040001 0.000000 2.538384 0.000000 0.982007
122.159996 0.000000 2.534254 0.000000 0.981698
122.279999 0.000000 2.525668 0.000000 0.981987
122.399994 0.000000 2.522686 0.000000 0.981911
122.519997 0.000000 2.523724 0.000000 0.981720
122.639999 0.000000 2.516045 0.000000 0.981705
122.759995 0.000000 2.512290 0.000000 0.982014
122.879997 0.000000 2.512154 0.000000 0.981995
123.000000 0.000000 2.505648 0.000000 0.981406
123.119995 0.000000 2.502996 0.000000 0.980823
123.239998 0.000000 2.502702 0.000000 0.982386
123.360001 0.000000 2.505946 0.000000 0.982312
123.479996 0.000000 2.500851 0.000000 0.981683
123.599998 0.000000 2.494956 0.000000 0.981121
123.719994 0.000000 2.487756 0.000000 0.981409
123.839996 0.000000 2.477432 0.000000 0.981226
123.959999 0.000000 2.471289 0.000000 0.981192
124.079994 0.000000 2.458250 0.000000 0.980124
124.199997 0.000000 2.455527 0.000000 0.980512
124.320000 0.000000 2.452181 0.000000 0.979992
124.439995 0.000000 2.451075 0.000000 0.980410
124.559998 0.000000 2.458962 0.000000 0.980406
124.680000 0.000000 2.458313 0.000000 0.979231
124.799995 0.000000 2.464046 0.000000 0.979398
124.919998 0.000000 2.459333 0.000000 0.979916
125.040001 0.000000 2.459576 0.000000 0.979688
125.159996 0.000000 2.456126 0.000000 0.980112
125.279999 0.000000 2.457950 0.000000 0.980224
125.399994 0.000000 2.454536 0.000000 0.980836
125.519997 0.000000 2.451604 0.000000 0.980721
125.639999 0.000000 2.444866 0.000000 0.980923
125.759995 0.000000 2.442158 0.000000 0.981618
125.879997 0.000000 2.443178 0.000000 0.981609
126.000000 0.000000 2.436869 0.000000 0.981506
126.119995 0.000000 2.439948 0.000000 0.982214
126.239998 0.000000 2.439556 0.000000 0.982502
126.360001 0.000000 2.435879 0.000000 0.982280
126.479996 0.000000 2.427327 0.000000 0.982482
126.599998 0.000000 2.422723 0.000000 0.982382
126.719994 0.000000 2.419091 0.000000 0.983208
126.839996 0.000000 2.414927 0.000000 0.982815
126.959999 0.000000 2.411376 0.000000 0.982705
127.079994 0.000000 2.408094 0.000000 0.982671
127.199997 0.000000 2.407745 0.000000 0.981989
127.320000 0.000000 2.411352 0.000000 0.981880
127.439995 0.000000 2.408345 0.000000 0.981989
127.559998 0.000000 2.404840 0.000000 0.982398
127.680000 0.000000 2.408728 0.000000 0.982624
127.799995 0.000000 2.399620 0.000000 0.983103
127.919998 0.000000 2.394663 0.000000 0.982610
128.039993 0.000000 2.392426 0.000000 0.982712
128.160004 0.000000 2.383755 0.000000 0.982016
128.279999 0.000000 2.382221 0.000000 0.983081
128.399994 0.000000 2.382953 0.000000 0.983393
128.520004 0.000000 2.383608 0.000000 0.983208
128.639999 0.000000 2.384146 0.000000 0.983107
128.759995 0.000000 2.371486 0.000000 0.982791
128.879990 0.000000 2.365773 0.000000 0.981896
129.000000 0.000000 2.362663 0.000000 0.981281
129.119995 0.000000 2.353935 0.000000 0.981398
129.239990 0.000000 2.348083 0.000000 0.981580
129.360001 0.000000 2.336368 0.000000 0.982091
129.479996 0.000000 2.330733 0.000000 0.981698
129.599991 0.000000 2.331432 0.000000 0.981387
129.720001 0.000000 2.327591 0.000000 0.981372
129.839996 0.000000 2.332100 0.000000 0.981400
129.959991 0.000000 2.328572 0.000000 0.982118
130.080002 0.000000 2.326241 0.000000 0.982519
130.199997 0.000000 2.322948 0.000000 0.983323
130.319992 0.000000 2.322332 0.000000 0.982998
130.440002 0.000000 2.320919 0.000000 0.983125
130.559998 0.000000 2.316900 0.000000 0.983700
130.679993 0.000000 2.310204 0.000000 0.983227
130.800003 0.000000 2.311120 0.000000 0.983115
130.919998 0.000000 2.308846 0.000000 0.982909
131.039993 0.000000 2.309738 0.000000 0.982603
131.160004 0.000000 2.309938 0.000000 0.982104
131.279999 0.000000 2.307423 0.000000 0.982716
131.399994 0.000000 2.304491 0.000000 0.981995
131.520004 0.000000 2.292971 0.000000 0.982102
131.639999 0.000000 2.293029 0.000000 0.981898
131.759995 0.000000 2.295216 0.000000 0.982223
131.879990 0.000000 2.294930 0.000000 0.982698
132.000000 0.000000 2.292883 0.000000 0.982507
132.119995 0.000000 2.291629 0.000000 0.982098
132.239990 0.000000 2.289855 0.000000 0.981909
132.360001 0.000000 2.284615 0.000000 0.981705
132.479996 0.000000 2.277961 0.000000 0.981609
132.599991 0.000000 2.277100 0.000000 0.981100
132.720001 0.000000 2.280972 0.000000 0.981602
132.839996 0.000000 2.277117 0.000000 0.981406
132.959991 0.000000 2.271008 0.000000 0.981693
133.080002 0.000000 2.270165 0.000000 0.981209
133.199997 0.000000 2.271246 0.000000 0.981204
133.319992 0.000000 2.269865 0.000000 0.981809
133.440002 0.000000 2.263726 0.000000 0.981198
133.559998 0.000000 2.261222 0.000000 0.980006
133.679993 0.000000 2.258332 0.000000 0.979381
133.800003 0.000000 2.249000 0.000000 0.980192
133.919998 0.000000 2.245347 0.000000 0.979588
134.039993 0.000000 2.250025 0.000000 0.980106
134.160004 0.000000 2.247324 0.000000 0.980490
134.279999 0.000000 2.236795 0.000000 0.980592
134.399994 0.000000 2.236289 0.000000 0.980284
134.520004 0.000000 2.231300 0.000000 0.981700
134.639999 0.000000 2.217087 0.000000 0.982193
134.759995 0.000000 2.212879 0.000000 0.981702
134.879990 0.000000 2.207479 0.000000 0.981402
135.000000 0.000000 2.209552 0.000000 0.981678
135.119995 0.000000 2.199100 0.000000 0.981300
135.239990 0.000000 2.192100 0.000000 0.980800
135.360001 0.000000 2.185144 0.000000 0.980306
135.479996 0.000000 2.192300 0.000000 0.980200
135.599991 0.000000 2.188193 0.000000 0.979922
135.720001 0.000000 2.191643 0.000000 0.979006
135.839996 0.000000 2.183055 0.000000 0.978794
135.959991 0.000000 2.180846 0.000000 0.979106
136.080002 0.000000 2.180108 0.000000 0.978887
136.199997 0.000000 2.178593 0.000000 0.978813
136.319992 0.000000 2.178207 0.000000 0.980288
136.440002 0.000000 2.181891 0.000000 0.981211
136.559998 0.000000 2.178951 0.000000 0.980973
136.679993 0.000000 2.174965 0.000000 0.981004
136.800003 0.000000 2.176406 0.000000 0.981089
136.919998 0.000000 2.178454 0.000000 0.981394
137.039993 0.000000 2.176488 0.000000 0.981491
137.160004 0.000000 2.171651 0.000000 0.982595
137.279999 0.000000 2.167683 0.000000 0.982602
137.399994 0.000000 2.169717 0.000000 0.982798
137.520004 0.000000 2.161219 0.000000 0.982609
137.639999 0.000000 2.160108 0.000000 0.982577
137.759995 0.000000 2.157127 0.000000 0.982519
137.879990 0.000000 2.153431 0.000000 0.982997
138.000000 0.000000 2.150075 0.000000 0.982291
138.119995 0.000000 2.148770 0.000000 0.981404
138.239990 0.000000 2.147688 0.000000 0.980889
138.360001 0.000000 2.142643 0.000000 0.981795
138.479996 0.000000 2.144599 0.000000 0.981113
138.599991 0.000000 2.143958 0.000000 0.980592
138.720001 0.000000 2.142058 0.000000 0.981019
138.839996 0.000000 2.137031 0.000000 0.981509
138.959991 0.000000 2.139842 0.000000 0.981595
139.080002 0.000000 2.142499 0.000000 0.980787
139.199997 0.000000 2.139646 0.000000 0.981221
139.319992 0.000000 2.137855 0.000000 0.981493
139.440002 0.000000 2.138942 0.000000 0.980694
139.559998 0.000000 2.139844 0.000000 0.980508
139.679993 0.000000 2.135754 0.000000 0.980892
139.800003 0.000000 2.134427 0.000000 0.980596
139.919998 0.000000 2.130422 0.000000 0.981211
140.039993 0.000000 2.128264 0.000000 0.980890
140.160004 0.000000 2.127861 0.000000 0.980806
140.279999 0.000000 2.125550 0.000000 0.980192
140.399994 0.000000 2.122227 0.000000 0.979912
140.520004 0.000000 2.120464 0.000000 0.979906
140.639999 0.000000 2.115046 0.000000 0.980492
140.759995 0.000000 2.116658 0.000000 0.980690
140.879990 0.000000 2.114354 0.000000 0.980208
141.000000 0.000000 2.113625 0.000000 0.980479
141.119995 0.000000 2.111522 0.000000 0.980514
141.239990 0.000000 2.106343 0.000000 0.979892
141.360001 0.000000 2.108822 0.000000 0.979796
141.479996 0.000000 2.108213 0.000000 0.979716
141.599991 0.000000 2.098582 0.000000 0.979325
141.720001 0.000000 2.089909 0.000000 0.979198
141.839996 0.000000 2.082483 0.000000 0.978879
141.959991 0.000000 2.072658 0.000000 0.979884
142.080002 0.000000 2.072507 0.000000 0.980098
142.199997 0.000000 2.074500 0.000000 0.979600
142.319992 0.000000 2.069276 0.000000 0.979678
142.440002 0.000000 2.066407 0.000000 0.979998
142.559998 0.000000 2.067327 0.000000 0.979592
142.679993 0.000000 2.059812 0.000000 0.980096
142.800003 0.000000 2.058647 0.000000 0.980584
142.919998 0.000000 2.056145 0.000000 0.980785
143.039993 0.000000 2.054873 0.000000 0.982209
143.160004 0.000000 2.053468 0.000000 0.982511
143.279999 0.000000 2.051374 0.000000 0.981609
143.399994 0.000000 2.042991 0.000000 0.982004
143.520004 0.000000 2.039876 0.000000 0.982311
143.639999 0.000000 2.038777 0.000000 0.982610
143.759995 0.000000 2.035904 0.000000 0.982398
143.879990 0.000000 2.031394 0.000000 0.981904
144.000000 0.000000 2.031416 0.000000 0.981591
144.119995 0.000000 2.025923 0.000000 0.981483
144.239990 0.000000 2.012194 0.000000 0.982209
144.360001 0.000000 2.006601 0.000000 0.982898
144.479996 0.000000 2.000300 0.000000 0.983390
144.599991 0.000000 2.004401 0.000000 0.982897
144.720001 0.000000 2.001100 0.000000 0.982798
144.839996 0.000000 2.008499 0.000000 0.982802
144.959991 0.000000 2.002298 0.000000 0.981618
145.080002 0.000000 2.006598 0.000000 0.980506
145.199997 0.000000 2.003600 0.000000 0.981700
145.319992 0.000000 1.999900 0.000000 0.981802
145.440002 0.000000 1.998801 0.000000 0.983010
145.559998 0.000000 2.003300 0.000000 0.982598
145.679993 0.000000 1.998799 0.000000 0.982489
145.800003 0.000000 1.998400 0.000000 0.982905
145.919998 0.000000 1.996501 0.000000 0.982304
146.039993 0.000000 1.999900 0.000000 0.982009
146.160004 0.000000 1.990298 0.000000 0.981696
146.279999 0.000000 1.978226 0.000000 0.982221
146.399994 0.000000 1.972425 0.000000 0.982016
146.520004 0.000000 1.965338 0.000000 0.981620
146.639999 0.000000 1.967674 0.000000 0.981986
146.759995 0.000000 1.960916 0.000000 0.981907
146.879990 0.000000 1.953818 0.000000 0.981507
147.000000 0.000000 1.949141 0.000000 0.981215
147.119995 0.000000 1.943283 0.000000 0.980994
147.239990 0.000000 1.941952 0.000000 0.981117
147.360001 0.000000 1.939573 0.000000 0.980659
147.479996 0.000000 1.939992 0.000000 0.980365
147.599991 0.000000 1.938906 0.000000 0.981202
147.720001 0.000000 1.937050 0.000000 0.981615
147.839996 0.000000 1.942552 0.000000 0.981517
147.959991 0.000000 1.944872 0.000000 0.981491
148.080002 0.000000 1.937106 0.000000 0.981702
148.199997 0.000000 1.931693 0.000000 0.981598
148.319992 0.000000 1.929514 0.000000 0.981504
148.440002 0.000000 1.922746 0.000000 0.981587
148.559998 0.000000 1.919392 0.000000 0.981198
148.679993 0.000000 1.917366 0.000000 0.980815
148.800003 0.000000 1.920308 0.000000 0.981002
148.919998 0.000000 1.917458 0.000000 0.980414
149.039993 0.000000 1.921508 0.000000 0.980102
149.160004 0.000000 1.926185 0.000000 0.979696
149.279999 0.000000 1.916575 0.000000 0.979694
149.399994 0.000000 1.909545 0.000000 0.979510
149.520004 0.000000 1.905975 0.000000 0.979916
149.639999 0.000000 1.908845 0.000000 0.979610
149.759995 0.000000 1.905205 0.000000 0.978779
149.879990 0.000000 1.904237 0.000000 0.979064
150.000000 0.000000 1.905176 0.000000 0.979716
150.119995 0.000000 1.904457 0.000000 0.979569
150.239990 0.000000 1.904462 0.000000 0.979392
150.360001 0.000000 1.903119 0.000000 0.980204
150.479996 0.000000 1.891778 0.000000 0.979796
150.599991 0.000000 1.890123 0.000000 0.980186
150.720001 0.000000 1.889889 0.000000 0.980498
150.839996 0.000000 1.888068 0.000000 0.980929
150.959991 0.000000 1.882800 0.000000 0.981400
151.080002 0.000000 1.878876 0.000000 0.981696
151.199997 0.000000 1.876325 0.000000 0.982304
151.319992 0.000000 1.876938 0.000000 0.981891
151.440002 0.000000 1.869261 0.000000 0.981895
151.559998 0.000000 1.864595 0.000000 0.981913
151.679993 0.000000 1.853315 0.000000 0.982102
151.800003 0.000000 1.847022 0.000000 0.982014
151.919998 0.000000 1.848054 0.000000 0.982595
152.039993 0.000000 1.850375 0.000000 0.982209
152.160004 0.000000 1.849810 0.000000 0.982389
152.279999 0.000000 1.849500 0.000000 0.982300
152.399994 0.000000 1.844976 0.000000 0.981986
152.519989 0.000000 1.837316 0.000000 0.981702
152.639999 0.000000 1.837151 0.000000 0.981895
152.759995 0.000000 1.830247 0.000000 0.981884
152.879990 0.000000 1.831000 0.000000 0.981100
153.000000 0.000000 1.831567 0.000000 0.982407
153.119995 0.000000 1.832552 0.000000 0.982437
153.239990 0.000000 1.838910 0.000000 0.982123
153.360001 0.000000 1.829134 0.000000 0.982404
153.479996 0.000000 1.830136 0.000000 0.982914
153.599991 0.000000 1.826939 0.000000 0.983313
153.720001 0.000000 1.822313 0.000000 0.983020
153.839996 0.000000 1.824070 0.000000 0.982907
153.959991 0.000000 1.823888 0.000000 0.983009
154.080002 0.000000 1.824270 0.000000 0.982807
154.199997 0.000000 1.820728 0.000000 0.983493
154.319992 0.000000 1.821718 0.000000 0.983502
154.440002 0.000000 1.821436 0.000000 0.983003
154.559998 0.000000 1.822167 0.000000 0.983225
154.679993 0.000000 1.817709 0.000000 0.983092
154.800003 0.000000 1.818000 0.000000 0.983800
154.919998 0.000000 1.814174 0.000000 0.983307
155.039993 0.000000 1.806681 0.000000 0.982798
155.160004 0.000000 1.803718 0.000000 0.982511
155.279999 0.000000 1.805478 0.000000 0.982307
155.399994 0.000000 1.801160 0.000000 0.982305
155.519989 0.000000 1.798800 0.000000 0.983000
155.639999 0.000000 1.801040 0.000000 0.983695
155.759995 0.000000 1.803420 0.000000 0.984102
155.879990 0.000000 1.797836 0.000000 0.984071
156.000000 0.000000 1.798841 0.000000 0.984511
156.119995 0.000000 1.790363 0.000000 0.984405
156.239990 0.000000 1.785136 0.000000 0.984795
156.360001 0.000000 1.780853 0.000000 0.984211
156.479996 0.000000 1.780400 0.000000 0.983800
156.599991 0.000000 1.781159 0.000000 0.984283
156.720001 0.000000 1.773800 0.000000 0.983200
156.839996 0.000000 1.771763 0.000000 0.983890
156.959991 0.000000 1.776734 0.000000 0.984209
157.080002 0.000000 1.779057 0.000000 0.984683
157.199997 0.000000 1.775435 0.000000 0.983610
157.319992 0.000000 1.770308 0.000000 0.983493
157.440002 0.000000 1.764105 0.000000 0.983393
157.559998 0.000000 1.755971 0.000000 0.982512
157.679993 0.000000 1.758200 0.000000 0.982700
157.800003 0.000000 1.756124 0.000000 0.982002
157.919998 0.000000 1.754121 0.000000 0.982016
158.039993 0.000000 1.753622 0.000000 0.981916
158.160004 0.000000 1.753175 0.000000 0.981698
158.279999 0.000000 1.751400 0.000000 0.982000
158.399994 0.000000 1.753122 0.000000 0.982016
158.519989 0.000000 1.750150 0.000000 0.982389
158.639999 0.000000 1.747876 0.000000 0.982412
158.759995 0.000000 1.747776 0.000000 0.982505
158.879990 0.000000 1.745176 0.000000 0.982405
159.000000 0.000000 1.743326 0.000000 0.982602
159.119995 0.000000 1.733307 0.000000 0.981707
159.239990 0.000000 1.730481 0.000000 0.981905
159.360001 0.000000 1.732893 0.000000 0.982393
159.479996 0.000000 1.732660 0.000000 0.982610
159.599991 0.000000 1.731929 0.000000 0.982728
159.720001 0.000000 1.732032 0.000000 0.983784
159.839996 0.000000 1.732041 0.000000 0.983815
159.959991 0.000000 1.735432 0.000000 0.983408
160.080002 0.000000 1.735373 0.000000 0.983198
160.199997 0.000000 1.731773 0.000000 0.982998
160.319992 0.000000 1.727109 0.000000 0.982588
160.440002 0.000000 1.727364 0.000000 0.982191
160.559998 0.000000 1.721239 0.000000 0.982009
160.679993 0.000000 1.711171 0.000000 0.982098
160.800003 0.000000 1.705629 0.000000 0.981502
160.919998 0.000000 1.697960 0.000000 0.982104
161.039993 0.000000 1.693331 0.000000 0.981102
161.160004 0.000000 1.693263 0.000000 0.981079
161.279999 0.000000 1.697679 0.000000 0.981192
161.399994 0.000000 1.697155 0.000000 0.981767
161.519989 0.000000 1.694778 0.000000 0.981493
161.639999 0.000000 1.684652 0.000000 0.980715
161.759995 0.000000 1.675930 0.000000 0.980908
161.879990 0.000000 1.670068 0.000000 0.981393
162.000000 0.000000 1.667800 0.000000 0.981100
162.119995 0.000000 1.668566 0.000000 0.980710
162.239990 0.000000 1.670467 0.000000 0.980798
162.360001 0.000000 1.670870 0.000000 0.980486
162.479996 0.000000 1.661937 0.000000 0.980813
162.599991 0.000000 1.657611 0.000000 0.980623
162.720001 0.000000 1.654627 0.000000 0.980390
162.839996 0.000000 1.654893 0.000000 0.979788
162.959991 0.000000 1.659093 0.000000 0.980282
163.080002 0.000000 1.656300 0.000000 0.980500
163.199997 0.000000 1.649965 0.000000 0.980398
163.319992 0.000000 1.651075 0.000000 0.980910
163.440002 0.000000 1.646265 0.000000 0.981298
163.559998 0.000000 1.645848 0.000000 0.981713
163.679993 0.000000 1.643014 0.000000 0.981685
163.800003 0.000000 1.647571 0.000000 0.981204
163.919998 0.000000 1.645545 0.000000 0.981782
164.039993 0.000000 1.639816 0.000000 0.981311
164.160004 0.000000 1.638191 0.000000 0.980994
164.279999 0.000000 1.627825 0.000000 0.981396
164.399994 0.000000 1.629555 0.000000 0.982379
164.519989 0.000000 1.619834 0.000000 0.982488
164.639999 0.000000 1.619658 0.000000 0.982584
164.759995 0.000000 1.613648 0.000000 0.982716
164.879990 0.000000 1.611373 0.000000 0.982981
165.000000 0.000000 1.607926 0.000000 0.982288
165.119995 0.000000 1.603738 0.000000 0.983810
165.239990 0.000000 1.600620 0.000000 0.983388
165.360001 0.000000 1.595379 0.000000 0.984195
165.479996 0.000000 1.591245 0.000000 0.983110
165.599991 0.000000 1.589118 0.000000 0.982897
165.720001 0.000000 1.581674 0.000000 0.982495
165.839996 0.000000 1.577873 0.000000 0.982495
165.959991 0.000000 1.574632 0.000000 0.982481
166.080002 0.000000 1.572684 0.000000 0.982129
166.199997 0.000000 1.573504 0.000000 0.982363
166.319992 0.000000 1.578989 0.000000 0.982325
166.440002 0.000000 1.578932 0.000000 0.981993
166.559998 0.000000 1.577796 0.000000 0.981813
166.679993 0.000000 1.574592 0.000000 0.981665
166.800003 0.000000 1.573102 0.000000 0.982175
166.919998 0.000000 1.569314 0.000000 0.982296
167.039993 0.000000 1.558012 0.000000 0.982096
167.160004 0.000000 1.553791 0.000000 0.982319
167.279999 0.000000 1.556156 0.000000 0.982798
167.399994 0.000000 1.555278 0.000000 0.983092
167.519989 0.000000 1.555077 0.000000 0.983092
167.639999 0.000000 1.551234 0.000000 0.983005
167.759995 0.000000 1.542883 0.000000 0.982407
167.879990 0.000000 1.542258 0.000000 0.982917
168.000000 0.000000 1.534616 0.000000 0.982968
168.119995 0.000000 1.534427 0.000000 0.982286
168.239990 0.000000 1.532713 0.000000 0.982693
168.360001 0.000000 1.530700 0.000000 0.983200
168.479996 0.000000 1.524600 0.000000 0.983500
168.599991 0.000000 1.521596 0.000000 0.983803
168.720001 0.000000 1.521843 0.000000 0.983905
168.839996 0.000000 1.517352 0.000000 0.984198
168.959991 0.000000 1.512938 0.000000 0.984014
169.080002 0.000000 1.511151 0.000000 0.984398
169.199997 0.000000 1.507448 0.000000 0.983905
169.319992 0.000000 1.504550 0.000000 0.983798
169.440002 0.000000 1.499200 0.000000 0.984200
169.559998 0.000000 1.501299 0.000000 0.983906
169.679993 0.000000 1.501500 0.000000 0.983507
169.800003 0.000000 1.500649 0.000000 0.983611
169.919998 0.000000 1.501100 0.000000 0.983803
170.039993 0.000000 1.494151 0.000000 0.983602
170.160004 0.000000 1.497102 0.000000 0.983213
170.279999 0.000000 1.493137 0.000000 0.982867
170.399994 0.000000 1.490795 0.000000 0.983190
170.519989 0.000000 1.494508 0.000000 0.983823
170.639999 0.000000 1.494043 0.000000 0.983982
170.759995 0.000000 1.490237 0.000000 0.983679
170.879990 0.000000 1.486657 0.000000 0.983608
171.000000 0.000000 1.482662 0.000000 0.983911
171.119995 0.000000 1.479281 0.000000 0.984024
171.239990 0.000000 1.476262 0.000000 0.984108
171.360001 0.000000 1.473853 0.000000 0.984302
171.479996 0.000000 1.471282 0.000000 0.984817
171.599991 0.000000 1.474395 0.000000 0.984397
171.720001 0.000000 1.466127 0.000000 0.984313
171.839996 0.000000 1.465667 0.000000 0.984508
171.959991 0.000000 1.466573 0.000000 0.985011
172.080002 0.000000 1.466240 0.000000 0.985196
172.199997 0.000000 1.467981 0.000000 0.984291
172.319992 0.000000 1.465367 0.000000 0.984308
172.440002 0.000000 1.461161 0.000000 0.984685
172.559998 0.000000 1.454218 0.000000 0.984506
172.679993 0.000000 1.455028 0.000000 0.984692
172.800003 0.000000 1.456587 0.000000 0.984259
172.919998 0.000000 1.456880 0.000000 0.984211
173.039993 0.000000 1.453483 0.000000 0.984411
173.160004 0.000000 1.451568 0.000000 0.984022
173.279999 0.000000 1.453272 0.000000 0.983890
173.399994 0.000000 1.452238 0.000000 0.983413
173.519989 0.000000 1.451932 0.000000 0.983628
173.639999 0.000000 1.453628 0.000000 0.983110
173.759995 0.000000 1.450405 0.000000 0.983886
173.879990 0.000000 1.445499 0.000000 0.984114
174.000000 0.000000 1.444489 0.000000 0.984097
174.119995 0.000000 1.442744 0.000000 0.984198
174.239990 0.000000 1.441644 0.000000 0.984098
174.360001 0.000000 1.440627 0.000000 0.984121
174.479996 0.000000 1.443066 0.000000 0.984391
174.599991 0.000000 1.438414 0.000000 0.984478
174.720001 0.000000 1.439149 0.000000 0.985112
174.839996 0.000000 1.433900 0.000000 0.984400
174.959991 0.000000 1.435418 0.000000 0.984792
175.080002 0.000000 1.429928 0.000000 0.984606
175.199997 0.000000 1.424009 0.000000 0.984181
175.319992 0.000000 1.426384 0.000000 0.984986
175.440002 0.000000 1.429658 0.000000 0.984191
175.559998 0.000000 1.424309 0.000000 0.984181
175.679993 0.000000 1.416567 0.000000 0.984294
175.800003 0.000000 1.418942 0.000000 0.984698
175.919998 0.000000 1.411635 0.000000 0.985006
176.039993 0.000000 1.412948 0.000000 0.985191
176.160004 0.000000 1.412770 0.000000 0.984712
176.279999 0.000000 1.408010 0.000000 0.984818
176.399994 0.000000 1.401238 0.000000 0.984629
176.519989 0.000000 1.399361 0.000000 0.984917
176.639999 0.000000 1.396321 0.000000 0.985203
176.759995 0.000000 1.389527 0.000000 0.984711
176.879990 0.000000 1.391361 0.000000 0.985002
177.000000 0.000000 1.388473 0.000000 0.984317
177.119995 0.000000 1.380886 0.000000 0.984105
177.239990 0.000000 1.376325 0.000000 0.983903
177.360001 0.000000 1.373913 0.000000 0.983808
177.479996 0.000000 1.368137 0.000000 0.983898
177.599991 0.000000 1.369489 0.000000 0.983805
177.720001 0.000000 1.369428 0.000000 0.983472
177.839996 0.000000 1.368053 0.000000 0.982707
177.959991 0.000000 1.364136 0.000000 0.983398
178.080002 0.000000 1.363300 0.000000 0.983119
178.199997 0.000000 1.360152 0.000000 0.982531
178.319992 0.000000 1.355478 0.000000 0.982391
178.440002 0.000000 1.351784 0.000000 0.981816
178.559998 0.000000 1.349630 0.000000 0.981704
178.679993 0.000000 1.346561 0.000000 0.982207
178.800003 0.000000 1.345169 0.000000 0.981496
178.919998 0.000000 1.347696 0.000000 0.981905
179.039993 0.000000 1.346000 0.000000 0.981000
179.159988 0.000000 1.346947 0.000000 0.980581
179.279999 0.000000 1.349205 0.000000 0.980094
179.399994 0.000000 1.353900 0.000000 0.980400
179.519989 0.000000 1.347126 0.000000 0.980410
179.639999 0.000000 1.346219 0.000000 0.981021
179.759995 0.000000 1.350830 0.000000 0.980904
179.879990 0.000000 1.350055 0.000000 0.981576
180.000000 0.000000 1.349425 0.000000 0.982709
180.119995 0.000000 1.346996 0.000000 0.982105
180.239990 0.000000 1.342729 0.000000 0.982909
180.360001 0.000000 1.337133 0.000000 0.983203
180.479996 0.000000 1.336167 0.000000 0.982797
180.599991 0.000000 1.337471 0.000000 0.983181
180.720001 0.000000 1.341229 0.000000 0.982909
180.839996 0.000000 1.343325 0.000000 0.983213
180.959991 0.000000 1.335533 0.000000 0.982503
181.080002 0.000000 1.331968 0.000000 0.982517
181.199997 0.000000 1.332165 0.000000 0.982270
181.319992 0.000000 1.326631 0.000000 0.982093
181.440002 0.000000 1.329166 0.000000 0.982196
181.559998 0.000000 1.326200 0.000000 0.982300
181.679993 0.000000 1.324430 0.000000 0.982293
181.800003 0.000000 1.330063 0.000000 0.981680
181.919998 0.000000 1.329135 0.000000 0.981409
182.039993 0.000000 1.324835 0.000000 0.981004
182.159988 0.000000 1.329691 0.000000 0.980553
182.279999 0.000000 1.330967 0.000000 0.980602
182.399994 0.000000 1.331465 0.000000 0.980184
182.519989 0.000000 1.323629 0.000000 0.979992
182.639999 0.000000 1.326933 0.000000 0.980298
182.759995 0.000000 1.332067 0.000000 0.980302
182.879990 0.000000 1.327364 0.000000 0.980090
183.000000 0.000000 1.326639 0.000000 0.979816
183.119995 0.000000 1.328100 0.000000 0.979800
183.239990 0.000000 1.328400 0.000000 0.980700
183.360001 0.000000 1.329199 0.000000 0.980994
183.479996 0.000000 1.328460 0.000000 0.981474
183.599991 0.000000 1.318164 0.000000 0.981696
183.720001 0.000000 1.315763 0.000000 0.982597
183.839996 0.000000 1.315079 0.000000 0.982212
183.959991 0.000000 1.308199 0.000000 0.983222
184.080002 0.000000 1.308077 0.000000 0.983207
184.199997 0.000000 1.306124 0.000000 0.983015
184.319992 0.000000 1.306684 0.000000 0.982489
184.440002 0.000000 1.304222 0.000000 0.982993
184.559998 0.000000 1.309176 0.000000 0.982307
184.679993 0.000000 1.301031 0.000000 0.982881
184.800003 0.000000 1.295018 0.000000 0.983593
184.919998 0.000000 1.297698 0.000000 0.983183
185.039993 0.000000 1.289011 0.000000 0.983017
185.159988 0.000000 1.294124 0.000000 0.983110
185.279999 0.000000 1.293429 0.000000 0.982598
185.399994 0.000000 1.287443 0.000000 0.982903
185.519989 0.000000 1.287673 0.000000 0.982890
185.639999 0.000000 1.286215 0.000000 0.983493
185.759995 0.000000 1.282913 0.000000 0.983693
185.879990 0.000000 1.278383 0.000000 0.983895
186.000000 0.000000 1.276128 0.000000 0.984098
186.119995 0.000000 1.277017 0.000000 0.983605
186.239990 0.000000 1.275148 0.000000 0.983685
186.360001 0.000000 1.273500 0.000000 0.983400
186.479996 0.000000 1.269061 0.000000 0.982590
186.599991 0.000000 1.268285 0.000000 0.982514
186.720001 0.000000 1.267639 0.000000 0.982810
186.839996 0.000000 1.261800 0.000000 0.982800
186.959991 0.000000 1.257128 0.000000 0.982891
187.080002 0.000000 1.257043 0.000000 0.982917
187.199997 0.000000 1.250975 0.000000 0.982395
187.319992 0.000000 1.246452 0.000000 0.982311
187.440002 0.000000 1.242588 0.000000 0.982330
187.559998 0.000000 1.242597 0.000000 0.981893
187.679993 0.000000 1.241493 0.000000 0.982286
187.800003 0.000000 1.233600 0.000000 0.982300
187.919998 0.000000 1.232031 0.000000 0.982505
188.039993 0.000000 1.224453 0.000000 0.982319
188.159988 0.000000 1.226423 0.000000 0.981698
188.279999 0.000000 1.220024 0.000000 0.981515
188.399994 0.000000 1.214214 0.000000 0.981833
188.519989 0.000000 1.205464 0.000000 0.981485
188.639999 0.000000 1.201020 0.000000 0.981907
188.759995 0.000000 1.198202 0.000000 0.982617
188.879990 0.000000 1.198499 0.000000 0.981991
189.000000 0.000000 1.192538 0.000000 0.982396
189.119995 0.000000 1.185548 0.000000 0.982286
189.239990 0.000000 1.182745 0.000000 0.982405
189.360001 0.000000 1.182409 0.000000 0.982809
189.479996 0.000000 1.178618 0.000000 0.982798
189.599991 0.000000 1.182709 0.000000 0.982309
189.720001 0.000000 1.185456 0.000000 0.981695
189.839996 0.000000 1.184818 0.000000 0.981698
189.959991 0.000000 1.184722 0.000000 0.982179
190.080002 0.000000 1.180690 0.000000 0.982291
190.199997 0.000000 1.180390 0.000000 0.982291
190.319992 0.000000 1.177524 0.000000 0.982087
190.440002 0.000000 1.180418 0.000000 0.982298
190.559998 0.000000 1.179128 0.000000 0.982507
190.679993 0.000000 1.177893 0.000000 0.982511
190.800003 0.000000 1.170880 0.000000 0.982412
190.919998 0.000000 1.173630 0.000000 0.982607
191.039993 0.000000 1.175547 0.000000 0.982205
191.159988 0.000000 1.174048 0.000000 0.982105
191.279999 0.000000 1.169412 0.000000 0.981132
191.399994 0.000000 1.168683 0.000000 0.981302
191.519989 0.000000 1.168616 0.000000 0.981909
191.639999 0.000000 1.174482 0.000000 0.982502
191.759995 0.000000 1.184053 0.000000 0.982414
191.879990 0.000000 1.184763 0.000000 0.982903
192.000000 0.000000 1.182173 0.000000 0.982293
192.119995 0.000000 1.174465 0.000000 0.982004
192.239990 0.000000 1.173087 0.000000 0.981891
192.360001 0.000000 1.167234 0.000000 0.981885
192.479996 0.000000 1.171088 0.000000 0.980679
192.599991 0.000000 1.170119 0.000000 0.980486
192.720001 0.000000 1.167316 0.000000 0.980410
192.839996 0.000000 1.159509 0.000000 0.980324
192.959991 0.000000 1.156684 0.000000 0.981102
193.080002 0.000000 1.160848 0.000000 0.981294
193.199997 0.000000 1.159088 0.000000 0.980813
193.319992 0.000000 1.159952 0.000000 0.979906
193.440002 0.000000 1.153246 0.000000 0.979194
193.559998 0.000000 1.153992 0.000000 0.979015
193.679993 0.000000 1.147426 0.000000 0.979310
193.800003 0.000000 1.145100 0.000000 0.980100
193.919998 0.000000 1.140414 0.000000 0.981098
194.039993 0.000000 1.140014 0.000000 0.981098
194.159988 0.000000 1.137018 0.000000 0.980712
194.279999 0.000000 1.139200 0.000000 0.980100
194.399994 0.000000 1.141600 0.000000 0.980500
194.519989 0.000000 1.144542 0.000000 0.980308
194.639999 0.000000 1.146412 0.000000 0.980212
194.759995 0.000000 1.140913 0.000000 0.979984
194.879990 0.000000 1.138355 0.000000 0.980192
195.000000 0.000000 1.134614 0.000000 0.979498
195.119995 0.000000 1.134500 0.000000 0.979800
195.239990 0.000000 1.139261 0.000000 0.979820
195.360001 0.000000 1.127224 0.000000 0.979912
195.479996 0.000000 1.122563 0.000000 0.979806
195.599991 0.000000 1.121849 0.000000 0.979292
195.720001 0.000000 1.114300 0.000000 0.978900
195.839996 0.000000 1.111711 0.000000 0.979498
195.959991 0.000000 1.109024 0.000000 0.978615
196.080002 0.000000 1.108600 0.000000 0.978900
196.199997 0.000000 1.111400 0.000000 0.979200
196.319992 0.000000 1.108535 0.000000 0.979113
196.440002 0.000000 1.108443 0.000000 0.979792
196.559998 0.000000 1.106204 0.000000 0.979419
196.679993 0.000000 1.106111 0.000000 0.979998
196.800003 0.000000 1.098012 0.000000 0.980518
196.919998 0.000000 1.096568 0.000000 0.980486
197.039993 0.000000 1.096800 0.000000 0.980300
197.159988 0.000000 1.088691 0.000000 0.980202
197.279999 0.000000 1.089154 0.000000 0.980688
197.399994 0.000000 1.086848 0.000000 0.980667
197.519989 0.000000 1.082583 0.000000 0.980604
197.639999 0.000000 1.079948 0.000000 0.980588
197.759995 0.000000 1.074918 0.000000 0.980222
197.879990 0.000000 1.076808 0.000000 0.980623
198.000000 0.000000 1.076754 0.000000 0.981287
198.119995 0.000000 1.077046 0.000000 0.981013
198.239990 0.000000 1.075000 0.000000 0.980900
198.360001 0.000000 1.072378 0.000000 0.981705
198.479996 0.000000 1.072988 0.000000 0.982479
198.599991 0.000000 1.069159 0.000000 0.983710
198.720001 0.000000 1.068120 0.000000 0.983695
198.839996 0.000000 1.060336 0.000000 0.983990
198.959991 0.000000 1.057698 0.000000 0.983873
199.080002 0.000000 1.056094 0.000000 0.983602
199.199997 0.000000 1.054662 0.000000 0.984111
199.319992 0.000000 1.049504 0.000000 0.983465
199.440002 0.000000 1.051485 0.000000 0.983205
199.559998 0.000000 1.053016 0.000000 0.983295
199.679993 0.000000 1.057037 0.000000 0.982819
199.800003 0.000000 1.050060 0.000000 0.982914
199.919998 0.000000 1.048495 0.000000 0.982602
200.039993 0.000000 1.046342 0.000000 0.982684
200.159988 0.000000 1.045509 0.000000 0.983597
200.279999 0.000000 1.047429 0.000000 0.983625
200.399994 0.000000 1.046786 0.000000 0.983405
200.519989 0.000000 1.055783 0.000000 0.983005
200.639999 0.000000 1.053516 0.000000 0.983195
200.759995 0.000000 1.051884 0.000000 0.983105
200.879990 0.000000 1.045505 0.000000 0.982598
201.000000 0.000000 1.050170 0.000000 0.982511
201.119995 0.000000 1.048114 0.000000 0.983295
201.239990 0.000000 1.048458 0.000000 0.983280
201.360001 0.000000 1.051210 0.000000 0.983097
201.479996 0.000000 1.047324 0.000000 0.983192
201.599991 0.000000 1.048866 0.000000 0.983212
201.720001 0.000000 1.045051 0.000000 0.983318
201.839996 0.000000 1.041775 0.000000 0.983010
201.959991 0.000000 1.036032 0.000000 0.983085
202.080002 0.000000 1.031910 0.000000 0.983595
202.199997 0.000000 1.029609 0.000000 0.983395
202.319992 0.000000 1.028486 0.000000 0.984208
202.440002 0.000000 1.032697 0.000000 0.984402
202.559998 0.000000 1.030012 0.000000 0.984394
202.679993 0.000000 1.034886 0.000000 0.984106
202.800003 0.000000 1.040863 0.000000 0.983815
202.919998 0.000000 1.044909 0.000000 0.984597
203.039993 0.000000 1.042887 0.000000 0.984805
203.159988 0.000000 1.046409 0.000000 0.984897
203.279999 0.000000 1.043187 0.000000 0.984705
203.399994 0.000000 1.047061 0.000000 0.984480
203.519989 0.000000 1.052216 0.000000 0.983926
203.639999 0.000000 1.050180 0.000000 0.983674
203.759995 0.000000 1.049715 0.000000 0.983995
203.879990 0.000000 1.048800 0.000000 0.983400
204.000000 0.000000 1.043713 0.000000 0.983795
204.119995 0.000000 1.043417 0.000000 0.983693
204.239990 0.000000 1.040492 0.000000 0.984303
204.360001 0.000000 1.037662 0.000000 0.984815
204.479996 0.000000 1.042734 0.000000 0.984187
204.599991 0.000000 1.043435 0.000000 0.983187
204.720001 0.000000 1.039488 0.000000 0.983005
204.839996 0.000000 1.032426 0.000000 0.983487
204.959991 0.000000 1.029318 0.000000 0.983190
205.080002 0.000000 1.027497 0.000000 0.982702
205.199997 0.000000 1.027016 0.000000 0.982389
205.319992 0.000000 1.018787 0.000000 0.982912
205.440002 0.000000 1.018892 0.000000 0.982407
205.559998 0.000000 1.014401 0.000000 0.981798
205.679993 0.000000 1.015695 0.000000 0.982105
205.799988 0.000000 1.015291 0.000000 0.982710
205.919998 0.000000 1.016208 0.000000 0.982891
206.039993 0.000000 1.012109 0.000000 0.982488
206.159988 0.000000 1.015605 0.000000 0.982395
206.279999 0.000000 1.014097 0.000000 0.982104
206.399994 0.000000 1.013900 0.000000 0.982500
206.519989 0.000000 1.013792 0.000000 0.981511
206.639999 0.000000 1.011889 0.000000 0.981716
206.759995 0.000000 1.011913 0.000000 0.981780
206.879990 0.000000 1.016782 0.000000 0.981021
207.000000 0.000000 1.014014 0.000000 0.980681
207.119995 0.000000 1.012096 0.000000 0.981406
207.239990 0.000000 1.012495 0.000000 0.981607
207.360001 0.000000 1.013103 0.000000 0.981396
207.479996 0.000000 1.010394 0.000000 0.981211
207.599991 0.000000 1.015703 0.000000 0.981396
207.720001 0.000000 1.012510 0.000000 0.981685
207.839996 0.000000 1.013285 0.000000 0.981920
207.959991 0.000000 1.010092 0.000000 0.981914
208.080002 0.000000 1.009803 0.000000 0.982395
208.199997 0.000000 1.004196 0.000000 0.982116
208.319992 0.000000 1.002104 0.000000 0.982268
208.440002 0.000000 1.002802 0.000000 0.982288
208.559998 0.000000 1.002199 0.000000 0.981907
208.679993 0.000000 1.001798 0.000000 0.981419
208.799988 0.000000 0.999100 0.000000 0.981500
208.919998 0.000000 1.003197 0.000000 0.982114
209.039993 0.000000 1.001999 0.000000 0.982011
209.159988 0.000000 0.999000 0.000000 0.982109
209.279999 0.000000 1.004498 0.000000 0.982609
209.399994 0.000000 1.007295 0.000000 0.982612
209.519989 0.000000 1.005191 0.000000 0.982032
209.639999 0.000000 1.009101 0.000000 0.981498
209.759995 0.000000 1.009903 0.000000 0.981795
209.879990 0.000000 1.012389 0.000000 0.981716
210.000000 0.000000 1.010304 0.000000 0.981493
210.119995 0.000000 1.013304 0.000000 0.982095
210.239990 0.000000 1.012700 0.000000 0.982200
210.360001 0.000000 1.011594 0.000000 0.982009
210.479996 0.000000 1.008209 0.000000 0.982781
210.599991 0.000000 1.005406 0.000000 0.981678
210.720001 0.000000 1.006900 0.000000 0.981500
210.839996 0.000000 1.001099 0.000000 0.981419
210.959991 0.000000 0.998699 0.000000 0.981580
211.080002 0.000000 1.003800 0.000000 0.981698
211.199997 0.000000 0.998000 0.000000 0.982396
211.319992 0.000000 1.002000 0.000000 0.982396
211.440002 0.000000 1.004300 0.000000 0.981298
211.559998 0.000000 1.000699 0.000000 0.980815
211.679993 0.000000 1.001799 0.000000 0.980608
211.799988 0.000000 0.997701 0.000000 0.981209
211.919998 0.000000 0.997901 0.000000 0.981507
212.039993 0.000000 0.993397 0.000000 0.981491
212.159988 0.000000 0.989613 0.000000 0.981324
212.279999 0.000000 0.990888 0.000000 0.981075
212.399994 0.000000 0.987205 0.000000 0.981008
212.519989 0.000000 0.984400 0.000000 0.981400
212.639999 0.000000 0.983718 0.000000 0.981920
212.759995 0.000000 0.977993 0.000000 0.983095
212.879990 0.000000 0.969403 0.000000 0.982902
213.000000 0.000000 0.966303 0.000000 0.983002
213.119995 0.000000 0.961219 0.000000 0.983108
213.239990 0.000000 0.961020 0.000000 0.982509
213.360001 0.000000 0.958154 0.000000 0.982023
213.479996 0.000000 0.961723 0.000000 0.982211
213.599991 0.000000 0.957634 0.000000 0.983213
213.720001 0.000000 0.964436 0.000000 0.982617
213.839996 0.000000 0.965000 0.000000 0.982400
213.959991 0.000000 0.968222 0.000000 0.982912
214.080002 0.000000 0.966593 0.000000 0.983197
214.199997 0.000000 0.960584 0.000000 0.983393
214.319992 0.000000 0.964846 0.000000 0.983521
214.440002 0.000000 0.964904 0.000000 0.983902
214.559998 0.000000 0.961708 0.000000 0.983403
214.679993 0.000000 0.961281 0.000000 0.983392
214.799988 0.000000 0.963875 0.000000 0.983889
214.919998 0.000000 0.961500 0.000000 0.983700
215.039993 0.000000 0.963518 0.000000 0.983208
215.159988 0.000000 0.964742 0.000000 0.983120
215.279999 0.000000 0.964975 0.000000 0.983889
215.399994 0.000000 0.970194 0.000000 0.983397
215.519989 0.000000 0.969585 0.000000 0.982891
215.639999 0.000000 0.965500 0.000000 0.982300
215.759995 0.000000 0.966086 0.000000 0.981993
215.879990 0.000000 0.969718 0.000000 0.982610
216.000000 0.000000 0.966473 0.000000 0.983587
216.119995 0.000000 0.971594 0.000000 0.983297
216.239990 0.000000 0.965307 0.000000 0.983203
216.360001 0.000000 0.964225 0.000000 0.983811
216.479996 0.000000 0.960759 0.000000 0.983625
216.599991 0.000000 0.959784 0.000000 0.983493
216.720001 0.000000 0.958900 0.000000 0.983900
216.839996 0.000000 0.957147 0.000000 0.983718
216.959991 0.000000 0.954195 0.000000 0.983498
217.080002 0.000000 0.953665 0.000000 0.983323
217.199997 0.000000 0.952547 0.000000 0.984316
217.319992 0.000000 0.948966 0.000000 0.983721
217.440002 0.000000 0.950470 0.000000 0.983390
217.559998 0.000000 0.951405 0.000000 0.983402
217.679993 0.000000 0.947695 0.000000 0.983598
217.799988 0.000000 0.949415 0.000000 0.983205
217.919998 0.000000 0.945943 0.000000 0.982814
218.039993 0.000000 0.941436 0.000000 0.982681
218.159988 0.000000 0.942900 0.000000 0.983700
218.279999 0.000000 0.936123 0.000000 0.982879
218.399994 0.000000 0.932681 0.000000 0.982920
218.519989 0.000000 0.929935 0.000000 0.983108
218.639999 0.000000 0.925637 0.000000 0.982509
218.759995 0.000000 0.923676 0.000000 0.982817
218.879990 0.000000 0.926167 0.000000 0.982869
219.000000 0.000000 0.919608 0.000000 0.982902
219.119995 0.000000 0.919260 0.000000 0.981991
219.239990 0.000000 0.924983 0.000000 0.981920
219.360001 0.000000 0.922008 0.000000 0.981802
219.479996 0.000000 0.921902 0.000000 0.981524
219.599991 0.000000 0.921268 0.000000 0.981793
219.720001 0.000000 0.915234 0.000000 0.982007
219.839996 0.000000 0.914043 0.000000 0.981209
219.959991 0.000000 0.909546 0.000000 0.980367
220.080002 0.000000 0.906022 0.000000 0.980625
220.199997 0.000000 0.904177 0.000000 0.981115
220.319992 0.000000 0.902580 0.000000 0.981196
220.440002 0.000000 0.903290 0.000000 0.981798
220.559998 0.000000 0.903604 0.000000 0.981281
220.679993 0.000000 0.901190 0.000000 0.980398
220.799988 0.000000 0.900170 0.000000 0.979994
220.919998 0.000000 0.898580 0.000000 0.980496
221.039993 0.000000 0.898709 0.000000 0.980182
221.159988 0.000000 0.895637 0.000000 0.980989
221.279999 0.000000 0.897639 0.000000 0.980788
221.399994 0.000000 0.899029 0.000000 0.980286
221.519989 0.000000 0.898270 0.000000 0.980594
221.639999 0.000000 0.899711 0.000000 0.980241
221.759995 0.000000 0.899080 0.000000 0.980896
221.879990 0.000000 0.897490 0.000000 0.981498
222.000000 0.000000 0.898251 0.000000 0.981909
222.119995 0.000000 0.902819 0.000000 0.981904
222.239990 0.000000 0.897010 0.000000 0.982202
222.360001 0.000000 0.898018 0.000000 0.981885
222.479996 0.000000 0.899020 0.000000 0.981904
222.599991 0.000000 0.898420 0.000000 0.982104
222.720001 0.000000 0.896256 0.000000 0.982127
222.839996 0.000000 0.894842 0.000000 0.982607
222.959991 0.000000 0.892146 0.000000 0.982291
223.080002 0.000000 0.890445 0.000000 0.982391
223.199997 0.000000 0.890845 0.000000 0.982691
223.319992 0.000000 0.887679 0.000000 0.981713
223.440002 0.000000 0.887855 0.000000 0.982293
223.559998 0.000000 0.889467 0.000000 0.982379
223.679993 0.000000 0.886809 0.000000 0.982186
223.799988 0.000000 0.885366 0.000000 0.981795
223.919998 0.000000 0.883712 0.000000 0.981702
224.039993 0.000000 0.883453 0.000000 0.981893
224.159988 0.000000 0.879948 0.000000 0.981207
224.279999 0.000000 0.877684 0.000000 0.980629
224.399994 0.000000 0.874850 0.000000 0.981092
224.519989 0.000000 0.872087 0.000000 0.981698
224.639999 0.000000 0.867127 0.000000 0.981876
224.759995 0.000000 0.864205 0.000000 0.980586
224.879990 0.000000 0.864291 0.000000 0.980584
225.000000 0.000000 0.864214 0.000000 0.979602
225.119995 0.000000 0.860628 0.000000 0.979204
225.239990 0.000000 0.857943 0.000000 0.979592
225.360001 0.000000 0.858643 0.000000 0.979192
225.479996 0.000000 0.857529 0.000000 0.980090
225.599991 0.000000 0.858628 0.000000 0.980104
225.720001 0.000000 0.854083 0.000000 0.980084
225.839996 0.000000 0.856056 0.000000 0.980681
225.959991 0.000000 0.855859 0.000000 0.979622
226.080002 0.000000 0.852397 0.000000 0.978985
226.199997 0.000000 0.848606 0.000000 0.979215
226.319992 0.000000 0.849115 0.000000 0.979402
226.440002 0.000000 0.851874 0.000000 0.979810
226.559998 0.000000 0.853444 0.000000 0.979806
226.679993 0.000000 0.856700 0.000000 0.980300
226.799988 0.000000 0.854229 0.000000 0.980704
226.919998 0.000000 0.849115 0.000000 0.981902
227.039993 0.000000 0.848154 0.000000 0.982395
227.159988 0.000000 0.842226 0.000000 0.982614
227.279999 0.000000 0.838936 0.000000 0.982293
227.399994 0.000000 0.839125 0.000000 0.981925
227.519989 0.000000 0.840773 0.000000 0.982186
227.639999 0.000000 0.838900 0.000000 0.981900
227.759995 0.000000 0.832900 0.000000 0.982500
227.879990 0.000000 0.829953 0.000000 0.981117
228.000000 0.000000 0.827869 0.000000 0.981308
228.119995 0.000000 0.830785 0.000000 0.981809
228.239990 0.000000 0.829032 0.000000 0.981993
228.360001 0.000000 0.825930 0.000000 0.981192
228.479996 0.000000 0.821003 0.000000 0.981680
228.599991 0.000000 0.819674 0.000000 0.980887
228.720001 0.000000 0.815745 0.000000 0.982295
228.839996 0.000000 0.811138 0.000000 0.982603
228.959991 0.000000 0.811775 0.000000 0.983107
229.080002 0.000000 0.805984 0.000000 0.982790
229.199997 0.000000 0.808019 0.000000 0.982502
229.319992 0.000000 0.808343 0.000000 0.982595
229.440002 0.000000 0.813237 0.000000 0.983103
229.559998 0.000000 0.809786 0.000000 0.982690
229.679993 0.000000 0.810228 0.000000 0.982621
229.799988 0.000000 0.811281 0.000000 0.982298
229.919998 0.000000 0.812425 0.000000 0.982121
230.039993 0.000000 0.808115 0.000000 0.981711
230.159988 0.000000 0.808743 0.000000 0.981995
230.279999 0.000000 0.804439 0.000000 0.982304
230.399994 0.000000 0.802782 0.000000 0.981789
230.519989 0.000000 0.803321 0.000000 0.981493
230.639999 0.000000 0.804417 0.000000 0.981511
230.759995 0.000000 0.806897 0.000000 0.981809
230.879990 0.000000 0.804763 0.000000 0.981987
231.000000 0.000000 0.806261 0.000000 0.982096
231.119995 0.000000 0.802480 0.000000 0.981898
231.239990 0.000000 0.803282 0.000000 0.981489
231.360001 0.000000 0.799820 0.000000 0.981393
231.479996 0.000000 0.799060 0.000000 0.980806
231.599991 0.000000 0.800740 0.000000 0.980813
231.720001 0.000000 0.799500 0.000000 0.981191
231.839996 0.000000 0.797041 0.000000 0.980704
231.959991 0.000000 0.798520 0.000000 0.980602
232.080002 0.000000 0.797061 0.000000 0.981106
232.199997 0.000000 0.800740 0.000000 0.982104
232.319992 0.000000 0.797539 0.000000 0.982895
232.439987 0.000000 0.792879 0.000000 0.982898
232.559998 0.000000 0.792296 0.000000 0.982391
232.679993 0.000000 0.788842 0.000000 0.982204
232.799988 0.000000 0.785236 0.000000 0.982795
232.919998 0.000000 0.787115 0.000000 0.982793
233.039993 0.000000 0.783287 0.000000 0.983107
233.159988 0.000000 0.775688 0.000000 0.982791
233.279999 0.000000 0.774955 0.000000 0.982797
233.399994 0.000000 0.778733 0.000000 0.982710
233.519989 0.000000 0.784878 0.000000 0.982398
233.639999 0.000000 0.784465 0.000000 0.982105
233.759995 0.000000 0.781756 0.000000 0.983097
233.879990 0.000000 0.782352 0.000000 0.982113
234.000000 0.000000 0.780048 0.000000 0.982272
234.119995 0.000000 0.771477 0.000000 0.982098
234.239990 0.000000 0.774203 0.000000 0.982016
234.360001 0.000000 0.777733 0.000000 0.982411
234.479996 0.000000 0.773237 0.000000 0.982272
234.599991 0.000000 0.771223 0.000000 0.982802
234.720001 0.000000 0.775557 0.000000 0.983212
234.839996 0.000000 0.770008 0.000000 0.983793
234.959991 0.000000 0.771860 0.000000 0.984411
235.080002 0.000000 0.770408 0.000000 0.983193
235.199997 0.000000 0.770760 0.000000 0.982812
235.319992 0.000000 0.766960 0.000000 0.983390
235.439987 0.000000 0.765711 0.000000 0.982716
235.559998 0.000000 0.765505 0.000000 0.983322
235.679993 0.000000 0.764806 0.000000 0.983193
235.799988 0.000000 0.759840 0.000000 0.982474
235.919998 0.000000 0.756673 0.000000 0.982705
236.039993 0.000000 0.759800 0.000000 0.982900
236.159988 0.000000 0.759540 0.000000 0.982517
236.279999 0.000000 0.755758 0.000000 0.981975
236.399994 0.000000 0.755047 0.000000 0.982411
236.519989 0.000000 0.753106 0.000000 0.981964
236.639999 0.000000 0.751026 0.000000 0.982280
236.759995 0.000000 0.746425 0.000000 0.982102
236.879990 0.000000 0.743374 0.000000 0.982298
237.000000 0.000000 0.743369 0.000000 0.983285
237.119995 0.000000 0.739152 0.000000 0.982404
237.239990 0.000000 0.737643 0.000000 0.982690
237.360001 0.000000 0.737358 0.000000 0.982710
237.479996 0.000000 0.735774 0.000000 0.982798
237.599991 0.000000 0.732759 0.000000 0.982684
237.720001 0.000000 0.728656 0.000000 0.982985
237.839996 0.000000 0.730400 0.000000 0.983000
237.959991 0.000000 0.727073 0.000000 0.982798
238.080002 0.000000 0.728763 0.000000 0.982211
238.199997 0.000000 0.729027 0.000000 0.982202
238.319992 0.000000 0.728226 0.000000 0.982321
238.439987 0.000000 0.725800 0.000000 0.982400
238.559998 0.000000 0.721511 0.000000 0.982207
238.679993 0.000000 0.719688 0.000000 0.981293
238.799988 0.000000 0.719812 0.000000 0.981707
238.919998 0.000000 0.717672 0.000000 0.981298
239.039993 0.000000 0.716358 0.000000 0.980990
239.159988 0.000000 0.713184 0.000000 0.981680
239.279999 0.000000 0.712017 0.000000 0.982020
239.399994 0.000000 0.708429 0.000000 0.981502
239.519989 0.000000 0.703663 0.000000 0.981385
239.639999 0.000000 0.703381 0.000000 0.981192
239.759995 0.000000 0.698221 0.000000 0.980908
239.879990 0.000000 0.691892 0.000000 0.981006
240.000000 0.000000 0.693293 0.000000 0.981081
240.119995 0.000000 0.696261 0.000000 0.980404
240.239990 0.000000 0.693731 0.000000 0.980702
240.360001 0.000000 0.693961 0.000000 0.981004
240.479996 0.000000 0.689493 0.000000 0.980906
240.599991 0.000000 0.687825 0.000000 0.981407
240.720001 0.000000 0.684132 0.000000 0.981102
240.839996 0.000000 0.686857 0.000000 0.982009
240.959991 0.000000 0.689707 0.000000 0.982795
241.080002 0.000000 0.690038 0.000000 0.982997
241.199997 0.000000 0.688851 0.000000 0.983086
241.319992 0.000000 0.681404 0.000000 0.982995
241.439987 0.000000 0.682527 0.000000 0.982807
241.559998 0.000000 0.681104 0.000000 0.982395
241.679993 0.000000 0.681555 0.000000 0.983114
241.799988 0.000000 0.677964 0.000000 0.982304
241.919998 0.000000 0.679888 0.000000 0.982016
242.039993 0.000000 0.680052 0.000000 0.983218
242.159988 0.000000 0.684915 0.000000 0.983516
242.279999 0.000000 0.681632 0.000000 0.982802
242.399994 0.000000 0.677635 0.000000 0.981896
242.519989 0.000000 0.675000 0.000000 0.982800
242.639999 0.000000 0.676200 0.000000 0.981800
242.759995 0.000000 0.673926 0.000000 0.982218
242.879990 0.000000 0.668332 0.000000 0.982512
243.000000 0.000000 0.668966 0.000000 0.982909
243.119995 0.000000 0.668133 0.000000 0.983502
243.239990 0.000000 0.673133 0.000000 0.982802
243.360001 0.000000 0.673210 0.000000 0.982774
243.479996 0.000000 0.676532 0.000000 0.982702
243.599991 0.000000 0.676035 0.000000 0.982396
243.720001 0.000000 0.671997 0.000000 0.982810
243.839996 0.000000 0.670862 0.000000 0.983318
243.959991 0.000000 0.667400 0.000000 0.983390
244.080002 0.000000 0.669233 0.000000 0.983102
244.199997 0.000000 0.665033 0.000000 0.983497
244.319992 0.000000 0.665568 0.000000 0.983413
244.439987 0.000000 0.660627 0.000000 0.983482
244.559998 0.000000 0.660905 0.000000 0.983415
244.679993 0.000000 0.654862 0.000000 0.982493
244.799988 0.000000 0.655659 0.000000 0.982388
244.919998 0.000000 0.658068 0.000000 0.982503
245.039993 0.000000 0.658927 0.000000 0.982186
245.159988 0.000000 0.658895 0.000000 0.981689
245.279999 0.000000 0.656331 0.000000 0.981696
245.399994 0.000000 0.650840 0.000000 0.981507
245.519989 0.000000 0.652396 0.000000 0.980494
245.639999 0.000000 0.649165 0.000000 0.981098
245.759995 0.000000 0.648951 0.000000 0.981618
245.879990 0.000000 0.644156 0.000000 0.981219
246.000000 0.000000 0.643136 0.000000 0.980575
246.119995 0.000000 0.643100 0.000000 0.981500
246.239990 0.000000 0.638453 0.000000 0.981813
246.360001 0.000000 0.633004 0.000000 0.982319
246.479996 0.000000 0.630500 0.000000 0.981800
246.599991 0.000000 0.630311 0.000000 0.982805
246.720001 0.000000 0.628646 0.000000 0.983220
246.839996 0.000000 0.626400 0.000000 0.982400
246.959991 0.000000 0.628908 0.000000 0.981820
247.080002 0.000000 0.629904 0.000000 0.981385
247.199997 0.000000 0.626275 0.000000 0.981704
247.319992 0.000000 0.624313 0.000000 0.982220
247.439987 0.000000 0.620838 0.000000 0.982502
247.559998 0.000000 0.617876 0.000000 0.982503
247.679993 0.000000 0.617647 0.000000 0.982393
247.799988 0.000000 0.612255 0.000000 0.982107
247.919998 0.000000 0.610766 0.000000 0.981189
248.039993 0.000000 0.608643 0.000000 0.981493
248.159988 0.000000 0.609561 0.000000 0.981998
248.279999 0.000000 0.607935 0.000000 0.981911
248.399994 0.000000 0.605124 0.000000 0.981687
248.519989 0.000000 0.602240 0.000000 0.981702
248.639999 0.000000 0.596581 0.000000 0.981704
248.759995 0.000000 0.597763 0.000000 0.982125
248.879990 0.000000 0.598901 0.000000 0.982409
249.000000 0.000000 0.596819 0.000000 0.980996
249.119995 0.000000 0.599401 0.000000 0.980120
249.239990 0.000000 0.598139 0.000000 0.979892
249.360001 0.000000 0.600060 0.000000 0.979518
249.479996 0.000000 0.600400 0.000000 0.979920
249.599991 0.000000 0.599320 0.000000 0.979096
249.720001 0.000000 0.597639 0.000000 0.978491
249.839996 0.000000 0.599581 0.000000 0.979125
249.959991 0.000000 0.599680 0.000000 0.979894
