0.000000 0.990702 7.926014 0.000000 0.990802
0.120000 0.903461 7.229992 0.000000 0.904562
0.240000 0.828849 6.631790 0.000000 0.829549
0.360000 0.756124 6.056094 0.000000 0.757824
0.480000 0.697000 5.587200 0.000000 0.699700
0.600000 0.640484 5.141185 0.000000 0.643586
0.720000 0.598521 4.809553 0.000000 0.602418
0.840000 0.560588 4.513597 0.000000 0.565387
0.960000 0.522748 4.215478 0.000000 0.528447
1.080000 0.490698 3.968994 0.000000 0.498100
1.200000 0.463483 3.758218 0.000000 0.471675
1.320000 0.436282 3.544827 0.000000 0.445077
1.440000 0.407467 3.326494 0.000000 0.417276
1.560000 0.385823 3.155969 0.000000 0.396021
1.680000 0.362091 2.972408 0.000000 0.373288
1.800000 0.342466 2.823718 0.000000 0.354865
1.920000 0.323700 2.684400 0.000000 0.337300
2.040000 0.308331 2.568657 0.000000 0.322732
2.160000 0.288956 2.424088 0.000000 0.304548
2.280000 0.273045 2.319036 0.000000 0.291142
2.400000 0.255302 2.189476 0.000000 0.274610
2.520000 0.242224 2.098710 0.000000 0.262926
2.640000 0.232833 2.032432 0.000000 0.255756
2.760000 0.223810 1.967513 0.000000 0.247601
2.880000 0.209658 1.868026 0.000000 0.235353
3.000000 0.198100 1.786400 0.000000 0.224900
3.120000 0.186637 1.714743 0.000000 0.215643
3.240000 0.179436 1.677836 0.000000 0.211142
3.360000 0.170100 1.617800 0.000000 0.204300
3.480000 0.160400 1.553800 0.000000 0.196200
3.600000 0.153700 1.517800 0.000000 0.192200
3.720000 0.148515 1.490349 0.000000 0.188519
3.840000 0.138345 1.428129 0.000000 0.180928
3.960000 0.131700 1.394800 0.000000 0.176500
4.080000 0.125813 1.362436 0.000000 0.172817
4.200000 0.120888 1.339266 0.000000 0.170083
4.320000 0.114411 1.310231 0.000000 0.166917
4.440000 0.105121 1.261152 0.000000 0.160832
4.560000 0.101320 1.257451 0.000000 0.160532
4.680000 0.096100 1.247300 0.000000 0.159200
4.800000 0.091463 1.235206 0.000000 0.157837
4.920000 0.087417 1.237748 0.000000 0.158132
5.040000 0.085291 1.253175 0.000000 0.160284
5.160000 0.082049 1.254253 0.000000 0.160596
5.280000 0.076885 1.255749 0.000000 0.161168
5.400000 0.072900 1.270300 0.000000 0.163000
5.520000 0.067514 1.270054 0.000000 0.163233
5.640000 0.063987 1.280044 0.000000 0.164767
5.760000 0.060794 1.286871 0.000000 0.165983
5.880000 0.058412 1.306061 0.000000 0.168634
6.000000 0.055517 1.330099 0.000000 0.171752
6.120000 0.052695 1.349965 0.000000 0.174483
6.240000 0.049880 1.375950 0.000000 0.178229
6.360000 0.045691 1.402620 0.000000 0.181764
6.480000 0.044009 1.438888 0.000000 0.186937
6.600000 0.042709 1.471194 0.000000 0.191238
6.720000 0.040104 1.492849 0.000000 0.194619
6.840000 0.038615 1.533413 0.000000 0.199980
6.960000 0.036930 1.572958 0.000000 0.205464
7.080000 0.035293 1.621276 0.000000 0.212158
7.200000 0.035386 1.675030 0.000000 0.219512
7.320000 0.033097 1.724128 0.000000 0.226177
7.440000 0.030494 1.750150 0.000000 0.229854
7.560000 0.028788 1.797681 0.000000 0.236106
7.680000 0.026205 1.846069 0.000000 0.242549
7.800000 0.025190 1.924330 0.000000 0.253399
7.920000 0.023707 1.983695 0.000000 0.261478
8.040000 0.022816 2.062044 0.000000 0.272391
8.160000 0.022216 2.149805 0.000000 0.284499
8.280000 0.020798 2.217278 0.000000 0.293871
8.400000 0.018693 2.295282 0.000000 0.305278
8.520000 0.018707 2.390456 0.000000 0.318127
8.639999 0.019602 2.488649 0.000000 0.331333
8.760000 0.017796 2.569386 0.000000 0.342332
8.880000 0.016502 2.646065 0.000000 0.353635
9.000000 0.015898 2.750025 0.000000 0.367763
9.120000 0.014512 2.846177 0.000000 0.381405
9.240000 0.014306 2.953081 0.000000 0.396959
9.360000 0.012396 3.040988 0.000000 0.409477
9.480000 0.011691 3.139888 0.000000 0.423161
9.599999 0.010808 3.245272 0.000000 0.438207
9.719999 0.010005 3.339170 0.000000 0.451126
9.840000 0.009793 3.443290 0.000000 0.465574
9.960000 0.008694 3.551314 0.000000 0.480963
10.080000 0.007395 3.649146 0.000000 0.495653
10.200000 0.007600 3.766200 0.000000 0.512000
10.320000 0.006795 3.873888 0.000000 0.527131
10.440000 0.006101 3.974695 0.000000 0.541508
10.559999 0.005297 4.066267 0.000000 0.554523
10.679999 0.004997 4.173296 0.000000 0.569758
10.800000 0.005102 4.267480 0.000000 0.582375
10.920000 0.004799 4.368189 0.000000 0.597021
11.040000 0.003898 4.457825 0.000000 0.610933
11.160000 0.003898 4.565461 0.000000 0.626924
11.280000 0.003601 4.655597 0.000000 0.640092
11.400000 0.003400 4.747400 0.000000 0.653200
11.520000 0.003701 4.831749 0.000000 0.665100
11.639999 0.002901 4.926578 0.000000 0.679204
11.759999 0.002901 5.012404 0.000000 0.691107
11.880000 0.002700 5.099800 0.000000 0.703400
12.000000 0.002701 5.186694 0.000000 0.716858
12.120000 0.002300 5.268847 0.000000 0.729254
12.240000 0.002098 5.356415 0.000000 0.741407
12.360000 0.001999 5.439368 0.000000 0.754474
12.480000 0.001901 5.502851 0.000000 0.763682
12.599999 0.001699 5.572714 0.000000 0.774513
12.719999 0.001699 5.640344 0.000000 0.783786
12.840000 0.001700 5.709342 0.000000 0.794159
12.960000 0.001400 5.773168 0.000000 0.805558
13.080000 0.001100 5.853915 0.000000 0.817818
13.200000 0.001400 5.914300 0.000000 0.827600
13.320000 0.001200 5.972108 0.000000 0.836449
13.440000 0.001201 6.021615 0.000000 0.844191
13.559999 0.001000 6.067080 0.000000 0.850945
13.679999 0.000901 6.116705 0.000000 0.858573
13.799999 0.000900 6.161084 0.000000 0.865913
13.920000 0.000800 6.206882 0.000000 0.872349
14.040000 0.000500 6.236547 0.000000 0.877175
14.160000 0.000600 6.273983 0.000000 0.884165
14.280000 0.000500 6.310569 0.000000 0.889711
14.400000 0.000500 6.340898 0.000000 0.895231
14.520000 0.000500 6.383570 0.000000 0.901859
14.639999 0.000500 6.407996 0.000000 0.906747
14.759999 0.000501 6.425410 0.000000 0.911594
14.880000 0.000400 6.442811 0.000000 0.915717
15.000000 0.000300 6.456217 0.000000 0.918433
15.120000 0.000300 6.476209 0.000000 0.922131
15.240000 0.000399 6.503943 0.000000 0.927923
15.360000 0.000400 6.515761 0.000000 0.931652
15.480000 0.000300 6.539716 0.000000 0.934674
15.599999 0.000300 6.563892 0.000000 0.939255
15.719999 0.000200 6.579964 0.000000 0.943455
15.839999 0.000200 6.592766 0.000000 0.946348
15.960000 0.000200 6.607935 0.000000 0.949730
16.080000 0.000200 6.612174 0.000000 0.951847
16.199999 0.000200 6.621263 0.000000 0.954795
16.320000 0.000200 6.633966 0.000000 0.956743
16.440001 0.000200 6.646947 0.000000 0.960328
16.559999 0.000200 6.650970 0.000000 0.962408
16.680000 0.000200 6.653669 0.000000 0.964507
16.799999 0.000200 6.652930 0.000000 0.965893
16.920000 0.000100 6.661799 0.000000 0.968400
17.039999 0.000100 6.665667 0.000000 0.969997
17.160000 0.000100 6.667200 0.000000 0.971700
17.279999 0.000100 6.673867 0.000000 0.972897
17.400000 0.000100 6.669199 0.000000 0.974615
17.520000 0.000100 6.669536 0.000000 0.976181
17.639999 0.000100 6.666700 0.000000 0.977700
17.760000 0.000100 6.669703 0.000000 0.978981
17.879999 0.000100 6.663331 0.000000 0.979384
18.000000 0.000100 6.659068 0.000000 0.979604
18.119999 0.000000 6.653273 0.000000 0.980510
18.240000 0.000000 6.653358 0.000000 0.982288
18.359999 0.000000 6.646358 0.000000 0.983093
18.480000 0.000000 6.638828 0.000000 0.982797
18.600000 0.000000 6.635100 0.000000 0.983200
18.719999 0.000000 6.631773 0.000000 0.982803
18.840000 0.000000 6.621449 0.000000 0.982193
18.959999 0.000000 6.613354 0.000000 0.982107
19.080000 0.000000 6.596140 0.000000 0.981902
19.199999 0.000000 6.583457 0.000000 0.981720
19.320000 0.000000 6.577538 0.000000 0.981415
19.439999 0.000000 6.571972 0.000000 0.980594
19.559999 0.000000 6.567687 0.000000 0.980804
19.680000 0.000000 6.551175 0.000000 0.980890
19.799999 0.000000 6.546663 0.000000 0.981515
19.920000 0.000000 6.541871 0.000000 0.981391
20.039999 0.000000 6.535332 0.000000 0.982909
20.160000 0.000000 6.531041 0.000000 0.982905
20.279999 0.000000 6.529312 0.000000 0.983193
20.400000 0.000000 6.524915 0.000000 0.983090
20.520000 0.000000 6.517841 0.000000 0.982909
20.639999 0.000000 6.507604 0.000000 0.982990
20.760000 0.000000 6.488191 0.000000 0.982886
20.879999 0.000000 6.477688 0.000000 0.981831
21.000000 0.000000 6.469276 0.000000 0.982186
21.119999 0.000000 6.462485 0.000000 0.982893
21.240000 0.000000 6.448971 0.000000 0.983323
21.359999 0.000000 6.439780 0.000000 0.983408
21.480000 0.000000 6.431600 0.000000 0.983900
21.600000 0.000000 6.423008 0.000000 0.983423
21.719999 0.000000 6.420200 0.000000 0.983800
21.840000 0.000000 6.411359 0.000000 0.983502
21.959999 0.000000 6.406760 0.000000 0.984002
22.080000 0.000000 6.406122 0.000000 0.983895
22.199999 0.000000 6.395523 0.000000 0.984511
22.320000 0.000000 6.382415 0.000000 0.983595
22.439999 0.000000 6.373399 0.000000 0.983487
22.559999 0.000000 6.370400 0.000000 0.983700
22.680000 0.000000 6.365773 0.000000 0.983097
22.799999 0.000000 6.354735 0.000000 0.982898
22.920000 0.000000 6.341566 0.000000 0.982502
23.039999 0.000000 6.334100 0.000000 0.983610
23.160000 0.000000 6.326168 0.000000 0.983702
23.279999 0.000000 6.321083 0.000000 0.983521
23.400000 0.000000 6.316132 0.000000 0.983198
23.519999 0.000000 6.307377 0.000000 0.983407
23.639999 0.000000 6.296530 0.000000 0.982898
23.760000 0.000000 6.293000 0.000000 0.982800
23.879999 0.000000 6.278456 0.000000 0.982797
24.000000 0.000000 6.267366 0.000000 0.983208
24.119999 0.000000 6.253428 0.000000 0.983685
24.240000 0.000000 6.245852 0.000000 0.983710
24.359999 0.000000 6.235247 0.000000 0.984597
24.480000 0.000000 6.225013 0.000000 0.983692
24.600000 0.000000 6.214158 0.000000 0.983903
24.719999 0.000000 6.204498 0.000000 0.983608
24.840000 0.000000 6.197840 0.000000 0.982897
24.959999 0.000000 6.192019 0.000000 0.982598
25.080000 0.000000 6.183600 0.000000 0.982500
25.199999 0.000000 6.180702 0.000000 0.982619
25.320000 0.000000 6.172151 0.000000 0.982995
25.439999 0.000000 6.169300 0.000000 0.982400
25.559999 0.000000 6.166133 0.000000 0.982086
25.680000 0.000000 6.154955 0.000000 0.982382
25.799999 0.000000 6.140141 0.000000 0.982182
25.920000 0.000000 6.131382 0.000000 0.982416
26.039999 0.000000 6.124575 0.000000 0.982503
26.160000 0.000000 6.111245 0.000000 0.982509
26.279999 0.000000 6.094943 0.000000 0.981911
26.400000 0.000000 6.083301 0.000000 0.982400
26.519999 0.000000 6.077846 0.000000 0.982312
26.639999 0.000000 6.070980 0.000000 0.983428
26.760000 0.000000 6.062269 0.000000 0.983882
26.879999 0.000000 6.060400 0.000000 0.983100
27.000000 0.000000 6.048519 0.000000 0.983193
27.119999 0.000000 6.041717 0.000000 0.983593
27.240000 0.000000 6.038004 0.000000 0.982998
27.359999 0.000000 6.035982 0.000000 0.982309
27.480000 0.000000 6.031281 0.000000 0.983110
27.599998 0.000000 6.019685 0.000000 0.983413
27.719999 0.000000 6.007205 0.000000 0.983989
27.840000 0.000000 6.003697 0.000000 0.984209
27.959999 0.000000 5.995096 0.000000 0.984186
28.080000 0.000000 5.990798 0.000000 0.983498
28.199999 0.000000 5.978775 0.000000 0.982779
28.320000 0.000000 5.969691 0.000000 0.982795
28.439999 0.000000 5.970412 0.000000 0.981707
28.559999 0.000000 5.963289 0.000000 0.981094
28.680000 0.000000 5.953190 0.000000 0.981396
28.799999 0.000000 5.943129 0.000000 0.982009
28.920000 0.000000 5.933874 0.000000 0.981793
29.039999 0.000000 5.927629 0.000000 0.981207
29.160000 0.000000 5.923616 0.000000 0.981179
29.279999 0.000000 5.918457 0.000000 0.981113
29.400000 0.000000 5.905210 0.000000 0.980702
29.519999 0.000000 5.895100 0.000000 0.981000
29.639999 0.000000 5.891511 0.000000 0.981002
29.760000 0.000000 5.881417 0.000000 0.981087
29.879999 0.000000 5.866974 0.000000 0.980696
30.000000 0.000000 5.862310 0.000000 0.981415
30.119999 0.000000 5.861070 0.000000 0.982009
30.240000 0.000000 5.862355 0.000000 0.982507
30.359999 0.000000 5.864087 0.000000 0.982198
30.480000 0.000000 5.851005 0.000000 0.982113
30.599998 0.000000 5.839328 0.000000 0.982414
30.719999 0.000000 5.825744 0.000000 0.982924
30.840000 0.000000 5.814856 0.000000 0.983005
30.959999 0.000000 5.807923 0.000000 0.982993
31.080000 0.000000 5.809234 0.000000 0.983412
31.199999 0.000000 5.800761 0.000000 0.982679
31.320000 0.000000 5.795673 0.000000 0.981871
31.439999 0.000000 5.787663 0.000000 0.981905
31.559999 0.000000 5.779754 0.000000 0.981413
31.679998 0.000000 5.771446 0.000000 0.981604
31.799999 0.000000 5.771936 0.000000 0.981311
31.920000 0.000000 5.768861 0.000000 0.980088
32.040001 0.000000 5.761962 0.000000 0.979622
32.160000 0.000000 5.756190 0.000000 0.980331
32.279999 0.000000 5.748775 0.000000 0.980390
32.399998 0.000000 5.732493 0.000000 0.981192
32.520000 0.000000 5.727891 0.000000 0.980713
32.639999 0.000000 5.726891 0.000000 0.981192
32.759998 0.000000 5.726717 0.000000 0.981595
32.880001 0.000000 5.723417 0.000000 0.981394
33.000000 0.000000 5.716898 0.000000 0.981513
33.119999 0.000000 5.703970 0.000000 0.981198
33.239998 0.000000 5.702919 0.000000 0.981207
33.360001 0.000000 5.691623 0.000000 0.980708
33.480000 0.000000 5.687737 0.000000 0.980328
33.599998 0.000000 5.680201 0.000000 0.980451
33.719997 0.000000 5.671731 0.000000 0.981108
33.840000 0.000000 5.667599 0.000000 0.981716
33.959999 0.000000 5.663735 0.000000 0.982007
34.079998 0.000000 5.650965 0.000000 0.981998
34.200001 0.000000 5.643893 0.000000 0.981094
34.320000 0.000000 5.645965 0.000000 0.980998
34.439999 0.000000 5.639572 0.000000 0.980204
34.559998 0.000000 5.635882 0.000000 0.980310
34.680000 0.000000 5.626300 0.000000 0.980800
34.799999 0.000000 5.621516 0.000000 0.980122
34.919998 0.000000 5.610222 0.000000 0.980696
35.040001 0.000000 5.605121 0.000000 0.981396
35.160000 0.000000 5.602298 0.000000 0.980519
35.279999 0.000000 5.602586 0.000000 0.980655
35.399998 0.000000 5.595424 0.000000 0.981715
35.520000 0.000000 5.588088 0.000000 0.982182
35.639999 0.000000 5.581733 0.000000 0.981693
35.759998 0.000000 5.579168 0.000000 0.981707
35.880001 0.000000 5.564169 0.000000 0.981995
36.000000 0.000000 5.557912 0.000000 0.982396
36.119999 0.000000 5.548516 0.000000 0.982113
36.239998 0.000000 5.547019 0.000000 0.981793
36.360001 0.000000 5.546836 0.000000 0.981506
36.480000 0.000000 5.539369 0.000000 0.982114
36.599998 0.000000 5.537406 0.000000 0.981572
36.719997 0.000000 5.531100 0.000000 0.982300
36.840000 0.000000 5.529047 0.000000 0.982302
36.959999 0.000000 5.532692 0.000000 0.981776
37.079998 0.000000 5.530776 0.000000 0.982014
37.200001 0.000000 5.521083 0.000000 0.982514
37.320000 0.000000 5.515800 0.000000 0.982700
37.439999 0.000000 5.509951 0.000000 0.982498
37.559998 0.000000 5.507859 0.000000 0.983482
37.680000 0.000000 5.495198 0.000000 0.983493
37.799999 0.000000 5.483103 0.000000 0.983403
37.919998 0.000000 5.471341 0.000000 0.983195
38.040001 0.000000 5.471206 0.000000 0.983003
38.160000 0.000000 5.458154 0.000000 0.983102
38.279999 0.000000 5.453191 0.000000 0.982296
38.399998 0.000000 5.443700 0.000000 0.982616
38.520000 0.000000 5.436207 0.000000 0.982616
38.639999 0.000000 5.430470 0.000000 0.982805
38.759998 0.000000 5.429700 0.000000 0.982100
38.879997 0.000000 5.425056 0.000000 0.982590
39.000000 0.000000 5.415783 0.000000 0.982497
39.119999 0.000000 5.409300 0.000000 0.982100
39.239998 0.000000 5.396760 0.000000 0.981702
39.360001 0.000000 5.379910 0.000000 0.982109
39.480000 0.000000 5.361891 0.000000 0.981606
39.599998 0.000000 5.357300 0.000000 0.981326
39.719997 0.000000 5.348395 0.000000 0.981506
39.840000 0.000000 5.339398 0.000000 0.982105
39.959999 0.000000 5.339734 0.000000 0.981998
40.079998 0.000000 5.337934 0.000000 0.982398
40.200001 0.000000 5.333667 0.000000 0.982871
40.320000 0.000000 5.333333 0.000000 0.982609
40.439999 0.000000 5.324465 0.000000 0.982597
40.559998 0.000000 5.316364 0.000000 0.982296
40.680000 0.000000 5.311674 0.000000 0.981878
40.799999 0.000000 5.306993 0.000000 0.982395
40.919998 0.000000 5.292888 0.000000 0.981895
41.040001 0.000000 5.285128 0.000000 0.982486
41.160000 0.000000 5.273408 0.000000 0.982412
41.279999 0.000000 5.268761 0.000000 0.982590
41.399998 0.000000 5.264268 0.000000 0.982309
41.520000 0.000000 5.263306 0.000000 0.982793
41.639999 0.000000 5.254359 0.000000 0.982862
41.759998 0.000000 5.251825 0.000000 0.982898
41.879997 0.000000 5.243632 0.000000 0.982319
42.000000 0.000000 5.233060 0.000000 0.982810
42.119999 0.000000 5.218912 0.000000 0.983107
42.239998 0.000000 5.208616 0.000000 0.982507
42.360001 0.000000 5.206403 0.000000 0.982791
42.480000 0.000000 5.190648 0.000000 0.982814
42.599998 0.000000 5.182436 0.000000 0.982697
42.719997 0.000000 5.172738 0.000000 0.982886
42.840000 0.000000 5.168848 0.000000 0.982216
42.959999 0.000000 5.162282 0.000000 0.981591
43.079998 0.000000 5.155816 0.000000 0.982098
43.200001 0.000000 5.146254 0.000000 0.982318
43.320000 0.000000 5.135500 0.000000 0.982400
43.439999 0.000000 5.142700 0.000000 0.982288
43.559998 0.000000 5.135122 0.000000 0.981183
43.680000 0.000000 5.127572 0.000000 0.980719
43.799999 0.000000 5.120597 0.000000 0.980985
43.919998 0.000000 5.114134 0.000000 0.980894
44.040001 0.000000 5.112244 0.000000 0.980610
44.160000 0.000000 5.111067 0.000000 0.980688
44.279999 0.000000 5.109056 0.000000 0.981707
44.399998 0.000000 5.100500 0.000000 0.981400
44.520000 0.000000 5.091410 0.000000 0.980998
44.639999 0.000000 5.085308 0.000000 0.980798
44.759998 0.000000 5.087835 0.000000 0.980492
44.879997 0.000000 5.079860 0.000000 0.980661
45.000000 0.000000 5.075931 0.000000 0.981192
45.119999 0.000000 5.072242 0.000000 0.981415
45.239998 0.000000 5.068944 0.000000 0.981215
45.360001 0.000000 5.065428 0.000000 0.981221
45.480000 0.000000 5.059964 0.000000 0.980512
45.599998 0.000000 5.059594 0.000000 0.980402
45.719997 0.000000 5.059542 0.000000 0.979586
45.840000 0.000000 5.048319 0.000000 0.980092
45.959999 0.000000 5.038227 0.000000 0.980286
46.079998 0.000000 5.038185 0.000000 0.980608
46.200001 0.000000 5.027883 0.000000 0.980312
46.320000 0.000000 5.018418 0.000000 0.979980
46.439999 0.000000 5.007506 0.000000 0.980084
46.559998 0.000000 4.996802 0.000000 0.980316
46.680000 0.000000 4.989607 0.000000 0.979714
46.799999 0.000000 4.979304 0.000000 0.979704
46.919998 0.000000 4.975595 0.000000 0.980596
47.039997 0.000000 4.967387 0.000000 0.981293
47.160000 0.000000 4.966803 0.000000 0.981702
47.279999 0.000000 4.967077 0.000000 0.981187
47.399998 0.000000 4.969912 0.000000 0.981707
47.520000 0.000000 4.963907 0.000000 0.981204
47.639999 0.000000 4.960708 0.000000 0.980904
47.759998 0.000000 4.957543 0.000000 0.981618
47.879997 0.000000 4.953704 0.000000 0.981502
48.000000 0.000000 4.944317 0.000000 0.981973
48.119999 0.000000 4.938175 0.000000 0.981993
48.239998 0.000000 4.929321 0.000000 0.981406
48.360001 0.000000 4.918994 0.000000 0.981276
48.480000 0.000000 4.912530 0.000000 0.981285
48.599998 0.000000 4.897331 0.000000 0.981606
48.719997 0.000000 4.890234 0.000000 0.981689
48.840000 0.000000 4.887064 0.000000 0.981077
48.959999 0.000000 4.882706 0.000000 0.981617
49.079998 0.000000 4.875938 0.000000 0.981491
49.200001 0.000000 4.867707 0.000000 0.982087
49.320000 0.000000 4.850715 0.000000 0.982202
49.439999 0.000000 4.840264 0.000000 0.981807
49.559998 0.000000 4.825379 0.000000 0.981829
49.680000 0.000000 4.823853 0.000000 0.981805
49.799999 0.000000 4.819500 0.000000 0.981300
49.919998 0.000000 4.814693 0.000000 0.980910
50.039997 0.000000 4.809609 0.000000 0.980080
50.160000 0.000000 4.809400 0.000000 0.980900
50.279999 0.000000 4.802546 0.000000 0.981558
50.399998 0.000000 4.793665 0.000000 0.982014
50.520000 0.000000 4.793180 0.000000 0.982698
50.639999 0.000000 4.791174 0.000000 0.981689
50.759998 0.000000 4.789195 0.000000 0.981791
50.879997 0.000000 4.788506 0.000000 0.982809
51.000000 0.000000 4.781085 0.000000 0.982922
51.119999 0.000000 4.783738 0.000000 0.982319
51.239998 0.000000 4.784251 0.000000 0.982212
51.360001 0.000000 4.773746 0.000000 0.981404
51.480000 0.000000 4.770900 0.000000 0.981700
51.599998 0.000000 4.767860 0.000000 0.981589
51.719997 0.000000 4.761662 0.000000 0.981620
51.840000 0.000000 4.750150 0.000000 0.981096
51.959999 0.000000 4.744195 0.000000 0.981585
52.079998 0.000000 4.733827 0.000000 0.981302
52.199997 0.000000 4.729173 0.000000 0.981498
52.320000 0.000000 4.720799 0.000000 0.981600
52.439999 0.000000 4.711471 0.000000 0.981298
52.559998 0.000000 4.714743 0.000000 0.981809
52.680000 0.000000 4.711600 0.000000 0.981600
52.799999 0.000000 4.705441 0.000000 0.982597
52.919998 0.000000 4.697900 0.000000 0.982600
53.039997 0.000000 4.698989 0.000000 0.982188
53.160000 0.000000 4.696900 0.000000 0.981900
53.279999 0.000000 4.686657 0.000000 0.981309
53.399998 0.000000 4.686149 0.000000 0.982086
53.520000 0.000000 4.671934 0.000000 0.982196
53.639999 0.000000 4.664964 0.000000 0.981571
53.759998 0.000000 4.660896 0.000000 0.981789
53.879997 0.000000 4.646847 0.000000 0.982712
54.000000 0.000000 4.644444 0.000000 0.982082
54.119999 0.000000 4.640140 0.000000 0.982082
54.239998 0.000000 4.631169 0.000000 0.982118
54.360001 0.000000 4.627459 0.000000 0.982027
54.480000 0.000000 4.630758 0.000000 0.982812
54.599998 0.000000 4.628400 0.000000 0.982500
54.719997 0.000000 4.627839 0.000000 0.983088
54.840000 0.000000 4.619252 0.000000 0.983806
54.959999 0.000000 4.619620 0.000000 0.983784
55.079998 0.000000 4.614877 0.000000 0.983003
55.199997 0.000000 4.598761 0.000000 0.982815
55.320000 0.000000 4.599780 0.000000 0.983387
55.439999 0.000000 4.595033 0.000000 0.983877
55.559998 0.000000 4.593641 0.000000 0.982702
55.680000 0.000000 4.591359 0.000000 0.983398
55.799999 0.000000 4.584817 0.000000 0.983497
55.919998 0.000000 4.570600 0.000000 0.983800
56.039997 0.000000 4.563957 0.000000 0.983698
56.160000 0.000000 4.557632 0.000000 0.983805
56.279999 0.000000 4.549120 0.000000 0.984494
56.399998 0.000000 4.542532 0.000000 0.984625
56.520000 0.000000 4.538168 0.000000 0.984873
56.639999 0.000000 4.542229 0.000000 0.984408
56.759998 0.000000 4.532053 0.000000 0.983498
56.879997 0.000000 4.532660 0.000000 0.982895
57.000000 0.000000 4.521291 0.000000 0.982707
57.119999 0.000000 4.527000 0.000000 0.983000
57.239998 0.000000 4.526948 0.000000 0.983802
57.360001 0.000000 4.521279 0.000000 0.983117
57.480000 0.000000 4.510704 0.000000 0.982093
57.599998 0.000000 4.509404 0.000000 0.982793
57.719997 0.000000 4.502298 0.000000 0.982018
57.840000 0.000000 4.501799 0.000000 0.982507
57.959999 0.000000 4.496250 0.000000 0.981998
58.079998 0.000000 4.490051 0.000000 0.981502
58.199997 0.000000 4.474342 0.000000 0.981695
58.320000 0.000000 4.461000 0.000000 0.980900
58.439999 0.000000 4.454491 0.000000 0.981096
58.559998 0.000000 4.442121 0.000000 0.980890
58.680000 0.000000 4.435048 0.000000 0.980629
58.799999 0.000000 4.433596 0.000000 0.980314
58.919998 0.000000 4.431214 0.000000 0.980004
59.039997 0.000000 4.429000 0.000000 0.980314
59.160000 0.000000 4.430330 0.000000 0.980180
59.279999 0.000000 4.419816 0.000000 0.979604
59.399998 0.000000 4.420084 0.000000 0.980096
59.520000 0.000000 4.417334 0.000000 0.980284
59.639999 0.000000 4.410559 0.000000 0.981102
59.759998 0.000000 4.403003 0.000000 0.981281
59.879997 0.000000 4.395584 0.000000 0.981515
60.000000 0.000000 4.399020 0.000000 0.981304
60.119999 0.000000 4.392818 0.000000 0.981595
60.239998 0.000000 4.393782 0.000000 0.981506
60.359997 0.000000 4.384523 0.000000 0.980779
60.480000 0.000000 4.374563 0.000000 0.980002
60.599998 0.000000 4.359592 0.000000 0.980006
60.719997 0.000000 4.353705 0.000000 0.979828
60.840000 0.000000 4.338331 0.000000 0.979810
60.959999 0.000000 4.328128 0.000000 0.979580
61.079998 0.000000 4.323374 0.000000 0.980014
61.199997 0.000000 4.317718 0.000000 0.980781
61.320000 0.000000 4.315511 0.000000 0.980212
61.439999 0.000000 4.307062 0.000000 0.980621
61.559998 0.000000 4.303670 0.000000 0.980902
61.680000 0.000000 4.300810 0.000000 0.980086
61.799999 0.000000 4.285400 0.000000 0.980300
61.919998 0.000000 4.276200 0.000000 0.980200
62.039997 0.000000 4.274763 0.000000 0.980810
62.160000 0.000000 4.270754 0.000000 0.981096
62.279999 0.000000 4.272056 0.000000 0.980817
62.399998 0.000000 4.267373 0.000000 0.981302
62.520000 0.000000 4.263337 0.000000 0.980919
62.639999 0.000000 4.257148 0.000000 0.981404
62.759998 0.000000 4.252950 0.000000 0.981096
62.879997 0.000000 4.253075 0.000000 0.980702
63.000000 0.000000 4.244325 0.000000 0.980698
63.119999 0.000000 4.237924 0.000000 0.981298
63.239998 0.000000 4.230561 0.000000 0.981287
63.359997 0.000000 4.218753 0.000000 0.981287
63.480000 0.000000 4.215478 0.000000 0.980802
63.599998 0.000000 4.203258 0.000000 0.981513
63.719997 0.000000 4.190686 0.000000 0.981611
63.840000 0.000000 4.186925 0.000000 0.980908
63.959999 0.000000 4.187456 0.000000 0.980594
64.080002 0.000000 4.180754 0.000000 0.980194
64.199997 0.000000 4.184034 0.000000 0.980218
64.320000 0.000000 4.182036 0.000000 0.980096
64.439995 0.000000 4.182618 0.000000 0.980298
64.559998 0.000000 4.178122 0.000000 0.980420
64.680000 0.000000 4.176112 0.000000 0.980877
64.799995 0.000000 4.170083 0.000000 0.981202
64.919998 0.000000 4.163095 0.000000 0.980477
65.040001 0.000000 4.157100 0.000000 0.979900
65.159996 0.000000 4.144657 0.000000 0.979306
65.279999 0.000000 4.139474 0.000000 0.979518
65.400002 0.000000 4.134867 0.000000 0.978989
65.519997 0.000000 4.130735 0.000000 0.979410
65.639999 0.000000 4.123764 0.000000 0.978723
65.760002 0.000000 4.113912 0.000000 0.978898
65.879997 0.000000 4.102418 0.000000 0.979017
66.000000 0.000000 4.099770 0.000000 0.978906
66.119995 0.000000 4.086478 0.000000 0.979482
66.239998 0.000000 4.089509 0.000000 0.979898
66.360001 0.000000 4.089118 0.000000 0.979596
66.479996 0.000000 4.073830 0.000000 0.979392
66.599998 0.000000 4.068052 0.000000 0.980014
66.720001 0.000000 4.059782 0.000000 0.980506
66.839996 0.000000 4.052142 0.000000 0.981285
66.959999 0.000000 4.048990 0.000000 0.981404
67.080002 0.000000 4.045182 0.000000 0.981108
67.199997 0.000000 4.040763 0.000000 0.981417
67.320000 0.000000 4.037704 0.000000 0.981298
67.439995 0.000000 4.036400 0.000000 0.981100
67.559998 0.000000 4.037308 0.000000 0.981496
67.680000 0.000000 4.033507 0.000000 0.982096
67.799995 0.000000 4.038815 0.000000 0.982093
67.919998 0.000000 4.040771 0.000000 0.982412
68.040001 0.000000 4.032477 0.000000 0.981813
68.159996 0.000000 4.032877 0.000000 0.981713
68.279999 0.000000 4.032406 0.000000 0.982196
68.400002 0.000000 4.030560 0.000000 0.981724
68.519997 0.000000 4.030312 0.000000 0.981893
68.639999 0.000000 4.025995 0.000000 0.981404
68.760002 0.000000 4.014498 0.000000 0.981202
68.879997 0.000000 4.005000 0.000000 0.981502
69.000000 0.000000 4.004400 0.000000 0.981598
69.119995 0.000000 3.995098 0.000000 0.982293
69.239998 0.000000 3.988296 0.000000 0.982695
69.360001 0.000000 3.985113 0.000000 0.982016
69.479996 0.000000 3.977773 0.000000 0.982078
69.599998 0.000000 3.971389 0.000000 0.981993
69.720001 0.000000 3.961681 0.000000 0.982291
69.839996 0.000000 3.951495 0.000000 0.981598
69.959999 0.000000 3.950235 0.000000 0.981913
70.080002 0.000000 3.946089 0.000000 0.982497
70.199997 0.000000 3.944005 0.000000 0.982302
70.320000 0.000000 3.931993 0.000000 0.982598
70.439995 0.000000 3.918876 0.000000 0.983295
70.559998 0.000000 3.920120 0.000000 0.983984
70.680000 0.000000 3.917250 0.000000 0.983010
70.799995 0.000000 3.914798 0.000000 0.983180
70.919998 0.000000 3.917850 0.000000 0.982890
71.040001 0.000000 3.900570 0.000000 0.981695
71.159996 0.000000 3.897100 0.000000 0.981700
71.279999 0.000000 3.887857 0.000000 0.981925
71.400002 0.000000 3.884419 0.000000 0.982188
71.519997 0.000000 3.882459 0.000000 0.982709
71.639999 0.000000 3.881783 0.000000 0.981713
71.760002 0.000000 3.879896 0.000000 0.982114
71.879997 0.000000 3.883460 0.000000 0.982579
72.000000 0.000000 3.867734 0.000000 0.983092
72.119995 0.000000 3.861189 0.000000 0.983387
72.239998 0.000000 3.861883 0.000000 0.982411
72.360001 0.000000 3.863268 0.000000 0.982209
72.479996 0.000000 3.855785 0.000000 0.981998
72.599998 0.000000 3.860728 0.000000 0.981004
72.720001 0.000000 3.858670 0.000000 0.981023
72.839996 0.000000 3.844776 0.000000 0.981485
72.959999 0.000000 3.844892 0.000000 0.982188
73.080002 0.000000 3.841200 0.000000 0.981700
73.199997 0.000000 3.828242 0.000000 0.983275
73.320000 0.000000 3.824411 0.000000 0.983320
73.439995 0.000000 3.814486 0.000000 0.983417
73.559998 0.000000 3.813912 0.000000 0.983710
73.680000 0.000000 3.812238 0.000000 0.983330
73.799995 0.000000 3.811398 0.000000 0.983373
73.919998 0.000000 3.796274 0.000000 0.983474
74.040001 0.000000 3.796781 0.000000 0.983906
74.159996 0.000000 3.785357 0.000000 0.983397
74.279999 0.000000 3.777755 0.000000 0.983611
74.400002 0.000000 3.775767 0.000000 0.983605
74.519997 0.000000 3.764829 0.000000 0.983323
74.639999 0.000000 3.766717 0.000000 0.983608
74.760002 0.000000 3.758600 0.000000 0.984600
74.879997 0.000000 3.756524 0.000000 0.984702
75.000000 0.000000 3.752151 0.000000 0.984497
75.119995 0.000000 3.748624 0.000000 0.983689
75.239998 0.000000 3.747254 0.000000 0.983323
75.360001 0.000000 3.744146 0.000000 0.983690
75.479996 0.000000 3.734900 0.000000 0.983300
75.599998 0.000000 3.729106 0.000000 0.983225
75.720001 0.000000 3.725547 0.000000 0.982016
75.839996 0.000000 3.720658 0.000000 0.981959
75.959999 0.000000 3.721040 0.000000 0.983009
76.080002 0.000000 3.714143 0.000000 0.983197
76.199997 0.000000 3.715300 0.000000 0.983700
76.320000 0.000000 3.709458 0.000000 0.983203
76.439995 0.000000 3.704659 0.000000 0.983003
76.559998 0.000000 3.699089 0.000000 0.981787
76.680000 0.000000 3.696812 0.000000 0.981413
76.799995 0.000000 3.691115 0.000000 0.981389
76.919998 0.000000 3.683442 0.000000 0.980790
77.040001 0.000000 3.691669 0.000000 0.980873
77.159996 0.000000 3.691055 0.000000 0.980510
77.279999 0.000000 3.675635 0.000000 0.980196
77.400002 0.000000 3.673104 0.000000 0.980688
77.519997 0.000000 3.668766 0.000000 0.980104
77.639999 0.000000 3.664432 0.000000 0.979984
77.759995 0.000000 3.659134 0.000000 0.980102
77.879997 0.000000 3.647506 0.000000 0.980606
78.000000 0.000000 3.645796 0.000000 0.981126
78.119995 0.000000 3.643942 0.000000 0.981707
78.239998 0.000000 3.637764 0.000000 0.981798
78.360001 0.000000 3.647978 0.000000 0.981478
78.479996 0.000000 3.643864 0.000000 0.981298
78.599998 0.000000 3.635991 0.000000 0.981515
78.720001 0.000000 3.630585 0.000000 0.981109
78.839996 0.000000 3.625100 0.000000 0.981385
78.959999 0.000000 3.628397 0.000000 0.981315
79.080002 0.000000 3.626976 0.000000 0.981289
79.199997 0.000000 3.618928 0.000000 0.982374
79.320000 0.000000 3.611794 0.000000 0.981809
79.439995 0.000000 3.611455 0.000000 0.981807
79.559998 0.000000 3.610225 0.000000 0.982356
79.680000 0.000000 3.598121 0.000000 0.982514
79.799995 0.000000 3.592607 0.000000 0.981618
79.919998 0.000000 3.581167 0.000000 0.981807
80.040001 0.000000 3.574687 0.000000 0.981991
80.159996 0.000000 3.567000 0.000000 0.981900
80.279999 0.000000 3.553689 0.000000 0.981504
80.400002 0.000000 3.540454 0.000000 0.981498
80.519997 0.000000 3.538954 0.000000 0.981098
80.639999 0.000000 3.522295 0.000000 0.981104
80.759995 0.000000 3.525178 0.000000 0.981279
80.879997 0.000000 3.521191 0.000000 0.980408
81.000000 0.000000 3.521930 0.000000 0.979718
81.119995 0.000000 3.519089 0.000000 0.980512
81.239998 0.000000 3.519584 0.000000 0.980416
81.360001 0.000000 3.511191 0.000000 0.980116
81.479996 0.000000 3.502850 0.000000 0.979498
81.599998 0.000000 3.497500 0.000000 0.980296
81.720001 0.000000 3.495802 0.000000 0.980208
81.839996 0.000000 3.484339 0.000000 0.979986
81.959999 0.000000 3.478409 0.000000 0.979308
82.080002 0.000000 3.473837 0.000000 0.979290
82.199997 0.000000 3.472394 0.000000 0.978996
82.320000 0.000000 3.466920 0.000000 0.979612
82.439995 0.000000 3.460384 0.000000 0.980292
82.559998 0.000000 3.445443 0.000000 0.980134
82.680000 0.000000 3.440348 0.000000 0.980316
82.799995 0.000000 3.429573 0.000000 0.980479
82.919998 0.000000 3.416700 0.000000 0.980800
83.040001 0.000000 3.410036 0.000000 0.980508
83.159996 0.000000 3.403239 0.000000 0.980908
83.279999 0.000000 3.396462 0.000000 0.981311
83.400002 0.000000 3.387855 0.000000 0.981593
83.519997 0.000000 3.378438 0.000000 0.981598
83.639999 0.000000 3.378748 0.000000 0.982007
83.759995 0.000000 3.369578 0.000000 0.982111
83.879997 0.000000 3.362818 0.000000 0.982409
84.000000 0.000000 3.352506 0.000000 0.981795
84.119995 0.000000 3.343881 0.000000 0.981733
84.239998 0.000000 3.346235 0.000000 0.981498
84.360001 0.000000 3.348788 0.000000 0.981474
84.479996 0.000000 3.342600 0.000000 0.981900
84.599998 0.000000 3.340796 0.000000 0.982710
84.720001 0.000000 3.333366 0.000000 0.982312
84.839996 0.000000 3.323303 0.000000 0.982905
84.959999 0.000000 3.314231 0.000000 0.983598
85.080002 0.000000 3.309962 0.000000 0.984197
85.199997 0.000000 3.310907 0.000000 0.984605
85.320000 0.000000 3.309524 0.000000 0.983994
85.439995 0.000000 3.310700 0.000000 0.984400
85.559998 0.000000 3.308738 0.000000 0.984203
85.680000 0.000000 3.305347 0.000000 0.984408
85.799995 0.000000 3.299100 0.000000 0.984000
85.919998 0.000000 3.294953 0.000000 0.984108
86.040001 0.000000 3.297500 0.000000 0.983500
86.159996 0.000000 3.292705 0.000000 0.983188
86.279999 0.000000 3.292671 0.000000 0.982802
86.400002 0.000000 3.285629 0.000000 0.982511
86.519997 0.000000 3.286701 0.000000 0.982988
86.639999 0.000000 3.279832 0.000000 0.982810
86.759995 0.000000 3.273399 0.000000 0.982919
86.879997 0.000000 3.266753 0.000000 0.982196
87.000000 0.000000 3.261234 0.000000 0.982125
87.119995 0.000000 3.251476 0.000000 0.982495
87.239998 0.000000 3.248801 0.000000 0.982807
87.360001 0.000000 3.248626 0.000000 0.982612
87.479996 0.000000 3.247802 0.000000 0.982714
87.599998 0.000000 3.247150 0.000000 0.982497
87.720001 0.000000 3.244922 0.000000 0.982291
87.839996 0.000000 3.240932 0.000000 0.981413
87.959999 0.000000 3.236495 0.000000 0.981393
88.080002 0.000000 3.245502 0.000000 0.981407
88.199997 0.000000 3.240921 0.000000 0.982491
88.320000 0.000000 3.231138 0.000000 0.982312
88.439995 0.000000 3.232530 0.000000 0.981705
88.559998 0.000000 3.225468 0.000000 0.981895
88.680000 0.000000 3.221978 0.000000 0.982717
88.799995 0.000000 3.217991 0.000000 0.982509
88.919998 0.000000 3.205900 0.000000 0.983400
89.040001 0.000000 3.205282 0.000000 0.983693
89.159996 0.000000 3.203698 0.000000 0.983408
89.279999 0.000000 3.200800 0.000000 0.984108
89.400002 0.000000 3.197820 0.000000 0.983198
89.519997 0.000000 3.197521 0.000000 0.982507
89.639999 0.000000 3.195402 0.000000 0.981909
89.759995 0.000000 3.193800 0.000000 0.981000
89.879997 0.000000 3.190595 0.000000 0.981891
90.000000 0.000000 3.190776 0.000000 0.982293
90.119995 0.000000 3.188545 0.000000 0.982077
90.239998 0.000000 3.172075 0.000000 0.981571
90.360001 0.000000 3.169736 0.000000 0.981385
90.479996 0.000000 3.163731 0.000000 0.981685
90.599998 0.000000 3.157400 0.000000 0.982800
90.720001 0.000000 3.148870 0.000000 0.982803
90.839996 0.000000 3.142429 0.000000 0.983508
90.959999 0.000000 3.144356 0.000000 0.983417
91.079994 0.000000 3.137817 0.000000 0.984209
91.199997 0.000000 3.132967 0.000000 0.984292
91.320000 0.000000 3.132660 0.000000 0.984905
91.439995 0.000000 3.128900 0.000000 0.985200
91.559998 0.000000 3.125687 0.000000 0.984602
91.680000 0.000000 3.131474 0.000000 0.984303
91.799995 0.000000 3.117177 0.000000 0.984503
91.919998 0.000000 3.116047 0.000000 0.984794
92.040001 0.000000 3.109921 0.000000 0.983882
92.159996 0.000000 3.107460 0.000000 0.983222
92.279999 0.000000 3.106515 0.000000 0.983014
92.400002 0.000000 3.098218 0.000000 0.983380
92.519997 0.000000 3.088962 0.000000 0.983889
92.639999 0.000000 3.081892 0.000000 0.983902
92.759995 0.000000 3.086108 0.000000 0.983598
92.879997 0.000000 3.082249 0.000000 0.983790
93.000000 0.000000 3.074522 0.000000 0.983295
93.119995 0.000000 3.068387 0.000000 0.983403
93.239998 0.000000 3.066947 0.000000 0.984412
93.360001 0.000000 3.062462 0.000000 0.984110
93.479996 0.000000 3.057177 0.000000 0.984406
93.599998 0.000000 3.050270 0.000000 0.984309
93.720001 0.000000 3.046677 0.000000 0.984008
93.839996 0.000000 3.034676 0.000000 0.984111
93.959999 0.000000 3.034824 0.000000 0.984189
94.079994 0.000000 3.025040 0.000000 0.984375
94.199997 0.000000 3.010402 0.000000 0.984597
94.320000 0.000000 3.009089 0.000000 0.984019
94.439995 0.000000 3.004598 0.000000 0.983009
94.559998 0.000000 3.001100 0.000000 0.983702
94.680000 0.000000 3.006999 0.000000 0.983602
94.799995 0.000000 3.001298 0.000000 0.983322
94.919998 0.000000 2.998399 0.000000 0.982995
95.040001 0.000000 2.989603 0.000000 0.982805
95.159996 0.000000 2.989000 0.000000 0.983200
95.279999 0.000000 2.981304 0.000000 0.982404
95.400002 0.000000 2.985409 0.000000 0.982011
95.519997 0.000000 2.989108 0.000000 0.982212
95.639999 0.000000 2.979606 0.000000 0.982205
95.759995 0.000000 2.975127 0.000000 0.982220
95.879997 0.000000 2.971603 0.000000 0.982502
96.000000 0.000000 2.969106 0.000000 0.981904
96.119995 0.000000 2.967978 0.000000 0.981887
96.239998 0.000000 2.976507 0.000000 0.981106
96.360001 0.000000 2.977873 0.000000 0.981278
96.479996 0.000000 2.978091 0.000000 0.981393
96.599998 0.000000 2.976240 0.000000 0.981132
96.720001 0.000000 2.969337 0.000000 0.981223
96.839996 0.000000 2.960000 0.000000 0.981400
96.959999 0.000000 2.951237 0.000000 0.980375
97.079994 0.000000 2.949965 0.000000 0.980286
97.199997 0.000000 2.944500 0.000000 0.981000
97.320000 0.000000 2.941065 0.000000 0.981389
97.439995 0.000000 2.932980 0.000000 0.981795
97.559998 0.000000 2.925673 0.000000 0.981769
97.680000 0.000000 2.919812 0.000000 0.981380
97.799995 0.000000 2.922800 0.000000 0.981600
97.919998 0.000000 2.919672 0.000000 0.980817
98.040001 0.000000 2.919568 0.000000 0.981192
98.159996 0.000000 2.914100 0.000000 0.980600
98.279999 0.000000 2.917499 0.000000 0.981223
98.400002 0.000000 2.912195 0.000000 0.981077
98.519997 0.000000 2.907109 0.000000 0.981302
98.639999 0.000000 2.898951 0.000000 0.980710
98.759995 0.000000 2.895887 0.000000 0.980735
98.879997 0.000000 2.895948 0.000000 0.980790
99.000000 0.000000 2.893139 0.000000 0.980126
99.119995 0.000000 2.885092 0.000000 0.980316
99.239998 0.000000 2.878773 0.000000 0.980212
99.360001 0.000000 2.882612 0.000000 0.979802
99.479996 0.000000 2.874276 0.000000 0.980212
99.599998 0.000000 2.873111 0.000000 0.980086
99.720001 0.000000 2.872751 0.000000 0.980208
99.839996 0.000000 2.873863 0.000000 0.979810
99.959999 0.000000 2.870591 0.000000 0.980514
100.079994 0.000000 2.861197 0.000000 0.980514
100.199997 0.000000 2.859798 0.000000 0.980314
100.320000 0.000000 2.855971 0.000000 0.980496
100.439995 0.000000 2.853973 0.000000 0.980910
100.559998 0.000000 2.844094 0.000000 0.980612
100.680000 0.000000 2.850266 0.000000 0.980583
100.799995 0.000000 2.843516 0.000000 0.981102
100.919998 0.000000 2.841852 0.000000 0.981094
101.040001 0.000000 2.840360 0.000000 0.981219
101.159996 0.000000 2.831885 0.000000 0.981820
101.279999 0.000000 2.827021 0.000000 0.981713
101.400002 0.000000 2.819426 0.000000 0.982912
101.519997 0.000000 2.817627 0.000000 0.982893
101.639999 0.000000 2.819872 0.000000 0.982207
101.759995 0.000000 2.815237 0.000000 0.982603
101.879997 0.000000 2.809843 0.000000 0.983095
102.000000 0.000000 2.803218 0.000000 0.983310
102.119995 0.000000 2.793100 0.000000 0.983300
102.239998 0.000000 2.796202 0.000000 0.983308
102.360001 0.000000 2.796543 0.000000 0.982912
102.479996 0.000000 2.798341 0.000000 0.983512
102.599998 0.000000 2.803017 0.000000 0.983119
102.720001 0.000000 2.802862 0.000000 0.983188
102.839996 0.000000 2.805855 0.000000 0.983014
102.959999 0.000000 2.806216 0.000000 0.983010
103.079994 0.000000 2.797656 0.000000 0.982570
103.199997 0.000000 2.804461 0.000000 0.983097
103.320000 0.000000 2.804339 0.000000 0.982903
103.439995 0.000000 2.799940 0.000000 0.982803
103.559998 0.000000 2.786900 0.000000 0.983100
103.680000 0.000000 2.787015 0.000000 0.983493
103.799995 0.000000 2.795680 0.000000 0.983098
103.919998 0.000000 2.788423 0.000000 0.983932
104.040001 0.000000 2.784728 0.000000 0.983687
104.159996 0.000000 2.789837 0.000000 0.983795
104.279999 0.000000 2.787055 0.000000 0.983720
104.399994 0.000000 2.774168 0.000000 0.983205
104.519997 0.000000 2.768278 0.000000 0.983420
104.639999 0.000000 2.772163 0.000000 0.983690
104.759995 0.000000 2.771023 0.000000 0.984102
104.879997 0.000000 2.758111 0.000000 0.984027
105.000000 0.000000 2.756927 0.000000 0.984195
105.119995 0.000000 2.763836 0.000000 0.984416
105.239998 0.000000 2.761639 0.000000 0.985315
105.360001 0.000000 2.754996 0.000000 0.984912
105.479996 0.000000 2.755096 0.000000 0.984313
105.599998 0.000000 2.755204 0.000000 0.984388
105.720001 0.000000 2.751024 0.000000 0.984608
105.839996 0.000000 2.750975 0.000000 0.983598
105.959999 0.000000 2.747127 0.000000 0.983108
106.079994 0.000000 2.743175 0.000000 0.981998
106.199997 0.000000 2.736094 0.000000 0.981593
106.320000 0.000000 2.733227 0.000000 0.981402
106.439995 0.000000 2.724283 0.000000 0.981705
106.559998 0.000000 2.713629 0.000000 0.981102
106.680000 0.000000 2.714414 0.000000 0.981807
106.799995 0.000000 2.714014 0.000000 0.981982
106.919998 0.000000 2.713271 0.000000 0.982298
107.040001 0.000000 2.710058 0.000000 0.981504
107.159996 0.000000 2.714329 0.000000 0.980702
107.279999 0.000000 2.708088 0.000000 0.980606
107.399994 0.000000 2.701431 0.000000 0.980583
107.519997 0.000000 2.696900 0.000000 0.980600
107.639999 0.000000 2.685474 0.000000 0.980392
107.759995 0.000000 2.692485 0.000000 0.980887
107.879997 0.000000 2.689362 0.000000 0.981504
108.000000 0.000000 2.675956 0.000000 0.981620
108.119995 0.000000 2.666734 0.000000 0.981407
108.239998 0.000000 2.671706 0.000000 0.981678
108.360001 0.000000 2.676208 0.000000 0.981083
108.479996 0.000000 2.670798 0.000000 0.981711
108.599998 0.000000 2.665201 0.000000 0.981816
108.720001 0.000000 2.662503 0.000000 0.982411
108.839996 0.000000 2.656637 0.000000 0.982307
108.959999 0.000000 2.654407 0.000000 0.981911
109.079994 0.000000 2.645796 0.000000 0.982025
109.199997 0.000000 2.639520 0.000000 0.980890
109.320000 0.000000 2.630148 0.000000 0.980108
109.439995 0.000000 2.625826 0.000000 0.979980
109.559998 0.000000 2.619820 0.000000 0.980480
109.680000 0.000000 2.606533 0.000000 0.981221
109.799995 0.000000 2.608822 0.000000 0.981796
109.919998 0.000000 2.598799 0.000000 0.981791
110.040001 0.000000 2.594859 0.000000 0.981698
110.159996 0.000000 2.589800 0.000000 0.981400
110.279999 0.000000 2.584649 0.000000 0.980911
110.399994 0.000000 2.578526 0.000000 0.980806
110.519997 0.000000 2.571229 0.000000 0.980806
110.639999 0.000000 2.566927 0.000000 0.980592
110.759995 0.000000 2.556834 0.000000 0.980288
110.879997 0.000000 2.554445 0.000000 0.980002
111.000000 0.000000 2.555355 0.000000 0.979580
111.119995 0.000000 2.557667 0.000000 0.979894
111.239998 0.000000 2.557988 0.000000 0.980004
111.360001 0.000000 2.556710 0.000000 0.979914
111.479996 0.000000 2.559664 0.000000 0.979812
111.599998 0.000000 2.553523 0.000000 0.979710
111.720001 0.000000 2.557944 0.000000 0.979802
111.839996 0.000000 2.554234 0.000000 0.979706
111.959999 0.000000 2.549090 0.000000 0.979904
112.079994 0.000000 2.546883 0.000000 0.981087
112.199997 0.000000 2.552979 0.000000 0.981008
112.320000 0.000000 2.553100 0.000000 0.981200
112.439995 0.000000 2.548213 0.000000 0.980975
112.559998 0.000000 2.541267 0.000000 0.980815
112.680000 0.000000 2.539200 0.000000 0.981000
112.799995 0.000000 2.534928 0.000000 0.980384
112.919998 0.000000 2.533733 0.000000 0.980710
113.040001 0.000000 2.524452 0.000000 0.981698
113.159996 0.000000 2.513154 0.000000 0.981294
113.279999 0.000000 2.507797 0.000000 0.981108
113.399994 0.000000 2.506597 0.000000 0.980708
113.519997 0.000000 2.505655 0.000000 0.979982
113.639999 0.000000 2.502399 0.000000 0.980208
113.759995 0.000000 2.495104 0.000000 0.979916
113.879997 0.000000 2.488258 0.000000 0.980014
114.000000 0.000000 2.486951 0.000000 0.980102
114.119995 0.000000 2.483128 0.000000 0.980675
114.239998 0.000000 2.485511 0.000000 0.980715
114.360001 0.000000 2.482396 0.000000 0.980496
114.479996 0.000000 2.486541 0.000000 0.979486
114.599998 0.000000 2.485960 0.000000 0.979115
114.720001 0.000000 2.486297 0.000000 0.978996
114.839996 0.000000 2.471606 0.000000 0.978904
114.959999 0.000000 2.462570 0.000000 0.979384
115.079994 0.000000 2.462793 0.000000 0.979596
115.199997 0.000000 2.451791 0.000000 0.978996
115.320000 0.000000 2.451964 0.000000 0.979006
115.439995 0.000000 2.453028 0.000000 0.979512
115.559998 0.000000 2.445156 0.000000 0.979684
115.680000 0.000000 2.439449 0.000000 0.979716
115.799995 0.000000 2.433534 0.000000 0.979279
115.919998 0.000000 2.429186 0.000000 0.979782
116.040001 0.000000 2.425856 0.000000 0.979788
116.159996 0.000000 2.418858 0.000000 0.980502
116.279999 0.000000 2.414169 0.000000 0.980316
116.399994 0.000000 2.406156 0.000000 0.980012
116.519997 0.000000 2.397417 0.000000 0.980375
116.639999 0.000000 2.398960 0.000000 0.981393
116.759995 0.000000 2.398620 0.000000 0.980504
116.879997 0.000000 2.395103 0.000000 0.981109
117.000000 0.000000 2.388989 0.000000 0.982114
117.119995 0.000000 2.387578 0.000000 0.982296
117.239998 0.000000 2.385677 0.000000 0.982797
117.360001 0.000000 2.381691 0.000000 0.983192
117.479996 0.000000 2.381576 0.000000 0.981996
117.599998 0.000000 2.378157 0.000000 0.982031
117.719994 0.000000 2.377962 0.000000 0.982102
117.839996 0.000000 2.376851 0.000000 0.981593
117.959999 0.000000 2.372374 0.000000 0.981696
118.079994 0.000000 2.372988 0.000000 0.981506
118.199997 0.000000 2.371400 0.000000 0.981700
118.320000 0.000000 2.362564 0.000000 0.982002
118.439995 0.000000 2.359133 0.000000 0.982423
118.559998 0.000000 2.354565 0.000000 0.982002
118.680000 0.000000 2.344063 0.000000 0.982007
118.799995 0.000000 2.339998 0.000000 0.981106
118.919998 0.000000 2.333734 0.000000 0.980663
119.040001 0.000000 2.334501 0.000000 0.980877
119.159996 0.000000 2.326906 0.000000 0.980617
119.279999 0.000000 2.326137 0.000000 0.980310
119.399994 0.000000 2.319616 0.000000 0.980675
119.519997 0.000000 2.318473 0.000000 0.981008
119.639999 0.000000 2.309391 0.000000 0.981019
119.759995 0.000000 2.306861 0.000000 0.981396
119.879997 0.000000 2.305078 0.000000 0.981407
120.000000 0.000000 2.308384 0.000000 0.981813
120.119995 0.000000 2.304270 0.000000 0.982302
120.239998 0.000000 2.303079 0.000000 0.982907
120.360001 0.000000 2.305378 0.000000 0.982307
120.479996 0.000000 2.299331 0.000000 0.981517
120.599998 0.000000 2.298939 0.000000 0.981685
120.719994 0.000000 2.295938 0.000000 0.981835
120.839996 0.000000 2.296659 0.000000 0.981696
120.959999 0.000000 2.295352 0.000000 0.982209
121.079994 0.000000 2.290026 0.000000 0.982111
121.199997 0.000000 2.287387 0.000000 0.981882
121.320000 0.000000 2.290842 0.000000 0.983003
121.439995 0.000000 2.295071 0.000000 0.983002
121.559998 0.000000 2.288171 0.000000 0.983402
121.680000 0.000000 2.281381 0.000000 0.982182
121.799995 0.000000 2.279828 0.000000 0.982998
121.919998 0.000000 2.272491 0.000000 0.982669
122.040001 0.000000 2.267759 0.000000 0.982116
122.159996 0.000000 2.261026 0.000000 0.981898
122.279999 0.000000 2.257423 0.000000 0.982205
122.399994 0.000000 2.251148 0.000000 0.981825
122.519997 0.000000 2.241352 0.000000 0.981704
122.639999 0.000000 2.241269 0.000000 0.981687
122.759995 0.000000 2.245173 0.000000 0.980894
122.879997 0.000000 2.237176 0.000000 0.980502
123.000000 0.000000 2.238071 0.000000 0.980394
123.119995 0.000000 2.237090 0.000000 0.980084
123.239998 0.000000 2.226677 0.000000 0.981002
123.360001 0.000000 2.225890 0.000000 0.981593
123.479996 0.000000 2.224087 0.000000 0.981426
123.599998 0.000000 2.228063 0.000000 0.982011
123.719994 0.000000 2.221477 0.000000 0.981385
123.839996 0.000000 2.216826 0.000000 0.981115
123.959999 0.000000 2.214157 0.000000 0.981304
124.079994 0.000000 2.204100 0.000000 0.980900
124.199997 0.000000 2.192108 0.000000 0.981519
124.320000 0.000000 2.189852 0.000000 0.981585
124.439995 0.000000 2.193212 0.000000 0.981179
124.559998 0.000000 2.183882 0.000000 0.980902
124.680000 0.000000 2.184756 0.000000 0.981194
124.799995 0.000000 2.177347 0.000000 0.980806
124.919998 0.000000 2.180544 0.000000 0.981085
125.040001 0.000000 2.180999 0.000000 0.981279
125.159996 0.000000 2.182917 0.000000 0.981319
125.279999 0.000000 2.180492 0.000000 0.980812
125.399994 0.000000 2.173965 0.000000 0.981404
125.519997 0.000000 2.165984 0.000000 0.981013
125.639999 0.000000 2.162521 0.000000 0.980921
125.759995 0.000000 2.157384 0.000000 0.981002
125.879997 0.000000 2.153515 0.000000 0.981474
126.000000 0.000000 2.150770 0.000000 0.981604
126.119995 0.000000 2.148855 0.000000 0.981705
126.239998 0.000000 2.141900 0.000000 0.981400
126.360001 0.000000 2.143243 0.000000 0.981807
126.479996 0.000000 2.136377 0.000000 0.980917
126.599998 0.000000 2.126400 0.000000 0.980300
126.719994 0.000000 2.121573 0.000000 0.979988
126.839996 0.000000 2.108878 0.000000 0.980404
126.959999 0.000000 2.100070 0.000000 0.981106
127.079994 0.000000 2.090727 0.000000 0.981115
127.199997 0.000000 2.088849 0.000000 0.981631
127.320000 0.000000 2.085714 0.000000 0.981718
127.439995 0.000000 2.081573 0.000000 0.981884
127.559998 0.000000 2.076338 0.000000 0.981991
127.680000 0.000000 2.070872 0.000000 0.983330
127.799995 0.000000 2.068773 0.000000 0.983407
127.919998 0.000000 2.073593 0.000000 0.983602
128.039993 0.000000 2.071193 0.000000 0.983502
128.160004 0.000000 2.059059 0.000000 0.983483
128.279999 0.000000 2.055822 0.000000 0.983493
128.399994 0.000000 2.044904 0.000000 0.983198
128.520004 0.000000 2.041429 0.000000 0.982788
128.639999 0.000000 2.034414 0.000000 0.983093
128.759995 0.000000 2.035228 0.000000 0.982486
128.879990 0.000000 2.040164 0.000000 0.983273
129.000000 0.000000 2.028900 0.000000 0.983500
129.119995 0.000000 2.032893 0.000000 0.982703
129.239990 0.000000 2.032106 0.000000 0.982697
129.360001 0.000000 2.033904 0.000000 0.983598
129.479996 0.000000 2.035811 0.000000 0.983695
129.599991 0.000000 2.040312 0.000000 0.984295
129.720001 0.000000 2.029603 0.000000 0.984498
129.839996 0.000000 2.031422 0.000000 0.984589
129.959991 0.000000 2.029527 0.000000 0.984386
130.080002 0.000000 2.031316 0.000000 0.983292
130.199997 0.000000 2.031900 0.000000 0.983000
130.319992 0.000000 2.036415 0.000000 0.982993
130.440002 0.000000 2.038600 0.000000 0.982700
130.559998 0.000000 2.038066 0.000000 0.983115
130.679993 0.000000 2.038908 0.000000 0.982797
130.800003 0.000000 2.033587 0.000000 0.982207
130.919998 0.000000 2.031729 0.000000 0.981984
131.039993 0.000000 2.030070 0.000000 0.981119
131.160004 0.000000 2.023790 0.000000 0.980908
131.279999 0.000000 2.019019 0.000000 0.980480
131.399994 0.000000 2.019600 0.000000 0.980700
131.520004 0.000000 2.015597 0.000000 0.980904
131.639999 0.000000 2.010505 0.000000 0.980990
131.759995 0.000000 2.007907 0.000000 0.981583
131.879990 0.000000 2.006406 0.000000 0.981884
132.000000 0.000000 2.009402 0.000000 0.982797
132.119995 0.000000 2.006703 0.000000 0.982593
132.239990 0.000000 2.005600 0.000000 0.983100
132.360001 0.000000 2.000300 0.000000 0.982400
132.479996 0.000000 2.003301 0.000000 0.982797
132.599991 0.000000 2.001601 0.000000 0.982693
132.720001 0.000000 1.998201 0.000000 0.982507
132.839996 0.000000 1.998799 0.000000 0.982382
132.959991 0.000000 1.996197 0.000000 0.981583
133.080002 0.000000 1.994802 0.000000 0.980806
133.199997 0.000000 1.985987 0.000000 0.980482
133.319992 0.000000 1.992106 0.000000 0.981015
133.440002 0.000000 1.989596 0.000000 0.980492
133.559998 0.000000 1.985704 0.000000 0.980506
133.679993 0.000000 1.974610 0.000000 0.981207
133.800003 0.000000 1.970103 0.000000 0.982102
133.919998 0.000000 1.963004 0.000000 0.982402
134.039993 0.000000 1.961308 0.000000 0.982503
134.160004 0.000000 1.958784 0.000000 0.982293
134.279999 0.000000 1.960916 0.000000 0.982107
134.399994 0.000000 1.954627 0.000000 0.982910
134.520004 0.000000 1.954759 0.000000 0.982584
134.639999 0.000000 1.956074 0.000000 0.982389
134.759995 0.000000 1.949650 0.000000 0.983217
134.879990 0.000000 1.946995 0.000000 0.982998
135.000000 0.000000 1.940912 0.000000 0.983003
135.119995 0.000000 1.940959 0.000000 0.982688
135.239990 0.000000 1.935981 0.000000 0.982795
135.360001 0.000000 1.931704 0.000000 0.982576
135.479996 0.000000 1.930272 0.000000 0.982093
135.599991 0.000000 1.926366 0.000000 0.981716
135.720001 0.000000 1.927327 0.000000 0.981582
135.839996 0.000000 1.925360 0.000000 0.982014
135.959991 0.000000 1.922461 0.000000 0.981691
136.080002 0.000000 1.921823 0.000000 0.981705
136.199997 0.000000 1.919424 0.000000 0.981206
136.319992 0.000000 1.916184 0.000000 0.980519
136.440002 0.000000 1.916067 0.000000 0.981115
136.559998 0.000000 1.918635 0.000000 0.980985
136.679993 0.000000 1.904114 0.000000 0.982084
136.800003 0.000000 1.903413 0.000000 0.982084
136.919998 0.000000 1.907452 0.000000 0.981671
137.039993 0.000000 1.905472 0.000000 0.982495
137.160004 0.000000 1.900912 0.000000 0.982968
137.279999 0.000000 1.909554 0.000000 0.983110
137.399994 0.000000 1.908645 0.000000 0.982089
137.520004 0.000000 1.910984 0.000000 0.981176
137.639999 0.000000 1.909118 0.000000 0.981404
137.759995 0.000000 1.902073 0.000000 0.981476
137.879990 0.000000 1.901600 0.000000 0.981700
138.000000 0.000000 1.902546 0.000000 0.981528
138.119995 0.000000 1.901328 0.000000 0.981824
138.239990 0.000000 1.895416 0.000000 0.981986
138.360001 0.000000 1.887821 0.000000 0.980386
138.479996 0.000000 1.883077 0.000000 0.980396
138.599991 0.000000 1.883742 0.000000 0.980790
138.720001 0.000000 1.880476 0.000000 0.980696
138.839996 0.000000 1.873551 0.000000 0.981607
138.959991 0.000000 1.871239 0.000000 0.982205
139.080002 0.000000 1.869804 0.000000 0.981815
139.199997 0.000000 1.866007 0.000000 0.981715
139.319992 0.000000 1.863850 0.000000 0.981480
139.440002 0.000000 1.867607 0.000000 0.981887
139.559998 0.000000 1.864627 0.000000 0.981704
139.679993 0.000000 1.856214 0.000000 0.981289
139.800003 0.000000 1.850115 0.000000 0.981502
139.919998 0.000000 1.855357 0.000000 0.982395
140.039993 0.000000 1.850290 0.000000 0.982710
140.160004 0.000000 1.855829 0.000000 0.983303
140.279999 0.000000 1.853503 0.000000 0.983512
140.399994 0.000000 1.847737 0.000000 0.982815
140.520004 0.000000 1.847854 0.000000 0.981895
140.639999 0.000000 1.849635 0.000000 0.982781
140.759995 0.000000 1.852104 0.000000 0.981913
140.879990 0.000000 1.845892 0.000000 0.982688
141.000000 0.000000 1.841093 0.000000 0.982878
141.119995 0.000000 1.838510 0.000000 0.983621
141.239990 0.000000 1.829085 0.000000 0.983608
141.360001 0.000000 1.821382 0.000000 0.983198
141.479996 0.000000 1.820282 0.000000 0.983498
141.599991 0.000000 1.817346 0.000000 0.983513
141.720001 0.000000 1.818700 0.000000 0.983800
141.839996 0.000000 1.808881 0.000000 0.983498
141.959991 0.000000 1.801500 0.000000 0.983300
142.080002 0.000000 1.803361 0.000000 0.982997
142.199997 0.000000 1.804522 0.000000 0.983493
142.319992 0.000000 1.807123 0.000000 0.983894
142.440002 0.000000 1.803806 0.000000 0.984577
142.559998 0.000000 1.806903 0.000000 0.984492
142.679993 0.000000 1.801320 0.000000 0.983602
142.800003 0.000000 1.800841 0.000000 0.983378
142.919998 0.000000 1.798439 0.000000 0.982595
143.039993 0.000000 1.802141 0.000000 0.982695
143.160004 0.000000 1.797340 0.000000 0.982204
143.279999 0.000000 1.804161 0.000000 0.982897
143.399994 0.000000 1.803239 0.000000 0.982204
143.520004 0.000000 1.804563 0.000000 0.982988
143.639999 0.000000 1.803418 0.000000 0.982710
143.759995 0.000000 1.800060 0.000000 0.982605
143.879990 0.000000 1.801620 0.000000 0.982293
144.000000 0.000000 1.797180 0.000000 0.982398
144.119995 0.000000 1.797735 0.000000 0.982560
144.239990 0.000000 1.796559 0.000000 0.982096
144.360001 0.000000 1.799700 0.000000 0.982491
144.479996 0.000000 1.798519 0.000000 0.982593
144.599991 0.000000 1.793762 0.000000 0.982005
144.720001 0.000000 1.794495 0.000000 0.982883
144.839996 0.000000 1.792738 0.000000 0.983495
144.959991 0.000000 1.793455 0.000000 0.983689
145.080002 0.000000 1.791358 0.000000 0.983497
145.199997 0.000000 1.793128 0.000000 0.982919
145.319992 0.000000 1.792604 0.000000 0.982009
145.440002 0.000000 1.791700 0.000000 0.981500
145.559998 0.000000 1.783665 0.000000 0.981606
145.679993 0.000000 1.777134 0.000000 0.981411
145.800003 0.000000 1.763618 0.000000 0.980210
145.919998 0.000000 1.754874 0.000000 0.981206
146.039993 0.000000 1.751875 0.000000 0.981698
146.160004 0.000000 1.749900 0.000000 0.981493
146.279999 0.000000 1.742426 0.000000 0.981402
146.399994 0.000000 1.738600 0.000000 0.980700
146.520004 0.000000 1.733700 0.000000 0.980800
146.639999 0.000000 1.736221 0.000000 0.980494
146.759995 0.000000 1.738760 0.000000 0.980375
146.879990 0.000000 1.729046 0.000000 0.981096
147.000000 0.000000 1.732867 0.000000 0.981019
147.119995 0.000000 1.728827 0.000000 0.981102
147.239990 0.000000 1.736279 0.000000 0.980706
147.360001 0.000000 1.733807 0.000000 0.981207
147.479996 0.000000 1.741336 0.000000 0.980425
147.599991 0.000000 1.741310 0.000000 0.980424
147.720001 0.000000 1.739578 0.000000 0.980806
147.839996 0.000000 1.738835 0.000000 0.980617
147.959991 0.000000 1.737646 0.000000 0.981631
148.080002 0.000000 1.732012 0.000000 0.980787
148.199997 0.000000 1.734140 0.000000 0.980989
148.319992 0.000000 1.727800 0.000000 0.980800
148.440002 0.000000 1.732893 0.000000 0.980692
148.559998 0.000000 1.734982 0.000000 0.980877
148.679993 0.000000 1.735600 0.000000 0.980800
148.800003 0.000000 1.733914 0.000000 0.981087
148.919998 0.000000 1.726283 0.000000 0.980527
149.039993 0.000000 1.721049 0.000000 0.980583
149.160004 0.000000 1.717441 0.000000 0.981109
149.279999 0.000000 1.717187 0.000000 0.980892
149.399994 0.000000 1.711011 0.000000 0.981481
149.520004 0.000000 1.716765 0.000000 0.981849
149.639999 0.000000 1.710006 0.000000 0.982125
149.759995 0.000000 1.708350 0.000000 0.981878
149.879990 0.000000 1.699081 0.000000 0.982710
150.000000 0.000000 1.694653 0.000000 0.982909
150.119995 0.000000 1.693139 0.000000 0.983597
150.239990 0.000000 1.690764 0.000000 0.982526
150.360001 0.000000 1.685931 0.000000 0.982802
150.479996 0.000000 1.690135 0.000000 0.983175
150.599991 0.000000 1.686192 0.000000 0.983579
150.720001 0.000000 1.687875 0.000000 0.983994
150.839996 0.000000 1.673461 0.000000 0.983913
150.959991 0.000000 1.677464 0.000000 0.983803
151.080002 0.000000 1.679360 0.000000 0.984108
151.199997 0.000000 1.669932 0.000000 0.983906
151.319992 0.000000 1.672198 0.000000 0.983705
151.440002 0.000000 1.662068 0.000000 0.983903
151.559998 0.000000 1.661335 0.000000 0.983107
151.679993 0.000000 1.659391 0.000000 0.983080
151.800003 0.000000 1.658893 0.000000 0.982184
151.919998 0.000000 1.652608 0.000000 0.982011
152.039993 0.000000 1.648689 0.000000 0.982389
152.160004 0.000000 1.653357 0.000000 0.982888
152.279999 0.000000 1.650175 0.000000 0.982909
152.399994 0.000000 1.644871 0.000000 0.983003
152.519989 0.000000 1.646294 0.000000 0.983495
152.639999 0.000000 1.644480 0.000000 0.983585
152.759995 0.000000 1.642393 0.000000 0.983395
152.879990 0.000000 1.648000 0.000000 0.983700
153.000000 0.000000 1.644036 0.000000 0.983902
153.119995 0.000000 1.635728 0.000000 0.983315
153.239990 0.000000 1.632420 0.000000 0.983810
153.360001 0.000000 1.633710 0.000000 0.982705
153.479996 0.000000 1.634890 0.000000 0.982495
153.599991 0.000000 1.635280 0.000000 0.982771
153.720001 0.000000 1.630389 0.000000 0.983395
153.839996 0.000000 1.627730 0.000000 0.982368
153.959991 0.000000 1.629633 0.000000 0.982915
154.080002 0.000000 1.627863 0.000000 0.982698
154.199997 0.000000 1.621611 0.000000 0.983492
154.319992 0.000000 1.619696 0.000000 0.983086
154.440002 0.000000 1.612551 0.000000 0.983185
154.559998 0.000000 1.609266 0.000000 0.983390
154.679993 0.000000 1.609644 0.000000 0.984294
154.800003 0.000000 1.606753 0.000000 0.983970
154.919998 0.000000 1.601422 0.000000 0.983572
155.039993 0.000000 1.600500 0.000000 0.983217
155.160004 0.000000 1.599259 0.000000 0.982990
155.279999 0.000000 1.603777 0.000000 0.983711
155.399994 0.000000 1.602419 0.000000 0.983405
155.519989 0.000000 1.601218 0.000000 0.982722
155.639999 0.000000 1.599940 0.000000 0.983610
155.759995 0.000000 1.601179 0.000000 0.983911
155.879990 0.000000 1.605158 0.000000 0.984406
156.000000 0.000000 1.606736 0.000000 0.984509
156.119995 0.000000 1.602140 0.000000 0.984002
156.239990 0.000000 1.603958 0.000000 0.984306
156.360001 0.000000 1.606321 0.000000 0.984297
156.479996 0.000000 1.605000 0.000000 0.983500
156.599991 0.000000 1.603621 0.000000 0.984097
156.720001 0.000000 1.603322 0.000000 0.984489
156.839996 0.000000 1.604637 0.000000 0.985309
156.959991 0.000000 1.597920 0.000000 0.984997
157.080002 0.000000 1.586996 0.000000 0.984319
157.199997 0.000000 1.586431 0.000000 0.983513
157.319992 0.000000 1.583567 0.000000 0.983007
157.440002 0.000000 1.587800 0.000000 0.982700
157.559998 0.000000 1.585810 0.000000 0.982388
157.679993 0.000000 1.586765 0.000000 0.982607
157.800003 0.000000 1.589441 0.000000 0.982502
157.919998 0.000000 1.587659 0.000000 0.983098
158.039993 0.000000 1.583408 0.000000 0.982609
158.160004 0.000000 1.581735 0.000000 0.982714
158.279999 0.000000 1.582102 0.000000 0.982321
158.399994 0.000000 1.574396 0.000000 0.982425
158.519989 0.000000 1.569167 0.000000 0.982370
158.639999 0.000000 1.571171 0.000000 0.981494
158.759995 0.000000 1.568073 0.000000 0.982107
158.879990 0.000000 1.563656 0.000000 0.981998
159.000000 0.000000 1.562444 0.000000 0.982402
159.119995 0.000000 1.566253 0.000000 0.982586
159.239990 0.000000 1.560824 0.000000 0.982493
159.360001 0.000000 1.562462 0.000000 0.983110
159.479996 0.000000 1.556144 0.000000 0.983217
159.599991 0.000000 1.552072 0.000000 0.982526
159.720001 0.000000 1.550265 0.000000 0.982095
159.839996 0.000000 1.542817 0.000000 0.982593
159.959991 0.000000 1.537207 0.000000 0.982196
160.080002 0.000000 1.533959 0.000000 0.981622
160.199997 0.000000 1.532134 0.000000 0.980710
160.319992 0.000000 1.527947 0.000000 0.980402
160.440002 0.000000 1.526358 0.000000 0.979894
160.559998 0.000000 1.524324 0.000000 0.980581
160.679993 0.000000 1.517945 0.000000 0.980906
160.800003 0.000000 1.518189 0.000000 0.980612
160.919998 0.000000 1.520104 0.000000 0.980696
161.039993 0.000000 1.519704 0.000000 0.980596
161.160004 0.000000 1.523786 0.000000 0.981011
161.279999 0.000000 1.518904 0.000000 0.981396
161.399994 0.000000 1.516658 0.000000 0.981091
161.519989 0.000000 1.513095 0.000000 0.981907
161.639999 0.000000 1.515948 0.000000 0.982302
161.759995 0.000000 1.511542 0.000000 0.982512
161.879990 0.000000 1.516685 0.000000 0.982563
162.000000 0.000000 1.513765 0.000000 0.982681
162.119995 0.000000 1.511004 0.000000 0.983193
162.239990 0.000000 1.503602 0.000000 0.983093
162.360001 0.000000 1.508802 0.000000 0.982997
162.479996 0.000000 1.508354 0.000000 0.982191
162.599991 0.000000 1.500450 0.000000 0.982395
162.720001 0.000000 1.495903 0.000000 0.982411
162.839996 0.000000 1.487649 0.000000 0.981698
162.959991 0.000000 1.481955 0.000000 0.981805
163.080002 0.000000 1.483262 0.000000 0.981813
163.199997 0.000000 1.480775 0.000000 0.981324
163.319992 0.000000 1.473047 0.000000 0.982098
163.440002 0.000000 1.467966 0.000000 0.982109
163.559998 0.000000 1.466260 0.000000 0.982205
163.679993 0.000000 1.461885 0.000000 0.982293
163.800003 0.000000 1.455909 0.000000 0.982503
163.919998 0.000000 1.453617 0.000000 0.981787
164.039993 0.000000 1.452553 0.000000 0.982082
164.160004 0.000000 1.449955 0.000000 0.982968
164.279999 0.000000 1.449255 0.000000 0.982702
164.399994 0.000000 1.443634 0.000000 0.982610
164.519989 0.000000 1.441721 0.000000 0.982691
164.639999 0.000000 1.434278 0.000000 0.982481
164.759995 0.000000 1.429628 0.000000 0.981507
164.879990 0.000000 1.432267 0.000000 0.981851
165.000000 0.000000 1.424875 0.000000 0.981718
165.119995 0.000000 1.424997 0.000000 0.981787
165.239990 0.000000 1.422131 0.000000 0.983007
165.360001 0.000000 1.416483 0.000000 0.983297
165.479996 0.000000 1.414549 0.000000 0.983390
165.599991 0.000000 1.414239 0.000000 0.983479
165.720001 0.000000 1.409559 0.000000 0.983602
165.839996 0.000000 1.411053 0.000000 0.983710
165.959991 0.000000 1.407692 0.000000 0.983816
166.080002 0.000000 1.398821 0.000000 0.983212
166.199997 0.000000 1.397660 0.000000 0.983202
166.319992 0.000000 1.399840 0.000000 0.983590
166.440002 0.000000 1.397079 0.000000 0.983797
166.559998 0.000000 1.396481 0.000000 0.983905
166.679993 0.000000 1.395021 0.000000 0.983403
166.800003 0.000000 1.389568 0.000000 0.983580
166.919998 0.000000 1.392818 0.000000 0.983595
167.039993 0.000000 1.399120 0.000000 0.983603
167.160004 0.000000 1.393203 0.000000 0.983308
167.279999 0.000000 1.393636 0.000000 0.983190
167.399994 0.000000 1.388084 0.000000 0.982905
167.519989 0.000000 1.388611 0.000000 0.982318
167.639999 0.000000 1.387084 0.000000 0.982005
167.759995 0.000000 1.389617 0.000000 0.981795
167.879990 0.000000 1.385084 0.000000 0.981905
168.000000 0.000000 1.386623 0.000000 0.982304
168.119995 0.000000 1.385124 0.000000 0.981880
168.239990 0.000000 1.385877 0.000000 0.982697
168.360001 0.000000 1.387749 0.000000 0.982584
168.479996 0.000000 1.382623 0.000000 0.982503
168.599991 0.000000 1.381747 0.000000 0.982007
168.720001 0.000000 1.380538 0.000000 0.982098
168.839996 0.000000 1.375775 0.000000 0.982497
168.959991 0.000000 1.375387 0.000000 0.982605
169.080002 0.000000 1.373551 0.000000 0.981907
169.199997 0.000000 1.371386 0.000000 0.981191
169.319992 0.000000 1.364482 0.000000 0.980690
169.440002 0.000000 1.363945 0.000000 0.980713
169.559998 0.000000 1.363100 0.000000 0.980800
169.679993 0.000000 1.358119 0.000000 0.981036
169.800003 0.000000 1.354071 0.000000 0.981196
169.919998 0.000000 1.350510 0.000000 0.981889
170.039993 0.000000 1.349550 0.000000 0.982118
170.160004 0.000000 1.352635 0.000000 0.981998
170.279999 0.000000 1.350970 0.000000 0.981396
170.399994 0.000000 1.351235 0.000000 0.981298
170.519989 0.000000 1.348304 0.000000 0.981194
170.639999 0.000000 1.341639 0.000000 0.980686
170.759995 0.000000 1.342482 0.000000 0.980467
170.879990 0.000000 1.338963 0.000000 0.980414
171.000000 0.000000 1.337430 0.000000 0.980316
171.119995 0.000000 1.337437 0.000000 0.980480
171.239990 0.000000 1.334533 0.000000 0.979804
171.360001 0.000000 1.340494 0.000000 0.980118
171.479996 0.000000 1.341400 0.000000 0.981100
171.599991 0.000000 1.340355 0.000000 0.981530
171.720001 0.000000 1.337263 0.000000 0.981119
171.839996 0.000000 1.334200 0.000000 0.980800
171.959991 0.000000 1.340472 0.000000 0.981085
172.080002 0.000000 1.337499 0.000000 0.981006
172.199997 0.000000 1.332600 0.000000 0.981705
172.319992 0.000000 1.326663 0.000000 0.981591
172.440002 0.000000 1.321764 0.000000 0.981596
172.559998 0.000000 1.313488 0.000000 0.981789
172.679993 0.000000 1.309952 0.000000 0.982014
172.800003 0.000000 1.310431 0.000000 0.981898
172.919998 0.000000 1.310662 0.000000 0.981896
173.039993 0.000000 1.305755 0.000000 0.982114
173.160004 0.000000 1.302060 0.000000 0.982396
173.279999 0.000000 1.298759 0.000000 0.982479
173.399994 0.000000 1.293818 0.000000 0.982693
173.519989 0.000000 1.295548 0.000000 0.982791
173.639999 0.000000 1.295182 0.000000 0.983607
173.759995 0.000000 1.299900 0.000000 0.983017
173.879990 0.000000 1.295948 0.000000 0.983692
174.000000 0.000000 1.293835 0.000000 0.982716
174.119995 0.000000 1.293017 0.000000 0.983193
174.239990 0.000000 1.288402 0.000000 0.983288
174.360001 0.000000 1.285357 0.000000 0.982909
174.479996 0.000000 1.280116 0.000000 0.983205
174.599991 0.000000 1.280372 0.000000 0.982702
174.720001 0.000000 1.277245 0.000000 0.982503
174.839996 0.000000 1.276696 0.000000 0.982120
174.959991 0.000000 1.277578 0.000000 0.981782
175.080002 0.000000 1.274845 0.000000 0.981604
175.199997 0.000000 1.272973 0.000000 0.981102
175.319992 0.000000 1.269127 0.000000 0.979998
175.440002 0.000000 1.269676 0.000000 0.980723
175.559998 0.000000 1.262052 0.000000 0.980596
175.679993 0.000000 1.261869 0.000000 0.981009
175.800003 0.000000 1.261065 0.000000 0.980873
175.919998 0.000000 1.257471 0.000000 0.980610
176.039993 0.000000 1.257077 0.000000 0.979994
176.160004 0.000000 1.250575 0.000000 0.979610
176.279999 0.000000 1.245649 0.000000 0.979896
176.399994 0.000000 1.240659 0.000000 0.979720
176.519989 0.000000 1.238867 0.000000 0.979586
176.639999 0.000000 1.236929 0.000000 0.979706
176.759995 0.000000 1.233510 0.000000 0.979682
176.879990 0.000000 1.227141 0.000000 0.979315
177.000000 0.000000 1.227473 0.000000 0.980276
177.119995 0.000000 1.229108 0.000000 0.980808
177.239990 0.000000 1.228223 0.000000 0.980198
177.360001 0.000000 1.224176 0.000000 0.981219
177.479996 0.000000 1.215927 0.000000 0.980516
177.599991 0.000000 1.212736 0.000000 0.981406
177.720001 0.000000 1.209537 0.000000 0.981106
177.839996 0.000000 1.203522 0.000000 0.980488
177.959991 0.000000 1.206047 0.000000 0.980276
178.080002 0.000000 1.202118 0.000000 0.980218
178.199997 0.000000 1.207014 0.000000 0.980717
178.319992 0.000000 1.208187 0.000000 0.980983
178.440002 0.000000 1.206282 0.000000 0.981192
178.559998 0.000000 1.209437 0.000000 0.981406
178.679993 0.000000 1.210495 0.000000 0.981109
178.800003 0.000000 1.215771 0.000000 0.981111
178.919998 0.000000 1.211481 0.000000 0.981066
179.039993 0.000000 1.214300 0.000000 0.981100
179.159988 0.000000 1.210963 0.000000 0.980994
179.279999 0.000000 1.215586 0.000000 0.980792
179.399994 0.000000 1.213971 0.000000 0.981685
179.519989 0.000000 1.215578 0.000000 0.981702
179.639999 0.000000 1.213793 0.000000 0.981909
179.759995 0.000000 1.213743 0.000000 0.981796
179.879990 0.000000 1.214614 0.000000 0.982107
180.000000 0.000000 1.214950 0.000000 0.982988
180.119995 0.000000 1.211015 0.000000 0.983007
180.239990 0.000000 1.211621 0.000000 0.983198
180.360001 0.000000 1.210584 0.000000 0.983493
180.479996 0.000000 1.204654 0.000000 0.983420
180.599991 0.000000 1.202840 0.000000 0.982897
180.720001 0.000000 1.204220 0.000000 0.982398
180.839996 0.000000 1.205356 0.000000 0.983012
180.959991 0.000000 1.204443 0.000000 0.982288
181.080002 0.000000 1.201522 0.000000 0.981480
181.199997 0.000000 1.200999 0.000000 0.981409
181.319992 0.000000 1.203224 0.000000 0.981980
181.440002 0.000000 1.192984 0.000000 0.981511
181.559998 0.000000 1.191846 0.000000 0.981115
181.679993 0.000000 1.189705 0.000000 0.980510
181.800003 0.000000 1.186607 0.000000 0.980310
181.919998 0.000000 1.182318 0.000000 0.980598
182.039993 0.000000 1.184571 0.000000 0.979914
182.159988 0.000000 1.184160 0.000000 0.979427
182.279999 0.000000 1.185152 0.000000 0.979816
182.399994 0.000000 1.185682 0.000000 0.978502
182.519989 0.000000 1.185933 0.000000 0.978020
182.639999 0.000000 1.188525 0.000000 0.978808
182.759995 0.000000 1.188475 0.000000 0.980492
182.879990 0.000000 1.184963 0.000000 0.980204
183.000000 0.000000 1.176606 0.000000 0.980721
183.119995 0.000000 1.177269 0.000000 0.980226
183.239990 0.000000 1.175518 0.000000 0.980398
183.360001 0.000000 1.177377 0.000000 0.979680
183.479996 0.000000 1.176929 0.000000 0.980008
183.599991 0.000000 1.174847 0.000000 0.980106
183.720001 0.000000 1.169032 0.000000 0.979708
183.839996 0.000000 1.166784 0.000000 0.978677
183.959991 0.000000 1.164633 0.000000 0.978796
184.080002 0.000000 1.171611 0.000000 0.978823
184.199997 0.000000 1.171828 0.000000 0.979620
184.319992 0.000000 1.170096 0.000000 0.979325
184.440002 0.000000 1.171400 0.000000 0.979700
184.559998 0.000000 1.167700 0.000000 0.979700
184.679993 0.000000 1.166933 0.000000 0.979108
184.800003 0.000000 1.162935 0.000000 0.979308
184.919998 0.000000 1.158516 0.000000 0.979698
185.039993 0.000000 1.157742 0.000000 0.979381
185.159988 0.000000 1.154654 0.000000 0.979906
185.279999 0.000000 1.154646 0.000000 0.979894
185.399994 0.000000 1.152786 0.000000 0.980028
185.519989 0.000000 1.150915 0.000000 0.979598
185.639999 0.000000 1.147922 0.000000 0.980371
185.759995 0.000000 1.148141 0.000000 0.981108
185.879990 0.000000 1.149251 0.000000 0.980819
186.000000 0.000000 1.142357 0.000000 0.980879
186.119995 0.000000 1.140800 0.000000 0.980500
186.239990 0.000000 1.137869 0.000000 0.980390
186.360001 0.000000 1.134100 0.000000 0.979700
186.479996 0.000000 1.134073 0.000000 0.978604
186.599991 0.000000 1.128351 0.000000 0.978391
186.720001 0.000000 1.128874 0.000000 0.978604
186.839996 0.000000 1.128397 0.000000 0.978517
186.959991 0.000000 1.126336 0.000000 0.978528
187.080002 0.000000 1.132807 0.000000 0.977616
187.199997 0.000000 1.123549 0.000000 0.977591
187.319992 0.000000 1.123500 0.000000 0.978400
187.440002 0.000000 1.120604 0.000000 0.979017
187.559998 0.000000 1.113079 0.000000 0.980086
187.679993 0.000000 1.112934 0.000000 0.979594
187.800003 0.000000 1.117447 0.000000 0.980392
187.919998 0.000000 1.108652 0.000000 0.979772
188.039993 0.000000 1.108065 0.000000 0.979288
188.159988 0.000000 1.109867 0.000000 0.979606
188.279999 0.000000 1.109122 0.000000 0.980096
188.399994 0.000000 1.110778 0.000000 0.980921
188.519989 0.000000 1.113466 0.000000 0.981406
188.639999 0.000000 1.113891 0.000000 0.982086
188.759995 0.000000 1.115415 0.000000 0.982382
188.879990 0.000000 1.111056 0.000000 0.981907
189.000000 0.000000 1.110579 0.000000 0.981337
189.119995 0.000000 1.112866 0.000000 0.981506
189.239990 0.000000 1.109389 0.000000 0.981902
189.360001 0.000000 1.106625 0.000000 0.981813
189.479996 0.000000 1.104642 0.000000 0.982293
189.599991 0.000000 1.107307 0.000000 0.982883
189.720001 0.000000 1.101349 0.000000 0.983009
189.839996 0.000000 1.095371 0.000000 0.983305
189.959991 0.000000 1.094353 0.000000 0.982209
190.080002 0.000000 1.092001 0.000000 0.982280
190.199997 0.000000 1.084749 0.000000 0.982610
190.319992 0.000000 1.080660 0.000000 0.982509
190.440002 0.000000 1.085191 0.000000 0.981502
190.559998 0.000000 1.077385 0.000000 0.981904
190.679993 0.000000 1.074700 0.000000 0.982600
190.800003 0.000000 1.076077 0.000000 0.982605
190.919998 0.000000 1.074518 0.000000 0.983119
191.039993 0.000000 1.074740 0.000000 0.983713
191.159988 0.000000 1.076585 0.000000 0.983003
191.279999 0.000000 1.078586 0.000000 0.982781
191.399994 0.000000 1.081831 0.000000 0.983474
191.519989 0.000000 1.078233 0.000000 0.983772
191.639999 0.000000 1.078169 0.000000 0.983307
191.759995 0.000000 1.078094 0.000000 0.982679
191.879990 0.000000 1.076815 0.000000 0.982196
192.000000 0.000000 1.080116 0.000000 0.982997
192.119995 0.000000 1.080168 0.000000 0.983307
192.239990 0.000000 1.081292 0.000000 0.983802
192.360001 0.000000 1.077685 0.000000 0.983103
192.479996 0.000000 1.077893 0.000000 0.983781
192.599991 0.000000 1.077069 0.000000 0.982985
192.720001 0.000000 1.076915 0.000000 0.984097
192.839996 0.000000 1.078702 0.000000 0.984179
192.959991 0.000000 1.078831 0.000000 0.983393
193.080002 0.000000 1.088900 0.000000 0.983200
193.199997 0.000000 1.092654 0.000000 0.983009
193.319992 0.000000 1.094091 0.000000 0.983002
193.440002 0.000000 1.091465 0.000000 0.983570
193.559998 0.000000 1.095191 0.000000 0.983002
193.679993 0.000000 1.092881 0.000000 0.982603
193.800003 0.000000 1.087730 0.000000 0.982914
193.919998 0.000000 1.086478 0.000000 0.982284
194.039993 0.000000 1.087048 0.000000 0.982111
194.159988 0.000000 1.089682 0.000000 0.982304
194.279999 0.000000 1.087874 0.000000 0.981506
194.399994 0.000000 1.095638 0.000000 0.981192
194.519989 0.000000 1.093453 0.000000 0.981709
194.639999 0.000000 1.091399 0.000000 0.982020
194.759995 0.000000 1.093225 0.000000 0.982114
194.879990 0.000000 1.095652 0.000000 0.982109
195.000000 0.000000 1.098830 0.000000 0.982095
195.119995 0.000000 1.094147 0.000000 0.981391
195.239990 0.000000 1.094291 0.000000 0.981702
195.360001 0.000000 1.088809 0.000000 0.982398
195.479996 0.000000 1.081484 0.000000 0.982703
195.599991 0.000000 1.091027 0.000000 0.982595
195.720001 0.000000 1.091746 0.000000 0.982691
195.839996 0.000000 1.089718 0.000000 0.982597
195.959991 0.000000 1.085977 0.000000 0.982584
196.080002 0.000000 1.089140 0.000000 0.981833
196.199997 0.000000 1.091418 0.000000 0.982196
196.319992 0.000000 1.085500 0.000000 0.981700
196.440002 0.000000 1.082492 0.000000 0.981902
196.559998 0.000000 1.076977 0.000000 0.982705
196.679993 0.000000 1.079616 0.000000 0.981996
196.800003 0.000000 1.076731 0.000000 0.981693
196.919998 0.000000 1.076985 0.000000 0.982204
197.039993 0.000000 1.073285 0.000000 0.981604
197.159988 0.000000 1.078337 0.000000 0.981715
197.279999 0.000000 1.081168 0.000000 0.981807
197.399994 0.000000 1.074527 0.000000 0.981569
197.519989 0.000000 1.074892 0.000000 0.981702
197.639999 0.000000 1.072756 0.000000 0.981311
197.759995 0.000000 1.076438 0.000000 0.980390
197.879990 0.000000 1.074485 0.000000 0.981304
198.000000 0.000000 1.074341 0.000000 0.980715
198.119995 0.000000 1.070379 0.000000 0.981006
198.239990 0.000000 1.066113 0.000000 0.980996
198.360001 0.000000 1.066327 0.000000 0.981620
198.479996 0.000000 1.069558 0.000000 0.981111
198.599991 0.000000 1.070107 0.000000 0.980498
198.720001 0.000000 1.070472 0.000000 0.981407
198.839996 0.000000 1.068707 0.000000 0.980998
198.959991 0.000000 1.067227 0.000000 0.980392
199.080002 0.000000 1.067766 0.000000 0.980910
199.199997 0.000000 1.070358 0.000000 0.981711
199.319992 0.000000 1.064419 0.000000 0.981094
199.440002 0.000000 1.062200 0.000000 0.981700
199.559998 0.000000 1.070693 0.000000 0.982902
199.679993 0.000000 1.073249 0.000000 0.983112
199.800003 0.000000 1.073534 0.000000 0.983015
199.919998 0.000000 1.075868 0.000000 0.982284
200.039993 0.000000 1.076161 0.000000 0.982586
200.159988 0.000000 1.074237 0.000000 0.982691
200.279999 0.000000 1.071972 0.000000 0.981982
200.399994 0.000000 1.072171 0.000000 0.982007
200.519989 0.000000 1.069307 0.000000 0.982598
200.639999 0.000000 1.074955 0.000000 0.982910
200.759995 0.000000 1.071486 0.000000 0.982903
200.879990 0.000000 1.066340 0.000000 0.983115
201.000000 0.000000 1.068762 0.000000 0.983085
201.119995 0.000000 1.067514 0.000000 0.982897
201.239990 0.000000 1.060200 0.000000 0.983400
201.360001 0.000000 1.058506 0.000000 0.983298
201.479996 0.000000 1.060542 0.000000 0.983488
201.599991 0.000000 1.058677 0.000000 0.983407
201.720001 0.000000 1.053735 0.000000 0.983220
201.839996 0.000000 1.054076 0.000000 0.982375
201.959991 0.000000 1.056489 0.000000 0.983703
202.080002 0.000000 1.061968 0.000000 0.983282
202.199997 0.000000 1.060982 0.000000 0.982705
202.319992 0.000000 1.059176 0.000000 0.982607
202.440002 0.000000 1.057852 0.000000 0.982785
202.559998 0.000000 1.058665 0.000000 0.982910
202.679993 0.000000 1.061475 0.000000 0.981707
202.800003 0.000000 1.057371 0.000000 0.981809
202.919998 0.000000 1.054811 0.000000 0.981896
203.039993 0.000000 1.048829 0.000000 0.982990
203.159988 0.000000 1.052984 0.000000 0.981805
203.279999 0.000000 1.049015 0.000000 0.982295
203.399994 0.000000 1.046495 0.000000 0.983002
203.519989 0.000000 1.045241 0.000000 0.982484
203.639999 0.000000 1.040056 0.000000 0.982719
203.759995 0.000000 1.041441 0.000000 0.982983
203.879990 0.000000 1.040328 0.000000 0.982988
204.000000 0.000000 1.040680 0.000000 0.982709
204.119995 0.000000 1.039996 0.000000 0.983302
204.239990 0.000000 1.043539 0.000000 0.984086
204.360001 0.000000 1.038731 0.000000 0.984187
204.479996 0.000000 1.030185 0.000000 0.983908
204.599991 0.000000 1.026376 0.000000 0.983215
204.720001 0.000000 1.022493 0.000000 0.982805
204.839996 0.000000 1.025574 0.000000 0.983017
204.959991 0.000000 1.020004 0.000000 0.982897
205.080002 0.000000 1.014699 0.000000 0.982902
205.199997 0.000000 1.012010 0.000000 0.981085
205.319992 0.000000 1.007608 0.000000 0.980979
205.440002 0.000000 1.008497 0.000000 0.981206
205.559998 0.000000 1.013782 0.000000 0.981824
205.679993 0.000000 1.011086 0.000000 0.981624
205.799988 0.000000 1.009399 0.000000 0.981502
205.919998 0.000000 1.007988 0.000000 0.981328
206.039993 0.000000 1.004096 0.000000 0.981419
206.159988 0.000000 1.007200 0.000000 0.981500
206.279999 0.000000 1.003901 0.000000 0.981896
206.399994 0.000000 1.000499 0.000000 0.981420
206.519989 0.000000 1.000601 0.000000 0.980671
206.639999 0.000000 0.999600 0.000000 0.980683
206.759995 0.000000 0.997000 0.000000 0.981302
206.879990 0.000000 0.994198 0.000000 0.980794
207.000000 0.000000 0.991002 0.000000 0.980404
207.119995 0.000000 0.990707 0.000000 0.980314
207.239990 0.000000 0.986299 0.000000 0.980898
207.360001 0.000000 0.987813 0.000000 0.981520
207.479996 0.000000 0.983000 0.000000 0.982200
207.599991 0.000000 0.981698 0.000000 0.981498
207.720001 0.000000 0.976791 0.000000 0.981693
207.839996 0.000000 0.978011 0.000000 0.981309
207.959991 0.000000 0.981409 0.000000 0.981409
208.080002 0.000000 0.979196 0.000000 0.980496
208.199997 0.000000 0.980802 0.000000 0.981402
208.319992 0.000000 0.976174 0.000000 0.981380
208.440002 0.000000 0.969412 0.000000 0.981707
208.559998 0.000000 0.969103 0.000000 0.982002
208.679993 0.000000 0.964928 0.000000 0.982414
208.799988 0.000000 0.960639 0.000000 0.982917
208.919998 0.000000 0.955766 0.000000 0.982926
209.039993 0.000000 0.961435 0.000000 0.982915
209.159988 0.000000 0.966743 0.000000 0.982822
209.279999 0.000000 0.960400 0.000000 0.982200
209.399994 0.000000 0.959171 0.000000 0.982388
209.519989 0.000000 0.950956 0.000000 0.982684
209.639999 0.000000 0.943950 0.000000 0.982885
209.759995 0.000000 0.945757 0.000000 0.982386
209.879990 0.000000 0.946352 0.000000 0.983185
210.000000 0.000000 0.943140 0.000000 0.983012
210.119995 0.000000 0.943054 0.000000 0.983086
210.239990 0.000000 0.943089 0.000000 0.983097
210.360001 0.000000 0.939994 0.000000 0.983198
210.479996 0.000000 0.940088 0.000000 0.983297
210.599991 0.000000 0.938782 0.000000 0.983795
210.720001 0.000000 0.937969 0.000000 0.984292
210.839996 0.000000 0.935600 0.000000 0.983600
210.959991 0.000000 0.934339 0.000000 0.983810
211.080002 0.000000 0.927093 0.000000 0.983798
211.199997 0.000000 0.924978 0.000000 0.983695
211.319992 0.000000 0.920884 0.000000 0.982697
211.440002 0.000000 0.921616 0.000000 0.983503
211.559998 0.000000 0.922562 0.000000 0.983513
211.679993 0.000000 0.923492 0.000000 0.983320
211.799988 0.000000 0.922831 0.000000 0.982907
211.919998 0.000000 0.921039 0.000000 0.982909
212.039993 0.000000 0.923200 0.000000 0.982300
212.159988 0.000000 0.917825 0.000000 0.982805
212.279999 0.000000 0.917684 0.000000 0.983097
212.399994 0.000000 0.913766 0.000000 0.982593
212.519989 0.000000 0.911262 0.000000 0.981613
212.639999 0.000000 0.914941 0.000000 0.981987
212.759995 0.000000 0.909673 0.000000 0.982095
212.879990 0.000000 0.906637 0.000000 0.982507
213.000000 0.000000 0.907407 0.000000 0.982182
213.119995 0.000000 0.903052 0.000000 0.982491
213.239990 0.000000 0.902929 0.000000 0.982705
213.360001 0.000000 0.896490 0.000000 0.982298
213.479996 0.000000 0.896769 0.000000 0.982195
213.599991 0.000000 0.898219 0.000000 0.981485
213.720001 0.000000 0.899470 0.000000 0.981494
213.839996 0.000000 0.899510 0.000000 0.982484
213.959991 0.000000 0.897526 0.000000 0.982170
214.080002 0.000000 0.895927 0.000000 0.982388
214.199997 0.000000 0.894610 0.000000 0.982669
214.319992 0.000000 0.895169 0.000000 0.982595
214.440002 0.000000 0.890168 0.000000 0.982479
214.559998 0.000000 0.894837 0.000000 0.982790
214.679993 0.000000 0.891524 0.000000 0.982188
214.799988 0.000000 0.890067 0.000000 0.982195
214.919998 0.000000 0.892578 0.000000 0.982497
215.039993 0.000000 0.890133 0.000000 0.981705
215.159988 0.000000 0.885877 0.000000 0.981596
215.279999 0.000000 0.882053 0.000000 0.981593
215.399994 0.000000 0.871536 0.000000 0.981191
215.519989 0.000000 0.866094 0.000000 0.981613
215.639999 0.000000 0.867040 0.000000 0.981606
215.759995 0.000000 0.865146 0.000000 0.981192
215.879990 0.000000 0.866700 0.000000 0.981700
216.000000 0.000000 0.869208 0.000000 0.981687
216.119995 0.000000 0.867560 0.000000 0.981094
216.239990 0.000000 0.861425 0.000000 0.981017
216.360001 0.000000 0.857514 0.000000 0.980802
216.479996 0.000000 0.858684 0.000000 0.980925
216.599991 0.000000 0.862086 0.000000 0.981398
216.720001 0.000000 0.864792 0.000000 0.981285
216.839996 0.000000 0.863200 0.000000 0.982000
216.959991 0.000000 0.860939 0.000000 0.982617
217.080002 0.000000 0.859442 0.000000 0.982205
217.199997 0.000000 0.859581 0.000000 0.981737
217.319992 0.000000 0.860472 0.000000 0.981096
217.440002 0.000000 0.861272 0.000000 0.981196
217.559998 0.000000 0.854400 0.000000 0.981700
217.679993 0.000000 0.860686 0.000000 0.981398
217.799988 0.000000 0.858772 0.000000 0.981396
217.919998 0.000000 0.850815 0.000000 0.981402
218.039993 0.000000 0.848561 0.000000 0.981108
218.159988 0.000000 0.848594 0.000000 0.980386
218.279999 0.000000 0.852200 0.000000 0.980200
218.399994 0.000000 0.846146 0.000000 0.980806
218.519989 0.000000 0.849225 0.000000 0.980990
218.639999 0.000000 0.849290 0.000000 0.981311
218.759995 0.000000 0.846108 0.000000 0.982166
218.879990 0.000000 0.847713 0.000000 0.982225
219.000000 0.000000 0.846485 0.000000 0.982475
219.119995 0.000000 0.846808 0.000000 0.981389
219.239990 0.000000 0.845823 0.000000 0.981415
219.360001 0.000000 0.844413 0.000000 0.981378
219.479996 0.000000 0.839361 0.000000 0.981818
219.599991 0.000000 0.838213 0.000000 0.981613
219.720001 0.000000 0.840964 0.000000 0.980708
219.839996 0.000000 0.843469 0.000000 0.980696
219.959991 0.000000 0.841458 0.000000 0.981019
220.080002 0.000000 0.837481 0.000000 0.981209
220.199997 0.000000 0.830564 0.000000 0.980985
220.319992 0.000000 0.828649 0.000000 0.980794
220.440002 0.000000 0.825665 0.000000 0.980696
220.559998 0.000000 0.823359 0.000000 0.980484
220.679993 0.000000 0.823800 0.000000 0.980600
220.799988 0.000000 0.826213 0.000000 0.981633
220.919998 0.000000 0.824323 0.000000 0.981513
221.039993 0.000000 0.822376 0.000000 0.981187
221.159988 0.000000 0.821707 0.000000 0.981411
221.279999 0.000000 0.820090 0.000000 0.981609
221.399994 0.000000 0.817555 0.000000 0.981006
221.519989 0.000000 0.813581 0.000000 0.980998
221.639999 0.000000 0.809524 0.000000 0.980592
221.759995 0.000000 0.813763 0.000000 0.980796
221.879990 0.000000 0.814311 0.000000 0.981011
222.000000 0.000000 0.817854 0.000000 0.981085
222.119995 0.000000 0.815600 0.000000 0.981200
222.239990 0.000000 0.814756 0.000000 0.980706
222.360001 0.000000 0.812562 0.000000 0.981096
222.479996 0.000000 0.809524 0.000000 0.981092
222.599991 0.000000 0.814574 0.000000 0.980908
222.720001 0.000000 0.814193 0.000000 0.980910
222.839996 0.000000 0.814374 0.000000 0.980908
222.959991 0.000000 0.812163 0.000000 0.980727
223.080002 0.000000 0.815326 0.000000 0.980192
223.199997 0.000000 0.814019 0.000000 0.979802
223.319992 0.000000 0.816910 0.000000 0.979312
223.440002 0.000000 0.814142 0.000000 0.980425
223.559998 0.000000 0.813444 0.000000 0.979594
223.679993 0.000000 0.810808 0.000000 0.979223
223.799988 0.000000 0.810657 0.000000 0.979606
223.919998 0.000000 0.805722 0.000000 0.980192
224.039993 0.000000 0.807023 0.000000 0.979792
224.159988 0.000000 0.810371 0.000000 0.979718
224.279999 0.000000 0.809343 0.000000 0.979794
224.399994 0.000000 0.800560 0.000000 0.978906
224.519989 0.000000 0.804444 0.000000 0.978683
224.639999 0.000000 0.804876 0.000000 0.978919
224.759995 0.000000 0.808818 0.000000 0.979058
224.879990 0.000000 0.809805 0.000000 0.978489
225.000000 0.000000 0.803918 0.000000 0.979312
225.119995 0.000000 0.804198 0.000000 0.979110
225.239990 0.000000 0.807754 0.000000 0.979117
225.360001 0.000000 0.804298 0.000000 0.979011
225.479996 0.000000 0.805642 0.000000 0.978393
225.599991 0.000000 0.805580 0.000000 0.977898
225.720001 0.000000 0.807154 0.000000 0.978217
225.839996 0.000000 0.805017 0.000000 0.977913
225.959991 0.000000 0.803021 0.000000 0.977991
226.080002 0.000000 0.802257 0.000000 0.978228
226.199997 0.000000 0.797940 0.000000 0.979104
226.319992 0.000000 0.796902 0.000000 0.979110
226.440002 0.000000 0.796143 0.000000 0.980214
226.559998 0.000000 0.793900 0.000000 0.979900
226.679993 0.000000 0.791579 0.000000 0.979698
226.799988 0.000000 0.792153 0.000000 0.979235
226.919998 0.000000 0.790647 0.000000 0.979315
227.039993 0.000000 0.786613 0.000000 0.979421
227.159988 0.000000 0.785543 0.000000 0.980176
227.279999 0.000000 0.785757 0.000000 0.981096
227.399994 0.000000 0.783113 0.000000 0.981092
227.519989 0.000000 0.782600 0.000000 0.981400
227.639999 0.000000 0.783152 0.000000 0.981713
227.759995 0.000000 0.780707 0.000000 0.981526
227.879990 0.000000 0.778634 0.000000 0.981995
228.000000 0.000000 0.769985 0.000000 0.981591
228.119995 0.000000 0.768392 0.000000 0.981984
228.239990 0.000000 0.765176 0.000000 0.981598
228.360001 0.000000 0.762847 0.000000 0.981604
228.479996 0.000000 0.760080 0.000000 0.982091
228.599991 0.000000 0.758258 0.000000 0.982583
228.720001 0.000000 0.752297 0.000000 0.982521
228.839996 0.000000 0.752375 0.000000 0.982698
228.959991 0.000000 0.754277 0.000000 0.982591
229.080002 0.000000 0.751925 0.000000 0.982902
229.199997 0.000000 0.746301 0.000000 0.982707
229.319992 0.000000 0.746048 0.000000 0.981589
229.440002 0.000000 0.743895 0.000000 0.981685
229.559998 0.000000 0.741341 0.000000 0.981782
229.679993 0.000000 0.741393 0.000000 0.981285
229.799988 0.000000 0.737684 0.000000 0.980913
229.919998 0.000000 0.736653 0.000000 0.981204
230.039993 0.000000 0.735644 0.000000 0.981924
230.159988 0.000000 0.740522 0.000000 0.982095
230.279999 0.000000 0.732880 0.000000 0.982405
230.399994 0.000000 0.730819 0.000000 0.982195
230.519989 0.000000 0.729800 0.000000 0.982500
230.639999 0.000000 0.729210 0.000000 0.982988
230.759995 0.000000 0.731659 0.000000 0.983385
230.879990 0.000000 0.734173 0.000000 0.983398
231.000000 0.000000 0.731754 0.000000 0.983403
231.119995 0.000000 0.729611 0.000000 0.983889
231.239990 0.000000 0.732420 0.000000 0.983395
231.360001 0.000000 0.730581 0.000000 0.982405
231.479996 0.000000 0.728754 0.000000 0.982903
231.599991 0.000000 0.728717 0.000000 0.983014
231.720001 0.000000 0.727046 0.000000 0.982316
231.839996 0.000000 0.724955 0.000000 0.981504
231.959991 0.000000 0.719972 0.000000 0.981698
232.080002 0.000000 0.718441 0.000000 0.981309
232.199997 0.000000 0.716715 0.000000 0.981094
232.319992 0.000000 0.719776 0.000000 0.981285
232.439987 0.000000 0.721121 0.000000 0.981081
232.559998 0.000000 0.725827 0.000000 0.981502
232.679993 0.000000 0.726200 0.000000 0.981700
232.799988 0.000000 0.725584 0.000000 0.981126
232.919998 0.000000 0.721361 0.000000 0.981191
233.039993 0.000000 0.724907 0.000000 0.981187
233.159988 0.000000 0.721783 0.000000 0.980906
233.279999 0.000000 0.720728 0.000000 0.980602
233.399994 0.000000 0.726181 0.000000 0.981485
233.519989 0.000000 0.723172 0.000000 0.981498
233.639999 0.000000 0.724255 0.000000 0.981204
233.759995 0.000000 0.722833 0.000000 0.981722
233.879990 0.000000 0.725890 0.000000 0.981793
234.000000 0.000000 0.728426 0.000000 0.982221
234.119995 0.000000 0.726519 0.000000 0.982114
234.239990 0.000000 0.725492 0.000000 0.982612
234.360001 0.000000 0.726563 0.000000 0.982891
234.479996 0.000000 0.722995 0.000000 0.982681
234.599991 0.000000 0.719992 0.000000 0.983124
234.720001 0.000000 0.721995 0.000000 0.983512
234.839996 0.000000 0.718919 0.000000 0.983784
234.959991 0.000000 0.714072 0.000000 0.982822
235.080002 0.000000 0.715928 0.000000 0.982802
235.199997 0.000000 0.713258 0.000000 0.982815
235.319992 0.000000 0.714914 0.000000 0.983007
235.439987 0.000000 0.717261 0.000000 0.982479
235.559998 0.000000 0.716355 0.000000 0.982116
235.679993 0.000000 0.720480 0.000000 0.982118
235.799988 0.000000 0.720332 0.000000 0.982489
235.919998 0.000000 0.719872 0.000000 0.982298
236.039993 0.000000 0.725055 0.000000 0.982703
236.159988 0.000000 0.720188 0.000000 0.982593
236.279999 0.000000 0.716270 0.000000 0.982910
236.399994 0.000000 0.719576 0.000000 0.982686
236.519989 0.000000 0.720588 0.000000 0.982093
236.639999 0.000000 0.717897 0.000000 0.982013
236.759995 0.000000 0.714100 0.000000 0.982400
236.879990 0.000000 0.713501 0.000000 0.982612
237.000000 0.000000 0.711156 0.000000 0.981491
237.119995 0.000000 0.712544 0.000000 0.982109
237.239990 0.000000 0.716613 0.000000 0.981507
237.360001 0.000000 0.715927 0.000000 0.981515
237.479996 0.000000 0.715543 0.000000 0.981296
237.599991 0.000000 0.711116 0.000000 0.980808
237.720001 0.000000 0.709613 0.000000 0.980494
237.839996 0.000000 0.710802 0.000000 0.980214
237.959991 0.000000 0.706147 0.000000 0.980010
238.080002 0.000000 0.698179 0.000000 0.980192
238.199997 0.000000 0.698149 0.000000 0.979490
238.319992 0.000000 0.698710 0.000000 0.979594
238.439987 0.000000 0.699700 0.000000 0.979880
238.559998 0.000000 0.703648 0.000000 0.980410
238.679993 0.000000 0.704936 0.000000 0.980915
238.799988 0.000000 0.707654 0.000000 0.981091
238.919998 0.000000 0.702089 0.000000 0.981006
239.039993 0.000000 0.698371 0.000000 0.981117
239.159988 0.000000 0.698111 0.000000 0.980813
239.279999 0.000000 0.696234 0.000000 0.981221
239.399994 0.000000 0.697118 0.000000 0.980788
239.519989 0.000000 0.692069 0.000000 0.980298
239.639999 0.000000 0.693916 0.000000 0.980288
239.759995 0.000000 0.691553 0.000000 0.980584
239.879990 0.000000 0.688331 0.000000 0.981602
240.000000 0.000000 0.687444 0.000000 0.981321
240.119995 0.000000 0.688294 0.000000 0.981406
240.239990 0.000000 0.687500 0.000000 0.981300
240.360001 0.000000 0.686819 0.000000 0.981713
240.479996 0.000000 0.686155 0.000000 0.981480
240.599991 0.000000 0.681296 0.000000 0.982805
240.720001 0.000000 0.680472 0.000000 0.982493
240.839996 0.000000 0.678725 0.000000 0.981513
240.959991 0.000000 0.677936 0.000000 0.981196
241.080002 0.000000 0.676224 0.000000 0.981219
241.199997 0.000000 0.674993 0.000000 0.980418
241.319992 0.000000 0.670232 0.000000 0.979808
241.439987 0.000000 0.668166 0.000000 0.980110
241.559998 0.000000 0.670531 0.000000 0.979015
241.679993 0.000000 0.667133 0.000000 0.979202
241.799988 0.000000 0.666200 0.000000 0.979606
241.919998 0.000000 0.666800 0.000000 0.979594
242.039993 0.000000 0.664701 0.000000 0.980206
242.159988 0.000000 0.665734 0.000000 0.981008
242.279999 0.000000 0.666333 0.000000 0.980890
242.399994 0.000000 0.661500 0.000000 0.980700
242.519989 0.000000 0.659443 0.000000 0.981524
242.639999 0.000000 0.657271 0.000000 0.980910
242.759995 0.000000 0.656109 0.000000 0.980518
242.879990 0.000000 0.648389 0.000000 0.980989
243.000000 0.000000 0.652470 0.000000 0.981704
243.119995 0.000000 0.650651 0.000000 0.981381
243.239990 0.000000 0.650960 0.000000 0.981593
243.360001 0.000000 0.650979 0.000000 0.981215
243.479996 0.000000 0.650160 0.000000 0.981993
243.599991 0.000000 0.649785 0.000000 0.981520
243.720001 0.000000 0.647324 0.000000 0.981291
243.839996 0.000000 0.647748 0.000000 0.980981
243.959991 0.000000 0.651074 0.000000 0.981009
244.080002 0.000000 0.651079 0.000000 0.980715
244.199997 0.000000 0.648781 0.000000 0.980016
244.319992 0.000000 0.649356 0.000000 0.979626
244.439987 0.000000 0.650960 0.000000 0.980492
244.559998 0.000000 0.653550 0.000000 0.980425
244.679993 0.000000 0.649795 0.000000 0.981394
244.799988 0.000000 0.646158 0.000000 0.980992
244.919998 0.000000 0.642257 0.000000 0.980692
245.039993 0.000000 0.643664 0.000000 0.981198
245.159988 0.000000 0.641715 0.000000 0.980812
245.279999 0.000000 0.642007 0.000000 0.980706
245.399994 0.000000 0.643378 0.000000 0.980610
245.519989 0.000000 0.644764 0.000000 0.981398
245.639999 0.000000 0.649795 0.000000 0.981595
245.759995 0.000000 0.645606 0.000000 0.981705
245.879990 0.000000 0.646058 0.000000 0.981293
246.000000 0.000000 0.643942 0.000000 0.981607
246.119995 0.000000 0.640064 0.000000 0.981698
246.239990 0.000000 0.640892 0.000000 0.982395
246.360001 0.000000 0.644151 0.000000 0.982288
246.479996 0.000000 0.646318 0.000000 0.982915
246.599991 0.000000 0.648930 0.000000 0.982597
246.720001 0.000000 0.649495 0.000000 0.982095
246.839996 0.000000 0.650460 0.000000 0.982293
246.959991 0.000000 0.651405 0.000000 0.982005
247.080002 0.000000 0.656531 0.000000 0.981796
247.199997 0.000000 0.654300 0.000000 0.981200
247.319992 0.000000 0.648511 0.000000 0.981611
247.439987 0.000000 0.645671 0.000000 0.981304
247.559998 0.000000 0.645184 0.000000 0.981415
247.679993 0.000000 0.644929 0.000000 0.981096
247.799988 0.000000 0.647694 0.000000 0.980994
247.919998 0.000000 0.651944 0.000000 0.980214
248.039993 0.000000 0.652396 0.000000 0.980394
248.159988 0.000000 0.648411 0.000000 0.979912
248.279999 0.000000 0.647276 0.000000 0.980910
248.399994 0.000000 0.644994 0.000000 0.980394
248.519989 0.000000 0.647447 0.000000 0.980380
248.639999 0.000000 0.648916 0.000000 0.981017
248.759995 0.000000 0.653858 0.000000 0.981487
248.879990 0.000000 0.651326 0.000000 0.981491
249.000000 0.000000 0.649610 0.000000 0.981211
249.119995 0.000000 0.648860 0.000000 0.981493
249.239990 0.000000 0.651240 0.000000 0.981607
249.360001 0.000000 0.649019 0.000000 0.981585
249.479996 0.000000 0.647922 0.000000 0.981522
249.599991 0.000000 0.644978 0.000000 0.981709
249.720001 0.000000 0.646165 0.000000 0.981698
249.839996 0.000000 0.645365 0.000000 0.981198
249.959991 0.000000 0.643479 0.000000 0.981483
