0.000000 0.993006 7.945849 0.000000 0.993106
0.120000 0.901620 7.214656 0.000000 0.901420
0.240000 0.821418 6.579442 0.000000 0.822318
0.360000 0.755378 6.058929 0.000000 0.757579
0.480000 0.695031 5.583441 0.000000 0.698330
0.600000 0.641864 5.164617 0.000000 0.645965
0.720000 0.595681 4.795241 0.000000 0.599680
0.840000 0.555300 4.476571 0.000000 0.559596
0.960000 0.518400 4.182000 0.000000 0.523400
1.080000 0.487359 3.936544 0.000000 0.493255
1.200000 0.451055 3.650035 0.000000 0.457754
1.320000 0.423169 3.430172 0.000000 0.430572
1.440000 0.396323 3.227940 0.000000 0.404817
1.560000 0.373000 3.049700 0.000000 0.382400
1.680000 0.350610 2.874925 0.000000 0.360616
1.800000 0.327734 2.707658 0.000000 0.340432
1.920000 0.307938 2.566187 0.000000 0.322935
2.040000 0.290800 2.440300 0.000000 0.307100
2.160000 0.276645 2.339632 0.000000 0.294441
2.280000 0.258226 2.205621 0.000000 0.277428
2.400000 0.242976 2.092591 0.000000 0.263874
2.520000 0.232770 2.025208 0.000000 0.255277
2.640000 0.223455 1.964707 0.000000 0.247850
2.760000 0.214371 1.900460 0.000000 0.239156
2.880000 0.205000 1.837700 0.000000 0.231600
3.000000 0.193142 1.760472 0.000000 0.222233
3.120000 0.183200 1.695500 0.000000 0.214000
3.240000 0.174252 1.634090 0.000000 0.206362
3.360000 0.164100 1.569100 0.000000 0.198000
3.480000 0.154138 1.504898 0.000000 0.190724
3.600000 0.146615 1.468347 0.000000 0.186119
3.720000 0.140044 1.432527 0.000000 0.182027
3.840000 0.133733 1.402299 0.000000 0.178711
3.960000 0.127013 1.375437 0.000000 0.175218
4.080000 0.119424 1.331966 0.000000 0.169734
4.200000 0.112734 1.301891 0.000000 0.165950
4.320000 0.107778 1.284043 0.000000 0.163867
4.440000 0.103810 1.279928 0.000000 0.163516
4.560000 0.100050 1.277239 0.000000 0.163282
4.680000 0.093672 1.247026 0.000000 0.159852
4.800000 0.087800 1.232900 0.000000 0.158400
4.920000 0.083708 1.234323 0.000000 0.158916
5.040000 0.080400 1.233000 0.000000 0.158800
5.160000 0.074737 1.226513 0.000000 0.158079
5.280000 0.071636 1.236218 0.000000 0.159880
5.400000 0.067113 1.233047 0.000000 0.159432
5.520000 0.062388 1.232553 0.000000 0.159468
5.640000 0.058988 1.234753 0.000000 0.159868
5.760000 0.058594 1.279072 0.000000 0.165983
5.880000 0.054689 1.284943 0.000000 0.166467
6.000000 0.051205 1.297730 0.000000 0.168317
6.120000 0.048590 1.326735 0.000000 0.172565
6.240000 0.047409 1.368074 0.000000 0.178136
6.360000 0.045323 1.387494 0.000000 0.180590
6.480000 0.044909 1.435787 0.000000 0.187037
6.600000 0.043017 1.485594 0.000000 0.193978
6.720000 0.040708 1.535307 0.000000 0.200340
6.840000 0.037493 1.567086 0.000000 0.204659
6.960000 0.035904 1.623162 0.000000 0.212221
7.080000 0.033313 1.674370 0.000000 0.219588
7.200000 0.032384 1.741030 0.000000 0.228586
7.320000 0.030494 1.796241 0.000000 0.236153
7.440000 0.028509 1.862159 0.000000 0.244773
7.560000 0.026497 1.923807 0.000000 0.253175
7.680000 0.025815 2.002401 0.000000 0.263358
7.800000 0.023600 2.061500 0.000000 0.271300
7.920000 0.022302 2.152615 0.000000 0.283728
8.040000 0.020612 2.227837 0.000000 0.293676
8.160000 0.019706 2.316795 0.000000 0.305992
8.280000 0.019494 2.399180 0.000000 0.317505
8.400000 0.017291 2.476162 0.000000 0.328236
8.520000 0.016705 2.555467 0.000000 0.338902
8.639999 0.016005 2.644293 0.000000 0.351105
8.760000 0.014097 2.735853 0.000000 0.364227
8.880000 0.013097 2.853429 0.000000 0.380124
9.000000 0.011499 2.917708 0.000000 0.389561
9.120000 0.010205 3.033117 0.000000 0.405003
9.240000 0.009499 3.126187 0.000000 0.418458
9.360000 0.008897 3.225832 0.000000 0.430871
9.480000 0.008904 3.336735 0.000000 0.446779
9.599999 0.007308 3.437982 0.000000 0.461307
9.719999 0.006901 3.552911 0.000000 0.477195
9.840000 0.005904 3.642385 0.000000 0.489494
9.960000 0.005495 3.750350 0.000000 0.504196
10.080000 0.005303 3.859130 0.000000 0.519860
10.200000 0.005202 3.968991 0.000000 0.535561
10.320000 0.004898 4.074763 0.000000 0.550825
10.440000 0.003900 4.168100 0.000000 0.563800
10.559999 0.003500 4.265800 0.000000 0.577500
10.679999 0.002999 4.360120 0.000000 0.591204
10.800000 0.003201 4.456137 0.000000 0.604581
10.920000 0.003300 4.545345 0.000000 0.617438
11.040000 0.003100 4.653500 0.000000 0.633800
11.160000 0.002602 4.737516 0.000000 0.646252
11.280000 0.002501 4.842521 0.000000 0.661531
11.400000 0.002099 4.931321 0.000000 0.674598
11.520000 0.002000 5.022502 0.000000 0.688169
11.639999 0.002100 5.113623 0.000000 0.701440
11.759999 0.001802 5.203904 0.000000 0.715315
11.880000 0.002000 5.296200 0.000000 0.728600
12.000000 0.001801 5.364883 0.000000 0.739870
12.120000 0.002003 5.451522 0.000000 0.752003
12.240000 0.001801 5.522109 0.000000 0.763305
12.360000 0.001399 5.581268 0.000000 0.772391
12.480000 0.001400 5.649435 0.000000 0.783822
12.599999 0.001400 5.714957 0.000000 0.793941
12.719999 0.001300 5.778734 0.000000 0.803141
12.840000 0.001100 5.841268 0.000000 0.812863
12.960000 0.000900 5.899400 0.000000 0.821100
13.080000 0.000800 5.950095 0.000000 0.828983
13.200000 0.000701 6.003604 0.000000 0.837905
13.320000 0.000600 6.056589 0.000000 0.845731
13.440000 0.000600 6.102028 0.000000 0.852403
13.559999 0.000600 6.145971 0.000000 0.860328
13.679999 0.000700 6.203961 0.000000 0.868961
13.799999 0.000701 6.242594 0.000000 0.874700
13.920000 0.000699 6.284759 0.000000 0.882042
14.040000 0.000500 6.332133 0.000000 0.889689
14.160000 0.000300 6.368910 0.000000 0.895269
14.280000 0.000200 6.395740 0.000000 0.900290
14.400000 0.000000 6.426786 0.000000 0.904848
14.520000 0.000000 6.455790 0.000000 0.910481
14.639999 0.000000 6.477800 0.000000 0.914300
14.759999 0.000000 6.503601 0.000000 0.919068
14.880000 0.000000 6.527100 0.000000 0.923100
15.000000 0.000000 6.550575 0.000000 0.927964
15.120000 0.000000 6.566617 0.000000 0.932434
15.240000 0.000000 6.592114 0.000000 0.935955
15.360000 0.000000 6.613884 0.000000 0.940482
15.480000 0.000000 6.622291 0.000000 0.943773
15.599999 0.000000 6.636527 0.000000 0.947490
15.719999 0.000000 6.642807 0.000000 0.950015
15.839999 0.000000 6.654166 0.000000 0.952095
15.960000 0.000000 6.665432 0.000000 0.955078
16.080000 0.000000 6.677803 0.000000 0.958087
16.199999 0.000000 6.683120 0.000000 0.960152
16.320000 0.000000 6.692716 0.000000 0.962277
16.440001 0.000000 6.698277 0.000000 0.964250
16.559999 0.000000 6.704345 0.000000 0.966260
16.680000 0.000000 6.718394 0.000000 0.969143
16.799999 0.000000 6.718400 0.000000 0.970300
16.920000 0.000000 6.717053 0.000000 0.971146
17.039999 0.000000 6.718649 0.000000 0.972055
17.160000 0.000000 6.718369 0.000000 0.973516
17.279999 0.000000 6.718990 0.000000 0.975252
17.400000 0.000000 6.713843 0.000000 0.975312
17.520000 0.000000 6.701180 0.000000 0.975290
17.639999 0.000000 6.702291 0.000000 0.976584
17.760000 0.000000 6.700350 0.000000 0.977911
17.879999 0.000000 6.694909 0.000000 0.978594
18.000000 0.000000 6.686331 0.000000 0.979202
18.119999 0.000000 6.679364 0.000000 0.979204
18.240000 0.000000 6.672064 0.000000 0.979110
18.359999 0.000000 6.669666 0.000000 0.979104
18.480000 0.000000 6.657794 0.000000 0.979288
18.600000 0.000000 6.645216 0.000000 0.979283
18.719999 0.000000 6.631426 0.000000 0.978996
18.840000 0.000000 6.624151 0.000000 0.979042
18.959999 0.000000 6.612438 0.000000 0.979402
19.080000 0.000000 6.605119 0.000000 0.979406
19.199999 0.000000 6.602337 0.000000 0.980122
19.320000 0.000000 6.591264 0.000000 0.980208
19.439999 0.000000 6.582509 0.000000 0.979610
19.559999 0.000000 6.575782 0.000000 0.979818
19.680000 0.000000 6.566520 0.000000 0.981467
19.799999 0.000000 6.561269 0.000000 0.981895
19.920000 0.000000 6.553911 0.000000 0.981596
20.039999 0.000000 6.545146 0.000000 0.981602
20.160000 0.000000 6.532360 0.000000 0.981695
20.279999 0.000000 6.518130 0.000000 0.981121
20.400000 0.000000 6.517110 0.000000 0.980989
20.520000 0.000000 6.509194 0.000000 0.980812
20.639999 0.000000 6.506549 0.000000 0.980302
20.760000 0.000000 6.499150 0.000000 0.980306
20.879999 0.000000 6.492896 0.000000 0.980788
21.000000 0.000000 6.484846 0.000000 0.981294
21.119999 0.000000 6.477783 0.000000 0.980885
21.240000 0.000000 6.467500 0.000000 0.980600
21.359999 0.000000 6.455455 0.000000 0.980202
21.480000 0.000000 6.445711 0.000000 0.980904
21.600000 0.000000 6.439029 0.000000 0.981424
21.719999 0.000000 6.429800 0.000000 0.981987
21.840000 0.000000 6.423634 0.000000 0.980821
21.959999 0.000000 6.414851 0.000000 0.981211
22.080000 0.000000 6.403139 0.000000 0.981407
22.199999 0.000000 6.390656 0.000000 0.981693
22.320000 0.000000 6.375913 0.000000 0.981595
22.439999 0.000000 6.363236 0.000000 0.981398
22.559999 0.000000 6.353990 0.000000 0.981480
22.680000 0.000000 6.345431 0.000000 0.980804
22.799999 0.000000 6.343909 0.000000 0.981183
22.920000 0.000000 6.332966 0.000000 0.981474
23.039999 0.000000 6.325739 0.000000 0.981715
23.160000 0.000000 6.320436 0.000000 0.981904
23.279999 0.000000 6.312682 0.000000 0.981884
23.400000 0.000000 6.298281 0.000000 0.982407
23.519999 0.000000 6.285157 0.000000 0.983073
23.639999 0.000000 6.276456 0.000000 0.983097
23.760000 0.000000 6.272700 0.000000 0.982900
23.879999 0.000000 6.262295 0.000000 0.982907
24.000000 0.000000 6.246251 0.000000 0.982104
24.119999 0.000000 6.240476 0.000000 0.982302
24.240000 0.000000 6.233430 0.000000 0.982505
24.359999 0.000000 6.224300 0.000000 0.983000
24.480000 0.000000 6.218378 0.000000 0.983302
24.600000 0.000000 6.209968 0.000000 0.984187
24.719999 0.000000 6.215943 0.000000 0.983497
24.840000 0.000000 6.208938 0.000000 0.983205
24.959999 0.000000 6.204060 0.000000 0.983503
25.080000 0.000000 6.192601 0.000000 0.983900
25.199999 0.000000 6.183853 0.000000 0.983913
25.320000 0.000000 6.178675 0.000000 0.983512
25.439999 0.000000 6.167500 0.000000 0.983990
25.559999 0.000000 6.162602 0.000000 0.984110
25.680000 0.000000 6.149559 0.000000 0.984194
25.799999 0.000000 6.136496 0.000000 0.983789
25.920000 0.000000 6.122774 0.000000 0.983790
26.039999 0.000000 6.110456 0.000000 0.983792
26.160000 0.000000 6.102100 0.000000 0.983600
26.279999 0.000000 6.096861 0.000000 0.982807
26.400000 0.000000 6.091727 0.000000 0.982695
26.519999 0.000000 6.082916 0.000000 0.982997
26.639999 0.000000 6.082508 0.000000 0.983198
26.760000 0.000000 6.073000 0.000000 0.983200
26.879999 0.000000 6.066607 0.000000 0.983198
27.000000 0.000000 6.063556 0.000000 0.983112
27.119999 0.000000 6.056033 0.000000 0.983790
27.240000 0.000000 6.046104 0.000000 0.983698
27.359999 0.000000 6.038481 0.000000 0.983908
27.480000 0.000000 6.036833 0.000000 0.983185
27.599998 0.000000 6.024580 0.000000 0.983513
27.719999 0.000000 6.019604 0.000000 0.982997
27.840000 0.000000 6.014001 0.000000 0.982198
27.959999 0.000000 6.010110 0.000000 0.981982
28.080000 0.000000 6.008099 0.000000 0.982802
28.199999 0.000000 6.000000 0.000000 0.982407
28.320000 0.000000 5.989186 0.000000 0.981576
28.439999 0.000000 5.993207 0.000000 0.981519
28.559999 0.000000 5.987896 0.000000 0.981795
28.680000 0.000000 5.989097 0.000000 0.981895
28.799999 0.000000 5.982512 0.000000 0.981613
28.920000 0.000000 5.977209 0.000000 0.981907
29.039999 0.000000 5.968688 0.000000 0.981893
29.160000 0.000000 5.965214 0.000000 0.982107
29.279999 0.000000 5.960604 0.000000 0.982002
29.400000 0.000000 5.958737 0.000000 0.982316
29.519999 0.000000 5.951156 0.000000 0.983085
29.639999 0.000000 5.943140 0.000000 0.982612
29.760000 0.000000 5.932239 0.000000 0.982284
29.879999 0.000000 5.932313 0.000000 0.982204
30.000000 0.000000 5.919189 0.000000 0.982819
30.119999 0.000000 5.911282 0.000000 0.983397
30.240000 0.000000 5.897461 0.000000 0.983510
30.359999 0.000000 5.888377 0.000000 0.983897
30.480000 0.000000 5.876651 0.000000 0.984394
30.599998 0.000000 5.867247 0.000000 0.985094
30.719999 0.000000 5.860972 0.000000 0.985197
30.840000 0.000000 5.854969 0.000000 0.985287
30.959999 0.000000 5.855584 0.000000 0.984788
31.080000 0.000000 5.852700 0.000000 0.984400
31.199999 0.000000 5.843068 0.000000 0.983797
31.320000 0.000000 5.839700 0.000000 0.983800
31.439999 0.000000 5.837233 0.000000 0.984203
31.559999 0.000000 5.829634 0.000000 0.984603
31.679998 0.000000 5.828220 0.000000 0.983711
31.799999 0.000000 5.829332 0.000000 0.983493
31.920000 0.000000 5.815837 0.000000 0.984103
32.040001 0.000000 5.810595 0.000000 0.983808
32.160000 0.000000 5.809452 0.000000 0.983613
32.279999 0.000000 5.801240 0.000000 0.983203
32.399998 0.000000 5.795484 0.000000 0.982616
32.520000 0.000000 5.785914 0.000000 0.982693
32.639999 0.000000 5.769292 0.000000 0.982929
32.759998 0.000000 5.763999 0.000000 0.983100
32.880001 0.000000 5.757100 0.000000 0.983500
33.000000 0.000000 5.751528 0.000000 0.983268
33.119999 0.000000 5.743752 0.000000 0.983603
33.239998 0.000000 5.741033 0.000000 0.983415
33.360001 0.000000 5.738253 0.000000 0.983303
33.480000 0.000000 5.731561 0.000000 0.983310
33.599998 0.000000 5.723768 0.000000 0.983080
33.719997 0.000000 5.722372 0.000000 0.983498
33.840000 0.000000 5.710844 0.000000 0.983308
33.959999 0.000000 5.710684 0.000000 0.982793
34.079998 0.000000 5.709158 0.000000 0.982803
34.200001 0.000000 5.701581 0.000000 0.982693
34.320000 0.000000 5.694575 0.000000 0.982116
34.439999 0.000000 5.693047 0.000000 0.981991
34.559998 0.000000 5.684811 0.000000 0.981689
34.680000 0.000000 5.679124 0.000000 0.981813
34.799999 0.000000 5.681477 0.000000 0.981887
34.919998 0.000000 5.668468 0.000000 0.981893
35.040001 0.000000 5.662498 0.000000 0.981595
35.160000 0.000000 5.652317 0.000000 0.982621
35.279999 0.000000 5.647494 0.000000 0.983095
35.399998 0.000000 5.640236 0.000000 0.982402
35.520000 0.000000 5.628237 0.000000 0.982402
35.639999 0.000000 5.618658 0.000000 0.982421
35.759998 0.000000 5.609627 0.000000 0.982488
35.880001 0.000000 5.602180 0.000000 0.982195
36.000000 0.000000 5.597420 0.000000 0.982396
36.119999 0.000000 5.587829 0.000000 0.982184
36.239998 0.000000 5.582651 0.000000 0.982011
36.360001 0.000000 5.578773 0.000000 0.982695
36.480000 0.000000 5.570515 0.000000 0.982809
36.599998 0.000000 5.564774 0.000000 0.983107
36.719997 0.000000 5.555300 0.000000 0.983886
36.840000 0.000000 5.550525 0.000000 0.982909
36.959999 0.000000 5.547000 0.000000 0.982700
37.079998 0.000000 5.537117 0.000000 0.982316
37.200001 0.000000 5.530118 0.000000 0.981989
37.320000 0.000000 5.519720 0.000000 0.981882
37.439999 0.000000 5.509356 0.000000 0.981987
37.559998 0.000000 5.500400 0.000000 0.981407
37.680000 0.000000 5.485651 0.000000 0.981302
37.799999 0.000000 5.481037 0.000000 0.980787
37.919998 0.000000 5.472600 0.000000 0.980600
38.040001 0.000000 5.457500 0.000000 0.980800
38.160000 0.000000 5.446945 0.000000 0.980798
38.279999 0.000000 5.431673 0.000000 0.980892
38.399998 0.000000 5.428101 0.000000 0.981400
38.520000 0.000000 5.420248 0.000000 0.982111
38.639999 0.000000 5.403757 0.000000 0.982111
38.759998 0.000000 5.403460 0.000000 0.982202
38.879997 0.000000 5.390531 0.000000 0.982421
39.000000 0.000000 5.378665 0.000000 0.982388
39.119999 0.000000 5.375175 0.000000 0.982125
39.239998 0.000000 5.356436 0.000000 0.982598
39.360001 0.000000 5.349049 0.000000 0.983183
39.480000 0.000000 5.341095 0.000000 0.982311
39.599998 0.000000 5.339998 0.000000 0.982305
39.719997 0.000000 5.323003 0.000000 0.981905
39.840000 0.000000 5.321397 0.000000 0.981795
39.959999 0.000000 5.313118 0.000000 0.981617
40.079998 0.000000 5.301519 0.000000 0.981711
40.200001 0.000000 5.296667 0.000000 0.981083
40.320000 0.000000 5.288085 0.000000 0.981907
40.439999 0.000000 5.292659 0.000000 0.980696
40.559998 0.000000 5.288090 0.000000 0.981168
40.680000 0.000000 5.276828 0.000000 0.981098
40.799999 0.000000 5.277216 0.000000 0.980606
40.919998 0.000000 5.270316 0.000000 0.980084
41.040001 0.000000 5.269773 0.000000 0.980702
41.160000 0.000000 5.267100 0.000000 0.981100
41.279999 0.000000 5.256574 0.000000 0.981202
41.399998 0.000000 5.258652 0.000000 0.980896
41.520000 0.000000 5.245702 0.000000 0.980708
41.639999 0.000000 5.234877 0.000000 0.980502
41.759998 0.000000 5.222633 0.000000 0.980923
41.879997 0.000000 5.221889 0.000000 0.980292
42.000000 0.000000 5.225329 0.000000 0.979624
42.119999 0.000000 5.215706 0.000000 0.979618
42.239998 0.000000 5.215215 0.000000 0.979780
42.360001 0.000000 5.206959 0.000000 0.979904
42.480000 0.000000 5.201519 0.000000 0.980218
42.599998 0.000000 5.203259 0.000000 0.980504
42.719997 0.000000 5.196017 0.000000 0.979988
42.840000 0.000000 5.196599 0.000000 0.980800
42.959999 0.000000 5.195761 0.000000 0.980104
43.079998 0.000000 5.193068 0.000000 0.980424
43.200001 0.000000 5.194600 0.000000 0.980000
43.320000 0.000000 5.192619 0.000000 0.979798
43.439999 0.000000 5.187543 0.000000 0.979606
43.559998 0.000000 5.178790 0.000000 0.979290
43.680000 0.000000 5.169934 0.000000 0.979896
43.799999 0.000000 5.164933 0.000000 0.979896
43.919998 0.000000 5.170364 0.000000 0.980016
44.040001 0.000000 5.164054 0.000000 0.980130
44.160000 0.000000 5.164567 0.000000 0.979904
44.279999 0.000000 5.156652 0.000000 0.979606
44.399998 0.000000 5.148600 0.000000 0.980000
44.520000 0.000000 5.143114 0.000000 0.980212
44.639999 0.000000 5.133986 0.000000 0.980602
44.759998 0.000000 5.122324 0.000000 0.981196
44.879997 0.000000 5.120757 0.000000 0.981376
45.000000 0.000000 5.115965 0.000000 0.981206
45.119999 0.000000 5.111322 0.000000 0.981179
45.239998 0.000000 5.110956 0.000000 0.981607
45.360001 0.000000 5.107625 0.000000 0.981213
45.480000 0.000000 5.094443 0.000000 0.982511
45.599998 0.000000 5.085032 0.000000 0.982414
45.719997 0.000000 5.081616 0.000000 0.983097
45.840000 0.000000 5.074292 0.000000 0.983202
45.959999 0.000000 5.059846 0.000000 0.983115
46.079998 0.000000 5.054262 0.000000 0.981913
46.200001 0.000000 5.047215 0.000000 0.982195
46.320000 0.000000 5.041858 0.000000 0.982717
46.439999 0.000000 5.042813 0.000000 0.982495
46.559998 0.000000 5.035186 0.000000 0.982507
46.680000 0.000000 5.031219 0.000000 0.982489
46.799999 0.000000 5.034628 0.000000 0.982786
46.919998 0.000000 5.031535 0.000000 0.981880
47.039997 0.000000 5.038038 0.000000 0.981181
47.160000 0.000000 5.025008 0.000000 0.981194
47.279999 0.000000 5.017509 0.000000 0.980290
47.399998 0.000000 5.012100 0.000000 0.980500
47.520000 0.000000 5.010803 0.000000 0.980194
47.639999 0.000000 5.002801 0.000000 0.980794
47.759998 0.000000 4.992407 0.000000 0.981319
47.879997 0.000000 4.983895 0.000000 0.981094
48.000000 0.000000 4.974805 0.000000 0.981304
48.119999 0.000000 4.967206 0.000000 0.981504
48.239998 0.000000 4.955069 0.000000 0.980286
48.360001 0.000000 4.957238 0.000000 0.979818
48.480000 0.000000 4.957821 0.000000 0.979410
48.599998 0.000000 4.949520 0.000000 0.980008
48.719997 0.000000 4.945239 0.000000 0.979714
48.840000 0.000000 4.944533 0.000000 0.980512
48.959999 0.000000 4.935707 0.000000 0.980502
49.079998 0.000000 4.928000 0.000000 0.980700
49.200001 0.000000 4.920284 0.000000 0.980596
49.320000 0.000000 4.909910 0.000000 0.980080
49.439999 0.000000 4.903542 0.000000 0.980688
49.559998 0.000000 4.904244 0.000000 0.980929
49.680000 0.000000 4.893538 0.000000 0.981824
49.799999 0.000000 4.887823 0.000000 0.981004
49.919998 0.000000 4.880753 0.000000 0.981192
50.039997 0.000000 4.875737 0.000000 0.980906
50.160000 0.000000 4.871061 0.000000 0.980694
50.279999 0.000000 4.859414 0.000000 0.980602
50.399998 0.000000 4.856915 0.000000 0.980016
50.520000 0.000000 4.857343 0.000000 0.980806
50.639999 0.000000 4.857114 0.000000 0.980274
50.759998 0.000000 4.847408 0.000000 0.980688
50.879997 0.000000 4.836416 0.000000 0.980702
51.000000 0.000000 4.823188 0.000000 0.981109
51.119999 0.000000 4.815292 0.000000 0.980310
51.239998 0.000000 4.804481 0.000000 0.980198
51.360001 0.000000 4.804927 0.000000 0.980673
51.480000 0.000000 4.793079 0.000000 0.980698
51.599998 0.000000 4.782713 0.000000 0.981092
51.719997 0.000000 4.781144 0.000000 0.982104
51.840000 0.000000 4.778344 0.000000 0.981704
51.959999 0.000000 4.777733 0.000000 0.981611
52.079998 0.000000 4.772709 0.000000 0.981893
52.199997 0.000000 4.773732 0.000000 0.981394
52.320000 0.000000 4.763589 0.000000 0.981415
52.439999 0.000000 4.752799 0.000000 0.981907
52.559998 0.000000 4.740652 0.000000 0.982404
52.680000 0.000000 4.734147 0.000000 0.982396
52.799999 0.000000 4.731358 0.000000 0.981984
52.919998 0.000000 4.730581 0.000000 0.982005
53.039997 0.000000 4.723790 0.000000 0.982493
53.160000 0.000000 4.718018 0.000000 0.982883
53.279999 0.000000 4.719896 0.000000 0.982312
53.399998 0.000000 4.728045 0.000000 0.982396
53.520000 0.000000 4.720312 0.000000 0.982507
53.639999 0.000000 4.710071 0.000000 0.983198
53.759998 0.000000 4.707617 0.000000 0.983407
53.879997 0.000000 4.706959 0.000000 0.982903
54.000000 0.000000 4.705594 0.000000 0.982888
54.119999 0.000000 4.691947 0.000000 0.983313
54.239998 0.000000 4.681328 0.000000 0.983007
54.360001 0.000000 4.663666 0.000000 0.982598
54.480000 0.000000 4.653558 0.000000 0.982087
54.599998 0.000000 4.651917 0.000000 0.982180
54.719997 0.000000 4.646152 0.000000 0.981787
54.840000 0.000000 4.637791 0.000000 0.980694
54.959999 0.000000 4.635054 0.000000 0.980792
55.079998 0.000000 4.622758 0.000000 0.980066
55.199997 0.000000 4.621417 0.000000 0.980022
55.320000 0.000000 4.604977 0.000000 0.980314
55.439999 0.000000 4.593541 0.000000 0.980302
55.559998 0.000000 4.584633 0.000000 0.979416
55.680000 0.000000 4.577131 0.000000 0.979192
55.799999 0.000000 4.567754 0.000000 0.979884
55.919998 0.000000 4.558409 0.000000 0.979115
56.039997 0.000000 4.547191 0.000000 0.978504
56.160000 0.000000 4.534674 0.000000 0.979085
56.279999 0.000000 4.534800 0.000000 0.979000
56.399998 0.000000 4.524695 0.000000 0.979604
56.520000 0.000000 4.522487 0.000000 0.979013
56.639999 0.000000 4.514369 0.000000 0.978772
56.759998 0.000000 4.515167 0.000000 0.978877
56.879997 0.000000 4.518752 0.000000 0.978498
57.000000 0.000000 4.510441 0.000000 0.978020
57.119999 0.000000 4.501799 0.000000 0.978513
57.239998 0.000000 4.496947 0.000000 0.978080
57.360001 0.000000 4.498401 0.000000 0.978513
57.480000 0.000000 4.493489 0.000000 0.978766
57.599998 0.000000 4.486898 0.000000 0.979696
57.719997 0.000000 4.475986 0.000000 0.979531
57.840000 0.000000 4.473779 0.000000 0.979523
57.959999 0.000000 4.460838 0.000000 0.979294
58.079998 0.000000 4.456147 0.000000 0.979976
58.199997 0.000000 4.449080 0.000000 0.979792
58.320000 0.000000 4.442889 0.000000 0.980596
58.439999 0.000000 4.441677 0.000000 0.979992
58.559998 0.000000 4.437725 0.000000 0.980008
58.680000 0.000000 4.422988 0.000000 0.980310
58.799999 0.000000 4.422657 0.000000 0.980702
58.919998 0.000000 4.423724 0.000000 0.980080
59.039997 0.000000 4.411717 0.000000 0.980504
59.160000 0.000000 4.395761 0.000000 0.980502
59.279999 0.000000 4.382209 0.000000 0.981009
59.399998 0.000000 4.386024 0.000000 0.981980
59.520000 0.000000 4.381997 0.000000 0.982778
59.639999 0.000000 4.374562 0.000000 0.982288
59.759998 0.000000 4.374863 0.000000 0.982202
59.879997 0.000000 4.370797 0.000000 0.981485
60.000000 0.000000 4.376126 0.000000 0.981989
60.119999 0.000000 4.366927 0.000000 0.982703
60.239998 0.000000 4.359720 0.000000 0.982609
60.359997 0.000000 4.348891 0.000000 0.982511
60.480000 0.000000 4.343503 0.000000 0.982095
60.599998 0.000000 4.338966 0.000000 0.982102
60.719997 0.000000 4.333433 0.000000 0.981898
60.840000 0.000000 4.334567 0.000000 0.982096
60.959999 0.000000 4.331734 0.000000 0.982409
61.079998 0.000000 4.326072 0.000000 0.982912
61.199997 0.000000 4.318327 0.000000 0.983393
61.320000 0.000000 4.316712 0.000000 0.983278
61.439999 0.000000 4.310844 0.000000 0.983108
61.559998 0.000000 4.305600 0.000000 0.983100
61.680000 0.000000 4.292859 0.000000 0.983797
61.799999 0.000000 4.280328 0.000000 0.984498
61.919998 0.000000 4.271863 0.000000 0.984891
62.039997 0.000000 4.277428 0.000000 0.984698
62.160000 0.000000 4.274446 0.000000 0.985187
62.279999 0.000000 4.263942 0.000000 0.985609
62.399998 0.000000 4.256479 0.000000 0.985790
62.520000 0.000000 4.246105 0.000000 0.985018
62.639999 0.000000 4.238767 0.000000 0.985190
62.759998 0.000000 4.234523 0.000000 0.985399
62.879997 0.000000 4.233147 0.000000 0.985297
63.000000 0.000000 4.233107 0.000000 0.985206
63.119999 0.000000 4.227091 0.000000 0.985594
63.239998 0.000000 4.215236 0.000000 0.985504
63.359997 0.000000 4.225178 0.000000 0.985201
63.480000 0.000000 4.221533 0.000000 0.984591
63.599998 0.000000 4.218866 0.000000 0.984295
63.719997 0.000000 4.218087 0.000000 0.984194
63.840000 0.000000 4.217657 0.000000 0.984703
63.959999 0.000000 4.217578 0.000000 0.984901
64.080002 0.000000 4.210985 0.000000 0.984294
64.199997 0.000000 4.201061 0.000000 0.984488
64.320000 0.000000 4.206297 0.000000 0.984208
64.439995 0.000000 4.197038 0.000000 0.984389
64.559998 0.000000 4.186543 0.000000 0.984780
64.680000 0.000000 4.177947 0.000000 0.984805
64.799995 0.000000 4.178421 0.000000 0.983417
64.919998 0.000000 4.169630 0.000000 0.983217
65.040001 0.000000 4.171737 0.000000 0.982986
65.159996 0.000000 4.167300 0.000000 0.982311
65.279999 0.000000 4.163784 0.000000 0.982302
65.400002 0.000000 4.150565 0.000000 0.982016
65.519997 0.000000 4.136941 0.000000 0.981695
65.639999 0.000000 4.135986 0.000000 0.982302
65.760002 0.000000 4.132840 0.000000 0.982795
65.879997 0.000000 4.123637 0.000000 0.983095
66.000000 0.000000 4.117053 0.000000 0.983007
66.119995 0.000000 4.108254 0.000000 0.982691
66.239998 0.000000 4.105921 0.000000 0.982697
66.360001 0.000000 4.097468 0.000000 0.981987
66.479996 0.000000 4.091281 0.000000 0.982423
66.599998 0.000000 4.081901 0.000000 0.981200
66.720001 0.000000 4.077107 0.000000 0.980798
66.839996 0.000000 4.081865 0.000000 0.980685
66.959999 0.000000 4.077185 0.000000 0.980504
67.080002 0.000000 4.064813 0.000000 0.980296
67.199997 0.000000 4.054883 0.000000 0.980506
67.320000 0.000000 4.041383 0.000000 0.980708
67.439995 0.000000 4.039288 0.000000 0.981606
67.559998 0.000000 4.033931 0.000000 0.981583
67.680000 0.000000 4.027122 0.000000 0.980985
67.799995 0.000000 4.016720 0.000000 0.980977
67.919998 0.000000 4.012065 0.000000 0.980955
68.040001 0.000000 4.010500 0.000000 0.980700
68.159996 0.000000 4.008298 0.000000 0.980706
68.279999 0.000000 4.002101 0.000000 0.980990
68.400002 0.000000 3.990605 0.000000 0.980510
68.519997 0.000000 3.987110 0.000000 0.980416
68.639999 0.000000 3.983589 0.000000 0.980686
68.760002 0.000000 3.984095 0.000000 0.980194
68.879997 0.000000 3.986012 0.000000 0.980218
69.000000 0.000000 3.979110 0.000000 0.980310
69.119995 0.000000 3.966027 0.000000 0.980316
69.239998 0.000000 3.969285 0.000000 0.981091
69.360001 0.000000 3.969612 0.000000 0.981507
69.479996 0.000000 3.965883 0.000000 0.980390
69.599998 0.000000 3.965621 0.000000 0.980911
69.720001 0.000000 3.952981 0.000000 0.981893
69.839996 0.000000 3.945784 0.000000 0.981595
69.959999 0.000000 3.941265 0.000000 0.982220
70.080002 0.000000 3.937537 0.000000 0.981211
70.199997 0.000000 3.936894 0.000000 0.980298
70.320000 0.000000 3.935723 0.000000 0.979576
70.439995 0.000000 3.927551 0.000000 0.979814
70.559998 0.000000 3.918914 0.000000 0.979629
70.680000 0.000000 3.910909 0.000000 0.981102
70.799995 0.000000 3.916267 0.000000 0.981515
70.919998 0.000000 3.915283 0.000000 0.982196
71.040001 0.000000 3.907226 0.000000 0.983287
71.159996 0.000000 3.907691 0.000000 0.982298
71.279999 0.000000 3.898261 0.000000 0.982311
71.400002 0.000000 3.890366 0.000000 0.982910
71.519997 0.000000 3.885015 0.000000 0.982018
71.639999 0.000000 3.871226 0.000000 0.982404
71.760002 0.000000 3.860158 0.000000 0.982895
71.879997 0.000000 3.842547 0.000000 0.982405
72.000000 0.000000 3.841911 0.000000 0.982512
72.119995 0.000000 3.835032 0.000000 0.982614
72.239998 0.000000 3.829086 0.000000 0.982609
72.360001 0.000000 3.827831 0.000000 0.982493
72.479996 0.000000 3.826773 0.000000 0.982517
72.599998 0.000000 3.820126 0.000000 0.982512
72.720001 0.000000 3.819208 0.000000 0.982411
72.839996 0.000000 3.808972 0.000000 0.981916
72.959999 0.000000 3.806058 0.000000 0.981905
73.080002 0.000000 3.814419 0.000000 0.982002
73.199997 0.000000 3.810757 0.000000 0.982205
73.320000 0.000000 3.811326 0.000000 0.982121
73.439995 0.000000 3.808881 0.000000 0.982398
73.559998 0.000000 3.801598 0.000000 0.981918
73.680000 0.000000 3.802378 0.000000 0.981617
73.799995 0.000000 3.797801 0.000000 0.980610
73.919998 0.000000 3.794006 0.000000 0.980919
74.040001 0.000000 3.790700 0.000000 0.980600
74.159996 0.000000 3.779101 0.000000 0.980182
74.279999 0.000000 3.768576 0.000000 0.980873
74.400002 0.000000 3.770115 0.000000 0.981109
74.519997 0.000000 3.753374 0.000000 0.981506
74.639999 0.000000 3.741574 0.000000 0.981398
74.760002 0.000000 3.740130 0.000000 0.982109
74.879997 0.000000 3.735106 0.000000 0.983007
75.000000 0.000000 3.729162 0.000000 0.983210
75.119995 0.000000 3.729275 0.000000 0.982879
75.239998 0.000000 3.733413 0.000000 0.983288
75.360001 0.000000 3.729770 0.000000 0.983117
75.479996 0.000000 3.724241 0.000000 0.983926
75.599998 0.000000 3.727464 0.000000 0.982992
75.720001 0.000000 3.720144 0.000000 0.982096
75.839996 0.000000 3.717598 0.000000 0.982113
75.959999 0.000000 3.701939 0.000000 0.982414
76.080002 0.000000 3.692801 0.000000 0.982377
76.199997 0.000000 3.683039 0.000000 0.981631
76.320000 0.000000 3.684795 0.000000 0.981705
76.439995 0.000000 3.681464 0.000000 0.982004
76.559998 0.000000 3.681223 0.000000 0.981413
76.680000 0.000000 3.670270 0.000000 0.981582
76.799995 0.000000 3.662398 0.000000 0.982089
76.919998 0.000000 3.658131 0.000000 0.982096
77.040001 0.000000 3.649880 0.000000 0.982479
77.159996 0.000000 3.641913 0.000000 0.981385
77.279999 0.000000 3.639100 0.000000 0.981400
77.400002 0.000000 3.635891 0.000000 0.981394
77.519997 0.000000 3.630189 0.000000 0.980794
77.639999 0.000000 3.621865 0.000000 0.981313
77.759995 0.000000 3.617500 0.000000 0.981200
77.879997 0.000000 3.613387 0.000000 0.981319
78.000000 0.000000 3.616768 0.000000 0.981313
78.119995 0.000000 3.610611 0.000000 0.981015
78.239998 0.000000 3.612127 0.000000 0.981321
78.360001 0.000000 3.595743 0.000000 0.981011
78.479996 0.000000 3.593022 0.000000 0.981206
78.599998 0.000000 3.589469 0.000000 0.980418
78.720001 0.000000 3.583633 0.000000 0.980915
78.839996 0.000000 3.580971 0.000000 0.981272
78.959999 0.000000 3.571557 0.000000 0.981311
79.080002 0.000000 3.565543 0.000000 0.980902
79.199997 0.000000 3.563013 0.000000 0.981196
79.320000 0.000000 3.558756 0.000000 0.981098
79.439995 0.000000 3.553166 0.000000 0.980494
79.559998 0.000000 3.548445 0.000000 0.979902
79.680000 0.000000 3.547843 0.000000 0.980224
79.799995 0.000000 3.537355 0.000000 0.980823
79.919998 0.000000 3.530993 0.000000 0.981104
80.040001 0.000000 3.519352 0.000000 0.981498
80.159996 0.000000 3.515309 0.000000 0.981489
80.279999 0.000000 3.504600 0.000000 0.981100
80.400002 0.000000 3.507304 0.000000 0.980788
80.519997 0.000000 3.504049 0.000000 0.981002
80.639999 0.000000 3.501400 0.000000 0.981000
80.759995 0.000000 3.496255 0.000000 0.980525
80.879997 0.000000 3.490106 0.000000 0.981211
81.000000 0.000000 3.487387 0.000000 0.981381
81.119995 0.000000 3.477018 0.000000 0.980715
81.239998 0.000000 3.477896 0.000000 0.981196
81.360001 0.000000 3.470412 0.000000 0.981707
81.479996 0.000000 3.466573 0.000000 0.981413
81.599998 0.000000 3.465574 0.000000 0.981713
81.720001 0.000000 3.461869 0.000000 0.981609
81.839996 0.000000 3.454391 0.000000 0.982216
81.959999 0.000000 3.453891 0.000000 0.982416
82.080002 0.000000 3.457374 0.000000 0.982890
82.199997 0.000000 3.452785 0.000000 0.983330
82.320000 0.000000 3.437544 0.000000 0.983225
82.439995 0.000000 3.439324 0.000000 0.983507
82.559998 0.000000 3.436531 0.000000 0.983895
82.680000 0.000000 3.437968 0.000000 0.983005
82.799995 0.000000 3.429015 0.000000 0.982591
82.919998 0.000000 3.422865 0.000000 0.982080
83.040001 0.000000 3.422623 0.000000 0.981582
83.159996 0.000000 3.418865 0.000000 0.982414
83.279999 0.000000 3.420648 0.000000 0.982610
83.400002 0.000000 3.417075 0.000000 0.982084
83.519997 0.000000 3.410164 0.000000 0.982393
83.639999 0.000000 3.406622 0.000000 0.982395
83.759995 0.000000 3.399680 0.000000 0.982697
83.879997 0.000000 3.401682 0.000000 0.982679
84.000000 0.000000 3.395838 0.000000 0.982089
84.119995 0.000000 3.390341 0.000000 0.981940
84.239998 0.000000 3.393072 0.000000 0.981778
84.360001 0.000000 3.390475 0.000000 0.981230
84.479996 0.000000 3.376951 0.000000 0.980192
84.599998 0.000000 3.369289 0.000000 0.979806
84.720001 0.000000 3.371874 0.000000 0.979596
84.839996 0.000000 3.373274 0.000000 0.979996
84.959999 0.000000 3.373574 0.000000 0.981181
85.080002 0.000000 3.371963 0.000000 0.981602
85.199997 0.000000 3.362002 0.000000 0.981620
85.320000 0.000000 3.358572 0.000000 0.982196
85.439995 0.000000 3.349745 0.000000 0.981887
85.559998 0.000000 3.349900 0.000000 0.981400
85.680000 0.000000 3.344734 0.000000 0.981898
85.799995 0.000000 3.335433 0.000000 0.981598
85.919998 0.000000 3.338071 0.000000 0.981685
86.040001 0.000000 3.336565 0.000000 0.981613
86.159996 0.000000 3.334434 0.000000 0.982093
86.279999 0.000000 3.335699 0.000000 0.981905
86.400002 0.000000 3.332467 0.000000 0.982402
86.519997 0.000000 3.327298 0.000000 0.982795
86.639999 0.000000 3.331166 0.000000 0.982391
86.759995 0.000000 3.325660 0.000000 0.982586
86.879997 0.000000 3.326228 0.000000 0.983088
87.000000 0.000000 3.324987 0.000000 0.983075
87.119995 0.000000 3.326663 0.000000 0.982691
87.239998 0.000000 3.322239 0.000000 0.983308
87.360001 0.000000 3.321593 0.000000 0.982890
87.479996 0.000000 3.323735 0.000000 0.982703
87.599998 0.000000 3.326936 0.000000 0.982409
87.720001 0.000000 3.323191 0.000000 0.981784
87.839996 0.000000 3.322071 0.000000 0.982007
87.959999 0.000000 3.321543 0.000000 0.982414
88.080002 0.000000 3.320560 0.000000 0.982992
88.199997 0.000000 3.317732 0.000000 0.982798
88.320000 0.000000 3.323062 0.000000 0.982691
88.439995 0.000000 3.316895 0.000000 0.983395
88.559998 0.000000 3.315232 0.000000 0.983398
88.680000 0.000000 3.316179 0.000000 0.983512
88.799995 0.000000 3.325272 0.000000 0.984111
88.919998 0.000000 3.317927 0.000000 0.984294
89.040001 0.000000 3.315911 0.000000 0.985009
89.159996 0.000000 3.311307 0.000000 0.984605
89.279999 0.000000 3.309958 0.000000 0.985474
89.400002 0.000000 3.305000 0.000000 0.985500
89.519997 0.000000 3.308100 0.000000 0.985900
89.639999 0.000000 3.300339 0.000000 0.985318
89.759995 0.000000 3.300809 0.000000 0.985519
89.879997 0.000000 3.288500 0.000000 0.985500
90.000000 0.000000 3.290478 0.000000 0.984880
90.119995 0.000000 3.277217 0.000000 0.984205
90.239998 0.000000 3.273882 0.000000 0.984395
90.360001 0.000000 3.277933 0.000000 0.984509
90.479996 0.000000 3.278072 0.000000 0.984402
90.599998 0.000000 3.266914 0.000000 0.984087
90.720001 0.000000 3.271427 0.000000 0.984198
90.839996 0.000000 3.262415 0.000000 0.984581
90.959999 0.000000 3.256695 0.000000 0.984612
91.079994 0.000000 3.252602 0.000000 0.984988
91.199997 0.000000 3.247751 0.000000 0.985009
91.320000 0.000000 3.250925 0.000000 0.984605
91.439995 0.000000 3.241597 0.000000 0.984194
91.559998 0.000000 3.233417 0.000000 0.984392
91.680000 0.000000 3.231761 0.000000 0.984709
91.799995 0.000000 3.228309 0.000000 0.984806
91.919998 0.000000 3.222422 0.000000 0.985098
92.040001 0.000000 3.222733 0.000000 0.985104
92.159996 0.000000 3.223766 0.000000 0.985009
92.279999 0.000000 3.219568 0.000000 0.984409
92.400002 0.000000 3.207487 0.000000 0.983986
92.519997 0.000000 3.206124 0.000000 0.983690
92.639999 0.000000 3.199980 0.000000 0.983302
92.759995 0.000000 3.196380 0.000000 0.983002
92.879997 0.000000 3.191149 0.000000 0.983278
93.000000 0.000000 3.187744 0.000000 0.982778
93.119995 0.000000 3.182892 0.000000 0.983092
93.239998 0.000000 3.169798 0.000000 0.983410
93.360001 0.000000 3.156575 0.000000 0.983813
93.479996 0.000000 3.140072 0.000000 0.982803
93.599998 0.000000 3.137104 0.000000 0.982712
93.720001 0.000000 3.140658 0.000000 0.983305
93.839996 0.000000 3.143743 0.000000 0.983007
93.959999 0.000000 3.142301 0.000000 0.982412
94.079994 0.000000 3.141673 0.000000 0.982416
94.199997 0.000000 3.140530 0.000000 0.982209
94.320000 0.000000 3.140342 0.000000 0.982295
94.439995 0.000000 3.134727 0.000000 0.982096
94.559998 0.000000 3.131152 0.000000 0.982293
94.680000 0.000000 3.124101 0.000000 0.982014
94.799995 0.000000 3.126713 0.000000 0.981898
94.919998 0.000000 3.119980 0.000000 0.981419
95.040001 0.000000 3.111688 0.000000 0.981319
95.159996 0.000000 3.107536 0.000000 0.981811
95.279999 0.000000 3.103169 0.000000 0.982405
95.400002 0.000000 3.088253 0.000000 0.982790
95.519997 0.000000 3.094681 0.000000 0.982703
95.639999 0.000000 3.087697 0.000000 0.982781
95.759995 0.000000 3.081798 0.000000 0.982879
95.879997 0.000000 3.084342 0.000000 0.982992
96.000000 0.000000 3.079556 0.000000 0.983488
96.119995 0.000000 3.066367 0.000000 0.983908
96.239998 0.000000 3.069349 0.000000 0.983689
96.360001 0.000000 3.064287 0.000000 0.984803
96.479996 0.000000 3.055817 0.000000 0.983695
96.599998 0.000000 3.054973 0.000000 0.982909
96.720001 0.000000 3.048128 0.000000 0.982127
96.839996 0.000000 3.045382 0.000000 0.982507
96.959999 0.000000 3.040688 0.000000 0.983205
97.079994 0.000000 3.029153 0.000000 0.984026
97.199997 0.000000 3.024780 0.000000 0.983713
97.320000 0.000000 3.018495 0.000000 0.983305
97.439995 0.000000 3.016074 0.000000 0.983526
97.559998 0.000000 3.011415 0.000000 0.983579
97.680000 0.000000 3.009805 0.000000 0.983692
97.799995 0.000000 3.003500 0.000000 0.984002
97.919998 0.000000 3.006101 0.000000 0.983598
98.040001 0.000000 3.001199 0.000000 0.983605
98.159996 0.000000 3.004201 0.000000 0.982895
98.279999 0.000000 2.996600 0.000000 0.982700
98.400002 0.000000 2.988488 0.000000 0.982482
98.519997 0.000000 2.987890 0.000000 0.982786
98.639999 0.000000 2.986003 0.000000 0.982703
98.759995 0.000000 2.982404 0.000000 0.983403
98.879997 0.000000 2.985810 0.000000 0.983012
99.000000 0.000000 2.981607 0.000000 0.982507
99.119995 0.000000 2.978302 0.000000 0.982702
99.239998 0.000000 2.977098 0.000000 0.982098
99.360001 0.000000 2.973203 0.000000 0.981702
99.479996 0.000000 2.969718 0.000000 0.981211
99.599998 0.000000 2.963707 0.000000 0.981704
99.720001 0.000000 2.965420 0.000000 0.981911
99.839996 0.000000 2.965018 0.000000 0.982309
99.959999 0.000000 2.966093 0.000000 0.982697
100.079994 0.000000 2.964193 0.000000 0.981896
100.199997 0.000000 2.960604 0.000000 0.981802
100.320000 0.000000 2.958171 0.000000 0.981931
100.439995 0.000000 2.961504 0.000000 0.982402
100.559998 0.000000 2.960172 0.000000 0.982488
100.680000 0.000000 2.951824 0.000000 0.982109
100.799995 0.000000 2.945843 0.000000 0.981515
100.919998 0.000000 2.942100 0.000000 0.981100
101.040001 0.000000 2.938225 0.000000 0.981308
101.159996 0.000000 2.937812 0.000000 0.981804
101.279999 0.000000 2.935067 0.000000 0.981191
101.400002 0.000000 2.928243 0.000000 0.981085
101.519997 0.000000 2.916108 0.000000 0.980902
101.639999 0.000000 2.914291 0.000000 0.980698
101.759995 0.000000 2.909236 0.000000 0.981008
101.879997 0.000000 2.901968 0.000000 0.980014
102.000000 0.000000 2.903129 0.000000 0.980106
102.119995 0.000000 2.903552 0.000000 0.980190
102.239998 0.000000 2.899820 0.000000 0.979804
102.360001 0.000000 2.910373 0.000000 0.979694
102.479996 0.000000 2.906547 0.000000 0.979910
102.599998 0.000000 2.902578 0.000000 0.980016
102.720001 0.000000 2.896183 0.000000 0.979816
102.839996 0.000000 2.887356 0.000000 0.979710
102.959999 0.000000 2.882612 0.000000 0.980168
103.079994 0.000000 2.884692 0.000000 0.981215
103.199997 0.000000 2.879636 0.000000 0.981606
103.320000 0.000000 2.880924 0.000000 0.982104
103.439995 0.000000 2.870174 0.000000 0.982396
103.559998 0.000000 2.874013 0.000000 0.981802
103.680000 0.000000 2.868534 0.000000 0.980990
103.799995 0.000000 2.861842 0.000000 0.980106
103.919998 0.000000 2.851930 0.000000 0.980604
104.040001 0.000000 2.851897 0.000000 0.979886
104.159996 0.000000 2.843300 0.000000 0.980000
104.279999 0.000000 2.834466 0.000000 0.979908
104.399994 0.000000 2.827138 0.000000 0.980116
104.519997 0.000000 2.825070 0.000000 0.979908
104.639999 0.000000 2.822718 0.000000 0.980902
104.759995 0.000000 2.818672 0.000000 0.980708
104.879997 0.000000 2.816727 0.000000 0.980392
105.000000 0.000000 2.812250 0.000000 0.980815
105.119995 0.000000 2.814063 0.000000 0.981096
105.239998 0.000000 2.812013 0.000000 0.981411
105.360001 0.000000 2.807438 0.000000 0.981404
105.479996 0.000000 2.802300 0.000000 0.981000
105.599998 0.000000 2.804361 0.000000 0.980996
105.720001 0.000000 2.791291 0.000000 0.981381
105.839996 0.000000 2.792500 0.000000 0.980500
105.959999 0.000000 2.798941 0.000000 0.980823
106.079994 0.000000 2.798601 0.000000 0.981909
106.199997 0.000000 2.799140 0.000000 0.981394
106.320000 0.000000 2.792325 0.000000 0.981011
106.439995 0.000000 2.781175 0.000000 0.981415
106.559998 0.000000 2.783187 0.000000 0.982107
106.680000 0.000000 2.786792 0.000000 0.981916
106.799995 0.000000 2.783240 0.000000 0.981978
106.919998 0.000000 2.774768 0.000000 0.982505
107.040001 0.000000 2.772328 0.000000 0.982218
107.159996 0.000000 2.775790 0.000000 0.981507
107.279999 0.000000 2.777344 0.000000 0.981187
107.399994 0.000000 2.774091 0.000000 0.981807
107.519997 0.000000 2.768338 0.000000 0.981987
107.639999 0.000000 2.760396 0.000000 0.982007
107.759995 0.000000 2.764259 0.000000 0.981589
107.879997 0.000000 2.764207 0.000000 0.981824
108.000000 0.000000 2.757755 0.000000 0.981289
108.119995 0.000000 2.758155 0.000000 0.980588
108.239998 0.000000 2.753879 0.000000 0.981283
108.360001 0.000000 2.756000 0.000000 0.981800
108.479996 0.000000 2.744800 0.000000 0.983000
108.599998 0.000000 2.740519 0.000000 0.983188
108.720001 0.000000 2.732393 0.000000 0.983393
108.839996 0.000000 2.731795 0.000000 0.983019
108.959999 0.000000 2.726700 0.000000 0.983900
109.079994 0.000000 2.730138 0.000000 0.984191
109.199997 0.000000 2.719037 0.000000 0.983620
109.320000 0.000000 2.721228 0.000000 0.983902
109.439995 0.000000 2.716857 0.000000 0.983303
109.559998 0.000000 2.713143 0.000000 0.983608
109.680000 0.000000 2.711113 0.000000 0.983495
109.799995 0.000000 2.707942 0.000000 0.983197
109.919998 0.000000 2.698880 0.000000 0.983193
110.040001 0.000000 2.695086 0.000000 0.982788
110.159996 0.000000 2.689693 0.000000 0.982905
110.279999 0.000000 2.680532 0.000000 0.983302
110.399994 0.000000 2.672500 0.000000 0.983600
110.519997 0.000000 2.665234 0.000000 0.983711
110.639999 0.000000 2.658661 0.000000 0.983088
110.759995 0.000000 2.649915 0.000000 0.983515
110.879997 0.000000 2.646106 0.000000 0.983105
111.000000 0.000000 2.641164 0.000000 0.982298
111.119995 0.000000 2.641629 0.000000 0.982897
111.239998 0.000000 2.629166 0.000000 0.981583
111.360001 0.000000 2.628960 0.000000 0.981113
111.479996 0.000000 2.624613 0.000000 0.981106
111.599998 0.000000 2.614616 0.000000 0.980306
111.720001 0.000000 2.607293 0.000000 0.980919
111.839996 0.000000 2.605287 0.000000 0.981576
111.959999 0.000000 2.601560 0.000000 0.982298
112.079994 0.000000 2.603883 0.000000 0.982286
112.199997 0.000000 2.594862 0.000000 0.982407
112.320000 0.000000 2.593585 0.000000 0.983112
112.439995 0.000000 2.588159 0.000000 0.982798
112.559998 0.000000 2.578358 0.000000 0.983398
112.680000 0.000000 2.579558 0.000000 0.983698
112.799995 0.000000 2.578206 0.000000 0.983420
112.919998 0.000000 2.571971 0.000000 0.983707
113.040001 0.000000 2.570829 0.000000 0.982805
113.159996 0.000000 2.561913 0.000000 0.982697
113.279999 0.000000 2.554566 0.000000 0.982395
113.399994 0.000000 2.551945 0.000000 0.983102
113.519997 0.000000 2.550005 0.000000 0.982915
113.639999 0.000000 2.554833 0.000000 0.982690
113.759995 0.000000 2.556556 0.000000 0.982298
113.879997 0.000000 2.560012 0.000000 0.982897
114.000000 0.000000 2.556824 0.000000 0.983078
114.119995 0.000000 2.557000 0.000000 0.983100
114.239998 0.000000 2.552007 0.000000 0.982781
114.360001 0.000000 2.544062 0.000000 0.982876
114.479996 0.000000 2.536607 0.000000 0.982497
114.599998 0.000000 2.528230 0.000000 0.982312
114.720001 0.000000 2.526310 0.000000 0.981993
114.839996 0.000000 2.521196 0.000000 0.982204
114.959999 0.000000 2.514112 0.000000 0.982486
115.079994 0.000000 2.512495 0.000000 0.982707
115.199997 0.000000 2.508796 0.000000 0.983107
115.320000 0.000000 2.505245 0.000000 0.983015
115.439995 0.000000 2.502049 0.000000 0.983108
115.559998 0.000000 2.496849 0.000000 0.983292
115.680000 0.000000 2.487805 0.000000 0.983007
115.799995 0.000000 2.484509 0.000000 0.982910
115.919998 0.000000 2.475238 0.000000 0.982992
116.040001 0.000000 2.467487 0.000000 0.982593
116.159996 0.000000 2.470459 0.000000 0.982905
116.279999 0.000000 2.473505 0.000000 0.982204
116.399994 0.000000 2.471470 0.000000 0.981913
116.519997 0.000000 2.463929 0.000000 0.981315
116.639999 0.000000 2.460138 0.000000 0.981995
116.759995 0.000000 2.462239 0.000000 0.981795
116.879997 0.000000 2.449455 0.000000 0.981802
117.000000 0.000000 2.447963 0.000000 0.982022
117.119995 0.000000 2.442335 0.000000 0.981811
117.239998 0.000000 2.443734 0.000000 0.982111
117.360001 0.000000 2.432373 0.000000 0.983193
117.479996 0.000000 2.429200 0.000000 0.982600
117.599998 0.000000 2.427928 0.000000 0.983095
117.719994 0.000000 2.427958 0.000000 0.982314
117.839996 0.000000 2.422796 0.000000 0.981887
117.959999 0.000000 2.414800 0.000000 0.981200
118.079994 0.000000 2.407815 0.000000 0.981713
118.199997 0.000000 2.405184 0.000000 0.982888
118.320000 0.000000 2.399900 0.000000 0.983100
118.439995 0.000000 2.394470 0.000000 0.982170
118.559998 0.000000 2.393961 0.000000 0.982402
118.680000 0.000000 2.390644 0.000000 0.982207
118.799995 0.000000 2.387349 0.000000 0.982084
118.919998 0.000000 2.390619 0.000000 0.982335
119.040001 0.000000 2.387845 0.000000 0.982407
119.159996 0.000000 2.382368 0.000000 0.982488
119.279999 0.000000 2.381376 0.000000 0.981196
119.399994 0.000000 2.380528 0.000000 0.981589
119.519997 0.000000 2.380576 0.000000 0.981296
119.639999 0.000000 2.378316 0.000000 0.981380
119.759995 0.000000 2.377987 0.000000 0.982005
119.879997 0.000000 2.374187 0.000000 0.982277
120.000000 0.000000 2.368100 0.000000 0.982200
120.119995 0.000000 2.367984 0.000000 0.982091
120.239998 0.000000 2.360304 0.000000 0.981920
120.360001 0.000000 2.357143 0.000000 0.981918
120.479996 0.000000 2.362573 0.000000 0.982196
120.599998 0.000000 2.355880 0.000000 0.982416
120.719994 0.000000 2.350970 0.000000 0.981996
120.839996 0.000000 2.350570 0.000000 0.981596
120.959999 0.000000 2.352629 0.000000 0.981804
121.079994 0.000000 2.346773 0.000000 0.982091
121.199997 0.000000 2.340398 0.000000 0.982305
121.320000 0.000000 2.332366 0.000000 0.981496
121.439995 0.000000 2.334266 0.000000 0.982218
121.559998 0.000000 2.333900 0.000000 0.982695
121.680000 0.000000 2.325465 0.000000 0.983097
121.799995 0.000000 2.325802 0.000000 0.983405
121.919998 0.000000 2.313044 0.000000 0.983108
122.040001 0.000000 2.306494 0.000000 0.983417
122.159996 0.000000 2.310762 0.000000 0.983197
122.279999 0.000000 2.301870 0.000000 0.983302
122.399994 0.000000 2.298871 0.000000 0.983818
122.519997 0.000000 2.295248 0.000000 0.983792
122.639999 0.000000 2.289255 0.000000 0.984108
122.759995 0.000000 2.282715 0.000000 0.983705
122.879997 0.000000 2.283916 0.000000 0.984116
123.000000 0.000000 2.283157 0.000000 0.983797
123.119995 0.000000 2.279172 0.000000 0.983902
123.239998 0.000000 2.272364 0.000000 0.983308
123.360001 0.000000 2.270754 0.000000 0.983297
123.479996 0.000000 2.268198 0.000000 0.982127
123.599998 0.000000 2.271390 0.000000 0.982288
123.719994 0.000000 2.271108 0.000000 0.981893
123.839996 0.000000 2.272491 0.000000 0.982188
123.959999 0.000000 2.265133 0.000000 0.982391
124.079994 0.000000 2.254505 0.000000 0.982679
124.199997 0.000000 2.262238 0.000000 0.982717
124.320000 0.000000 2.256551 0.000000 0.982897
124.439995 0.000000 2.244920 0.000000 0.982084
124.559998 0.000000 2.234600 0.000000 0.981400
124.680000 0.000000 2.231800 0.000000 0.982200
124.799995 0.000000 2.231576 0.000000 0.982624
124.919998 0.000000 2.225277 0.000000 0.982502
125.040001 0.000000 2.228832 0.000000 0.982705
125.159996 0.000000 2.221622 0.000000 0.982498
125.279999 0.000000 2.216875 0.000000 0.981228
125.399994 0.000000 2.208421 0.000000 0.980998
125.519997 0.000000 2.201840 0.000000 0.980996
125.639999 0.000000 2.188800 0.000000 0.980900
125.759995 0.000000 2.190981 0.000000 0.980802
125.879997 0.000000 2.179774 0.000000 0.981413
126.000000 0.000000 2.175160 0.000000 0.981415
126.119995 0.000000 2.169879 0.000000 0.981724
126.239998 0.000000 2.171300 0.000000 0.980700
126.360001 0.000000 2.177294 0.000000 0.980012
126.479996 0.000000 2.167916 0.000000 0.979310
126.599998 0.000000 2.165432 0.000000 0.979684
126.719994 0.000000 2.162084 0.000000 0.980702
126.839996 0.000000 2.157421 0.000000 0.980310
126.959999 0.000000 2.157110 0.000000 0.980186
127.079994 0.000000 2.155478 0.000000 0.980090
127.199997 0.000000 2.147803 0.000000 0.980486
127.320000 0.000000 2.140614 0.000000 0.981298
127.439995 0.000000 2.140630 0.000000 0.980810
127.559998 0.000000 2.136173 0.000000 0.981004
127.680000 0.000000 2.131674 0.000000 0.981304
127.799995 0.000000 2.127462 0.000000 0.981606
127.919998 0.000000 2.124012 0.000000 0.981698
128.039993 0.000000 2.119528 0.000000 0.981811
128.160004 0.000000 2.105057 0.000000 0.982173
128.279999 0.000000 2.096716 0.000000 0.982379
128.399994 0.000000 2.085219 0.000000 0.982576
128.520004 0.000000 2.080911 0.000000 0.983218
128.639999 0.000000 2.077208 0.000000 0.984098
128.759995 0.000000 2.072922 0.000000 0.983795
128.879990 0.000000 2.064497 0.000000 0.983475
129.000000 0.000000 2.059778 0.000000 0.983278
129.119995 0.000000 2.056217 0.000000 0.982895
129.239990 0.000000 2.054173 0.000000 0.983508
129.360001 0.000000 2.058929 0.000000 0.982791
129.479996 0.000000 2.057477 0.000000 0.982907
129.599991 0.000000 2.042913 0.000000 0.982795
129.720001 0.000000 2.047690 0.000000 0.983903
129.839996 0.000000 2.052431 0.000000 0.983890
129.959991 0.000000 2.047505 0.000000 0.983498
130.080002 0.000000 2.038077 0.000000 0.983610
130.199997 0.000000 2.042791 0.000000 0.983703
130.319992 0.000000 2.038826 0.000000 0.983631
130.440002 0.000000 2.033590 0.000000 0.983805
130.559998 0.000000 2.021920 0.000000 0.982584
130.679993 0.000000 2.017495 0.000000 0.982505
130.800003 0.000000 2.018205 0.000000 0.983295
130.919998 0.000000 2.018707 0.000000 0.982793
131.039993 0.000000 2.009197 0.000000 0.983005
131.160004 0.000000 2.014204 0.000000 0.983395
131.279999 0.000000 2.003399 0.000000 0.984106
131.399994 0.000000 2.002601 0.000000 0.984295
131.520004 0.000000 2.005294 0.000000 0.983720
131.639999 0.000000 2.003299 0.000000 0.984006
131.759995 0.000000 2.001801 0.000000 0.983293
131.879990 0.000000 2.001300 0.000000 0.983605
132.000000 0.000000 2.006794 0.000000 0.983715
132.119995 0.000000 2.003200 0.000000 0.984202
132.239990 0.000000 1.997696 0.000000 0.984475
132.360001 0.000000 2.000100 0.000000 0.984705
132.479996 0.000000 2.001500 0.000000 0.983595
132.599991 0.000000 1.992092 0.000000 0.983383
132.720001 0.000000 1.991998 0.000000 0.983397
132.839996 0.000000 1.990207 0.000000 0.983412
132.959991 0.000000 1.991999 0.000000 0.983298
133.080002 0.000000 1.990400 0.000000 0.983100
133.199997 0.000000 1.996101 0.000000 0.983307
133.319992 0.000000 1.994401 0.000000 0.983002
133.440002 0.000000 1.986707 0.000000 0.982809
133.559998 0.000000 1.986013 0.000000 0.983215
133.679993 0.000000 1.984703 0.000000 0.983303
133.800003 0.000000 1.982395 0.000000 0.983495
133.919998 0.000000 1.979406 0.000000 0.983805
134.039993 0.000000 1.980602 0.000000 0.983502
134.160004 0.000000 1.979390 0.000000 0.983592
134.279999 0.000000 1.974000 0.000000 0.983200
134.399994 0.000000 1.973931 0.000000 0.983120
134.520004 0.000000 1.968562 0.000000 0.983080
134.639999 0.000000 1.968981 0.000000 0.982590
134.759995 0.000000 1.960496 0.000000 0.982398
134.879990 0.000000 1.960396 0.000000 0.982698
135.000000 0.000000 1.950770 0.000000 0.982289
135.119995 0.000000 1.948331 0.000000 0.982610
135.239990 0.000000 1.943000 0.000000 0.982900
135.360001 0.000000 1.943962 0.000000 0.982819
135.479996 0.000000 1.944394 0.000000 0.982798
135.599991 0.000000 1.948090 0.000000 0.982997
135.720001 0.000000 1.948695 0.000000 0.982398
135.839996 0.000000 1.943383 0.000000 0.981695
135.959991 0.000000 1.940800 0.000000 0.981100
136.080002 0.000000 1.934267 0.000000 0.980390
136.199997 0.000000 1.928793 0.000000 0.980498
136.319992 0.000000 1.925856 0.000000 0.980188
136.440002 0.000000 1.919816 0.000000 0.980304
136.559998 0.000000 1.909863 0.000000 0.980713
136.679993 0.000000 1.909999 0.000000 0.980322
136.800003 0.000000 1.917209 0.000000 0.980579
136.919998 0.000000 1.918857 0.000000 0.980813
137.039993 0.000000 1.914166 0.000000 0.979792
137.160004 0.000000 1.908537 0.000000 0.979631
137.279999 0.000000 1.914434 0.000000 0.979908
137.399994 0.000000 1.920032 0.000000 0.980308
137.520004 0.000000 1.909682 0.000000 0.980196
137.639999 0.000000 1.908291 0.000000 0.980898
137.759995 0.000000 1.907284 0.000000 0.980218
137.879990 0.000000 1.906956 0.000000 0.981211
138.000000 0.000000 1.908954 0.000000 0.981591
138.119995 0.000000 1.909464 0.000000 0.981893
138.239990 0.000000 1.906853 0.000000 0.982091
138.360001 0.000000 1.896634 0.000000 0.982423
138.479996 0.000000 1.889288 0.000000 0.982314
138.599991 0.000000 1.888667 0.000000 0.982395
138.720001 0.000000 1.891467 0.000000 0.982295
138.839996 0.000000 1.878936 0.000000 0.982905
138.959991 0.000000 1.877097 0.000000 0.982528
139.080002 0.000000 1.875313 0.000000 0.982488
139.199997 0.000000 1.874762 0.000000 0.982495
139.319992 0.000000 1.873387 0.000000 0.981898
139.440002 0.000000 1.868045 0.000000 0.981420
139.559998 0.000000 1.856585 0.000000 0.980971
139.679993 0.000000 1.856085 0.000000 0.981885
139.800003 0.000000 1.857972 0.000000 0.981996
139.919998 0.000000 1.849405 0.000000 0.982013
140.039993 0.000000 1.839500 0.000000 0.982200
140.160004 0.000000 1.834849 0.000000 0.981916
140.279999 0.000000 1.825630 0.000000 0.982293
140.399994 0.000000 1.820725 0.000000 0.982212
140.520004 0.000000 1.821282 0.000000 0.981498
140.639999 0.000000 1.820628 0.000000 0.980792
140.759995 0.000000 1.820792 0.000000 0.981989
140.879990 0.000000 1.817527 0.000000 0.982793
141.000000 0.000000 1.813201 0.000000 0.982472
141.119995 0.000000 1.810086 0.000000 0.981589
141.239990 0.000000 1.806219 0.000000 0.981502
141.360001 0.000000 1.805503 0.000000 0.981591
141.479996 0.000000 1.803698 0.000000 0.981409
141.599991 0.000000 1.800921 0.000000 0.980482
141.720001 0.000000 1.800799 0.000000 0.981319
141.839996 0.000000 1.795198 0.000000 0.981191
141.959991 0.000000 1.797740 0.000000 0.981404
142.080002 0.000000 1.793376 0.000000 0.981289
142.199997 0.000000 1.792204 0.000000 0.981309
142.319992 0.000000 1.791675 0.000000 0.980488
142.440002 0.000000 1.789010 0.000000 0.979982
142.559998 0.000000 1.786172 0.000000 0.980388
142.679993 0.000000 1.783239 0.000000 0.981121
142.800003 0.000000 1.783751 0.000000 0.980514
142.919998 0.000000 1.781931 0.000000 0.980712
143.039993 0.000000 1.786536 0.000000 0.980194
143.160004 0.000000 1.790300 0.000000 0.980700
143.279999 0.000000 1.778555 0.000000 0.981213
143.399994 0.000000 1.781944 0.000000 0.981004
143.520004 0.000000 1.777533 0.000000 0.981595
143.639999 0.000000 1.780144 0.000000 0.981604
143.759995 0.000000 1.774768 0.000000 0.981206
143.879990 0.000000 1.777478 0.000000 0.981615
144.000000 0.000000 1.771363 0.000000 0.981289
144.119995 0.000000 1.767863 0.000000 0.980813
144.239990 0.000000 1.772705 0.000000 0.981517
144.360001 0.000000 1.769123 0.000000 0.982225
144.479996 0.000000 1.762014 0.000000 0.982416
144.599991 0.000000 1.754802 0.000000 0.982593
144.720001 0.000000 1.751801 0.000000 0.982493
144.839996 0.000000 1.752101 0.000000 0.982693
144.959991 0.000000 1.746625 0.000000 0.982702
145.080002 0.000000 1.744442 0.000000 0.983176
145.199997 0.000000 1.748002 0.000000 0.983014
145.319992 0.000000 1.749025 0.000000 0.983402
145.440002 0.000000 1.750000 0.000000 0.983293
145.559998 0.000000 1.744555 0.000000 0.983417
145.679993 0.000000 1.743772 0.000000 0.982691
145.800003 0.000000 1.745525 0.000000 0.983902
145.919998 0.000000 1.747799 0.000000 0.984094
146.039993 0.000000 1.747776 0.000000 0.984505
146.160004 0.000000 1.745302 0.000000 0.984306
146.279999 0.000000 1.739630 0.000000 0.984008
146.399994 0.000000 1.746800 0.000000 0.983700
146.520004 0.000000 1.741378 0.000000 0.984005
146.639999 0.000000 1.742371 0.000000 0.983992
146.759995 0.000000 1.744128 0.000000 0.983208
146.879990 0.000000 1.747046 0.000000 0.983477
147.000000 0.000000 1.747152 0.000000 0.982910
147.119995 0.000000 1.739183 0.000000 0.983112
147.239990 0.000000 1.735747 0.000000 0.982497
147.360001 0.000000 1.734900 0.000000 0.981900
147.479996 0.000000 1.732321 0.000000 0.981322
147.599991 0.000000 1.726164 0.000000 0.980911
147.720001 0.000000 1.729692 0.000000 0.980992
147.839996 0.000000 1.724675 0.000000 0.982418
147.959991 0.000000 1.722777 0.000000 0.982118
148.080002 0.000000 1.724207 0.000000 0.981787
148.199997 0.000000 1.719788 0.000000 0.982293
148.319992 0.000000 1.719996 0.000000 0.982312
148.440002 0.000000 1.720635 0.000000 0.982521
148.559998 0.000000 1.713686 0.000000 0.982817
148.679993 0.000000 1.714728 0.000000 0.982902
148.800003 0.000000 1.714671 0.000000 0.983098
148.919998 0.000000 1.713728 0.000000 0.983690
149.039993 0.000000 1.703089 0.000000 0.983405
149.160004 0.000000 1.700879 0.000000 0.983110
149.279999 0.000000 1.705618 0.000000 0.982807
149.399994 0.000000 1.707429 0.000000 0.982002
149.520004 0.000000 1.702179 0.000000 0.981311
149.639999 0.000000 1.701020 0.000000 0.981207
149.759995 0.000000 1.691569 0.000000 0.981898
149.879990 0.000000 1.693253 0.000000 0.982109
150.000000 0.000000 1.694433 0.000000 0.980777
150.119995 0.000000 1.687513 0.000000 0.980588
150.239990 0.000000 1.685526 0.000000 0.981108
150.360001 0.000000 1.680532 0.000000 0.981302
150.479996 0.000000 1.673096 0.000000 0.981711
150.599991 0.000000 1.670102 0.000000 0.982489
150.720001 0.000000 1.669635 0.000000 0.982391
150.839996 0.000000 1.668234 0.000000 0.982491
150.959991 0.000000 1.671201 0.000000 0.983095
151.080002 0.000000 1.663263 0.000000 0.983483
151.199997 0.000000 1.662802 0.000000 0.982710
151.319992 0.000000 1.660964 0.000000 0.982493
151.440002 0.000000 1.659029 0.000000 0.982491
151.559998 0.000000 1.654727 0.000000 0.981991
151.679993 0.000000 1.651839 0.000000 0.981807
151.800003 0.000000 1.641608 0.000000 0.981606
151.919998 0.000000 1.647941 0.000000 0.981707
152.039993 0.000000 1.644609 0.000000 0.982381
152.160004 0.000000 1.644178 0.000000 0.982109
152.279999 0.000000 1.644071 0.000000 0.982404
152.399994 0.000000 1.640769 0.000000 0.983080
152.519989 0.000000 1.637491 0.000000 0.983895
152.639999 0.000000 1.636336 0.000000 0.984202
152.759995 0.000000 1.629023 0.000000 0.985309
152.879990 0.000000 1.627525 0.000000 0.984497
153.000000 0.000000 1.623612 0.000000 0.984492
153.119995 0.000000 1.620679 0.000000 0.984715
153.239990 0.000000 1.622583 0.000000 0.984170
153.360001 0.000000 1.618376 0.000000 0.984203
153.479996 0.000000 1.611111 0.000000 0.984284
153.599991 0.000000 1.611411 0.000000 0.984985
153.720001 0.000000 1.612971 0.000000 0.984811
153.839996 0.000000 1.616545 0.000000 0.985113
153.959991 0.000000 1.616508 0.000000 0.984892
154.080002 0.000000 1.618256 0.000000 0.984486
154.199997 0.000000 1.617000 0.000000 0.984700
154.319992 0.000000 1.614223 0.000000 0.984897
154.440002 0.000000 1.613739 0.000000 0.984702
154.559998 0.000000 1.612371 0.000000 0.984611
154.679993 0.000000 1.608852 0.000000 0.983815
154.800003 0.000000 1.605713 0.000000 0.983921
154.919998 0.000000 1.608231 0.000000 0.983618
155.039993 0.000000 1.609078 0.000000 0.983603
155.160004 0.000000 1.603116 0.000000 0.983821
155.279999 0.000000 1.603078 0.000000 0.983611
155.399994 0.000000 1.605985 0.000000 0.983387
155.519989 0.000000 1.601900 0.000000 0.983300
155.639999 0.000000 1.600459 0.000000 0.982416
155.759995 0.000000 1.603783 0.000000 0.982186
155.879990 0.000000 1.602081 0.000000 0.982395
156.000000 0.000000 1.607535 0.000000 0.982111
156.119995 0.000000 1.610372 0.000000 0.981980
156.239990 0.000000 1.610656 0.000000 0.981407
156.360001 0.000000 1.605745 0.000000 0.981884
156.479996 0.000000 1.605718 0.000000 0.980906
156.599991 0.000000 1.595538 0.000000 0.980392
156.720001 0.000000 1.597457 0.000000 0.979678
156.839996 0.000000 1.598639 0.000000 0.979692
156.959991 0.000000 1.594438 0.000000 0.979692
157.080002 0.000000 1.594278 0.000000 0.979394
157.199997 0.000000 1.589675 0.000000 0.979728
157.319992 0.000000 1.591559 0.000000 0.980498
157.440002 0.000000 1.583808 0.000000 0.981009
157.559998 0.000000 1.578895 0.000000 0.980514
157.679993 0.000000 1.580000 0.000000 0.980400
157.800003 0.000000 1.578284 0.000000 0.980504
157.919998 0.000000 1.573431 0.000000 0.981079
158.039993 0.000000 1.563905 0.000000 0.981113
158.160004 0.000000 1.558653 0.000000 0.981615
158.279999 0.000000 1.552145 0.000000 0.981602
158.399994 0.000000 1.553491 0.000000 0.982919
158.519989 0.000000 1.555878 0.000000 0.982291
158.639999 0.000000 1.557944 0.000000 0.982102
158.759995 0.000000 1.550160 0.000000 0.982214
158.879990 0.000000 1.549765 0.000000 0.982195
159.000000 0.000000 1.546128 0.000000 0.982990
159.119995 0.000000 1.542683 0.000000 0.982607
159.239990 0.000000 1.536985 0.000000 0.982607
159.360001 0.000000 1.534714 0.000000 0.982493
159.479996 0.000000 1.537661 0.000000 0.982195
159.599991 0.000000 1.535328 0.000000 0.981685
159.720001 0.000000 1.541909 0.000000 0.981496
159.839996 0.000000 1.548597 0.000000 0.981420
159.959991 0.000000 1.548393 0.000000 0.981483
160.080002 0.000000 1.545918 0.000000 0.980392
160.199997 0.000000 1.544154 0.000000 0.980098
160.319992 0.000000 1.536763 0.000000 0.980220
160.440002 0.000000 1.533167 0.000000 0.980120
160.559998 0.000000 1.536930 0.000000 0.979584
160.679993 0.000000 1.533760 0.000000 0.979924
160.800003 0.000000 1.530972 0.000000 0.979386
160.919998 0.000000 1.531166 0.000000 0.979490
161.039993 0.000000 1.527975 0.000000 0.979982
161.160004 0.000000 1.521200 0.000000 0.979300
161.279999 0.000000 1.520856 0.000000 0.979394
161.399994 0.000000 1.520600 0.000000 0.979500
161.519989 0.000000 1.523314 0.000000 0.979288
161.639999 0.000000 1.523829 0.000000 0.980218
161.759995 0.000000 1.520288 0.000000 0.981311
161.879990 0.000000 1.515709 0.000000 0.982590
162.000000 0.000000 1.516148 0.000000 0.982702
162.119995 0.000000 1.517169 0.000000 0.983282
162.239990 0.000000 1.518063 0.000000 0.983889
162.360001 0.000000 1.507797 0.000000 0.984206
162.479996 0.000000 1.505350 0.000000 0.984202
162.599991 0.000000 1.512703 0.000000 0.983297
162.720001 0.000000 1.512790 0.000000 0.983213
162.839996 0.000000 1.508108 0.000000 0.983283
162.959991 0.000000 1.506346 0.000000 0.983412
163.080002 0.000000 1.505702 0.000000 0.983793
163.199997 0.000000 1.502001 0.000000 0.983590
163.319992 0.000000 1.507049 0.000000 0.983002
163.440002 0.000000 1.508259 0.000000 0.983582
163.559998 0.000000 1.506748 0.000000 0.983805
163.679993 0.000000 1.505951 0.000000 0.984298
163.800003 0.000000 1.505100 0.000000 0.984300
163.919998 0.000000 1.505101 0.000000 0.984397
164.039993 0.000000 1.503999 0.000000 0.984606
164.160004 0.000000 1.503848 0.000000 0.984008
164.279999 0.000000 1.500800 0.000000 0.983497
164.399994 0.000000 1.492044 0.000000 0.982688
164.519989 0.000000 1.491105 0.000000 0.983410
164.639999 0.000000 1.487249 0.000000 0.983298
164.759995 0.000000 1.487600 0.000000 0.982800
164.879990 0.000000 1.487644 0.000000 0.983192
165.000000 0.000000 1.489559 0.000000 0.983115
165.119995 0.000000 1.486454 0.000000 0.982505
165.239990 0.000000 1.481030 0.000000 0.982927
165.360001 0.000000 1.479696 0.000000 0.983197
165.479996 0.000000 1.476424 0.000000 0.983282
165.599991 0.000000 1.484718 0.000000 0.983020
165.720001 0.000000 1.480416 0.000000 0.983213
165.839996 0.000000 1.473953 0.000000 0.983302
165.959991 0.000000 1.470688 0.000000 0.983422
166.080002 0.000000 1.468653 0.000000 0.983302
166.199997 0.000000 1.468719 0.000000 0.982610
166.319992 0.000000 1.467994 0.000000 0.982597
166.440002 0.000000 1.469206 0.000000 0.982603
166.559998 0.000000 1.460186 0.000000 0.983215
166.679993 0.000000 1.454873 0.000000 0.983090
166.800003 0.000000 1.450235 0.000000 0.984095
166.919998 0.000000 1.457320 0.000000 0.983589
167.039993 0.000000 1.454182 0.000000 0.983711
167.160004 0.000000 1.455538 0.000000 0.983176
167.279999 0.000000 1.458483 0.000000 0.983593
167.399994 0.000000 1.457597 0.000000 0.983119
167.519989 0.000000 1.453945 0.000000 0.982598
167.639999 0.000000 1.452081 0.000000 0.982293
167.759995 0.000000 1.450305 0.000000 0.981683
167.879990 0.000000 1.453845 0.000000 0.981798
168.000000 0.000000 1.451616 0.000000 0.982688
168.119995 0.000000 1.449795 0.000000 0.982581
168.239990 0.000000 1.451126 0.000000 0.982891
168.360001 0.000000 1.447779 0.000000 0.981893
168.479996 0.000000 1.440328 0.000000 0.981724
168.599991 0.000000 1.435095 0.000000 0.981813
168.720001 0.000000 1.430057 0.000000 0.982202
168.839996 0.000000 1.430444 0.000000 0.981986
168.959991 0.000000 1.429457 0.000000 0.981702
169.080002 0.000000 1.432530 0.000000 0.982095
169.199997 0.000000 1.436544 0.000000 0.982798
169.319992 0.000000 1.435048 0.000000 0.984087
169.440002 0.000000 1.434374 0.000000 0.984694
169.559998 0.000000 1.437256 0.000000 0.984602
169.679993 0.000000 1.432130 0.000000 0.984795
169.800003 0.000000 1.430286 0.000000 0.984197
169.919998 0.000000 1.426189 0.000000 0.984519
170.039993 0.000000 1.429801 0.000000 0.983989
170.160004 0.000000 1.431284 0.000000 0.984008
170.279999 0.000000 1.430057 0.000000 0.983402
170.399994 0.000000 1.426343 0.000000 0.982698
170.519989 0.000000 1.427086 0.000000 0.982196
170.639999 0.000000 1.428728 0.000000 0.982120
170.759995 0.000000 1.427242 0.000000 0.981585
170.879990 0.000000 1.418025 0.000000 0.981194
171.000000 0.000000 1.413007 0.000000 0.981491
171.119995 0.000000 1.414290 0.000000 0.981487
171.239990 0.000000 1.415976 0.000000 0.982127
171.360001 0.000000 1.417666 0.000000 0.982914
171.479996 0.000000 1.412889 0.000000 0.983188
171.599991 0.000000 1.413841 0.000000 0.983998
171.720001 0.000000 1.413111 0.000000 0.983312
171.839996 0.000000 1.408673 0.000000 0.983014
171.959991 0.000000 1.405400 0.000000 0.982400
172.080002 0.000000 1.408057 0.000000 0.983064
172.199997 0.000000 1.408777 0.000000 0.983105
172.319992 0.000000 1.405100 0.000000 0.982800
172.440002 0.000000 1.396962 0.000000 0.982211
172.559998 0.000000 1.395460 0.000000 0.982202
172.679993 0.000000 1.391678 0.000000 0.981496
172.800003 0.000000 1.394242 0.000000 0.981407
172.919998 0.000000 1.393543 0.000000 0.981207
173.039993 0.000000 1.393861 0.000000 0.981802
173.160004 0.000000 1.391513 0.000000 0.981727
173.279999 0.000000 1.388594 0.000000 0.981391
173.399994 0.000000 1.378514 0.000000 0.980994
173.519989 0.000000 1.377602 0.000000 0.981585
173.639999 0.000000 1.375863 0.000000 0.980987
173.759995 0.000000 1.372602 0.000000 0.981215
173.879990 0.000000 1.367274 0.000000 0.981096
174.000000 0.000000 1.366154 0.000000 0.980508
174.119995 0.000000 1.363928 0.000000 0.980983
174.239990 0.000000 1.353212 0.000000 0.981189
174.360001 0.000000 1.356436 0.000000 0.981298
174.479996 0.000000 1.357186 0.000000 0.981385
174.599991 0.000000 1.351700 0.000000 0.982000
174.720001 0.000000 1.354490 0.000000 0.983181
174.839996 0.000000 1.359836 0.000000 0.983098
174.959991 0.000000 1.362636 0.000000 0.983698
175.080002 0.000000 1.355986 0.000000 0.983310
175.199997 0.000000 1.360256 0.000000 0.984306
175.319992 0.000000 1.359251 0.000000 0.984189
175.440002 0.000000 1.359600 0.000000 0.984300
175.559998 0.000000 1.356258 0.000000 0.983507
175.679993 0.000000 1.355478 0.000000 0.983092
175.800003 0.000000 1.357915 0.000000 0.982089
175.919998 0.000000 1.351259 0.000000 0.982007
176.039993 0.000000 1.354300 0.000000 0.981200
176.160004 0.000000 1.358800 0.000000 0.981400
176.279999 0.000000 1.358114 0.000000 0.980815
176.399994 0.000000 1.351659 0.000000 0.980508
176.519989 0.000000 1.349095 0.000000 0.981006
176.639999 0.000000 1.346849 0.000000 0.981324
176.759995 0.000000 1.346108 0.000000 0.981189
176.879990 0.000000 1.344934 0.000000 0.981598
177.000000 0.000000 1.341966 0.000000 0.981502
177.119995 0.000000 1.342834 0.000000 0.981298
177.239990 0.000000 1.336501 0.000000 0.981294
177.360001 0.000000 1.335701 0.000000 0.981589
177.479996 0.000000 1.339168 0.000000 0.981296
177.599991 0.000000 1.336933 0.000000 0.982104
177.720001 0.000000 1.332834 0.000000 0.982114
177.839996 0.000000 1.337495 0.000000 0.982022
177.959991 0.000000 1.335899 0.000000 0.982605
178.080002 0.000000 1.330566 0.000000 0.982797
178.199997 0.000000 1.329602 0.000000 0.982111
178.319992 0.000000 1.331163 0.000000 0.982170
178.440002 0.000000 1.337331 0.000000 0.982409
178.559998 0.000000 1.340604 0.000000 0.982289
178.679993 0.000000 1.342986 0.000000 0.982826
178.800003 0.000000 1.334836 0.000000 0.981866
178.919998 0.000000 1.329366 0.000000 0.982797
179.039993 0.000000 1.329404 0.000000 0.982516
179.159988 0.000000 1.329636 0.000000 0.981215
179.279999 0.000000 1.327966 0.000000 0.981796
179.399994 0.000000 1.326111 0.000000 0.981927
179.519989 0.000000 1.321400 0.000000 0.982600
179.639999 0.000000 1.321104 0.000000 0.982905
179.759995 0.000000 1.321336 0.000000 0.983403
179.879990 0.000000 1.320064 0.000000 0.983597
180.000000 0.000000 1.311781 0.000000 0.982985
180.119995 0.000000 1.310755 0.000000 0.982491
180.239990 0.000000 1.312837 0.000000 0.983203
180.360001 0.000000 1.309638 0.000000 0.983203
180.479996 0.000000 1.310438 0.000000 0.982903
180.599991 0.000000 1.319848 0.000000 0.982519
180.720001 0.000000 1.316805 0.000000 0.983005
180.839996 0.000000 1.313904 0.000000 0.982533
180.959991 0.000000 1.315311 0.000000 0.982011
181.080002 0.000000 1.314374 0.000000 0.982607
181.199997 0.000000 1.316873 0.000000 0.981807
181.319992 0.000000 1.321829 0.000000 0.982593
181.440002 0.000000 1.323297 0.000000 0.982595
181.559998 0.000000 1.321900 0.000000 0.982200
181.679993 0.000000 1.321339 0.000000 0.982109
181.800003 0.000000 1.320060 0.000000 0.981791
181.919998 0.000000 1.319708 0.000000 0.981411
182.039993 0.000000 1.316715 0.000000 0.981217
182.159988 0.000000 1.313531 0.000000 0.981498
182.279999 0.000000 1.305230 0.000000 0.981898
182.399994 0.000000 1.305447 0.000000 0.981809
182.519989 0.000000 1.308947 0.000000 0.981785
182.639999 0.000000 1.306061 0.000000 0.982196
182.759995 0.000000 1.302319 0.000000 0.982311
182.879990 0.000000 1.300810 0.000000 0.982405
183.000000 0.000000 1.301600 0.000000 0.982400
183.119995 0.000000 1.305131 0.000000 0.982898
183.239990 0.000000 1.307508 0.000000 0.982305
183.360001 0.000000 1.314657 0.000000 0.982491
183.479996 0.000000 1.314769 0.000000 0.982202
183.599991 0.000000 1.311038 0.000000 0.982004
183.720001 0.000000 1.310662 0.000000 0.981996
183.839996 0.000000 1.307192 0.000000 0.981895
183.959991 0.000000 1.306247 0.000000 0.983108
184.080002 0.000000 1.307854 0.000000 0.982691
184.199997 0.000000 1.299090 0.000000 0.983295
184.319992 0.000000 1.298049 0.000000 0.982992
184.440002 0.000000 1.289771 0.000000 0.983202
184.559998 0.000000 1.290200 0.000000 0.982600
184.679993 0.000000 1.285271 0.000000 0.982702
184.800003 0.000000 1.285900 0.000000 0.982488
184.919998 0.000000 1.285586 0.000000 0.982607
185.039993 0.000000 1.285986 0.000000 0.982407
185.159988 0.000000 1.280460 0.000000 0.982409
185.279999 0.000000 1.275100 0.000000 0.982800
185.399994 0.000000 1.273763 0.000000 0.983009
185.519989 0.000000 1.270119 0.000000 0.982905
185.639999 0.000000 1.276694 0.000000 0.983388
185.759995 0.000000 1.269746 0.000000 0.983803
185.879990 0.000000 1.262269 0.000000 0.982909
186.000000 0.000000 1.264353 0.000000 0.983297
186.119995 0.000000 1.265100 0.000000 0.983800
186.239990 0.000000 1.266553 0.000000 0.983897
186.360001 0.000000 1.265274 0.000000 0.983402
186.479996 0.000000 1.262879 0.000000 0.982495
186.599991 0.000000 1.258519 0.000000 0.981813
186.720001 0.000000 1.260952 0.000000 0.981896
186.839996 0.000000 1.259308 0.000000 0.982286
186.959991 0.000000 1.259696 0.000000 0.982007
187.080002 0.000000 1.258226 0.000000 0.981398
187.199997 0.000000 1.254624 0.000000 0.981006
187.319992 0.000000 1.254649 0.000000 0.981304
187.440002 0.000000 1.251101 0.000000 0.980477
187.559998 0.000000 1.250549 0.000000 0.980519
187.679993 0.000000 1.244473 0.000000 0.981194
187.800003 0.000000 1.246497 0.000000 0.980685
187.919998 0.000000 1.245703 0.000000 0.980715
188.039993 0.000000 1.244700 0.000000 0.980000
188.159988 0.000000 1.240604 0.000000 0.980208
188.279999 0.000000 1.243297 0.000000 0.979892
188.399994 0.000000 1.235229 0.000000 0.980506
188.519989 0.000000 1.233553 0.000000 0.979904
188.639999 0.000000 1.227332 0.000000 0.980106
188.759995 0.000000 1.221678 0.000000 0.980902
188.879990 0.000000 1.219610 0.000000 0.980890
189.000000 0.000000 1.212085 0.000000 0.980592
189.119995 0.000000 1.211658 0.000000 0.980404
189.239990 0.000000 1.215600 0.000000 0.980000
189.360001 0.000000 1.215886 0.000000 0.979292
189.479996 0.000000 1.212579 0.000000 0.979402
189.599991 0.000000 1.218856 0.000000 0.979204
189.720001 0.000000 1.214829 0.000000 0.978187
189.839996 0.000000 1.212264 0.000000 0.978293
189.959991 0.000000 1.215557 0.000000 0.979404
190.080002 0.000000 1.212657 0.000000 0.980204
190.199997 0.000000 1.210326 0.000000 0.980188
190.319992 0.000000 1.208458 0.000000 0.980404
190.440002 0.000000 1.208812 0.000000 0.981117
190.559998 0.000000 1.200640 0.000000 0.981406
190.679993 0.000000 1.203680 0.000000 0.981502
190.800003 0.000000 1.197580 0.000000 0.983002
190.919998 0.000000 1.198879 0.000000 0.982793
191.039993 0.000000 1.198979 0.000000 0.982676
191.159988 0.000000 1.195239 0.000000 0.982497
191.279999 0.000000 1.187444 0.000000 0.982605
191.399994 0.000000 1.187987 0.000000 0.982610
191.519989 0.000000 1.188314 0.000000 0.982862
191.639999 0.000000 1.189157 0.000000 0.982795
191.759995 0.000000 1.185507 0.000000 0.982309
191.879990 0.000000 1.187819 0.000000 0.982698
192.000000 0.000000 1.189273 0.000000 0.983020
192.119995 0.000000 1.193297 0.000000 0.982291
192.239990 0.000000 1.189833 0.000000 0.982688
192.360001 0.000000 1.189281 0.000000 0.983302
192.479996 0.000000 1.186119 0.000000 0.983998
192.599991 0.000000 1.183437 0.000000 0.984297
192.720001 0.000000 1.185233 0.000000 0.984714
192.839996 0.000000 1.184255 0.000000 0.984295
192.959991 0.000000 1.182965 0.000000 0.983986
193.080002 0.000000 1.187244 0.000000 0.983705
193.199997 0.000000 1.180438 0.000000 0.983914
193.319992 0.000000 1.179582 0.000000 0.984402
193.440002 0.000000 1.183629 0.000000 0.984889
193.559998 0.000000 1.184326 0.000000 0.984306
193.679993 0.000000 1.174795 0.000000 0.984709
193.800003 0.000000 1.178882 0.000000 0.984002
193.919998 0.000000 1.171945 0.000000 0.984014
194.039993 0.000000 1.173227 0.000000 0.983816
194.159988 0.000000 1.168382 0.000000 0.984011
194.279999 0.000000 1.165317 0.000000 0.983408
194.399994 0.000000 1.162935 0.000000 0.983507
194.519989 0.000000 1.163198 0.000000 0.983390
194.639999 0.000000 1.159536 0.000000 0.982807
194.759995 0.000000 1.161813 0.000000 0.982988
194.879990 0.000000 1.162146 0.000000 0.983185
195.000000 0.000000 1.163769 0.000000 0.982514
195.119995 0.000000 1.161064 0.000000 0.982793
195.239990 0.000000 1.161236 0.000000 0.983007
195.360001 0.000000 1.161036 0.000000 0.983007
195.479996 0.000000 1.167934 0.000000 0.983097
195.599991 0.000000 1.166617 0.000000 0.983398
195.720001 0.000000 1.165201 0.000000 0.983310
195.839996 0.000000 1.168848 0.000000 0.983315
195.959991 0.000000 1.165817 0.000000 0.982998
196.080002 0.000000 1.165282 0.000000 0.983181
196.199997 0.000000 1.168301 0.000000 0.984991
196.319992 0.000000 1.168781 0.000000 0.984720
196.440002 0.000000 1.172179 0.000000 0.984911
196.559998 0.000000 1.166717 0.000000 0.985098
196.679993 0.000000 1.167200 0.000000 0.984900
196.800003 0.000000 1.163433 0.000000 0.984897
196.919998 0.000000 1.161752 0.000000 0.984005
197.039993 0.000000 1.157084 0.000000 0.983902
197.159988 0.000000 1.155994 0.000000 0.984191
197.279999 0.000000 1.156281 0.000000 0.984773
197.399994 0.000000 1.151345 0.000000 0.985096
197.519989 0.000000 1.151967 0.000000 0.984783
197.639999 0.000000 1.152500 0.000000 0.984700
197.759995 0.000000 1.154686 0.000000 0.984882
197.879990 0.000000 1.155607 0.000000 0.984309
198.000000 0.000000 1.152946 0.000000 0.984295
198.119995 0.000000 1.151312 0.000000 0.983978
198.239990 0.000000 1.150060 0.000000 0.983994
198.360001 0.000000 1.148466 0.000000 0.983315
198.479996 0.000000 1.151379 0.000000 0.983513
198.599991 0.000000 1.153700 0.000000 0.982878
198.720001 0.000000 1.157237 0.000000 0.982107
198.839996 0.000000 1.152815 0.000000 0.982098
198.959991 0.000000 1.154331 0.000000 0.981896
199.080002 0.000000 1.158047 0.000000 0.980794
199.199997 0.000000 1.162500 0.000000 0.980200
199.319992 0.000000 1.161757 0.000000 0.980729
199.440002 0.000000 1.160344 0.000000 0.981083
199.559998 0.000000 1.160028 0.000000 0.980785
199.679993 0.000000 1.159468 0.000000 0.981304
199.800003 0.000000 1.159436 0.000000 0.981308
199.919998 0.000000 1.159788 0.000000 0.981013
200.039993 0.000000 1.161865 0.000000 0.981793
200.159988 0.000000 1.157353 0.000000 0.981606
200.279999 0.000000 1.152869 0.000000 0.981304
200.399994 0.000000 1.147132 0.000000 0.982384
200.519989 0.000000 1.143814 0.000000 0.981911
200.639999 0.000000 1.141629 0.000000 0.981509
200.759995 0.000000 1.141255 0.000000 0.980779
200.879990 0.000000 1.137790 0.000000 0.980516
201.000000 0.000000 1.137672 0.000000 0.980404
201.119995 0.000000 1.137349 0.000000 0.980721
201.239990 0.000000 1.137914 0.000000 0.981198
201.360001 0.000000 1.135213 0.000000 0.981598
201.479996 0.000000 1.133373 0.000000 0.982004
201.599991 0.000000 1.128629 0.000000 0.982182
201.720001 0.000000 1.118912 0.000000 0.980998
201.839996 0.000000 1.121376 0.000000 0.981204
201.959991 0.000000 1.113711 0.000000 0.981498
202.080002 0.000000 1.106504 0.000000 0.981317
202.199997 0.000000 1.107121 0.000000 0.981596
202.319992 0.000000 1.105163 0.000000 0.982089
202.440002 0.000000 1.099510 0.000000 0.981417
202.559998 0.000000 1.097810 0.000000 0.982098
202.679993 0.000000 1.098520 0.000000 0.982597
202.800003 0.000000 1.092916 0.000000 0.982416
202.919998 0.000000 1.087426 0.000000 0.982095
203.039993 0.000000 1.091327 0.000000 0.982814
203.159988 0.000000 1.093691 0.000000 0.982302
203.279999 0.000000 1.091272 0.000000 0.982824
203.399994 0.000000 1.093163 0.000000 0.983806
203.519989 0.000000 1.090418 0.000000 0.983597
203.639999 0.000000 1.090463 0.000000 0.983589
203.759995 0.000000 1.088809 0.000000 0.983198
203.879990 0.000000 1.083725 0.000000 0.982595
204.000000 0.000000 1.082550 0.000000 0.982089
204.119995 0.000000 1.082641 0.000000 0.981491
204.239990 0.000000 1.079376 0.000000 0.982005
204.360001 0.000000 1.076499 0.000000 0.981776
204.479996 0.000000 1.077161 0.000000 0.981209
204.599991 0.000000 1.075615 0.000000 0.981796
204.720001 0.000000 1.077039 0.000000 0.981891
204.839996 0.000000 1.078616 0.000000 0.982396
204.959991 0.000000 1.078724 0.000000 0.981695
205.080002 0.000000 1.081008 0.000000 0.981898
205.199997 0.000000 1.078306 0.000000 0.982321
205.319992 0.000000 1.079068 0.000000 0.982407
205.440002 0.000000 1.078621 0.000000 0.982617
205.559998 0.000000 1.074274 0.000000 0.983428
205.679993 0.000000 1.074452 0.000000 0.982688
205.799988 0.000000 1.071786 0.000000 0.982903
205.919998 0.000000 1.074237 0.000000 0.982691
206.039993 0.000000 1.071893 0.000000 0.982202
206.159988 0.000000 1.068132 0.000000 0.982418
206.279999 0.000000 1.071200 0.000000 0.982300
206.399994 0.000000 1.066227 0.000000 0.981820
206.519989 0.000000 1.060730 0.000000 0.981691
206.639999 0.000000 1.054611 0.000000 0.981896
206.759995 0.000000 1.050425 0.000000 0.981791
206.879990 0.000000 1.048347 0.000000 0.980821
207.000000 0.000000 1.047433 0.000000 0.980486
207.119995 0.000000 1.046595 0.000000 0.980702
207.239990 0.000000 1.043483 0.000000 0.980508
207.360001 0.000000 1.035125 0.000000 0.980086
207.479996 0.000000 1.030142 0.000000 0.980272
207.599991 0.000000 1.033793 0.000000 0.980304
207.720001 0.000000 1.038089 0.000000 0.979506
207.839996 0.000000 1.036289 0.000000 0.979106
207.959991 0.000000 1.035922 0.000000 0.979288
208.080002 0.000000 1.033140 0.000000 0.980176
208.199997 0.000000 1.027216 0.000000 0.979588
208.319992 0.000000 1.020408 0.000000 0.979192
208.440002 0.000000 1.016817 0.000000 0.978879
208.559998 0.000000 1.022695 0.000000 0.979304
208.679993 0.000000 1.019198 0.000000 0.979002
208.799988 0.000000 1.019382 0.000000 0.978719
208.919998 0.000000 1.018400 0.000000 0.979100
209.039993 0.000000 1.016693 0.000000 0.979708
209.159988 0.000000 1.015998 0.000000 0.979502
209.279999 0.000000 1.012799 0.000000 0.980102
209.399994 0.000000 1.013703 0.000000 0.980096
209.519989 0.000000 1.010097 0.000000 0.980906
209.639999 0.000000 1.014386 0.000000 0.981019
209.759995 0.000000 1.014703 0.000000 0.980496
209.879990 0.000000 1.012303 0.000000 0.981396
210.000000 0.000000 1.013799 0.000000 0.981102
210.119995 0.000000 1.005104 0.000000 0.981085
210.239990 0.000000 1.002303 0.000000 0.981077
210.360001 0.000000 1.004500 0.000000 0.980800
210.479996 0.000000 1.002403 0.000000 0.979974
210.599991 0.000000 0.998800 0.000000 0.979398
210.720001 0.000000 1.000000 0.000000 0.979716
210.839996 0.000000 1.000700 0.000000 0.979087
210.959991 0.000000 0.997700 0.000000 0.978998
211.080002 0.000000 0.989411 0.000000 0.979421
211.199997 0.000000 0.990591 0.000000 0.979582
211.319992 0.000000 0.991707 0.000000 0.978717
211.440002 0.000000 0.991905 0.000000 0.979512
211.559998 0.000000 0.990304 0.000000 0.979608
211.679993 0.000000 0.992500 0.000000 0.979100
211.799988 0.000000 0.992396 0.000000 0.978889
211.919998 0.000000 0.991900 0.000000 0.980100
212.039993 0.000000 0.993497 0.000000 0.979992
212.159988 0.000000 0.991006 0.000000 0.979015
212.279999 0.000000 0.989691 0.000000 0.978881
212.399994 0.000000 0.982516 0.000000 0.979518
212.519989 0.000000 0.983882 0.000000 0.980278
212.639999 0.000000 0.976026 0.000000 0.980422
212.759995 0.000000 0.973376 0.000000 0.980382
212.879990 0.000000 0.971797 0.000000 0.980498
213.000000 0.000000 0.974597 0.000000 0.980298
213.119995 0.000000 0.974918 0.000000 0.980913
213.239990 0.000000 0.975698 0.000000 0.980898
213.360001 0.000000 0.978506 0.000000 0.981106
213.479996 0.000000 0.982486 0.000000 0.981685
213.599991 0.000000 0.982395 0.000000 0.981394
213.720001 0.000000 0.979892 0.000000 0.981893
213.839996 0.000000 0.985012 0.000000 0.981815
213.959991 0.000000 0.984809 0.000000 0.981911
214.080002 0.000000 0.980612 0.000000 0.982311
214.199997 0.000000 0.975707 0.000000 0.981506
214.319992 0.000000 0.979100 0.000000 0.981900
214.440002 0.000000 0.976647 0.000000 0.981737
214.559998 0.000000 0.977109 0.000000 0.982107
214.679993 0.000000 0.979714 0.000000 0.981813
214.799988 0.000000 0.975722 0.000000 0.983115
214.919998 0.000000 0.978526 0.000000 0.983320
215.039993 0.000000 0.977602 0.000000 0.983302
215.159988 0.000000 0.972283 0.000000 0.982690
215.279999 0.000000 0.970691 0.000000 0.981995
215.399994 0.000000 0.971792 0.000000 0.980794
215.519989 0.000000 0.966490 0.000000 0.981595
215.639999 0.000000 0.964914 0.000000 0.981807
215.759995 0.000000 0.959047 0.000000 0.981876
215.879990 0.000000 0.951705 0.000000 0.981902
216.000000 0.000000 0.952581 0.000000 0.982693
216.119995 0.000000 0.949830 0.000000 0.983310
216.239990 0.000000 0.950435 0.000000 0.983112
216.360001 0.000000 0.952481 0.000000 0.982793
216.479996 0.000000 0.950975 0.000000 0.982491
216.599991 0.000000 0.951971 0.000000 0.981889
216.720001 0.000000 0.949036 0.000000 0.981813
216.839996 0.000000 0.948500 0.000000 0.982200
216.959991 0.000000 0.951847 0.000000 0.981980
217.080002 0.000000 0.952467 0.000000 0.981987
217.199997 0.000000 0.946362 0.000000 0.981687
217.319992 0.000000 0.951015 0.000000 0.982305
217.440002 0.000000 0.946100 0.000000 0.982400
217.559998 0.000000 0.950944 0.000000 0.981816
217.679993 0.000000 0.954355 0.000000 0.981822
217.799988 0.000000 0.951685 0.000000 0.981194
217.919998 0.000000 0.950775 0.000000 0.981391
218.039993 0.000000 0.948321 0.000000 0.982307
218.159988 0.000000 0.943649 0.000000 0.982584
218.279999 0.000000 0.941294 0.000000 0.982398
218.399994 0.000000 0.941583 0.000000 0.982495
218.519989 0.000000 0.940594 0.000000 0.981798
218.639999 0.000000 0.935406 0.000000 0.982802
218.759995 0.000000 0.938332 0.000000 0.982881
218.879990 0.000000 0.941194 0.000000 0.982728
219.000000 0.000000 0.940664 0.000000 0.982089
219.119995 0.000000 0.936794 0.000000 0.982098
219.239990 0.000000 0.928529 0.000000 0.981582
219.360001 0.000000 0.932681 0.000000 0.981622
219.479996 0.000000 0.929735 0.000000 0.980510
219.599991 0.000000 0.931761 0.000000 0.981017
219.720001 0.000000 0.932407 0.000000 0.980602
219.839996 0.000000 0.928979 0.000000 0.980894
219.959991 0.000000 0.927193 0.000000 0.981698
220.080002 0.000000 0.926115 0.000000 0.981804
220.199997 0.000000 0.925989 0.000000 0.980523
220.319992 0.000000 0.927113 0.000000 0.979976
220.440002 0.000000 0.930521 0.000000 0.981006
220.559998 0.000000 0.932487 0.000000 0.980796
220.679993 0.000000 0.929549 0.000000 0.981113
220.799988 0.000000 0.927171 0.000000 0.980792
220.919998 0.000000 0.927779 0.000000 0.981221
221.039993 0.000000 0.925300 0.000000 0.981100
221.159988 0.000000 0.920276 0.000000 0.981394
221.279999 0.000000 0.917175 0.000000 0.981617
221.399994 0.000000 0.919932 0.000000 0.981108
221.519989 0.000000 0.917067 0.000000 0.981192
221.639999 0.000000 0.917449 0.000000 0.981611
221.759995 0.000000 0.912018 0.000000 0.980804
221.879990 0.000000 0.910009 0.000000 0.981102
222.000000 0.000000 0.908809 0.000000 0.981622
222.119995 0.000000 0.905324 0.000000 0.981785
222.239990 0.000000 0.901900 0.000000 0.981600
222.360001 0.000000 0.897851 0.000000 0.982009
222.479996 0.000000 0.891065 0.000000 0.983010
222.599991 0.000000 0.889477 0.000000 0.983212
222.720001 0.000000 0.888111 0.000000 0.983687
222.839996 0.000000 0.884731 0.000000 0.984191
222.959991 0.000000 0.881582 0.000000 0.984184
223.080002 0.000000 0.876638 0.000000 0.983192
223.199997 0.000000 0.874338 0.000000 0.982905
223.319992 0.000000 0.877002 0.000000 0.983187
223.440002 0.000000 0.879604 0.000000 0.983387
223.559998 0.000000 0.877763 0.000000 0.982695
223.679993 0.000000 0.875950 0.000000 0.982507
223.799988 0.000000 0.874176 0.000000 0.982610
223.919998 0.000000 0.872498 0.000000 0.982286
224.039993 0.000000 0.871626 0.000000 0.981404
224.159988 0.000000 0.867419 0.000000 0.982416
224.279999 0.000000 0.866347 0.000000 0.982793
224.399994 0.000000 0.866693 0.000000 0.982886
224.519989 0.000000 0.867566 0.000000 0.983308
224.639999 0.000000 0.869691 0.000000 0.983811
224.759995 0.000000 0.865208 0.000000 0.983313
224.879990 0.000000 0.861769 0.000000 0.982709
225.000000 0.000000 0.856986 0.000000 0.982623
225.119995 0.000000 0.850575 0.000000 0.981209
225.239990 0.000000 0.845800 0.000000 0.981025
225.360001 0.000000 0.842926 0.000000 0.982314
225.479996 0.000000 0.840984 0.000000 0.982398
225.599991 0.000000 0.834616 0.000000 0.983112
225.720001 0.000000 0.835166 0.000000 0.983107
225.839996 0.000000 0.834366 0.000000 0.982218
225.959991 0.000000 0.833700 0.000000 0.981889
226.080002 0.000000 0.833533 0.000000 0.982714
226.199997 0.000000 0.835700 0.000000 0.983400
226.319992 0.000000 0.837749 0.000000 0.983405
226.440002 0.000000 0.832867 0.000000 0.983297
226.559998 0.000000 0.829037 0.000000 0.983513
226.679993 0.000000 0.828860 0.000000 0.983277
226.799988 0.000000 0.831018 0.000000 0.984511
226.919998 0.000000 0.831615 0.000000 0.985584
227.039993 0.000000 0.827703 0.000000 0.985009
227.159988 0.000000 0.827920 0.000000 0.984811
227.279999 0.000000 0.828731 0.000000 0.984894
227.399994 0.000000 0.825765 0.000000 0.984797
227.519989 0.000000 0.824765 0.000000 0.983897
227.639999 0.000000 0.826383 0.000000 0.983898
227.759995 0.000000 0.823176 0.000000 0.983789
227.879990 0.000000 0.824635 0.000000 0.984603
228.000000 0.000000 0.823335 0.000000 0.983703
228.119995 0.000000 0.817018 0.000000 0.983402
228.239990 0.000000 0.819354 0.000000 0.983605
228.360001 0.000000 0.815645 0.000000 0.983295
228.479996 0.000000 0.815555 0.000000 0.983705
228.599991 0.000000 0.817609 0.000000 0.983110
228.720001 0.000000 0.816498 0.000000 0.982681
228.839996 0.000000 0.816447 0.000000 0.982414
228.959991 0.000000 0.809895 0.000000 0.982609
229.080002 0.000000 0.811355 0.000000 0.981977
229.199997 0.000000 0.811008 0.000000 0.982319
229.319992 0.000000 0.813524 0.000000 0.981822
229.440002 0.000000 0.813625 0.000000 0.981593
229.559998 0.000000 0.816355 0.000000 0.981705
229.679993 0.000000 0.822353 0.000000 0.982105
229.799988 0.000000 0.821593 0.000000 0.981889
229.919998 0.000000 0.820610 0.000000 0.981291
230.039993 0.000000 0.818109 0.000000 0.981370
230.159988 0.000000 0.815085 0.000000 0.981818
230.279999 0.000000 0.817591 0.000000 0.982509
230.399994 0.000000 0.813268 0.000000 0.983115
230.519989 0.000000 0.809738 0.000000 0.983103
230.639999 0.000000 0.807046 0.000000 0.982786
230.759995 0.000000 0.806461 0.000000 0.982697
230.879990 0.000000 0.807946 0.000000 0.981785
231.000000 0.000000 0.803498 0.000000 0.982009
231.119995 0.000000 0.801340 0.000000 0.981804
231.239990 0.000000 0.801841 0.000000 0.982095
231.360001 0.000000 0.801841 0.000000 0.982295
231.479996 0.000000 0.800020 0.000000 0.982484
231.599991 0.000000 0.798360 0.000000 0.983297
231.720001 0.000000 0.797500 0.000000 0.983200
231.839996 0.000000 0.793924 0.000000 0.982810
231.959991 0.000000 0.792362 0.000000 0.983005
232.080002 0.000000 0.789179 0.000000 0.982698
232.199997 0.000000 0.783074 0.000000 0.982014
232.319992 0.000000 0.778133 0.000000 0.982411
232.439987 0.000000 0.777967 0.000000 0.981606
232.559998 0.000000 0.777456 0.000000 0.982096
232.679993 0.000000 0.775412 0.000000 0.982909
232.799988 0.000000 0.775078 0.000000 0.982798
232.919998 0.000000 0.774930 0.000000 0.983280
233.039993 0.000000 0.772209 0.000000 0.983393
233.159988 0.000000 0.773581 0.000000 0.983213
233.279999 0.000000 0.771431 0.000000 0.982895
233.399994 0.000000 0.769354 0.000000 0.983597
233.519989 0.000000 0.766500 0.000000 0.982800
233.639999 0.000000 0.769015 0.000000 0.983187
233.759995 0.000000 0.766940 0.000000 0.982810
233.879990 0.000000 0.766777 0.000000 0.982798
234.000000 0.000000 0.763232 0.000000 0.983024
234.119995 0.000000 0.765247 0.000000 0.983403
234.239990 0.000000 0.761971 0.000000 0.983305
234.360001 0.000000 0.764488 0.000000 0.982914
234.479996 0.000000 0.765012 0.000000 0.983086
234.599991 0.000000 0.762853 0.000000 0.982797
234.720001 0.000000 0.762681 0.000000 0.983092
234.839996 0.000000 0.761133 0.000000 0.983088
234.959991 0.000000 0.758965 0.000000 0.983418
235.080002 0.000000 0.756400 0.000000 0.983200
235.199997 0.000000 0.757081 0.000000 0.983085
235.319992 0.000000 0.756878 0.000000 0.982391
235.439987 0.000000 0.753726 0.000000 0.982395
235.559998 0.000000 0.752946 0.000000 0.982225
235.679993 0.000000 0.755831 0.000000 0.982981
235.799988 0.000000 0.754052 0.000000 0.983590
235.919998 0.000000 0.755227 0.000000 0.984295
236.039993 0.000000 0.755476 0.000000 0.984698
236.159988 0.000000 0.756900 0.000000 0.984900
236.279999 0.000000 0.753252 0.000000 0.985091
236.399994 0.000000 0.750575 0.000000 0.984611
236.519989 0.000000 0.753522 0.000000 0.984414
236.639999 0.000000 0.756298 0.000000 0.983607
236.759995 0.000000 0.754404 0.000000 0.983687
236.879990 0.000000 0.749150 0.000000 0.983803
237.000000 0.000000 0.751374 0.000000 0.983811
237.119995 0.000000 0.752153 0.000000 0.983477
237.239990 0.000000 0.748775 0.000000 0.983405
237.360001 0.000000 0.747549 0.000000 0.982890
237.479996 0.000000 0.747777 0.000000 0.982619
237.599991 0.000000 0.745329 0.000000 0.982716
237.720001 0.000000 0.744853 0.000000 0.983410
237.839996 0.000000 0.740881 0.000000 0.983212
237.959991 0.000000 0.740122 0.000000 0.982595
238.080002 0.000000 0.736126 0.000000 0.982202
238.199997 0.000000 0.733787 0.000000 0.982586
238.319992 0.000000 0.731446 0.000000 0.982797
238.439987 0.000000 0.725700 0.000000 0.982100
238.559998 0.000000 0.724228 0.000000 0.982102
238.679993 0.000000 0.720772 0.000000 0.981698
238.799988 0.000000 0.718400 0.000000 0.981800
238.919998 0.000000 0.720576 0.000000 0.981685
239.039993 0.000000 0.720972 0.000000 0.981298
239.159988 0.000000 0.719980 0.000000 0.980819
239.279999 0.000000 0.719428 0.000000 0.980702
239.399994 0.000000 0.718513 0.000000 0.980408
239.519989 0.000000 0.720488 0.000000 0.980692
239.639999 0.000000 0.719864 0.000000 0.980326
239.759995 0.000000 0.715329 0.000000 0.980388
239.879990 0.000000 0.716056 0.000000 0.979918
240.000000 0.000000 0.709713 0.000000 0.980294
240.119995 0.000000 0.709835 0.000000 0.980929
240.239990 0.000000 0.711089 0.000000 0.981419
240.360001 0.000000 0.705500 0.000000 0.981500
240.479996 0.000000 0.699760 0.000000 0.981804
240.599991 0.000000 0.699450 0.000000 0.982709
240.720001 0.000000 0.702343 0.000000 0.982980
240.839996 0.000000 0.703008 0.000000 0.982712
240.959991 0.000000 0.696727 0.000000 0.982484
241.080002 0.000000 0.693947 0.000000 0.982591
241.199997 0.000000 0.689262 0.000000 0.981804
241.319992 0.000000 0.687837 0.000000 0.981925
241.439987 0.000000 0.688362 0.000000 0.982104
241.559998 0.000000 0.690055 0.000000 0.982909
241.679993 0.000000 0.686725 0.000000 0.982907
241.799988 0.000000 0.681995 0.000000 0.982505
241.919998 0.000000 0.677436 0.000000 0.982997
242.039993 0.000000 0.676194 0.000000 0.983510
242.159988 0.000000 0.673993 0.000000 0.983015
242.279999 0.000000 0.674600 0.000000 0.982500
242.399994 0.000000 0.671634 0.000000 0.982296
242.519989 0.000000 0.670263 0.000000 0.982220
242.639999 0.000000 0.675368 0.000000 0.981798
242.759995 0.000000 0.681436 0.000000 0.982196
242.879990 0.000000 0.685058 0.000000 0.982109
243.000000 0.000000 0.681768 0.000000 0.982098
243.119995 0.000000 0.678064 0.000000 0.982603
243.239990 0.000000 0.674426 0.000000 0.983317
243.360001 0.000000 0.672958 0.000000 0.982824
243.479996 0.000000 0.672169 0.000000 0.982393
243.599991 0.000000 0.674637 0.000000 0.982291
243.720001 0.000000 0.674533 0.000000 0.981602
243.839996 0.000000 0.668832 0.000000 0.981807
243.959991 0.000000 0.668368 0.000000 0.981187
244.080002 0.000000 0.661665 0.000000 0.980992
244.199997 0.000000 0.657632 0.000000 0.980996
244.319992 0.000000 0.657169 0.000000 0.980804
244.439987 0.000000 0.654827 0.000000 0.980390
244.559998 0.000000 0.653473 0.000000 0.981309
244.679993 0.000000 0.650035 0.000000 0.980802
244.799988 0.000000 0.653923 0.000000 0.981285
244.919998 0.000000 0.654600 0.000000 0.981000
245.039993 0.000000 0.659404 0.000000 0.981111
245.159988 0.000000 0.656766 0.000000 0.981398
245.279999 0.000000 0.660504 0.000000 0.981411
245.399994 0.000000 0.656397 0.000000 0.981294
245.519989 0.000000 0.656866 0.000000 0.980598
245.639999 0.000000 0.653369 0.000000 0.980504
245.759995 0.000000 0.649770 0.000000 0.980704
245.879990 0.000000 0.649419 0.000000 0.980284
246.000000 0.000000 0.647371 0.000000 0.979804
246.119995 0.000000 0.643029 0.000000 0.979696
246.239990 0.000000 0.640072 0.000000 0.980004
246.360001 0.000000 0.642786 0.000000 0.980488
246.479996 0.000000 0.645277 0.000000 0.980710
246.599991 0.000000 0.641249 0.000000 0.981287
246.720001 0.000000 0.641128 0.000000 0.980896
246.839996 0.000000 0.641059 0.000000 0.980819
246.959991 0.000000 0.641794 0.000000 0.980821
247.080002 0.000000 0.639108 0.000000 0.980406
247.199997 0.000000 0.638908 0.000000 0.979906
247.319992 0.000000 0.637509 0.000000 0.979306
247.439987 0.000000 0.640787 0.000000 0.980216
247.559998 0.000000 0.639996 0.000000 0.979123
247.679993 0.000000 0.637981 0.000000 0.979110
247.799988 0.000000 0.637235 0.000000 0.978626
247.919998 0.000000 0.639652 0.000000 0.978415
248.039993 0.000000 0.635564 0.000000 0.978322
248.159988 0.000000 0.629852 0.000000 0.978591
248.279999 0.000000 0.629123 0.000000 0.979113
248.399994 0.000000 0.628349 0.000000 0.979608
248.519989 0.000000 0.628737 0.000000 0.979302
248.639999 0.000000 0.629260 0.000000 0.979414
248.759995 0.000000 0.629111 0.000000 0.979806
248.879990 0.000000 0.629915 0.000000 0.979590
249.000000 0.000000 0.624900 0.000000 0.979100
249.119995 0.000000 0.625063 0.000000 0.979281
249.239990 0.000000 0.624250 0.000000 0.979592
249.360001 0.000000 0.621014 0.000000 0.979506
249.479996 0.000000 0.621024 0.000000 0.980496
249.599991 0.000000 0.618824 0.000000 0.980996
249.720001 0.000000 0.619009 0.000000 0.980790
249.839996 0.000000 0.613977 0.000000 0.980404
249.959991 0.000000 0.615092 0.000000 0.980710
