0.000000 0.992601 7.941606 0.000000 0.992801
0.120000 0.898680 7.189838 0.000000 0.898780
0.240000 0.821782 6.578158 0.000000 0.822282
0.360000 0.752050 6.024304 0.000000 0.753451
0.480000 0.693969 5.565557 0.000000 0.696170
0.600000 0.642243 5.152739 0.000000 0.644542
0.720000 0.591955 4.753252 0.000000 0.594757
0.840000 0.550115 4.426801 0.000000 0.553812
0.960000 0.511700 4.126800 0.000000 0.516200
1.080000 0.476548 3.850985 0.000000 0.481548
1.200000 0.451296 3.654620 0.000000 0.458104
1.320000 0.427814 3.469735 0.000000 0.434917
1.440000 0.405197 3.296052 0.000000 0.412993
1.560000 0.380314 3.098129 0.000000 0.388216
1.680000 0.361619 2.958821 0.000000 0.371114
1.800000 0.343741 2.829280 0.000000 0.354248
1.920000 0.321279 2.650949 0.000000 0.332068
2.040000 0.304222 2.526611 0.000000 0.316527
2.160000 0.289671 2.419258 0.000000 0.303070
2.280000 0.275300 2.313000 0.000000 0.289400
2.400000 0.260848 2.203659 0.000000 0.275845
2.520000 0.249075 2.117235 0.000000 0.266080
2.640000 0.236182 2.022888 0.000000 0.253773
2.760000 0.221389 1.915542 0.000000 0.240980
2.880000 0.209263 1.828248 0.000000 0.230169
3.000000 0.197400 1.749000 0.000000 0.220400
3.120000 0.184618 1.658166 0.000000 0.208821
3.240000 0.175412 1.591304 0.000000 0.200900
3.360000 0.166267 1.539016 0.000000 0.194378
3.480000 0.156653 1.476157 0.000000 0.186244
3.600000 0.146200 1.412500 0.000000 0.178400
3.720000 0.138028 1.360772 0.000000 0.172334
3.840000 0.129752 1.316226 0.000000 0.167167
3.960000 0.124388 1.291771 0.000000 0.163884
4.080000 0.117788 1.258974 0.000000 0.159684
4.200000 0.111889 1.231177 0.000000 0.156184
4.320000 0.106800 1.212100 0.000000 0.153900
4.440000 0.102621 1.201640 0.000000 0.152831
4.560000 0.095200 1.165100 0.000000 0.148100
4.680000 0.088509 1.147215 0.000000 0.146015
4.800000 0.085826 1.151646 0.000000 0.146244
4.920000 0.082425 1.153446 0.000000 0.146644
5.040000 0.078908 1.152115 0.000000 0.146715
5.160000 0.072515 1.129126 0.000000 0.143729
5.280000 0.069593 1.135286 0.000000 0.144886
5.400000 0.067620 1.155246 0.000000 0.147444
5.520000 0.062300 1.151000 0.000000 0.146900
5.640000 0.058582 1.160452 0.000000 0.148056
5.760000 0.054911 1.173835 0.000000 0.149930
5.880000 0.051485 1.197041 0.000000 0.152854
6.000000 0.048500 1.220700 0.000000 0.156600
6.120000 0.047295 1.253275 0.000000 0.160884
6.240000 0.044700 1.289900 0.000000 0.166200
6.360000 0.043600 1.331800 0.000000 0.172000
6.480000 0.040504 1.361836 0.000000 0.176118
6.600000 0.038000 1.409600 0.000000 0.182500
6.720000 0.035896 1.446555 0.000000 0.187981
6.840000 0.034093 1.496501 0.000000 0.194861
6.960000 0.033123 1.543881 0.000000 0.201141
7.080000 0.032487 1.624050 0.000000 0.211815
7.200000 0.030100 1.665900 0.000000 0.217500
7.320000 0.027219 1.738117 0.000000 0.227059
7.440000 0.025808 1.801840 0.000000 0.235471
7.560000 0.025803 1.872787 0.000000 0.245025
7.680000 0.024598 1.938406 0.000000 0.254175
7.800000 0.023300 2.012400 0.000000 0.264200
7.920000 0.021509 2.092337 0.000000 0.274710
8.040000 0.020314 2.167217 0.000000 0.284899
8.160000 0.018796 2.239652 0.000000 0.294841
8.280000 0.017298 2.315469 0.000000 0.305469
8.400000 0.016197 2.393121 0.000000 0.316137
8.520000 0.016216 2.492593 0.000000 0.329530
8.639999 0.015994 2.584466 0.000000 0.342463
8.760000 0.014710 2.676173 0.000000 0.354748
8.880000 0.012896 2.767170 0.000000 0.367390
9.000000 0.012100 2.870400 0.000000 0.382000
9.120000 0.011696 2.960912 0.000000 0.395081
9.240000 0.011100 3.041900 0.000000 0.406000
9.360000 0.009200 3.127400 0.000000 0.418600
9.480000 0.008996 3.223910 0.000000 0.432127
9.599999 0.008595 3.324405 0.000000 0.445932
9.719999 0.008599 3.411959 0.000000 0.458054
9.840000 0.008202 3.522657 0.000000 0.472842
9.960000 0.007001 3.624025 0.000000 0.487097
10.080000 0.006701 3.718244 0.000000 0.499800
10.200000 0.006503 3.816208 0.000000 0.513857
10.320000 0.006005 3.936543 0.000000 0.530077
10.440000 0.005200 4.034800 0.000000 0.543700
10.559999 0.005001 4.134113 0.000000 0.558356
10.679999 0.004999 4.233430 0.000000 0.572328
10.800000 0.004699 4.333533 0.000000 0.587382
10.920000 0.003901 4.427285 0.000000 0.601120
11.040000 0.003601 4.532060 0.000000 0.615685
11.160000 0.002998 4.636518 0.000000 0.630122
11.280000 0.003103 4.735462 0.000000 0.644980
11.400000 0.002501 4.842137 0.000000 0.660564
11.520000 0.002101 4.949085 0.000000 0.676203
11.639999 0.002599 5.043978 0.000000 0.689155
11.759999 0.002301 5.141885 0.000000 0.703022
11.880000 0.002399 5.222233 0.000000 0.715485
12.000000 0.002401 5.302452 0.000000 0.727264
12.120000 0.002100 5.385177 0.000000 0.739448
12.240000 0.001601 5.459029 0.000000 0.750175
12.360000 0.001299 5.534033 0.000000 0.762119
12.480000 0.001399 5.612454 0.000000 0.773890
12.599999 0.001100 5.677635 0.000000 0.783357
12.719999 0.001000 5.742497 0.000000 0.793017
12.840000 0.001100 5.807323 0.000000 0.802321
12.960000 0.001000 5.887456 0.000000 0.813593
13.080000 0.001000 5.949905 0.000000 0.824218
13.200000 0.001000 6.001501 0.000000 0.832333
13.320000 0.000899 6.058241 0.000000 0.841159
13.440000 0.000600 6.106100 0.000000 0.849300
13.559999 0.000501 6.161726 0.000000 0.858001
13.679999 0.000501 6.201824 0.000000 0.864315
13.799999 0.000400 6.234217 0.000000 0.869935
13.920000 0.000100 6.276524 0.000000 0.876224
14.040000 0.000100 6.313318 0.000000 0.882606
14.160000 0.000100 6.351200 0.000000 0.889200
14.280000 0.000100 6.385323 0.000000 0.896221
14.400000 0.000200 6.411617 0.000000 0.901020
14.520000 0.000000 6.435974 0.000000 0.905662
14.639999 0.000000 6.454518 0.000000 0.909136
14.759999 0.000000 6.473595 0.000000 0.912783
14.880000 0.000000 6.503900 0.000000 0.917700
15.000000 0.000000 6.528559 0.000000 0.922877
15.120000 0.000000 6.553176 0.000000 0.927364
15.240000 0.000000 6.561144 0.000000 0.929707
15.360000 0.000000 6.585817 0.000000 0.934287
15.480000 0.000000 6.603344 0.000000 0.938013
15.599999 0.000000 6.614084 0.000000 0.940582
15.719999 0.000000 6.633216 0.000000 0.943772
15.839999 0.000000 6.647165 0.000000 0.946395
15.960000 0.000000 6.668000 0.000000 0.949700
16.080000 0.000000 6.683391 0.000000 0.951829
16.199999 0.000000 6.694887 0.000000 0.953768
16.320000 0.000000 6.700620 0.000000 0.955573
16.440001 0.000000 6.703159 0.000000 0.956709
16.559999 0.000000 6.711627 0.000000 0.959876
16.680000 0.000000 6.721989 0.000000 0.961585
16.799999 0.000000 6.728410 0.000000 0.964375
16.920000 0.000000 6.730309 0.000000 0.966713
17.039999 0.000000 6.741219 0.000000 0.967677
17.160000 0.000000 6.741357 0.000000 0.969937
17.279999 0.000000 6.745430 0.000000 0.971326
17.400000 0.000000 6.754301 0.000000 0.972989
17.520000 0.000000 6.756427 0.000000 0.974892
17.639999 0.000000 6.752725 0.000000 0.976102
17.760000 0.000000 6.748150 0.000000 0.976105
17.879999 0.000000 6.750275 0.000000 0.976507
18.000000 0.000000 6.737864 0.000000 0.977079
18.119999 0.000000 6.735303 0.000000 0.976865
18.240000 0.000000 6.725755 0.000000 0.977504
18.359999 0.000000 6.717785 0.000000 0.977607
18.480000 0.000000 6.708117 0.000000 0.978309
18.600000 0.000000 6.702460 0.000000 0.978404
18.719999 0.000000 6.695252 0.000000 0.978911
18.840000 0.000000 6.685366 0.000000 0.977940
18.959999 0.000000 6.675562 0.000000 0.978311
19.080000 0.000000 6.677026 0.000000 0.978715
19.199999 0.000000 6.662635 0.000000 0.979108
19.320000 0.000000 6.654872 0.000000 0.979810
19.439999 0.000000 6.649570 0.000000 0.980204
19.559999 0.000000 6.648941 0.000000 0.980308
19.680000 0.000000 6.644173 0.000000 0.980376
19.799999 0.000000 6.639587 0.000000 0.980166
19.920000 0.000000 6.631179 0.000000 0.979826
20.039999 0.000000 6.623013 0.000000 0.979806
20.160000 0.000000 6.616692 0.000000 0.979810
20.279999 0.000000 6.613667 0.000000 0.979688
20.400000 0.000000 6.607892 0.000000 0.979820
20.520000 0.000000 6.604618 0.000000 0.980206
20.639999 0.000000 6.596921 0.000000 0.979906
20.760000 0.000000 6.591145 0.000000 0.979812
20.879999 0.000000 6.580400 0.000000 0.980200
21.000000 0.000000 6.573300 0.000000 0.980600
21.119999 0.000000 6.569572 0.000000 0.979908
21.240000 0.000000 6.557221 0.000000 0.980110
21.359999 0.000000 6.549755 0.000000 0.981098
21.480000 0.000000 6.537801 0.000000 0.981224
21.600000 0.000000 6.533286 0.000000 0.980708
21.719999 0.000000 6.517410 0.000000 0.980788
21.840000 0.000000 6.509547 0.000000 0.980606
21.959999 0.000000 6.510450 0.000000 0.980998
22.080000 0.000000 6.505257 0.000000 0.981576
22.199999 0.000000 6.497397 0.000000 0.981882
22.320000 0.000000 6.493207 0.000000 0.981519
22.439999 0.000000 6.485006 0.000000 0.980908
22.559999 0.000000 6.480484 0.000000 0.981285
22.680000 0.000000 6.473005 0.000000 0.981304
22.799999 0.000000 6.462915 0.000000 0.981207
22.920000 0.000000 6.454218 0.000000 0.981008
23.039999 0.000000 6.446764 0.000000 0.981123
23.160000 0.000000 6.436907 0.000000 0.980817
23.279999 0.000000 6.428800 0.000000 0.980900
23.400000 0.000000 6.430300 0.000000 0.980400
23.519999 0.000000 6.420126 0.000000 0.980194
23.639999 0.000000 6.418058 0.000000 0.981102
23.760000 0.000000 6.416050 0.000000 0.980288
23.879999 0.000000 6.412660 0.000000 0.980769
24.000000 0.000000 6.405759 0.000000 0.981802
24.119999 0.000000 6.396495 0.000000 0.982574
24.240000 0.000000 6.373975 0.000000 0.981796
24.359999 0.000000 6.365883 0.000000 0.981291
24.480000 0.000000 6.365293 0.000000 0.980484
24.600000 0.000000 6.354694 0.000000 0.981106
24.719999 0.000000 6.344337 0.000000 0.980792
24.840000 0.000000 6.337797 0.000000 0.979912
24.959999 0.000000 6.323123 0.000000 0.980781
25.080000 0.000000 6.315263 0.000000 0.980996
25.199999 0.000000 6.307977 0.000000 0.980308
25.320000 0.000000 6.298379 0.000000 0.980388
25.439999 0.000000 6.292495 0.000000 0.980314
25.559999 0.000000 6.282732 0.000000 0.980326
25.680000 0.000000 6.280428 0.000000 0.980498
25.799999 0.000000 6.276055 0.000000 0.980296
25.920000 0.000000 6.260465 0.000000 0.979972
26.039999 0.000000 6.251626 0.000000 0.979582
26.160000 0.000000 6.246602 0.000000 0.980715
26.279999 0.000000 6.237015 0.000000 0.980424
26.400000 0.000000 6.231791 0.000000 0.980817
26.519999 0.000000 6.218519 0.000000 0.980881
26.639999 0.000000 6.208600 0.000000 0.981400
26.760000 0.000000 6.200360 0.000000 0.981385
26.879999 0.000000 6.188557 0.000000 0.981394
27.000000 0.000000 6.173852 0.000000 0.981494
27.119999 0.000000 6.167150 0.000000 0.981194
27.240000 0.000000 6.160356 0.000000 0.981117
27.359999 0.000000 6.144198 0.000000 0.981213
27.480000 0.000000 6.140830 0.000000 0.981709
27.599998 0.000000 6.141016 0.000000 0.981411
27.719999 0.000000 6.132433 0.000000 0.981809
27.840000 0.000000 6.124825 0.000000 0.982096
27.959999 0.000000 6.114214 0.000000 0.982282
28.080000 0.000000 6.109544 0.000000 0.983093
28.199999 0.000000 6.101729 0.000000 0.983312
28.320000 0.000000 6.098859 0.000000 0.982372
28.439999 0.000000 6.095081 0.000000 0.983203
28.559999 0.000000 6.087200 0.000000 0.982800
28.680000 0.000000 6.072414 0.000000 0.983497
28.799999 0.000000 6.068200 0.000000 0.983300
28.920000 0.000000 6.070428 0.000000 0.983593
29.039999 0.000000 6.063687 0.000000 0.983403
29.160000 0.000000 6.056994 0.000000 0.983602
29.279999 0.000000 6.052917 0.000000 0.983163
29.400000 0.000000 6.043970 0.000000 0.983312
29.519999 0.000000 6.040794 0.000000 0.983061
29.639999 0.000000 6.037619 0.000000 0.983392
29.760000 0.000000 6.026392 0.000000 0.983105
29.879999 0.000000 6.024568 0.000000 0.983322
30.000000 0.000000 6.015992 0.000000 0.982809
30.119999 0.000000 6.012498 0.000000 0.982503
30.240000 0.000000 6.007199 0.000000 0.982302
30.359999 0.000000 5.996003 0.000000 0.982113
30.480000 0.000000 5.995999 0.000000 0.981798
30.599998 0.000000 5.985404 0.000000 0.983005
30.719999 0.000000 5.976107 0.000000 0.982805
30.840000 0.000000 5.971159 0.000000 0.982375
30.959999 0.000000 5.961188 0.000000 0.982295
31.080000 0.000000 5.957613 0.000000 0.982305
31.199999 0.000000 5.953863 0.000000 0.982386
31.320000 0.000000 5.945216 0.000000 0.983105
31.439999 0.000000 5.940470 0.000000 0.982891
31.559999 0.000000 5.944189 0.000000 0.982797
31.679998 0.000000 5.934861 0.000000 0.982289
31.799999 0.000000 5.924830 0.000000 0.981108
31.920000 0.000000 5.923985 0.000000 0.980896
32.040001 0.000000 5.916817 0.000000 0.981004
32.160000 0.000000 5.912039 0.000000 0.981187
32.279999 0.000000 5.902732 0.000000 0.981187
32.399998 0.000000 5.892682 0.000000 0.981731
32.520000 0.000000 5.881236 0.000000 0.981106
32.639999 0.000000 5.873363 0.000000 0.981209
32.759998 0.000000 5.864894 0.000000 0.979914
32.880001 0.000000 5.850966 0.000000 0.980182
33.000000 0.000000 5.847655 0.000000 0.979394
33.119999 0.000000 5.835894 0.000000 0.980547
33.239998 0.000000 5.826083 0.000000 0.981498
33.360001 0.000000 5.822360 0.000000 0.982316
33.480000 0.000000 5.815889 0.000000 0.982590
33.599998 0.000000 5.806916 0.000000 0.982311
33.719997 0.000000 5.799380 0.000000 0.981816
33.840000 0.000000 5.794341 0.000000 0.982304
33.959999 0.000000 5.791442 0.000000 0.982803
34.079998 0.000000 5.786378 0.000000 0.982398
34.200001 0.000000 5.781400 0.000000 0.981900
34.320000 0.000000 5.766699 0.000000 0.982500
34.439999 0.000000 5.758669 0.000000 0.981513
34.559998 0.000000 5.747525 0.000000 0.981294
34.680000 0.000000 5.742575 0.000000 0.980598
34.799999 0.000000 5.738922 0.000000 0.980694
34.919998 0.000000 5.732000 0.000000 0.981500
35.040001 0.000000 5.731832 0.000000 0.981682
35.160000 0.000000 5.725272 0.000000 0.982498
35.279999 0.000000 5.716215 0.000000 0.981895
35.399998 0.000000 5.714872 0.000000 0.982173
35.520000 0.000000 5.702130 0.000000 0.981302
35.639999 0.000000 5.691854 0.000000 0.981909
35.759998 0.000000 5.680192 0.000000 0.982311
35.880001 0.000000 5.676758 0.000000 0.982314
36.000000 0.000000 5.665467 0.000000 0.982409
36.119999 0.000000 5.662064 0.000000 0.982588
36.239998 0.000000 5.657029 0.000000 0.982691
36.360001 0.000000 5.645364 0.000000 0.982598
36.480000 0.000000 5.637027 0.000000 0.983415
36.599998 0.000000 5.625637 0.000000 0.983815
36.719997 0.000000 5.615323 0.000000 0.983497
36.840000 0.000000 5.613527 0.000000 0.983367
36.959999 0.000000 5.603863 0.000000 0.983190
37.079998 0.000000 5.605242 0.000000 0.981893
37.200001 0.000000 5.591482 0.000000 0.982104
37.320000 0.000000 5.588365 0.000000 0.982107
37.439999 0.000000 5.586017 0.000000 0.982797
37.559998 0.000000 5.576785 0.000000 0.982503
37.680000 0.000000 5.581416 0.000000 0.982697
37.799999 0.000000 5.568530 0.000000 0.983205
37.919998 0.000000 5.568830 0.000000 0.983305
38.040001 0.000000 5.560900 0.000000 0.983400
38.160000 0.000000 5.553591 0.000000 0.983418
38.279999 0.000000 5.553490 0.000000 0.983303
38.399998 0.000000 5.551748 0.000000 0.982717
38.520000 0.000000 5.545055 0.000000 0.982598
38.639999 0.000000 5.530794 0.000000 0.982803
38.759998 0.000000 5.525167 0.000000 0.983589
38.879997 0.000000 5.512053 0.000000 0.983495
39.000000 0.000000 5.509900 0.000000 0.982500
39.119999 0.000000 5.505854 0.000000 0.982988
39.239998 0.000000 5.504650 0.000000 0.983202
39.360001 0.000000 5.493553 0.000000 0.983208
39.480000 0.000000 5.481800 0.000000 0.983000
39.599998 0.000000 5.471983 0.000000 0.982690
39.719997 0.000000 5.457718 0.000000 0.982807
39.840000 0.000000 5.445300 0.000000 0.982785
39.959999 0.000000 5.438212 0.000000 0.982503
40.079998 0.000000 5.428157 0.000000 0.982302
40.200001 0.000000 5.421027 0.000000 0.982328
40.320000 0.000000 5.413282 0.000000 0.982396
40.439999 0.000000 5.398359 0.000000 0.982693
40.559998 0.000000 5.397898 0.000000 0.983283
40.680000 0.000000 5.399159 0.000000 0.983485
40.799999 0.000000 5.383777 0.000000 0.983497
40.919998 0.000000 5.373738 0.000000 0.983312
41.040001 0.000000 5.367343 0.000000 0.983312
41.160000 0.000000 5.356885 0.000000 0.984609
41.279999 0.000000 5.348890 0.000000 0.984110
41.399998 0.000000 5.338067 0.000000 0.983302
41.520000 0.000000 5.328126 0.000000 0.983378
41.639999 0.000000 5.322361 0.000000 0.982691
41.759998 0.000000 5.313430 0.000000 0.981827
41.879997 0.000000 5.316400 0.000000 0.982100
42.000000 0.000000 5.324100 0.000000 0.981800
42.119999 0.000000 5.316805 0.000000 0.981006
42.239998 0.000000 5.318477 0.000000 0.980614
42.360001 0.000000 5.317664 0.000000 0.981196
42.480000 0.000000 5.312825 0.000000 0.980792
42.599998 0.000000 5.303006 0.000000 0.981524
42.719997 0.000000 5.304195 0.000000 0.982077
42.840000 0.000000 5.296730 0.000000 0.982398
42.959999 0.000000 5.287115 0.000000 0.982693
43.079998 0.000000 5.290884 0.000000 0.982207
43.200001 0.000000 5.281615 0.000000 0.981705
43.320000 0.000000 5.279549 0.000000 0.981417
43.439999 0.000000 5.279167 0.000000 0.980889
43.559998 0.000000 5.269238 0.000000 0.981011
43.680000 0.000000 5.263927 0.000000 0.980998
43.799999 0.000000 5.255923 0.000000 0.981406
43.919998 0.000000 5.251725 0.000000 0.981805
44.040001 0.000000 5.240116 0.000000 0.981784
44.160000 0.000000 5.235824 0.000000 0.982298
44.279999 0.000000 5.230078 0.000000 0.981925
44.399998 0.000000 5.223901 0.000000 0.981500
44.520000 0.000000 5.222345 0.000000 0.982096
44.639999 0.000000 5.211542 0.000000 0.982296
44.759998 0.000000 5.197099 0.000000 0.981591
44.879997 0.000000 5.186200 0.000000 0.981900
45.000000 0.000000 5.180210 0.000000 0.981909
45.119999 0.000000 5.177511 0.000000 0.982209
45.239998 0.000000 5.165401 0.000000 0.981711
45.360001 0.000000 5.158448 0.000000 0.982095
45.480000 0.000000 5.160868 0.000000 0.981504
45.599998 0.000000 5.156747 0.000000 0.980994
45.719997 0.000000 5.149795 0.000000 0.981113
45.840000 0.000000 5.145802 0.000000 0.980987
45.959999 0.000000 5.140900 0.000000 0.981100
46.079998 0.000000 5.133066 0.000000 0.980690
46.200001 0.000000 5.121088 0.000000 0.980602
46.320000 0.000000 5.115400 0.000000 0.980800
46.439999 0.000000 5.109623 0.000000 0.981313
46.559998 0.000000 5.097085 0.000000 0.980964
46.680000 0.000000 5.091918 0.000000 0.981296
46.799999 0.000000 5.087383 0.000000 0.981304
46.919998 0.000000 5.075623 0.000000 0.981394
47.039997 0.000000 5.067413 0.000000 0.981596
47.160000 0.000000 5.060333 0.000000 0.980721
47.279999 0.000000 5.055083 0.000000 0.980206
47.399998 0.000000 5.039676 0.000000 0.981111
47.520000 0.000000 5.031334 0.000000 0.981480
47.639999 0.000000 5.027714 0.000000 0.981591
47.759998 0.000000 5.019520 0.000000 0.981682
47.879997 0.000000 5.017696 0.000000 0.981804
48.000000 0.000000 5.011193 0.000000 0.981911
48.119999 0.000000 5.001500 0.000000 0.981394
48.239998 0.000000 4.997798 0.000000 0.981185
48.360001 0.000000 5.001299 0.000000 0.981702
48.480000 0.000000 4.997001 0.000000 0.981206
48.599998 0.000000 4.990803 0.000000 0.982305
48.719997 0.000000 4.985388 0.000000 0.982186
48.840000 0.000000 4.984523 0.000000 0.982327
48.959999 0.000000 4.978380 0.000000 0.982584
49.079998 0.000000 4.974626 0.000000 0.982418
49.200001 0.000000 4.972625 0.000000 0.982316
49.320000 0.000000 4.962974 0.000000 0.982087
49.439999 0.000000 4.958554 0.000000 0.982223
49.559998 0.000000 4.956469 0.000000 0.982388
49.680000 0.000000 4.961915 0.000000 0.982007
49.799999 0.000000 4.953386 0.000000 0.983195
49.919998 0.000000 4.951380 0.000000 0.983093
50.039997 0.000000 4.948895 0.000000 0.981998
50.160000 0.000000 4.941847 0.000000 0.982314
50.279999 0.000000 4.935187 0.000000 0.981696
50.399998 0.000000 4.925085 0.000000 0.981796
50.520000 0.000000 4.918981 0.000000 0.981519
50.639999 0.000000 4.917700 0.000000 0.981700
50.759998 0.000000 4.907709 0.000000 0.981302
50.879997 0.000000 4.900411 0.000000 0.980182
51.000000 0.000000 4.899530 0.000000 0.980406
51.119999 0.000000 4.905984 0.000000 0.980518
51.239998 0.000000 4.901690 0.000000 0.981398
51.360001 0.000000 4.894053 0.000000 0.981509
51.480000 0.000000 4.889089 0.000000 0.982298
51.599998 0.000000 4.885980 0.000000 0.982013
51.719997 0.000000 4.888321 0.000000 0.981587
51.840000 0.000000 4.881546 0.000000 0.981876
51.959999 0.000000 4.869331 0.000000 0.981519
52.079998 0.000000 4.860695 0.000000 0.981726
52.199997 0.000000 4.842616 0.000000 0.981902
52.320000 0.000000 4.841758 0.000000 0.982084
52.439999 0.000000 4.837149 0.000000 0.982205
52.559998 0.000000 4.837291 0.000000 0.981765
52.680000 0.000000 4.837819 0.000000 0.980990
52.799999 0.000000 4.829951 0.000000 0.980906
52.919998 0.000000 4.815244 0.000000 0.980694
53.039997 0.000000 4.810567 0.000000 0.980987
53.160000 0.000000 4.807096 0.000000 0.981009
53.279999 0.000000 4.803120 0.000000 0.981602
53.399998 0.000000 4.794362 0.000000 0.982205
53.520000 0.000000 4.781784 0.000000 0.982822
53.639999 0.000000 4.766893 0.000000 0.982807
53.759998 0.000000 4.759408 0.000000 0.983187
53.879997 0.000000 4.746727 0.000000 0.983808
54.000000 0.000000 4.746099 0.000000 0.983800
54.119999 0.000000 4.735811 0.000000 0.983513
54.239998 0.000000 4.731761 0.000000 0.982710
54.360001 0.000000 4.720744 0.000000 0.983197
54.480000 0.000000 4.715614 0.000000 0.982707
54.599998 0.000000 4.713857 0.000000 0.982116
54.719997 0.000000 4.700330 0.000000 0.981302
54.840000 0.000000 4.690947 0.000000 0.981415
54.959999 0.000000 4.690503 0.000000 0.981524
55.079998 0.000000 4.680296 0.000000 0.981905
55.199997 0.000000 4.678368 0.000000 0.981998
55.320000 0.000000 4.679932 0.000000 0.982302
55.439999 0.000000 4.679392 0.000000 0.982411
55.559998 0.000000 4.670164 0.000000 0.982114
55.680000 0.000000 4.669830 0.000000 0.982118
55.799999 0.000000 4.675892 0.000000 0.981816
55.919998 0.000000 4.665701 0.000000 0.981711
56.039997 0.000000 4.669500 0.000000 0.982200
56.160000 0.000000 4.670970 0.000000 0.982087
56.279999 0.000000 4.662568 0.000000 0.981704
56.399998 0.000000 4.656247 0.000000 0.982266
56.520000 0.000000 4.651535 0.000000 0.982102
56.639999 0.000000 4.639189 0.000000 0.981815
56.759998 0.000000 4.629859 0.000000 0.981013
56.879997 0.000000 4.620242 0.000000 0.981017
57.000000 0.000000 4.615277 0.000000 0.981079
57.119999 0.000000 4.604472 0.000000 0.981232
57.239998 0.000000 4.596900 0.000000 0.982300
57.360001 0.000000 4.595925 0.000000 0.982423
57.480000 0.000000 4.591559 0.000000 0.982598
57.599998 0.000000 4.586970 0.000000 0.982986
57.719997 0.000000 4.580352 0.000000 0.982011
57.840000 0.000000 4.569843 0.000000 0.981902
57.959999 0.000000 4.559816 0.000000 0.981480
58.079998 0.000000 4.553488 0.000000 0.981987
58.199997 0.000000 4.553832 0.000000 0.981989
58.320000 0.000000 4.559241 0.000000 0.982018
58.439999 0.000000 4.552816 0.000000 0.982862
58.559998 0.000000 4.548374 0.000000 0.981691
58.680000 0.000000 4.543229 0.000000 0.982509
58.799999 0.000000 4.527153 0.000000 0.982798
58.919998 0.000000 4.521982 0.000000 0.983114
59.039997 0.000000 4.518396 0.000000 0.982803
59.160000 0.000000 4.509747 0.000000 0.982905
59.279999 0.000000 4.512782 0.000000 0.982425
59.399998 0.000000 4.512305 0.000000 0.982193
59.520000 0.000000 4.509132 0.000000 0.982134
59.639999 0.000000 4.505351 0.000000 0.982798
59.759998 0.000000 4.494553 0.000000 0.982209
59.879997 0.000000 4.492758 0.000000 0.981920
60.000000 0.000000 4.486149 0.000000 0.982798
60.119999 0.000000 4.475224 0.000000 0.982318
60.239998 0.000000 4.469877 0.000000 0.982716
60.359997 0.000000 4.456537 0.000000 0.981394
60.480000 0.000000 4.446798 0.000000 0.982016
60.599998 0.000000 4.441732 0.000000 0.982595
60.719997 0.000000 4.436095 0.000000 0.982612
60.840000 0.000000 4.428343 0.000000 0.982698
60.959999 0.000000 4.426644 0.000000 0.982910
61.079998 0.000000 4.420784 0.000000 0.982997
61.199997 0.000000 4.419007 0.000000 0.982212
61.320000 0.000000 4.418100 0.000000 0.982800
61.439999 0.000000 4.415385 0.000000 0.983417
61.559998 0.000000 4.411865 0.000000 0.982593
61.680000 0.000000 4.401000 0.000000 0.982509
61.799999 0.000000 4.388733 0.000000 0.982790
61.919998 0.000000 4.374400 0.000000 0.982800
62.039997 0.000000 4.371828 0.000000 0.982018
62.160000 0.000000 4.370096 0.000000 0.981986
62.279999 0.000000 4.362208 0.000000 0.981895
62.399998 0.000000 4.355284 0.000000 0.981685
62.520000 0.000000 4.342200 0.000000 0.981800
62.639999 0.000000 4.341976 0.000000 0.981480
62.759998 0.000000 4.332134 0.000000 0.981104
62.879997 0.000000 4.328606 0.000000 0.981522
63.000000 0.000000 4.324862 0.000000 0.981491
63.119999 0.000000 4.319900 0.000000 0.981100
63.239998 0.000000 4.319387 0.000000 0.980783
63.359997 0.000000 4.315595 0.000000 0.980594
63.480000 0.000000 4.312488 0.000000 0.980088
63.599998 0.000000 4.305522 0.000000 0.979592
63.719997 0.000000 4.290784 0.000000 0.980108
63.840000 0.000000 4.292137 0.000000 0.979219
63.959999 0.000000 4.282914 0.000000 0.980192
64.080002 0.000000 4.278905 0.000000 0.980514
64.199997 0.000000 4.272473 0.000000 0.980302
64.320000 0.000000 4.267341 0.000000 0.979982
64.439995 0.000000 4.262005 0.000000 0.980092
64.559998 0.000000 4.264400 0.000000 0.980200
64.680000 0.000000 4.260430 0.000000 0.980590
64.799995 0.000000 4.254623 0.000000 0.980406
64.919998 0.000000 4.256438 0.000000 0.980259
65.040001 0.000000 4.257445 0.000000 0.980712
65.159996 0.000000 4.245828 0.000000 0.980614
65.279999 0.000000 4.235700 0.000000 0.981100
65.400002 0.000000 4.237600 0.000000 0.981400
65.519997 0.000000 4.239244 0.000000 0.980688
65.639999 0.000000 4.234523 0.000000 0.980298
65.760002 0.000000 4.236371 0.000000 0.980994
65.879997 0.000000 4.224388 0.000000 0.980810
66.000000 0.000000 4.219856 0.000000 0.980804
66.119995 0.000000 4.213550 0.000000 0.980887
66.239998 0.000000 4.213500 0.000000 0.981200
66.360001 0.000000 4.197103 0.000000 0.981519
66.479996 0.000000 4.193123 0.000000 0.981308
66.599998 0.000000 4.193213 0.000000 0.980679
66.720001 0.000000 4.186950 0.000000 0.980584
66.839996 0.000000 4.170564 0.000000 0.981215
66.959999 0.000000 4.165232 0.000000 0.980985
67.080002 0.000000 4.170066 0.000000 0.980604
67.199997 0.000000 4.159020 0.000000 0.980510
67.320000 0.000000 4.160645 0.000000 0.980282
67.439995 0.000000 4.156806 0.000000 0.981111
67.559998 0.000000 4.150155 0.000000 0.981306
67.680000 0.000000 4.148885 0.000000 0.981202
67.799995 0.000000 4.139228 0.000000 0.980696
67.919998 0.000000 4.135332 0.000000 0.980710
68.040001 0.000000 4.131542 0.000000 0.980823
68.159996 0.000000 4.127073 0.000000 0.980220
68.279999 0.000000 4.120724 0.000000 0.980096
68.400002 0.000000 4.120648 0.000000 0.980292
68.519997 0.000000 4.115246 0.000000 0.980592
68.639999 0.000000 4.101600 0.000000 0.980700
68.760002 0.000000 4.095233 0.000000 0.981113
68.879997 0.000000 4.092017 0.000000 0.981816
69.000000 0.000000 4.093046 0.000000 0.982291
69.119995 0.000000 4.091938 0.000000 0.982374
69.239998 0.000000 4.092398 0.000000 0.982619
69.360001 0.000000 4.084826 0.000000 0.982395
69.479996 0.000000 4.081768 0.000000 0.982007
69.599998 0.000000 4.074844 0.000000 0.981389
69.720001 0.000000 4.069162 0.000000 0.981884
69.839996 0.000000 4.062606 0.000000 0.981398
69.959999 0.000000 4.060719 0.000000 0.981995
70.080002 0.000000 4.058924 0.000000 0.981192
70.199997 0.000000 4.056261 0.000000 0.980514
70.320000 0.000000 4.052700 0.000000 0.980800
70.439995 0.000000 4.040780 0.000000 0.980510
70.559998 0.000000 4.025390 0.000000 0.980608
70.680000 0.000000 4.020190 0.000000 0.980610
70.799995 0.000000 4.015703 0.000000 0.981396
70.919998 0.000000 4.011400 0.000000 0.980900
71.040001 0.000000 4.013810 0.000000 0.980987
71.159996 0.000000 4.009916 0.000000 0.980970
71.279999 0.000000 4.010502 0.000000 0.981396
71.400002 0.000000 4.009005 0.000000 0.981791
71.519997 0.000000 4.005701 0.000000 0.981898
71.639999 0.000000 4.008399 0.000000 0.981404
71.760002 0.000000 4.012897 0.000000 0.981406
71.879997 0.000000 4.005699 0.000000 0.981104
72.000000 0.000000 4.002301 0.000000 0.980892
72.119995 0.000000 3.998899 0.000000 0.980590
72.239998 0.000000 3.990391 0.000000 0.980082
72.360001 0.000000 3.990999 0.000000 0.979698
72.479996 0.000000 3.988601 0.000000 0.978502
72.599998 0.000000 3.987818 0.000000 0.978133
72.720001 0.000000 3.985002 0.000000 0.978202
72.839996 0.000000 3.988897 0.000000 0.977596
72.959999 0.000000 3.978689 0.000000 0.978389
73.080002 0.000000 3.981711 0.000000 0.978513
73.199997 0.000000 3.979486 0.000000 0.978485
73.320000 0.000000 3.973037 0.000000 0.978830
73.439995 0.000000 3.962485 0.000000 0.979592
73.559998 0.000000 3.951329 0.000000 0.978913
73.680000 0.000000 3.945273 0.000000 0.979790
73.799995 0.000000 3.944305 0.000000 0.980402
73.919998 0.000000 3.939654 0.000000 0.980717
74.040001 0.000000 3.937588 0.000000 0.980696
74.159996 0.000000 3.930879 0.000000 0.980294
74.279999 0.000000 3.925178 0.000000 0.980594
74.400002 0.000000 3.924338 0.000000 0.981109
74.519997 0.000000 3.916375 0.000000 0.980994
74.639999 0.000000 3.918306 0.000000 0.981125
74.760002 0.000000 3.917600 0.000000 0.981200
74.879997 0.000000 3.917292 0.000000 0.981798
75.000000 0.000000 3.921200 0.000000 0.981100
75.119995 0.000000 3.912774 0.000000 0.981094
75.239998 0.000000 3.909436 0.000000 0.980608
75.360001 0.000000 3.906581 0.000000 0.981196
75.479996 0.000000 3.908100 0.000000 0.980900
75.599998 0.000000 3.901788 0.000000 0.980817
75.720001 0.000000 3.904695 0.000000 0.980979
75.839996 0.000000 3.895679 0.000000 0.981496
75.959999 0.000000 3.891511 0.000000 0.981902
76.080002 0.000000 3.892643 0.000000 0.981707
76.199997 0.000000 3.886214 0.000000 0.982218
76.320000 0.000000 3.883735 0.000000 0.982605
76.439995 0.000000 3.874638 0.000000 0.982305
76.559998 0.000000 3.870083 0.000000 0.982985
76.680000 0.000000 3.869205 0.000000 0.982914
76.799995 0.000000 3.872624 0.000000 0.982790
76.919998 0.000000 3.874613 0.000000 0.982602
77.040001 0.000000 3.866640 0.000000 0.983005
77.159996 0.000000 3.861086 0.000000 0.983098
77.279999 0.000000 3.852022 0.000000 0.983180
77.400002 0.000000 3.846776 0.000000 0.982709
77.519997 0.000000 3.850546 0.000000 0.983672
77.639999 0.000000 3.841500 0.000000 0.983400
77.759995 0.000000 3.834083 0.000000 0.983108
77.879997 0.000000 3.826591 0.000000 0.982719
78.000000 0.000000 3.820556 0.000000 0.982486
78.119995 0.000000 3.821046 0.000000 0.982395
78.239998 0.000000 3.820718 0.000000 0.982702
78.360001 0.000000 3.817309 0.000000 0.982311
78.479996 0.000000 3.812687 0.000000 0.981718
78.599998 0.000000 3.804100 0.000000 0.981400
78.720001 0.000000 3.800460 0.000000 0.981296
78.839996 0.000000 3.802903 0.000000 0.982683
78.959999 0.000000 3.805212 0.000000 0.983127
79.080002 0.000000 3.803462 0.000000 0.982788
79.199997 0.000000 3.796622 0.000000 0.982111
79.320000 0.000000 3.789931 0.000000 0.982319
79.439995 0.000000 3.780934 0.000000 0.981995
79.559998 0.000000 3.775990 0.000000 0.981407
79.680000 0.000000 3.764641 0.000000 0.982011
79.799995 0.000000 3.760352 0.000000 0.981296
79.919998 0.000000 3.758318 0.000000 0.981017
80.040001 0.000000 3.755220 0.000000 0.980917
80.159996 0.000000 3.747824 0.000000 0.979994
80.279999 0.000000 3.745451 0.000000 0.979504
80.400002 0.000000 3.743875 0.000000 0.978698
80.519997 0.000000 3.735306 0.000000 0.980408
80.639999 0.000000 3.727000 0.000000 0.980600
80.759995 0.000000 3.715843 0.000000 0.980196
80.879997 0.000000 3.721189 0.000000 0.981092
81.000000 0.000000 3.718156 0.000000 0.981004
81.119995 0.000000 3.712557 0.000000 0.980590
81.239998 0.000000 3.703341 0.000000 0.980396
81.360001 0.000000 3.705118 0.000000 0.980508
81.479996 0.000000 3.697791 0.000000 0.980306
81.599998 0.000000 3.694186 0.000000 0.980386
81.720001 0.000000 3.696000 0.000000 0.980500
81.839996 0.000000 3.688194 0.000000 0.980206
81.959999 0.000000 3.680964 0.000000 0.980004
82.080002 0.000000 3.669835 0.000000 0.980090
82.199997 0.000000 3.677567 0.000000 0.979898
82.320000 0.000000 3.667733 0.000000 0.979514
82.439995 0.000000 3.672026 0.000000 0.978927
82.559998 0.000000 3.654700 0.000000 0.979000
82.680000 0.000000 3.652570 0.000000 0.980104
82.799995 0.000000 3.642049 0.000000 0.979786
82.919998 0.000000 3.633666 0.000000 0.980220
83.040001 0.000000 3.633546 0.000000 0.980108
83.159996 0.000000 3.631942 0.000000 0.980186
83.279999 0.000000 3.627012 0.000000 0.980306
83.400002 0.000000 3.629863 0.000000 0.979698
83.519997 0.000000 3.623938 0.000000 0.979718
83.639999 0.000000 3.627865 0.000000 0.979882
83.759995 0.000000 3.625500 0.000000 0.980685
83.879997 0.000000 3.617147 0.000000 0.982193
84.000000 0.000000 3.613084 0.000000 0.982695
84.119995 0.000000 3.610044 0.000000 0.983593
84.239998 0.000000 3.602479 0.000000 0.983103
84.360001 0.000000 3.600020 0.000000 0.982396
84.479996 0.000000 3.591082 0.000000 0.981504
84.599998 0.000000 3.586624 0.000000 0.981905
84.720001 0.000000 3.583767 0.000000 0.981685
84.839996 0.000000 3.578411 0.000000 0.981409
84.959999 0.000000 3.570228 0.000000 0.981793
85.080002 0.000000 3.574858 0.000000 0.981598
85.199997 0.000000 3.566057 0.000000 0.981298
85.320000 0.000000 3.564831 0.000000 0.981306
85.439995 0.000000 3.557223 0.000000 0.981493
85.559998 0.000000 3.555400 0.000000 0.981283
85.680000 0.000000 3.550681 0.000000 0.981370
85.799995 0.000000 3.541946 0.000000 0.981702
85.919998 0.000000 3.540008 0.000000 0.981496
86.040001 0.000000 3.533247 0.000000 0.981702
86.159996 0.000000 3.527426 0.000000 0.981916
86.279999 0.000000 3.522413 0.000000 0.980889
86.400002 0.000000 3.517937 0.000000 0.981813
86.519997 0.000000 3.506205 0.000000 0.982086
86.639999 0.000000 3.512849 0.000000 0.980602
86.759995 0.000000 3.510402 0.000000 0.980396
86.879997 0.000000 3.498399 0.000000 0.980492
87.000000 0.000000 3.502902 0.000000 0.980588
87.119995 0.000000 3.506151 0.000000 0.980598
87.239998 0.000000 3.508953 0.000000 0.980794
87.360001 0.000000 3.501748 0.000000 0.979922
87.479996 0.000000 3.500400 0.000000 0.980400
87.599998 0.000000 3.491207 0.000000 0.980815
87.720001 0.000000 3.487651 0.000000 0.981102
87.839996 0.000000 3.494000 0.000000 0.981800
87.959999 0.000000 3.488488 0.000000 0.981381
88.080002 0.000000 3.486260 0.000000 0.981113
88.199997 0.000000 3.481904 0.000000 0.981104
88.320000 0.000000 3.482107 0.000000 0.981308
88.439995 0.000000 3.476571 0.000000 0.981916
88.559998 0.000000 3.481526 0.000000 0.981626
88.680000 0.000000 3.478105 0.000000 0.982104
88.799995 0.000000 3.475310 0.000000 0.982407
88.919998 0.000000 3.465560 0.000000 0.982705
89.040001 0.000000 3.461600 0.000000 0.982323
89.159996 0.000000 3.461293 0.000000 0.981920
89.279999 0.000000 3.456228 0.000000 0.982191
89.400002 0.000000 3.446001 0.000000 0.982785
89.519997 0.000000 3.429600 0.000000 0.982600
89.639999 0.000000 3.413766 0.000000 0.982793
89.759995 0.000000 3.413993 0.000000 0.983009
89.879997 0.000000 3.407907 0.000000 0.983328
90.000000 0.000000 3.403881 0.000000 0.982997
90.119995 0.000000 3.400480 0.000000 0.982788
90.239998 0.000000 3.395482 0.000000 0.981905
90.360001 0.000000 3.397456 0.000000 0.981674
90.479996 0.000000 3.396779 0.000000 0.981796
90.599998 0.000000 3.396755 0.000000 0.982776
90.720001 0.000000 3.392292 0.000000 0.982883
90.839996 0.000000 3.383840 0.000000 0.982421
90.959999 0.000000 3.382232 0.000000 0.982412
91.079994 0.000000 3.382277 0.000000 0.982396
91.199997 0.000000 3.370226 0.000000 0.982503
91.320000 0.000000 3.362564 0.000000 0.982302
91.439995 0.000000 3.366100 0.000000 0.982900
91.559998 0.000000 3.363773 0.000000 0.982296
91.680000 0.000000 3.357636 0.000000 0.982398
91.799995 0.000000 3.357393 0.000000 0.982105
91.919998 0.000000 3.352193 0.000000 0.981775
92.040001 0.000000 3.345542 0.000000 0.982087
92.159996 0.000000 3.335198 0.000000 0.982521
92.279999 0.000000 3.332434 0.000000 0.982514
92.400002 0.000000 3.325465 0.000000 0.982196
92.519997 0.000000 3.319656 0.000000 0.983187
92.639999 0.000000 3.323665 0.000000 0.983097
92.759995 0.000000 3.324670 0.000000 0.983107
92.879997 0.000000 3.325205 0.000000 0.982610
93.000000 0.000000 3.333700 0.000000 0.982405
93.119995 0.000000 3.328965 0.000000 0.982291
93.239998 0.000000 3.322500 0.000000 0.982600
93.360001 0.000000 3.315763 0.000000 0.982296
93.479996 0.000000 3.305148 0.000000 0.982409
93.599998 0.000000 3.292846 0.000000 0.982791
93.720001 0.000000 3.288175 0.000000 0.983779
93.839996 0.000000 3.280556 0.000000 0.984497
93.959999 0.000000 3.273363 0.000000 0.984908
94.079994 0.000000 3.279525 0.000000 0.984926
94.199997 0.000000 3.277622 0.000000 0.984016
94.320000 0.000000 3.273209 0.000000 0.983811
94.439995 0.000000 3.277750 0.000000 0.983215
94.559998 0.000000 3.274773 0.000000 0.983302
94.680000 0.000000 3.265133 0.000000 0.982591
94.799995 0.000000 3.259744 0.000000 0.982610
94.919998 0.000000 3.252876 0.000000 0.982395
95.040001 0.000000 3.253276 0.000000 0.981895
95.159996 0.000000 3.245674 0.000000 0.981795
95.279999 0.000000 3.247425 0.000000 0.981998
95.400002 0.000000 3.244671 0.000000 0.982388
95.519997 0.000000 3.250350 0.000000 0.981989
95.639999 0.000000 3.253679 0.000000 0.981680
95.759995 0.000000 3.251827 0.000000 0.982084
95.879997 0.000000 3.245725 0.000000 0.982198
96.000000 0.000000 3.242294 0.000000 0.981485
96.119995 0.000000 3.236100 0.000000 0.981100
96.239998 0.000000 3.228623 0.000000 0.981498
96.360001 0.000000 3.213443 0.000000 0.981996
96.479996 0.000000 3.207562 0.000000 0.981995
96.599998 0.000000 3.199479 0.000000 0.982275
96.720001 0.000000 3.191881 0.000000 0.982402
96.839996 0.000000 3.194907 0.000000 0.981827
96.959999 0.000000 3.175923 0.000000 0.982188
97.079994 0.000000 3.167850 0.000000 0.981705
97.199997 0.000000 3.169332 0.000000 0.982007
97.320000 0.000000 3.162551 0.000000 0.981705
97.439995 0.000000 3.163984 0.000000 0.981902
97.559998 0.000000 3.162530 0.000000 0.981785
97.680000 0.000000 3.159016 0.000000 0.981798
97.799995 0.000000 3.150740 0.000000 0.981807
97.919998 0.000000 3.140533 0.000000 0.981735
98.040001 0.000000 3.126038 0.000000 0.981695
98.159996 0.000000 3.128164 0.000000 0.981491
98.279999 0.000000 3.117659 0.000000 0.982591
98.400002 0.000000 3.107121 0.000000 0.982396
98.519997 0.000000 3.100720 0.000000 0.982897
98.639999 0.000000 3.107322 0.000000 0.982497
98.759995 0.000000 3.103521 0.000000 0.981896
98.879997 0.000000 3.100090 0.000000 0.981702
99.000000 0.000000 3.101500 0.000000 0.982100
99.119995 0.000000 3.100750 0.000000 0.981709
99.239998 0.000000 3.099800 0.000000 0.981618
99.360001 0.000000 3.097998 0.000000 0.981782
99.479996 0.000000 3.090191 0.000000 0.981502
99.599998 0.000000 3.089173 0.000000 0.981805
99.720001 0.000000 3.090217 0.000000 0.982778
99.839996 0.000000 3.082808 0.000000 0.983598
99.959999 0.000000 3.075210 0.000000 0.983520
100.079994 0.000000 3.069744 0.000000 0.983014
100.199997 0.000000 3.067741 0.000000 0.982690
100.320000 0.000000 3.061474 0.000000 0.982779
100.439995 0.000000 3.057388 0.000000 0.981504
100.559998 0.000000 3.054416 0.000000 0.981494
100.680000 0.000000 3.040208 0.000000 0.981796
100.799995 0.000000 3.036133 0.000000 0.982284
100.919998 0.000000 3.025585 0.000000 0.982211
101.040001 0.000000 3.025628 0.000000 0.982581
101.159996 0.000000 3.025035 0.000000 0.982375
101.279999 0.000000 3.026976 0.000000 0.981916
101.400002 0.000000 3.021918 0.000000 0.981685
101.519997 0.000000 3.018908 0.000000 0.981293
101.639999 0.000000 3.016006 0.000000 0.981393
101.759995 0.000000 3.006305 0.000000 0.981185
101.879997 0.000000 3.000401 0.000000 0.980376
102.000000 0.000000 2.999600 0.000000 0.980310
102.119995 0.000000 2.999300 0.000000 0.980806
102.239998 0.000000 3.002001 0.000000 0.981096
102.360001 0.000000 2.996096 0.000000 0.981081
102.479996 0.000000 2.996097 0.000000 0.980386
102.599998 0.000000 2.989099 0.000000 0.980198
102.720001 0.000000 2.982125 0.000000 0.981126
102.839996 0.000000 2.973337 0.000000 0.980827
102.959999 0.000000 2.967932 0.000000 0.981319
103.079994 0.000000 2.960148 0.000000 0.980975
103.199997 0.000000 2.945549 0.000000 0.981417
103.320000 0.000000 2.948053 0.000000 0.981283
103.439995 0.000000 2.940747 0.000000 0.981115
103.559998 0.000000 2.931586 0.000000 0.980896
103.680000 0.000000 2.926419 0.000000 0.980879
103.799995 0.000000 2.918924 0.000000 0.980606
103.919998 0.000000 2.915534 0.000000 0.980108
104.040001 0.000000 2.911509 0.000000 0.980802
104.159996 0.000000 2.906909 0.000000 0.981102
104.279999 0.000000 2.894121 0.000000 0.981604
104.399994 0.000000 2.890489 0.000000 0.980598
104.519997 0.000000 2.887400 0.000000 0.980700
104.639999 0.000000 2.889544 0.000000 0.980708
104.759995 0.000000 2.883626 0.000000 0.979970
104.879997 0.000000 2.873713 0.000000 0.980402
105.000000 0.000000 2.864711 0.000000 0.979972
105.119995 0.000000 2.861559 0.000000 0.980594
105.239998 0.000000 2.847446 0.000000 0.981106
105.360001 0.000000 2.837179 0.000000 0.980821
105.479996 0.000000 2.827483 0.000000 0.981098
105.599998 0.000000 2.836051 0.000000 0.980494
105.720001 0.000000 2.835866 0.000000 0.980108
105.839996 0.000000 2.838149 0.000000 0.980306
105.959999 0.000000 2.841516 0.000000 0.980902
106.079994 0.000000 2.835962 0.000000 0.981230
106.199997 0.000000 2.833533 0.000000 0.981204
106.320000 0.000000 2.832733 0.000000 0.980204
106.439995 0.000000 2.830315 0.000000 0.980390
106.559998 0.000000 2.827765 0.000000 0.980696
106.680000 0.000000 2.828632 0.000000 0.981393
106.799995 0.000000 2.823152 0.000000 0.981574
106.919998 0.000000 2.814330 0.000000 0.981613
107.040001 0.000000 2.810533 0.000000 0.982812
107.159996 0.000000 2.808315 0.000000 0.982111
107.279999 0.000000 2.801902 0.000000 0.982482
107.399994 0.000000 2.793500 0.000000 0.983100
107.519997 0.000000 2.783175 0.000000 0.983275
107.639999 0.000000 2.778733 0.000000 0.983410
107.759995 0.000000 2.778855 0.000000 0.984011
107.879997 0.000000 2.776088 0.000000 0.983992
108.000000 0.000000 2.767537 0.000000 0.984089
108.119995 0.000000 2.764676 0.000000 0.983598
108.239998 0.000000 2.760263 0.000000 0.983818
108.360001 0.000000 2.761843 0.000000 0.984276
108.479996 0.000000 2.762267 0.000000 0.984178
108.599998 0.000000 2.765270 0.000000 0.983605
108.720001 0.000000 2.756773 0.000000 0.983405
108.839996 0.000000 2.754947 0.000000 0.984010
108.959999 0.000000 2.746547 0.000000 0.983984
109.079994 0.000000 2.746599 0.000000 0.983894
109.199997 0.000000 2.748401 0.000000 0.982907
109.320000 0.000000 2.741096 0.000000 0.983093
109.439995 0.000000 2.736032 0.000000 0.982609
109.559998 0.000000 2.725445 0.000000 0.982597
109.680000 0.000000 2.720721 0.000000 0.982683
109.799995 0.000000 2.716615 0.000000 0.982495
109.919998 0.000000 2.714042 0.000000 0.981671
110.040001 0.000000 2.710929 0.000000 0.982102
110.159996 0.000000 2.707454 0.000000 0.982291
110.279999 0.000000 2.709642 0.000000 0.983397
110.399994 0.000000 2.714472 0.000000 0.982986
110.519997 0.000000 2.708100 0.000000 0.983400
110.639999 0.000000 2.708862 0.000000 0.982416
110.759995 0.000000 2.703308 0.000000 0.983212
110.879997 0.000000 2.695600 0.000000 0.983100
111.000000 0.000000 2.691209 0.000000 0.983017
111.119995 0.000000 2.690491 0.000000 0.983483
111.239998 0.000000 2.688505 0.000000 0.982423
111.360001 0.000000 2.681236 0.000000 0.982997
111.479996 0.000000 2.671166 0.000000 0.983503
111.599998 0.000000 2.674303 0.000000 0.983895
111.720001 0.000000 2.672469 0.000000 0.983894
111.839996 0.000000 2.658493 0.000000 0.983986
111.959999 0.000000 2.655710 0.000000 0.984414
112.079994 0.000000 2.653515 0.000000 0.984779
112.199997 0.000000 2.651656 0.000000 0.985090
112.320000 0.000000 2.653004 0.000000 0.984905
112.439995 0.000000 2.653304 0.000000 0.983905
112.559998 0.000000 2.648989 0.000000 0.983490
112.680000 0.000000 2.650530 0.000000 0.982797
112.799995 0.000000 2.641929 0.000000 0.982096
112.919998 0.000000 2.644587 0.000000 0.981889
113.040001 0.000000 2.641043 0.000000 0.980908
113.159996 0.000000 2.632363 0.000000 0.981298
113.279999 0.000000 2.631894 0.000000 0.981515
113.399994 0.000000 2.624838 0.000000 0.980902
113.519997 0.000000 2.618220 0.000000 0.981021
113.639999 0.000000 2.619100 0.000000 0.981300
113.759995 0.000000 2.619780 0.000000 0.981019
113.879997 0.000000 2.612606 0.000000 0.982291
114.000000 0.000000 2.605000 0.000000 0.981900
114.119995 0.000000 2.595243 0.000000 0.982111
114.239998 0.000000 2.588371 0.000000 0.982486
114.360001 0.000000 2.581925 0.000000 0.983505
114.479996 0.000000 2.579100 0.000000 0.983600
114.599998 0.000000 2.577454 0.000000 0.983110
114.720001 0.000000 2.573646 0.000000 0.982978
114.839996 0.000000 2.566773 0.000000 0.982507
114.959999 0.000000 2.557367 0.000000 0.982095
115.079994 0.000000 2.548906 0.000000 0.982316
115.199997 0.000000 2.540746 0.000000 0.981902
115.320000 0.000000 2.536468 0.000000 0.981691
115.439995 0.000000 2.534849 0.000000 0.981574
115.559998 0.000000 2.529882 0.000000 0.980512
115.680000 0.000000 2.524285 0.000000 0.980412
115.799995 0.000000 2.525167 0.000000 0.980486
115.919998 0.000000 2.521469 0.000000 0.980883
116.040001 0.000000 2.523510 0.000000 0.981293
116.159996 0.000000 2.527711 0.000000 0.981293
116.279999 0.000000 2.525152 0.000000 0.982398
116.399994 0.000000 2.518796 0.000000 0.983003
116.519997 0.000000 2.507546 0.000000 0.982409
116.639999 0.000000 2.507401 0.000000 0.982697
116.759995 0.000000 2.501100 0.000000 0.982600
116.879997 0.000000 2.495600 0.000000 0.983200
117.000000 0.000000 2.491557 0.000000 0.982516
117.119995 0.000000 2.492835 0.000000 0.982563
117.239998 0.000000 2.487942 0.000000 0.982688
117.360001 0.000000 2.478756 0.000000 0.982505
117.479996 0.000000 2.472506 0.000000 0.982304
117.599998 0.000000 2.463961 0.000000 0.981705
117.719994 0.000000 2.456189 0.000000 0.982016
117.839996 0.000000 2.460362 0.000000 0.981805
117.959999 0.000000 2.465193 0.000000 0.981896
118.079994 0.000000 2.455592 0.000000 0.981776
118.199997 0.000000 2.453399 0.000000 0.981980
118.320000 0.000000 2.452983 0.000000 0.981613
118.439995 0.000000 2.449910 0.000000 0.982004
118.559998 0.000000 2.450500 0.000000 0.981500
118.680000 0.000000 2.450250 0.000000 0.981319
118.799995 0.000000 2.446057 0.000000 0.980885
118.919998 0.000000 2.441732 0.000000 0.980594
119.040001 0.000000 2.455338 0.000000 0.981174
119.159996 0.000000 2.453036 0.000000 0.981895
119.279999 0.000000 2.453364 0.000000 0.981406
119.399994 0.000000 2.445745 0.000000 0.981098
119.519997 0.000000 2.439800 0.000000 0.981000
119.639999 0.000000 2.434430 0.000000 0.981294
119.759995 0.000000 2.435756 0.000000 0.981102
119.879997 0.000000 2.430955 0.000000 0.980615
120.000000 0.000000 2.427813 0.000000 0.981278
120.119995 0.000000 2.427829 0.000000 0.981021
120.239998 0.000000 2.429029 0.000000 0.980994
120.360001 0.000000 2.422222 0.000000 0.981081
120.479996 0.000000 2.418435 0.000000 0.981385
120.599998 0.000000 2.398038 0.000000 0.982581
120.719994 0.000000 2.402499 0.000000 0.983208
120.839996 0.000000 2.404697 0.000000 0.983808
120.959999 0.000000 2.403719 0.000000 0.983903
121.079994 0.000000 2.403121 0.000000 0.983595
121.199997 0.000000 2.408059 0.000000 0.983202
121.320000 0.000000 2.400300 0.000000 0.983616
121.439995 0.000000 2.394234 0.000000 0.983482
121.559998 0.000000 2.385853 0.000000 0.983415
121.680000 0.000000 2.375325 0.000000 0.982204
121.799995 0.000000 2.377185 0.000000 0.981920
121.919998 0.000000 2.376726 0.000000 0.982489
122.040001 0.000000 2.370811 0.000000 0.982595
122.159996 0.000000 2.361308 0.000000 0.982495
122.279999 0.000000 2.357642 0.000000 0.982517
122.399994 0.000000 2.352154 0.000000 0.983212
122.519997 0.000000 2.357693 0.000000 0.983382
122.639999 0.000000 2.359095 0.000000 0.983482
122.759995 0.000000 2.357314 0.000000 0.982514
122.879997 0.000000 2.353869 0.000000 0.983125
123.000000 0.000000 2.354112 0.000000 0.983690
123.119995 0.000000 2.344697 0.000000 0.984405
123.239998 0.000000 2.340657 0.000000 0.984620
123.360001 0.000000 2.344372 0.000000 0.984292
123.479996 0.000000 2.335834 0.000000 0.984094
123.599998 0.000000 2.331467 0.000000 0.984506
123.719994 0.000000 2.332633 0.000000 0.984494
123.839996 0.000000 2.328269 0.000000 0.984206
123.959999 0.000000 2.330768 0.000000 0.984106
124.079994 0.000000 2.327562 0.000000 0.983987
124.199997 0.000000 2.311369 0.000000 0.984901
124.320000 0.000000 2.312487 0.000000 0.985614
124.439995 0.000000 2.312331 0.000000 0.986099
124.559998 0.000000 2.310738 0.000000 0.985303
124.680000 0.000000 2.305830 0.000000 0.985299
124.799995 0.000000 2.303052 0.000000 0.984692
124.919998 0.000000 2.299580 0.000000 0.983707
125.040001 0.000000 2.289884 0.000000 0.983407
125.159996 0.000000 2.283857 0.000000 0.983597
125.279999 0.000000 2.285643 0.000000 0.984503
125.399994 0.000000 2.281350 0.000000 0.985024
125.519997 0.000000 2.285300 0.000000 0.985100
125.639999 0.000000 2.291683 0.000000 0.984970
125.759995 0.000000 2.289202 0.000000 0.984589
125.879997 0.000000 2.278556 0.000000 0.984897
126.000000 0.000000 2.275914 0.000000 0.984176
126.119995 0.000000 2.272110 0.000000 0.984111
126.239998 0.000000 2.277667 0.000000 0.983390
126.360001 0.000000 2.272882 0.000000 0.982795
126.479996 0.000000 2.268554 0.000000 0.982597
126.599998 0.000000 2.265126 0.000000 0.982498
126.719994 0.000000 2.266113 0.000000 0.982386
126.839996 0.000000 2.264518 0.000000 0.982179
126.959999 0.000000 2.253848 0.000000 0.982511
127.079994 0.000000 2.243181 0.000000 0.982316
127.199997 0.000000 2.248699 0.000000 0.982686
127.320000 0.000000 2.244875 0.000000 0.981902
127.439995 0.000000 2.246195 0.000000 0.981678
127.559998 0.000000 2.233193 0.000000 0.982293
127.680000 0.000000 2.228431 0.000000 0.982905
127.799995 0.000000 2.233370 0.000000 0.982995
127.919998 0.000000 2.231961 0.000000 0.983110
128.039993 0.000000 2.232933 0.000000 0.982583
128.160004 0.000000 2.239328 0.000000 0.982105
128.279999 0.000000 2.231392 0.000000 0.982516
128.399994 0.000000 2.228500 0.000000 0.982100
128.520004 0.000000 2.225245 0.000000 0.982396
128.639999 0.000000 2.217800 0.000000 0.982600
128.759995 0.000000 2.216765 0.000000 0.982795
128.879990 0.000000 2.208263 0.000000 0.982836
129.000000 0.000000 2.201780 0.000000 0.983202
129.119995 0.000000 2.202340 0.000000 0.982797
129.239990 0.000000 2.190662 0.000000 0.983703
129.360001 0.000000 2.184644 0.000000 0.983605
129.479996 0.000000 2.189473 0.000000 0.982621
129.599991 0.000000 2.183942 0.000000 0.982824
129.720001 0.000000 2.179582 0.000000 0.983102
129.839996 0.000000 2.175470 0.000000 0.982493
129.959991 0.000000 2.166400 0.000000 0.982621
130.080002 0.000000 2.174078 0.000000 0.982212
130.199997 0.000000 2.172421 0.000000 0.981987
130.319992 0.000000 2.168931 0.000000 0.982118
130.440002 0.000000 2.171937 0.000000 0.981585
130.559998 0.000000 2.173364 0.000000 0.982363
130.679993 0.000000 2.165301 0.000000 0.982710
130.800003 0.000000 2.159004 0.000000 0.982311
130.919998 0.000000 2.157542 0.000000 0.982684
131.039993 0.000000 2.160312 0.000000 0.982988
131.160004 0.000000 2.149915 0.000000 0.982998
131.279999 0.000000 2.146629 0.000000 0.982797
131.399994 0.000000 2.150675 0.000000 0.982491
131.520004 0.000000 2.148674 0.000000 0.982591
131.639999 0.000000 2.141228 0.000000 0.983797
131.759995 0.000000 2.146400 0.000000 0.983800
131.879990 0.000000 2.148070 0.000000 0.983103
132.000000 0.000000 2.149700 0.000000 0.983100
132.119995 0.000000 2.153185 0.000000 0.983302
132.239990 0.000000 2.155086 0.000000 0.983280
132.360001 0.000000 2.154430 0.000000 0.983218
132.479996 0.000000 2.154000 0.000000 0.982677
132.599991 0.000000 2.146747 0.000000 0.981782
132.720001 0.000000 2.140586 0.000000 0.981402
132.839996 0.000000 2.138717 0.000000 0.981311
132.959991 0.000000 2.133640 0.000000 0.981995
133.080002 0.000000 2.134800 0.000000 0.981700
133.199997 0.000000 2.134087 0.000000 0.982002
133.319992 0.000000 2.131000 0.000000 0.982000
133.440002 0.000000 2.126126 0.000000 0.981481
133.559998 0.000000 2.123861 0.000000 0.981276
133.679993 0.000000 2.124875 0.000000 0.981304
133.800003 0.000000 2.124387 0.000000 0.980386
133.919998 0.000000 2.124912 0.000000 0.980783
134.039993 0.000000 2.119852 0.000000 0.980708
134.160004 0.000000 2.119205 0.000000 0.981015
134.279999 0.000000 2.117118 0.000000 0.980614
134.399994 0.000000 2.114638 0.000000 0.980777
134.520004 0.000000 2.121052 0.000000 0.980808
134.639999 0.000000 2.118500 0.000000 0.981200
134.759995 0.000000 2.118300 0.000000 0.980800
134.879990 0.000000 2.116865 0.000000 0.981006
135.000000 0.000000 2.110911 0.000000 0.982214
135.119995 0.000000 2.100800 0.000000 0.982600
135.239990 0.000000 2.103434 0.000000 0.982677
135.360001 0.000000 2.092681 0.000000 0.982004
135.479996 0.000000 2.089363 0.000000 0.982188
135.599991 0.000000 2.088794 0.000000 0.981422
135.720001 0.000000 2.089245 0.000000 0.981091
135.839996 0.000000 2.095057 0.000000 0.980788
135.959991 0.000000 2.102449 0.000000 0.981309
136.080002 0.000000 2.099150 0.000000 0.980910
136.199997 0.000000 2.096652 0.000000 0.981409
136.319992 0.000000 2.097361 0.000000 0.982207
136.440002 0.000000 2.084668 0.000000 0.981986
136.559998 0.000000 2.081792 0.000000 0.981802
136.679993 0.000000 2.079079 0.000000 0.981481
136.800003 0.000000 2.068748 0.000000 0.981587
136.919998 0.000000 2.063094 0.000000 0.982002
137.039993 0.000000 2.062932 0.000000 0.982864
137.160004 0.000000 2.057389 0.000000 0.982703
137.279999 0.000000 2.051684 0.000000 0.982405
137.399994 0.000000 2.053115 0.000000 0.981729
137.520004 0.000000 2.049905 0.000000 0.981498
137.639999 0.000000 2.048824 0.000000 0.982091
137.759995 0.000000 2.043661 0.000000 0.982316
137.879990 0.000000 2.041384 0.000000 0.982607
138.000000 0.000000 2.039492 0.000000 0.983203
138.119995 0.000000 2.038796 0.000000 0.983302
138.239990 0.000000 2.029497 0.000000 0.983002
138.360001 0.000000 2.026100 0.000000 0.982200
138.479996 0.000000 2.010702 0.000000 0.981696
138.599991 0.000000 2.007598 0.000000 0.982405
138.720001 0.000000 2.010306 0.000000 0.982089
138.839996 0.000000 2.003803 0.000000 0.982486
138.959991 0.000000 1.998701 0.000000 0.982507
139.080002 0.000000 2.002399 0.000000 0.982204
139.199997 0.000000 1.992102 0.000000 0.982703
139.319992 0.000000 1.992299 0.000000 0.981796
139.440002 0.000000 1.984224 0.000000 0.981827
139.559998 0.000000 1.990985 0.000000 0.980968
139.679993 0.000000 1.987510 0.000000 0.981015
139.800003 0.000000 1.977809 0.000000 0.980708
139.919998 0.000000 1.975981 0.000000 0.980985
140.039993 0.000000 1.972489 0.000000 0.981192
140.160004 0.000000 1.971506 0.000000 0.981904
140.279999 0.000000 1.961615 0.000000 0.982107
140.399994 0.000000 1.965603 0.000000 0.981902
140.520004 0.000000 1.962012 0.000000 0.980806
140.639999 0.000000 1.958808 0.000000 0.980904
140.759995 0.000000 1.947795 0.000000 0.980698
140.879990 0.000000 1.939736 0.000000 0.981011
141.000000 0.000000 1.937275 0.000000 0.981293
141.119995 0.000000 1.933113 0.000000 0.981404
141.239990 0.000000 1.929050 0.000000 0.981713
141.360001 0.000000 1.916791 0.000000 0.981620
141.479996 0.000000 1.915375 0.000000 0.981995
141.599991 0.000000 1.913239 0.000000 0.981587
141.720001 0.000000 1.903942 0.000000 0.982089
141.839996 0.000000 1.905500 0.000000 0.983100
141.959991 0.000000 1.907826 0.000000 0.983187
142.080002 0.000000 1.905847 0.000000 0.982409
142.199997 0.000000 1.906872 0.000000 0.981695
142.319992 0.000000 1.901542 0.000000 0.981671
142.440002 0.000000 1.897131 0.000000 0.981705
142.559998 0.000000 1.893129 0.000000 0.981971
142.679993 0.000000 1.891778 0.000000 0.981596
142.800003 0.000000 1.893157 0.000000 0.981493
142.919998 0.000000 1.890867 0.000000 0.981494
143.039993 0.000000 1.894058 0.000000 0.981493
143.160004 0.000000 1.898022 0.000000 0.980823
143.279999 0.000000 1.896348 0.000000 0.980090
143.399994 0.000000 1.898461 0.000000 0.981011
143.520004 0.000000 1.900250 0.000000 0.979710
143.639999 0.000000 1.898139 0.000000 0.980388
143.759995 0.000000 1.894468 0.000000 0.980394
143.879990 0.000000 1.889345 0.000000 0.980272
144.000000 0.000000 1.881876 0.000000 0.980596
144.119995 0.000000 1.883242 0.000000 0.979890
144.239990 0.000000 1.876012 0.000000 0.980302
144.360001 0.000000 1.871226 0.000000 0.980404
144.479996 0.000000 1.867327 0.000000 0.980304
144.599991 0.000000 1.864740 0.000000 0.980206
144.720001 0.000000 1.861831 0.000000 0.979890
144.839996 0.000000 1.865573 0.000000 0.978996
144.959991 0.000000 1.865321 0.000000 0.979119
145.080002 0.000000 1.863573 0.000000 0.979996
145.199997 0.000000 1.865946 0.000000 0.980492
145.319992 0.000000 1.859568 0.000000 0.981023
145.440002 0.000000 1.855087 0.000000 0.980812
145.559998 0.000000 1.854460 0.000000 0.980621
145.679993 0.000000 1.847861 0.000000 0.980308
145.800003 0.000000 1.847231 0.000000 0.980004
145.919998 0.000000 1.841059 0.000000 0.981119
146.039993 0.000000 1.839648 0.000000 0.980706
146.160004 0.000000 1.835882 0.000000 0.980210
146.279999 0.000000 1.833317 0.000000 0.980302
146.399994 0.000000 1.824077 0.000000 0.980486
146.520004 0.000000 1.826769 0.000000 0.980608
146.639999 0.000000 1.825944 0.000000 0.981626
146.759995 0.000000 1.821858 0.000000 0.981986
146.879990 0.000000 1.823923 0.000000 0.981813
147.000000 0.000000 1.822460 0.000000 0.981916
147.119995 0.000000 1.824600 0.000000 0.982500
147.239990 0.000000 1.827200 0.000000 0.982800
147.360001 0.000000 1.827665 0.000000 0.982797
147.479996 0.000000 1.828591 0.000000 0.983370
147.599991 0.000000 1.831635 0.000000 0.983613
147.720001 0.000000 1.829949 0.000000 0.983195
147.839996 0.000000 1.831002 0.000000 0.983710
147.959991 0.000000 1.833283 0.000000 0.983827
148.080002 0.000000 1.827165 0.000000 0.984297
148.199997 0.000000 1.826109 0.000000 0.984519
148.319992 0.000000 1.828220 0.000000 0.984511
148.440002 0.000000 1.824772 0.000000 0.984079
148.559998 0.000000 1.826004 0.000000 0.984309
148.679993 0.000000 1.830852 0.000000 0.984814
148.800003 0.000000 1.826235 0.000000 0.984703
148.919998 0.000000 1.827786 0.000000 0.985207
149.039993 0.000000 1.825735 0.000000 0.984803
149.160004 0.000000 1.820180 0.000000 0.983716
149.279999 0.000000 1.814263 0.000000 0.984097
149.399994 0.000000 1.815141 0.000000 0.983477
149.520004 0.000000 1.809691 0.000000 0.982881
149.639999 0.000000 1.804856 0.000000 0.982714
149.759995 0.000000 1.806181 0.000000 0.983398
149.879990 0.000000 1.804698 0.000000 0.983108
150.000000 0.000000 1.798641 0.000000 0.983412
150.119995 0.000000 1.797981 0.000000 0.982707
150.239990 0.000000 1.798619 0.000000 0.983085
150.360001 0.000000 1.801699 0.000000 0.983208
150.479996 0.000000 1.794956 0.000000 0.982388
150.599991 0.000000 1.793614 0.000000 0.981784
150.720001 0.000000 1.794803 0.000000 0.981509
150.839996 0.000000 1.788744 0.000000 0.981838
150.959991 0.000000 1.788542 0.000000 0.982204
151.080002 0.000000 1.781666 0.000000 0.983405
151.199997 0.000000 1.783602 0.000000 0.983462
151.319992 0.000000 1.786250 0.000000 0.982812
151.440002 0.000000 1.786707 0.000000 0.982709
151.559998 0.000000 1.793652 0.000000 0.982579
151.679993 0.000000 1.794262 0.000000 0.981805
151.800003 0.000000 1.791750 0.000000 0.982078
151.919998 0.000000 1.789316 0.000000 0.981993
152.039993 0.000000 1.785486 0.000000 0.982107
152.160004 0.000000 1.781175 0.000000 0.982714
152.279999 0.000000 1.777145 0.000000 0.983203
152.399994 0.000000 1.774775 0.000000 0.983183
152.519989 0.000000 1.773209 0.000000 0.983693
152.639999 0.000000 1.773055 0.000000 0.983797
152.759995 0.000000 1.773987 0.000000 0.983492
152.879990 0.000000 1.771463 0.000000 0.983290
153.000000 0.000000 1.767707 0.000000 0.983894
153.119995 0.000000 1.764600 0.000000 0.983100
153.239990 0.000000 1.761200 0.000000 0.982600
153.360001 0.000000 1.763900 0.000000 0.982500
153.479996 0.000000 1.760668 0.000000 0.982212
153.599991 0.000000 1.759824 0.000000 0.981902
153.720001 0.000000 1.750000 0.000000 0.981407
153.839996 0.000000 1.750700 0.000000 0.981500
153.959991 0.000000 1.750551 0.000000 0.981682
154.080002 0.000000 1.743397 0.000000 0.981493
154.199997 0.000000 1.738557 0.000000 0.981811
154.319992 0.000000 1.735462 0.000000 0.981884
154.440002 0.000000 1.734992 0.000000 0.981520
154.559998 0.000000 1.742220 0.000000 0.981087
154.679993 0.000000 1.736368 0.000000 0.981491
154.800003 0.000000 1.735462 0.000000 0.981984
154.919998 0.000000 1.727000 0.000000 0.982200
155.039993 0.000000 1.727573 0.000000 0.982078
155.160004 0.000000 1.722155 0.000000 0.982404
155.279999 0.000000 1.714186 0.000000 0.981905
155.399994 0.000000 1.713843 0.000000 0.982597
155.519989 0.000000 1.713370 0.000000 0.982874
155.639999 0.000000 1.711329 0.000000 0.982802
155.759995 0.000000 1.712071 0.000000 0.982698
155.879990 0.000000 1.707954 0.000000 0.982291
156.000000 0.000000 1.698381 0.000000 0.981711
156.119995 0.000000 1.692685 0.000000 0.981487
156.239990 0.000000 1.685415 0.000000 0.981119
156.360001 0.000000 1.679172 0.000000 0.981393
156.479996 0.000000 1.682595 0.000000 0.981206
156.599991 0.000000 1.688782 0.000000 0.980286
156.720001 0.000000 1.688182 0.000000 0.980586
156.839996 0.000000 1.685331 0.000000 0.979802
156.959991 0.000000 1.686494 0.000000 0.980006
157.080002 0.000000 1.691084 0.000000 0.980186
157.199997 0.000000 1.687819 0.000000 0.980514
157.319992 0.000000 1.678718 0.000000 0.980226
157.440002 0.000000 1.671467 0.000000 0.980198
157.559998 0.000000 1.670064 0.000000 0.980615
157.679993 0.000000 1.667666 0.000000 0.980022
157.800003 0.000000 1.664868 0.000000 0.980210
157.919998 0.000000 1.668667 0.000000 0.980192
158.039993 0.000000 1.667500 0.000000 0.980806
158.160004 0.000000 1.666933 0.000000 0.980608
158.279999 0.000000 1.662066 0.000000 0.980698
158.399994 0.000000 1.657060 0.000000 0.981687
158.519989 0.000000 1.654907 0.000000 0.981811
158.639999 0.000000 1.651839 0.000000 0.981907
158.759995 0.000000 1.655700 0.000000 0.982000
158.879990 0.000000 1.652696 0.000000 0.982195
159.000000 0.000000 1.656931 0.000000 0.982396
159.119995 0.000000 1.665066 0.000000 0.982393
159.239990 0.000000 1.662472 0.000000 0.982524
159.360001 0.000000 1.658005 0.000000 0.982511
159.479996 0.000000 1.653850 0.000000 0.981624
159.599991 0.000000 1.645107 0.000000 0.981905
159.720001 0.000000 1.640100 0.000000 0.981500
159.839996 0.000000 1.637500 0.000000 0.982500
159.959991 0.000000 1.639508 0.000000 0.982505
160.080002 0.000000 1.640892 0.000000 0.981394
160.199997 0.000000 1.640539 0.000000 0.982027
160.319992 0.000000 1.641921 0.000000 0.981691
160.440002 0.000000 1.644085 0.000000 0.982214
160.559998 0.000000 1.644642 0.000000 0.982707
160.679993 0.000000 1.641849 0.000000 0.981987
160.800003 0.000000 1.643392 0.000000 0.981820
160.919998 0.000000 1.647876 0.000000 0.983208
161.039993 0.000000 1.639756 0.000000 0.983393
161.160004 0.000000 1.637119 0.000000 0.982992
161.279999 0.000000 1.631216 0.000000 0.982992
161.399994 0.000000 1.629515 0.000000 0.982191
161.519989 0.000000 1.628437 0.000000 0.982502
161.639999 0.000000 1.624700 0.000000 0.982600
161.759995 0.000000 1.623950 0.000000 0.981993
161.879990 0.000000 1.625988 0.000000 0.981895
162.000000 0.000000 1.622438 0.000000 0.982302
162.119995 0.000000 1.620586 0.000000 0.981895
162.239990 0.000000 1.619162 0.000000 0.981398
162.360001 0.000000 1.616947 0.000000 0.981293
162.479996 0.000000 1.613916 0.000000 0.981406
162.599991 0.000000 1.614731 0.000000 0.981311
162.720001 0.000000 1.613830 0.000000 0.981887
162.839996 0.000000 1.612832 0.000000 0.981511
162.959991 0.000000 1.610900 0.000000 0.981400
163.080002 0.000000 1.606936 0.000000 0.981211
163.199997 0.000000 1.605558 0.000000 0.981807
163.319992 0.000000 1.610551 0.000000 0.982116
163.440002 0.000000 1.610239 0.000000 0.983002
163.559998 0.000000 1.611489 0.000000 0.982517
163.679993 0.000000 1.609305 0.000000 0.981891
163.800003 0.000000 1.605921 0.000000 0.982296
163.919998 0.000000 1.603540 0.000000 0.981702
164.039993 0.000000 1.604204 0.000000 0.981181
164.160004 0.000000 1.605119 0.000000 0.981406
164.279999 0.000000 1.600821 0.000000 0.981578
164.399994 0.000000 1.602400 0.000000 0.981800
164.519989 0.000000 1.598122 0.000000 0.980915
164.639999 0.000000 1.596539 0.000000 0.982393
164.759995 0.000000 1.591978 0.000000 0.982595
164.879990 0.000000 1.584235 0.000000 0.983073
165.000000 0.000000 1.583200 0.000000 0.983080
165.119995 0.000000 1.580984 0.000000 0.984103
165.239990 0.000000 1.576712 0.000000 0.984708
165.360001 0.000000 1.576558 0.000000 0.983598
165.479996 0.000000 1.572185 0.000000 0.982915
165.599991 0.000000 1.568091 0.000000 0.982628
165.720001 0.000000 1.570400 0.000000 0.981700
165.839996 0.000000 1.563175 0.000000 0.981807
165.959991 0.000000 1.561061 0.000000 0.981582
166.080002 0.000000 1.560044 0.000000 0.981502
166.199997 0.000000 1.561000 0.000000 0.981500
166.319992 0.000000 1.561756 0.000000 0.981598
166.440002 0.000000 1.561175 0.000000 0.981707
166.559998 0.000000 1.554334 0.000000 0.981506
166.679993 0.000000 1.552732 0.000000 0.981389
166.800003 0.000000 1.548532 0.000000 0.981526
166.919998 0.000000 1.550730 0.000000 0.981589
167.039993 0.000000 1.549033 0.000000 0.980968
167.160004 0.000000 1.546136 0.000000 0.980606
167.279999 0.000000 1.543291 0.000000 0.980904
167.399994 0.000000 1.540700 0.000000 0.980700
167.519989 0.000000 1.538538 0.000000 0.981030
167.639999 0.000000 1.543311 0.000000 0.981417
167.759995 0.000000 1.540322 0.000000 0.981513
167.879990 0.000000 1.531513 0.000000 0.980792
168.000000 0.000000 1.524281 0.000000 0.981315
168.119995 0.000000 1.529582 0.000000 0.981211
168.239990 0.000000 1.527853 0.000000 0.981598
168.360001 0.000000 1.532155 0.000000 0.980927
168.479996 0.000000 1.530988 0.000000 0.981507
168.599991 0.000000 1.519704 0.000000 0.981796
168.720001 0.000000 1.518711 0.000000 0.982690
168.839996 0.000000 1.518211 0.000000 0.982489
168.959991 0.000000 1.519792 0.000000 0.982207
169.080002 0.000000 1.513151 0.000000 0.981798
169.199997 0.000000 1.510351 0.000000 0.982598
169.319992 0.000000 1.508754 0.000000 0.983392
169.440002 0.000000 1.514286 0.000000 0.982817
169.559998 0.000000 1.508363 0.000000 0.981973
169.679993 0.000000 1.506499 0.000000 0.982404
169.800003 0.000000 1.503503 0.000000 0.982786
169.919998 0.000000 1.506458 0.000000 0.982677
170.039993 0.000000 1.508185 0.000000 0.982731
170.160004 0.000000 1.504146 0.000000 0.981716
170.279999 0.000000 1.500100 0.000000 0.982418
170.399994 0.000000 1.493048 0.000000 0.982195
170.519989 0.000000 1.496748 0.000000 0.981591
170.639999 0.000000 1.490149 0.000000 0.981398
170.759995 0.000000 1.494801 0.000000 0.981604
170.879990 0.000000 1.491844 0.000000 0.981187
171.000000 0.000000 1.491002 0.000000 0.981504
171.119995 0.000000 1.489298 0.000000 0.981096
171.239990 0.000000 1.488224 0.000000 0.980639
171.360001 0.000000 1.485946 0.000000 0.981094
171.479996 0.000000 1.488200 0.000000 0.981300
171.599991 0.000000 1.494396 0.000000 0.982189
171.720001 0.000000 1.496552 0.000000 0.982009
171.839996 0.000000 1.491861 0.000000 0.982023
171.959991 0.000000 1.495603 0.000000 0.981711
172.080002 0.000000 1.500600 0.000000 0.982104
172.199997 0.000000 1.494801 0.000000 0.982703
172.319992 0.000000 1.496248 0.000000 0.983192
172.440002 0.000000 1.493300 0.000000 0.983000
172.559998 0.000000 1.492503 0.000000 0.982007
172.679993 0.000000 1.494446 0.000000 0.981687
172.800003 0.000000 1.492797 0.000000 0.981993
172.919998 0.000000 1.492597 0.000000 0.981893
173.039993 0.000000 1.488398 0.000000 0.981896
173.160004 0.000000 1.488142 0.000000 0.982188
173.279999 0.000000 1.490204 0.000000 0.982407
173.399994 0.000000 1.491642 0.000000 0.981884
173.519989 0.000000 1.487441 0.000000 0.981387
173.639999 0.000000 1.485800 0.000000 0.982100
173.759995 0.000000 1.481748 0.000000 0.981498
173.879990 0.000000 1.473832 0.000000 0.981522
174.000000 0.000000 1.474358 0.000000 0.982005
174.119995 0.000000 1.471928 0.000000 0.981818
174.239990 0.000000 1.463929 0.000000 0.981914
174.360001 0.000000 1.462362 0.000000 0.981582
174.479996 0.000000 1.458775 0.000000 0.981689
174.599991 0.000000 1.454109 0.000000 0.981784
174.720001 0.000000 1.450365 0.000000 0.981306
174.839996 0.000000 1.453155 0.000000 0.982002
174.959991 0.000000 1.452866 0.000000 0.981027
175.080002 0.000000 1.447966 0.000000 0.981006
175.199997 0.000000 1.446611 0.000000 0.980904
175.319992 0.000000 1.447455 0.000000 0.980702
175.440002 0.000000 1.441533 0.000000 0.980594
175.559998 0.000000 1.439383 0.000000 0.980479
175.679993 0.000000 1.438983 0.000000 0.980679
175.800003 0.000000 1.433393 0.000000 0.980028
175.919998 0.000000 1.429258 0.000000 0.980088
176.039993 0.000000 1.432341 0.000000 0.980112
176.160004 0.000000 1.437338 0.000000 0.980812
176.279999 0.000000 1.437025 0.000000 0.980808
176.399994 0.000000 1.431473 0.000000 0.981393
176.519989 0.000000 1.426211 0.000000 0.981578
176.639999 0.000000 1.423434 0.000000 0.981620
176.759995 0.000000 1.418382 0.000000 0.981618
176.879990 0.000000 1.411359 0.000000 0.982202
177.000000 0.000000 1.408927 0.000000 0.982025
177.119995 0.000000 1.408078 0.000000 0.981406
177.239990 0.000000 1.408208 0.000000 0.981281
177.360001 0.000000 1.404379 0.000000 0.981306
177.479996 0.000000 1.399140 0.000000 0.981207
177.599991 0.000000 1.398321 0.000000 0.981913
177.720001 0.000000 1.394737 0.000000 0.982289
177.839996 0.000000 1.393325 0.000000 0.982512
177.959991 0.000000 1.392918 0.000000 0.982295
178.080002 0.000000 1.389851 0.000000 0.982584
178.199997 0.000000 1.388033 0.000000 0.982690
178.319992 0.000000 1.388922 0.000000 0.982603
178.440002 0.000000 1.389122 0.000000 0.981804
178.559998 0.000000 1.386807 0.000000 0.981809
178.679993 0.000000 1.379662 0.000000 0.981502
178.800003 0.000000 1.378386 0.000000 0.981106
178.919998 0.000000 1.372990 0.000000 0.981121
179.039993 0.000000 1.373825 0.000000 0.980904
179.159988 0.000000 1.368994 0.000000 0.981021
179.279999 0.000000 1.365907 0.000000 0.981815
179.399994 0.000000 1.359425 0.000000 0.981929
179.519989 0.000000 1.354903 0.000000 0.982425
179.639999 0.000000 1.361192 0.000000 0.982605
179.759995 0.000000 1.358387 0.000000 0.981785
179.879990 0.000000 1.354907 0.000000 0.981394
180.000000 0.000000 1.355571 0.000000 0.981296
180.119995 0.000000 1.357314 0.000000 0.981289
180.239990 0.000000 1.355578 0.000000 0.981591
180.360001 0.000000 1.356622 0.000000 0.982109
180.479996 0.000000 1.357679 0.000000 0.982291
180.599991 0.000000 1.357993 0.000000 0.982405
180.720001 0.000000 1.357043 0.000000 0.982793
180.839996 0.000000 1.354365 0.000000 0.982602
180.959991 0.000000 1.354313 0.000000 0.982489
181.080002 0.000000 1.356450 0.000000 0.982712
181.199997 0.000000 1.357029 0.000000 0.982503
181.319992 0.000000 1.352835 0.000000 0.982798
181.440002 0.000000 1.351922 0.000000 0.982179
181.559998 0.000000 1.348430 0.000000 0.982304
181.679993 0.000000 1.353842 0.000000 0.982193
181.800003 0.000000 1.352500 0.000000 0.981500
181.919998 0.000000 1.355084 0.000000 0.982286
182.039993 0.000000 1.347865 0.000000 0.981602
182.159988 0.000000 1.342397 0.000000 0.981106
182.279999 0.000000 1.345124 0.000000 0.981415
182.399994 0.000000 1.343112 0.000000 0.980877
182.519989 0.000000 1.338471 0.000000 0.980685
182.639999 0.000000 1.341676 0.000000 0.980479
182.759995 0.000000 1.344641 0.000000 0.980887
182.879990 0.000000 1.342574 0.000000 0.980885
183.000000 0.000000 1.343850 0.000000 0.981130
183.119995 0.000000 1.346465 0.000000 0.981502
183.239990 0.000000 1.346135 0.000000 0.981498
183.360001 0.000000 1.340995 0.000000 0.981911
183.479996 0.000000 1.337370 0.000000 0.981986
183.599991 0.000000 1.332599 0.000000 0.981378
183.720001 0.000000 1.323232 0.000000 0.981398
183.839996 0.000000 1.319196 0.000000 0.980994
183.959991 0.000000 1.315800 0.000000 0.981300
184.080002 0.000000 1.321336 0.000000 0.981604
184.199997 0.000000 1.320280 0.000000 0.981419
184.319992 0.000000 1.321807 0.000000 0.981711
184.440002 0.000000 1.320576 0.000000 0.982412
184.559998 0.000000 1.322639 0.000000 0.982909
184.679993 0.000000 1.325207 0.000000 0.983115
184.800003 0.000000 1.320068 0.000000 0.983302
184.919998 0.000000 1.319564 0.000000 0.983097
185.039993 0.000000 1.319556 0.000000 0.982686
185.159988 0.000000 1.317110 0.000000 0.982610
185.279999 0.000000 1.321161 0.000000 0.982891
185.399994 0.000000 1.323973 0.000000 0.983512
185.519989 0.000000 1.322761 0.000000 0.982591
185.639999 0.000000 1.321046 0.000000 0.982270
185.759995 0.000000 1.319892 0.000000 0.981789
185.879990 0.000000 1.316810 0.000000 0.981411
186.000000 0.000000 1.316458 0.000000 0.982191
186.119995 0.000000 1.314274 0.000000 0.981907
186.239990 0.000000 1.314457 0.000000 0.981291
186.360001 0.000000 1.312606 0.000000 0.981376
186.479996 0.000000 1.310552 0.000000 0.981115
186.599991 0.000000 1.307015 0.000000 0.981387
186.720001 0.000000 1.302603 0.000000 0.981081
186.839996 0.000000 1.300370 0.000000 0.981502
186.959991 0.000000 1.299261 0.000000 0.981315
187.080002 0.000000 1.299820 0.000000 0.981929
187.199997 0.000000 1.303170 0.000000 0.981302
187.319992 0.000000 1.294159 0.000000 0.981196
187.440002 0.000000 1.291121 0.000000 0.982023
187.559998 0.000000 1.289253 0.000000 0.981822
187.679993 0.000000 1.292683 0.000000 0.981008
187.800003 0.000000 1.284072 0.000000 0.981002
187.919998 0.000000 1.281284 0.000000 0.981294
188.039993 0.000000 1.282815 0.000000 0.981006
188.159988 0.000000 1.279772 0.000000 0.981102
188.279999 0.000000 1.281703 0.000000 0.981213
188.399994 0.000000 1.275672 0.000000 0.981402
188.519989 0.000000 1.272691 0.000000 0.981308
188.639999 0.000000 1.271210 0.000000 0.981713
188.759995 0.000000 1.262900 0.000000 0.981966
188.879990 0.000000 1.263911 0.000000 0.982086
189.000000 0.000000 1.270054 0.000000 0.981796
189.119995 0.000000 1.265612 0.000000 0.982186
189.239990 0.000000 1.265620 0.000000 0.982305
189.360001 0.000000 1.264920 0.000000 0.982805
189.479996 0.000000 1.263447 0.000000 0.982304
189.599991 0.000000 1.260752 0.000000 0.981896
189.720001 0.000000 1.264859 0.000000 0.982189
189.839996 0.000000 1.262953 0.000000 0.982597
189.959991 0.000000 1.259886 0.000000 0.983181
190.080002 0.000000 1.262341 0.000000 0.983378
190.199997 0.000000 1.264389 0.000000 0.983213
190.319992 0.000000 1.264794 0.000000 0.982107
190.440002 0.000000 1.260826 0.000000 0.982598
190.559998 0.000000 1.262474 0.000000 0.982002
190.679993 0.000000 1.258271 0.000000 0.982309
190.800003 0.000000 1.260318 0.000000 0.981913
190.919998 0.000000 1.256546 0.000000 0.981911
191.039993 0.000000 1.263268 0.000000 0.982209
191.159988 0.000000 1.261009 0.000000 0.982086
191.279999 0.000000 1.262753 0.000000 0.982096
191.399994 0.000000 1.256300 0.000000 0.981700
191.519989 0.000000 1.253424 0.000000 0.981705
191.639999 0.000000 1.253899 0.000000 0.981607
191.759995 0.000000 1.252047 0.000000 0.982624
191.879990 0.000000 1.244831 0.000000 0.982819
192.000000 0.000000 1.241455 0.000000 0.983410
192.119995 0.000000 1.230238 0.000000 0.983890
192.239990 0.000000 1.229777 0.000000 0.984602
192.360001 0.000000 1.229029 0.000000 0.983684
192.479996 0.000000 1.222311 0.000000 0.983621
192.599991 0.000000 1.221389 0.000000 0.983808
192.720001 0.000000 1.225845 0.000000 0.983897
192.839996 0.000000 1.224300 0.000000 0.984200
192.959991 0.000000 1.225655 0.000000 0.983103
193.080002 0.000000 1.219078 0.000000 0.982502
193.199997 0.000000 1.219812 0.000000 0.982907
193.319992 0.000000 1.218934 0.000000 0.982305
193.440002 0.000000 1.212149 0.000000 0.983288
193.559998 0.000000 1.210447 0.000000 0.982688
193.679993 0.000000 1.211094 0.000000 0.982709
193.800003 0.000000 1.209265 0.000000 0.982129
193.919998 0.000000 1.207059 0.000000 0.981104
194.039993 0.000000 1.206076 0.000000 0.981411
194.159988 0.000000 1.204498 0.000000 0.982009
194.279999 0.000000 1.197338 0.000000 0.982087
194.399994 0.000000 1.197199 0.000000 0.982091
194.519989 0.000000 1.193274 0.000000 0.982384
194.639999 0.000000 1.192742 0.000000 0.982805
194.759995 0.000000 1.189573 0.000000 0.982821
194.879990 0.000000 1.179326 0.000000 0.981987
195.000000 0.000000 1.181491 0.000000 0.981791
195.119995 0.000000 1.183355 0.000000 0.981995
195.239990 0.000000 1.186631 0.000000 0.981587
195.360001 0.000000 1.191509 0.000000 0.981519
195.479996 0.000000 1.189543 0.000000 0.982105
195.599991 0.000000 1.193300 0.000000 0.982200
195.720001 0.000000 1.192196 0.000000 0.982691
195.839996 0.000000 1.187063 0.000000 0.981804
195.959991 0.000000 1.192723 0.000000 0.981807
196.080002 0.000000 1.195324 0.000000 0.982815
196.199997 0.000000 1.200400 0.000000 0.982700
196.319992 0.000000 1.200480 0.000000 0.982111
196.440002 0.000000 1.195578 0.000000 0.982593
196.559998 0.000000 1.193368 0.000000 0.982721
196.679993 0.000000 1.192554 0.000000 0.983287
196.800003 0.000000 1.197799 0.000000 0.983092
196.919998 0.000000 1.195181 0.000000 0.982602
197.039993 0.000000 1.195200 0.000000 0.982400
197.159988 0.000000 1.195341 0.000000 0.983205
197.279999 0.000000 1.191653 0.000000 0.983086
197.399994 0.000000 1.192473 0.000000 0.982985
197.519989 0.000000 1.185152 0.000000 0.982314
197.639999 0.000000 1.185714 0.000000 0.982018
197.759995 0.000000 1.186575 0.000000 0.982593
197.879990 0.000000 1.186944 0.000000 0.983005
198.000000 0.000000 1.184708 0.000000 0.982609
198.119995 0.000000 1.178364 0.000000 0.982603
198.239990 0.000000 1.176529 0.000000 0.982207
198.360001 0.000000 1.172410 0.000000 0.981121
198.479996 0.000000 1.177289 0.000000 0.980990
198.599991 0.000000 1.169749 0.000000 0.980806
198.720001 0.000000 1.164584 0.000000 0.980502
198.839996 0.000000 1.162246 0.000000 0.980182
198.959991 0.000000 1.160675 0.000000 0.980427
199.080002 0.000000 1.157884 0.000000 0.981002
199.199997 0.000000 1.151285 0.000000 0.981402
199.319992 0.000000 1.149730 0.000000 0.981096
199.440002 0.000000 1.155831 0.000000 0.981196
199.559998 0.000000 1.156537 0.000000 0.981108
199.679993 0.000000 1.154146 0.000000 0.981094
199.800003 0.000000 1.156904 0.000000 0.980975
199.919998 0.000000 1.153439 0.000000 0.981407
200.039993 0.000000 1.151961 0.000000 0.981593
200.159988 0.000000 1.151664 0.000000 0.981417
200.279999 0.000000 1.154255 0.000000 0.980956
200.399994 0.000000 1.152862 0.000000 0.981217
200.519989 0.000000 1.155047 0.000000 0.981494
200.639999 0.000000 1.152824 0.000000 0.980610
200.759995 0.000000 1.154807 0.000000 0.979912
200.879990 0.000000 1.153392 0.000000 0.979488
201.000000 0.000000 1.153093 0.000000 0.978915
201.119995 0.000000 1.154800 0.000000 0.979200
201.239990 0.000000 1.152669 0.000000 0.979304
201.360001 0.000000 1.151215 0.000000 0.979998
201.479996 0.000000 1.145360 0.000000 0.980178
201.599991 0.000000 1.140856 0.000000 0.980192
201.720001 0.000000 1.136255 0.000000 0.980635
201.839996 0.000000 1.138200 0.000000 0.980800
201.959991 0.000000 1.137012 0.000000 0.980940
202.080002 0.000000 1.134240 0.000000 0.980794
202.199997 0.000000 1.137383 0.000000 0.980989
202.319992 0.000000 1.133980 0.000000 0.981889
202.440002 0.000000 1.139419 0.000000 0.981724
202.559998 0.000000 1.138003 0.000000 0.981613
202.679993 0.000000 1.133233 0.000000 0.981109
202.800003 0.000000 1.128697 0.000000 0.980416
202.919998 0.000000 1.129478 0.000000 0.980388
203.039993 0.000000 1.123762 0.000000 0.980190
203.159988 0.000000 1.123862 0.000000 0.979690
203.279999 0.000000 1.119828 0.000000 0.979412
203.399994 0.000000 1.119485 0.000000 0.979537
203.519989 0.000000 1.111655 0.000000 0.979908
203.639999 0.000000 1.106847 0.000000 0.980310
203.759995 0.000000 1.111423 0.000000 0.980879
203.879990 0.000000 1.102910 0.000000 0.980598
204.000000 0.000000 1.101961 0.000000 0.982289
204.119995 0.000000 1.098911 0.000000 0.982216
204.239990 0.000000 1.097332 0.000000 0.982013
204.360001 0.000000 1.098221 0.000000 0.981914
204.479996 0.000000 1.091764 0.000000 0.981787
204.599991 0.000000 1.088989 0.000000 0.982082
204.720001 0.000000 1.088571 0.000000 0.981785
204.839996 0.000000 1.087779 0.000000 0.980983
204.959991 0.000000 1.081481 0.000000 0.981982
205.080002 0.000000 1.081676 0.000000 0.981606
205.199997 0.000000 1.081376 0.000000 0.981606
205.319992 0.000000 1.079748 0.000000 0.981989
205.440002 0.000000 1.082518 0.000000 0.981818
205.559998 0.000000 1.078070 0.000000 0.981583
205.679993 0.000000 1.075553 0.000000 0.981687
205.799988 0.000000 1.074245 0.000000 0.981789
205.919998 0.000000 1.070137 0.000000 0.982216
206.039993 0.000000 1.068466 0.000000 0.981709
206.159988 0.000000 1.069038 0.000000 0.981417
206.279999 0.000000 1.073115 0.000000 0.981096
206.399994 0.000000 1.073500 0.000000 0.981400
206.519989 0.000000 1.064900 0.000000 0.981400
206.639999 0.000000 1.064981 0.000000 0.981406
206.759995 0.000000 1.061581 0.000000 0.981506
206.879990 0.000000 1.067793 0.000000 0.981302
207.000000 0.000000 1.067820 0.000000 0.981394
207.119995 0.000000 1.070986 0.000000 0.980404
207.239990 0.000000 1.068779 0.000000 0.980306
207.360001 0.000000 1.067700 0.000000 0.980500
207.479996 0.000000 1.063413 0.000000 0.980496
207.599991 0.000000 1.065194 0.000000 0.980202
207.720001 0.000000 1.069010 0.000000 0.980769
207.839996 0.000000 1.069930 0.000000 0.980719
207.959991 0.000000 1.070665 0.000000 0.980010
208.080002 0.000000 1.068928 0.000000 0.980792
208.199997 0.000000 1.070528 0.000000 0.980892
208.319992 0.000000 1.074855 0.000000 0.980312
208.440002 0.000000 1.072771 0.000000 0.980008
208.559998 0.000000 1.072736 0.000000 0.980390
208.679993 0.000000 1.066426 0.000000 0.980964
208.799988 0.000000 1.063636 0.000000 0.979920
208.919998 0.000000 1.067868 0.000000 0.979479
209.039993 0.000000 1.062650 0.000000 0.979283
209.159988 0.000000 1.068800 0.000000 0.979300
209.279999 0.000000 1.068327 0.000000 0.979792
209.399994 0.000000 1.066827 0.000000 0.979492
209.519989 0.000000 1.068493 0.000000 0.978802
209.639999 0.000000 1.068886 0.000000 0.978604
209.759995 0.000000 1.072642 0.000000 0.979217
209.879990 0.000000 1.069793 0.000000 0.979402
210.000000 0.000000 1.069255 0.000000 0.979384
210.119995 0.000000 1.068127 0.000000 0.979892
210.239990 0.000000 1.069238 0.000000 0.980318
210.360001 0.000000 1.065213 0.000000 0.980696
210.479996 0.000000 1.064100 0.000000 0.980600
210.599991 0.000000 1.063406 0.000000 0.981198
210.720001 0.000000 1.057323 0.000000 0.981493
210.839996 0.000000 1.056455 0.000000 0.981615
210.959991 0.000000 1.055261 0.000000 0.981480
211.080002 0.000000 1.056640 0.000000 0.981787
211.199997 0.000000 1.054205 0.000000 0.982598
211.319992 0.000000 1.056377 0.000000 0.982007
211.440002 0.000000 1.053243 0.000000 0.982586
211.559998 0.000000 1.052884 0.000000 0.982905
211.679993 0.000000 1.052143 0.000000 0.983019
211.799988 0.000000 1.050939 0.000000 0.984019
211.919998 0.000000 1.052421 0.000000 0.984194
212.039993 0.000000 1.053364 0.000000 0.984081
212.159988 0.000000 1.059029 0.000000 0.984592
212.279999 0.000000 1.058476 0.000000 0.984280
212.399994 0.000000 1.054389 0.000000 0.984203
212.519989 0.000000 1.052916 0.000000 0.983595
212.639999 0.000000 1.051315 0.000000 0.983295
212.759995 0.000000 1.049835 0.000000 0.983821
212.879990 0.000000 1.051164 0.000000 0.982812
213.000000 0.000000 1.047115 0.000000 0.982931
213.119995 0.000000 1.045377 0.000000 0.983009
213.239990 0.000000 1.046059 0.000000 0.983015
213.360001 0.000000 1.045127 0.000000 0.982089
213.479996 0.000000 1.045128 0.000000 0.982827
213.599991 0.000000 1.046145 0.000000 0.982521
213.720001 0.000000 1.044122 0.000000 0.982992
213.839996 0.000000 1.040792 0.000000 0.983103
213.959991 0.000000 1.043178 0.000000 0.983408
214.080002 0.000000 1.040808 0.000000 0.983597
214.199997 0.000000 1.034297 0.000000 0.982602
214.319992 0.000000 1.034020 0.000000 0.983690
214.440002 0.000000 1.028791 0.000000 0.983205
214.559998 0.000000 1.026274 0.000000 0.983217
214.679993 0.000000 1.026137 0.000000 0.983877
214.799988 0.000000 1.024181 0.000000 0.983713
214.919998 0.000000 1.026708 0.000000 0.983995
215.039993 0.000000 1.029594 0.000000 0.983503
215.159988 0.000000 1.031309 0.000000 0.983395
215.279999 0.000000 1.025885 0.000000 0.983810
215.399994 0.000000 1.021787 0.000000 0.984309
215.519989 0.000000 1.017907 0.000000 0.984294
215.639999 0.000000 1.017312 0.000000 0.983789
215.759995 0.000000 1.015192 0.000000 0.983108
215.879990 0.000000 1.009102 0.000000 0.982897
216.000000 0.000000 1.009905 0.000000 0.982891
216.119995 0.000000 1.010500 0.000000 0.983100
216.239990 0.000000 1.013100 0.000000 0.982900
216.360001 0.000000 1.007902 0.000000 0.983195
216.479996 0.000000 1.009011 0.000000 0.982879
216.599991 0.000000 1.012797 0.000000 0.982703
216.720001 0.000000 1.011479 0.000000 0.983530
216.839996 0.000000 1.007201 0.000000 0.982898
216.959991 0.000000 1.006301 0.000000 0.982998
217.080002 0.000000 1.007194 0.000000 0.982814
217.199997 0.000000 1.005298 0.000000 0.982805
217.319992 0.000000 1.007296 0.000000 0.983009
217.440002 0.000000 1.004098 0.000000 0.982807
217.559998 0.000000 1.011196 0.000000 0.983707
217.679993 0.000000 1.007199 0.000000 0.983303
217.799988 0.000000 1.004698 0.000000 0.983507
217.919998 0.000000 1.005796 0.000000 0.983212
218.039993 0.000000 1.009400 0.000000 0.983100
218.159988 0.000000 1.005902 0.000000 0.982795
218.279999 0.000000 1.004993 0.000000 0.982924
218.399994 0.000000 1.006505 0.000000 0.981885
218.519989 0.000000 1.007804 0.000000 0.981791
218.639999 0.000000 1.007004 0.000000 0.981489
218.759995 0.000000 1.006096 0.000000 0.982211
218.879990 0.000000 1.009106 0.000000 0.981987
219.000000 0.000000 1.006599 0.000000 0.980902
219.119995 0.000000 1.010196 0.000000 0.981607
219.239990 0.000000 1.011004 0.000000 0.982093
219.360001 0.000000 1.008502 0.000000 0.982195
219.479996 0.000000 1.007404 0.000000 0.981791
219.599991 0.000000 1.010191 0.000000 0.982016
219.720001 0.000000 1.009903 0.000000 0.981795
219.839996 0.000000 1.005798 0.000000 0.981406
219.959991 0.000000 1.004101 0.000000 0.980796
220.080002 0.000000 1.003699 0.000000 0.981704
220.199997 0.000000 0.999301 0.000000 0.982423
220.319992 0.000000 1.000800 0.000000 0.982293
220.440002 0.000000 1.000200 0.000000 0.982200
220.559998 0.000000 0.998899 0.000000 0.982389
220.679993 0.000000 0.998898 0.000000 0.982672
220.799988 0.000000 1.001899 0.000000 0.982114
220.919998 0.000000 1.000701 0.000000 0.981580
221.039993 0.000000 1.002702 0.000000 0.981289
221.159988 0.000000 0.995797 0.000000 0.982087
221.279999 0.000000 0.990289 0.000000 0.982280
221.399994 0.000000 0.990701 0.000000 0.982402
221.519989 0.000000 0.986393 0.000000 0.983092
221.639999 0.000000 0.980702 0.000000 0.982602
221.759995 0.000000 0.974808 0.000000 0.982205
221.879990 0.000000 0.972272 0.000000 0.981481
222.000000 0.000000 0.972311 0.000000 0.981008
222.119995 0.000000 0.970709 0.000000 0.980406
222.239990 0.000000 0.973884 0.000000 0.980388
222.360001 0.000000 0.972705 0.000000 0.980104
222.479996 0.000000 0.968831 0.000000 0.980719
222.599991 0.000000 0.964535 0.000000 0.980519
222.720001 0.000000 0.966430 0.000000 0.979618
222.839996 0.000000 0.966222 0.000000 0.978551
222.959991 0.000000 0.959204 0.000000 0.978402
223.080002 0.000000 0.958521 0.000000 0.978911
223.199997 0.000000 0.954054 0.000000 0.978378
223.319992 0.000000 0.949690 0.000000 0.978396
223.440002 0.000000 0.948010 0.000000 0.978904
223.559998 0.000000 0.949970 0.000000 0.978787
223.679993 0.000000 0.944528 0.000000 0.979310
223.799988 0.000000 0.947869 0.000000 0.979187
223.919998 0.000000 0.940906 0.000000 0.979002
224.039993 0.000000 0.939930 0.000000 0.979310
224.159988 0.000000 0.941329 0.000000 0.979810
224.279999 0.000000 0.935681 0.000000 0.979694
224.399994 0.000000 0.933267 0.000000 0.979390
224.519989 0.000000 0.931286 0.000000 0.979596
224.639999 0.000000 0.930179 0.000000 0.979294
224.759995 0.000000 0.932687 0.000000 0.979496
224.879990 0.000000 0.931290 0.000000 0.979868
225.000000 0.000000 0.929835 0.000000 0.979510
225.119995 0.000000 0.930879 0.000000 0.980194
225.239990 0.000000 0.928093 0.000000 0.980198
225.360001 0.000000 0.924517 0.000000 0.980779
225.479996 0.000000 0.924447 0.000000 0.980987
225.599991 0.000000 0.917951 0.000000 0.981689
225.720001 0.000000 0.914709 0.000000 0.982402
225.839996 0.000000 0.909355 0.000000 0.981991
225.959991 0.000000 0.906556 0.000000 0.982710
226.080002 0.000000 0.906807 0.000000 0.982382
226.199997 0.000000 0.906075 0.000000 0.982114
226.319992 0.000000 0.905538 0.000000 0.982107
226.440002 0.000000 0.904219 0.000000 0.981204
226.559998 0.000000 0.901282 0.000000 0.981878
226.679993 0.000000 0.900460 0.000000 0.982093
226.799988 0.000000 0.898970 0.000000 0.982695
226.919998 0.000000 0.895510 0.000000 0.982402
227.039993 0.000000 0.893157 0.000000 0.981893
227.159988 0.000000 0.892511 0.000000 0.982102
227.279999 0.000000 0.891178 0.000000 0.982296
227.399994 0.000000 0.889533 0.000000 0.982505
227.519989 0.000000 0.889723 0.000000 0.982788
227.639999 0.000000 0.884400 0.000000 0.982300
227.759995 0.000000 0.881495 0.000000 0.982514
227.879990 0.000000 0.878300 0.000000 0.982000
228.000000 0.000000 0.875688 0.000000 0.981798
228.119995 0.000000 0.871039 0.000000 0.981506
228.239990 0.000000 0.867341 0.000000 0.981378
228.360001 0.000000 0.867433 0.000000 0.980719
228.479996 0.000000 0.866300 0.000000 0.980900
228.599991 0.000000 0.864741 0.000000 0.980906
228.720001 0.000000 0.859928 0.000000 0.980904
228.839996 0.000000 0.860528 0.000000 0.981204
228.959991 0.000000 0.858143 0.000000 0.981092
229.080002 0.000000 0.854957 0.000000 0.981394
229.199997 0.000000 0.851600 0.000000 0.981400
229.319992 0.000000 0.847185 0.000000 0.981298
229.440002 0.000000 0.845362 0.000000 0.981807
229.559998 0.000000 0.838265 0.000000 0.981907
229.679993 0.000000 0.836382 0.000000 0.981709
229.799988 0.000000 0.839684 0.000000 0.982198
229.919998 0.000000 0.834615 0.000000 0.981924
230.039993 0.000000 0.826035 0.000000 0.982104
230.159988 0.000000 0.827073 0.000000 0.981618
230.279999 0.000000 0.824094 0.000000 0.980921
230.399994 0.000000 0.822894 0.000000 0.980889
230.519989 0.000000 0.817491 0.000000 0.981489
230.639999 0.000000 0.814289 0.000000 0.982189
230.759995 0.000000 0.817072 0.000000 0.981687
230.879990 0.000000 0.821661 0.000000 0.981017
231.000000 0.000000 0.824094 0.000000 0.981489
231.119995 0.000000 0.825270 0.000000 0.981707
231.239990 0.000000 0.829621 0.000000 0.982423
231.360001 0.000000 0.830351 0.000000 0.982005
231.479996 0.000000 0.820600 0.000000 0.981300
231.599991 0.000000 0.819900 0.000000 0.980700
231.720001 0.000000 0.817636 0.000000 0.980204
231.839996 0.000000 0.811468 0.000000 0.980186
231.959991 0.000000 0.809300 0.000000 0.980541
232.080002 0.000000 0.803041 0.000000 0.980894
232.199997 0.000000 0.801778 0.000000 0.980917
232.319992 0.000000 0.798719 0.000000 0.980683
232.439987 0.000000 0.795484 0.000000 0.980617
232.559998 0.000000 0.792355 0.000000 0.979886
232.679993 0.000000 0.790905 0.000000 0.979810
232.799988 0.000000 0.793714 0.000000 0.979482
232.919998 0.000000 0.789916 0.000000 0.978591
233.039993 0.000000 0.786757 0.000000 0.978196
233.159988 0.000000 0.787315 0.000000 0.978291
233.279999 0.000000 0.782248 0.000000 0.978985
233.399994 0.000000 0.778945 0.000000 0.978285
233.519989 0.000000 0.777867 0.000000 0.978787
233.639999 0.000000 0.777545 0.000000 0.978723
233.759995 0.000000 0.780534 0.000000 0.978994
233.879990 0.000000 0.782591 0.000000 0.979590
234.000000 0.000000 0.781974 0.000000 0.981115
234.119995 0.000000 0.781587 0.000000 0.981607
234.239990 0.000000 0.779768 0.000000 0.981689
234.360001 0.000000 0.778078 0.000000 0.982583
234.479996 0.000000 0.776810 0.000000 0.982177
234.599991 0.000000 0.768285 0.000000 0.982314
234.720001 0.000000 0.773500 0.000000 0.981800
234.839996 0.000000 0.773377 0.000000 0.981898
234.959991 0.000000 0.769823 0.000000 0.982602
235.080002 0.000000 0.766434 0.000000 0.982617
235.199997 0.000000 0.769477 0.000000 0.982498
235.319992 0.000000 0.771308 0.000000 0.982393
235.439987 0.000000 0.772428 0.000000 0.981918
235.559998 0.000000 0.770092 0.000000 0.981907
235.679993 0.000000 0.770238 0.000000 0.981711
235.799988 0.000000 0.767409 0.000000 0.981716
235.919998 0.000000 0.766327 0.000000 0.982924
236.039993 0.000000 0.764318 0.000000 0.983208
236.159988 0.000000 0.762813 0.000000 0.983315
236.279999 0.000000 0.763811 0.000000 0.982886
236.399994 0.000000 0.762900 0.000000 0.982800
236.519989 0.000000 0.765459 0.000000 0.982389
236.639999 0.000000 0.770107 0.000000 0.982216
236.759995 0.000000 0.770038 0.000000 0.982211
236.879990 0.000000 0.766364 0.000000 0.981713
237.000000 0.000000 0.764453 0.000000 0.982497
237.119995 0.000000 0.767130 0.000000 0.983095
237.239990 0.000000 0.765953 0.000000 0.983597
237.360001 0.000000 0.765117 0.000000 0.983808
237.479996 0.000000 0.763108 0.000000 0.984520
237.599991 0.000000 0.761652 0.000000 0.984797
237.720001 0.000000 0.758052 0.000000 0.984297
237.839996 0.000000 0.761585 0.000000 0.983886
237.959991 0.000000 0.760144 0.000000 0.984209
238.080002 0.000000 0.761871 0.000000 0.984305
238.199997 0.000000 0.761076 0.000000 0.984999
238.319992 0.000000 0.767300 0.000000 0.984700
238.439987 0.000000 0.766777 0.000000 0.984899
238.559998 0.000000 0.765947 0.000000 0.985703
238.679993 0.000000 0.766747 0.000000 0.986203
238.799988 0.000000 0.761139 0.000000 0.985614
238.919998 0.000000 0.756803 0.000000 0.985994
239.039993 0.000000 0.753974 0.000000 0.985604
239.159988 0.000000 0.748276 0.000000 0.985204
239.279999 0.000000 0.748202 0.000000 0.985517
239.399994 0.000000 0.745502 0.000000 0.984606
239.519989 0.000000 0.744200 0.000000 0.984000
239.639999 0.000000 0.735962 0.000000 0.983385
239.759995 0.000000 0.737726 0.000000 0.983502
239.879990 0.000000 0.734408 0.000000 0.983682
240.000000 0.000000 0.732046 0.000000 0.983097
240.119995 0.000000 0.729317 0.000000 0.982514
240.239990 0.000000 0.723072 0.000000 0.981598
240.360001 0.000000 0.724465 0.000000 0.981711
240.479996 0.000000 0.725363 0.000000 0.981491
240.599991 0.000000 0.728354 0.000000 0.981104
240.720001 0.000000 0.725090 0.000000 0.980492
240.839996 0.000000 0.719296 0.000000 0.980414
240.959991 0.000000 0.719412 0.000000 0.980408
241.080002 0.000000 0.721911 0.000000 0.980708
241.199997 0.000000 0.720779 0.000000 0.980919
241.319992 0.000000 0.720060 0.000000 0.979990
241.439987 0.000000 0.719788 0.000000 0.980292
241.559998 0.000000 0.722772 0.000000 0.980498
241.679993 0.000000 0.717285 0.000000 0.980806
241.799988 0.000000 0.715043 0.000000 0.981109
241.919998 0.000000 0.716242 0.000000 0.981509
242.039993 0.000000 0.716513 0.000000 0.982107
242.159988 0.000000 0.714100 0.000000 0.981900
242.279999 0.000000 0.711683 0.000000 0.982080
242.399994 0.000000 0.710702 0.000000 0.982113
242.519989 0.000000 0.711158 0.000000 0.982104
242.639999 0.000000 0.708046 0.000000 0.981509
242.759995 0.000000 0.705013 0.000000 0.981626
242.879990 0.000000 0.700870 0.000000 0.981398
243.000000 0.000000 0.701930 0.000000 0.981102
243.119995 0.000000 0.702489 0.000000 0.981606
243.239990 0.000000 0.706917 0.000000 0.981507
243.360001 0.000000 0.708429 0.000000 0.981202
243.479996 0.000000 0.704334 0.000000 0.980482
243.599991 0.000000 0.704723 0.000000 0.980688
243.720001 0.000000 0.706217 0.000000 0.980940
243.839996 0.000000 0.704691 0.000000 0.980739
243.959991 0.000000 0.706819 0.000000 0.980174
244.080002 0.000000 0.707954 0.000000 0.979890
244.199997 0.000000 0.704823 0.000000 0.979888
244.319992 0.000000 0.703989 0.000000 0.979506
244.439987 0.000000 0.704741 0.000000 0.980396
244.559998 0.000000 0.703300 0.000000 0.981400
244.679993 0.000000 0.698800 0.000000 0.981200
244.799988 0.000000 0.694508 0.000000 0.980794
244.919998 0.000000 0.692623 0.000000 0.981507
245.039993 0.000000 0.692492 0.000000 0.981506
245.159988 0.000000 0.687294 0.000000 0.981206
245.279999 0.000000 0.689269 0.000000 0.981198
245.399994 0.000000 0.686057 0.000000 0.981209
245.519989 0.000000 0.686651 0.000000 0.981415
245.639999 0.000000 0.688931 0.000000 0.981402
245.759995 0.000000 0.687019 0.000000 0.981613
245.879990 0.000000 0.684589 0.000000 0.981611
246.000000 0.000000 0.687918 0.000000 0.981713
246.119995 0.000000 0.684321 0.000000 0.981177
246.239990 0.000000 0.682400 0.000000 0.981500
246.360001 0.000000 0.685674 0.000000 0.981293
246.479996 0.000000 0.683537 0.000000 0.982196
246.599991 0.000000 0.684132 0.000000 0.982302
246.720001 0.000000 0.684268 0.000000 0.982698
246.839996 0.000000 0.680340 0.000000 0.982891
246.959991 0.000000 0.679260 0.000000 0.983108
247.080002 0.000000 0.681973 0.000000 0.983793
247.199997 0.000000 0.677768 0.000000 0.982998
247.319992 0.000000 0.674242 0.000000 0.982581
247.439987 0.000000 0.674735 0.000000 0.981796
247.559998 0.000000 0.675827 0.000000 0.982013
247.679993 0.000000 0.678361 0.000000 0.982209
247.799988 0.000000 0.677846 0.000000 0.981380
247.919998 0.000000 0.676235 0.000000 0.981396
248.039993 0.000000 0.676127 0.000000 0.981313
248.159988 0.000000 0.675903 0.000000 0.981094
248.279999 0.000000 0.676897 0.000000 0.980806
248.399994 0.000000 0.678139 0.000000 0.981891
248.519989 0.000000 0.676494 0.000000 0.981411
248.639999 0.000000 0.679551 0.000000 0.980973
248.759995 0.000000 0.681455 0.000000 0.981715
248.879990 0.000000 0.681013 0.000000 0.982084
249.000000 0.000000 0.683322 0.000000 0.982612
249.119995 0.000000 0.687638 0.000000 0.982096
249.239990 0.000000 0.685206 0.000000 0.982095
249.360001 0.000000 0.682095 0.000000 0.982305
249.479996 0.000000 0.684110 0.000000 0.982089
249.599991 0.000000 0.683726 0.000000 0.982007
249.720001 0.000000 0.682581 0.000000 0.982321
249.839996 0.000000 0.683110 0.000000 0.982790
249.959991 0.000000 0.681818 0.000000 0.983280
