0.000000 0.000100 0.001201 0.000000 0.000200
0.100000 0.001100 0.009599 0.000900 0.001600
0.200000 0.001701 0.016205 0.002101 0.003001
0.300000 0.002998 0.020486 0.003098 0.003997
0.400000 0.003801 0.026108 0.003201 0.004601
0.500000 0.004605 0.029329 0.004104 0.005706
0.600000 0.005399 0.035093 0.004799 0.007199
0.700000 0.006202 0.039116 0.006102 0.008703
0.800000 0.007401 0.044509 0.007401 0.009302
0.900000 0.008497 0.047386 0.007798 0.010397
1.000000 0.009503 0.049615 0.008903 0.012204
1.100000 0.010201 0.051405 0.009801 0.012701
1.200000 0.010503 0.053816 0.010303 0.013904
1.300000 0.011301 0.056006 0.010601 0.014701
1.400000 0.011999 0.058894 0.011799 0.015698
1.500000 0.012904 0.060018 0.012404 0.016105
1.600000 0.013993 0.059870 0.012994 0.015892
1.700000 0.015298 0.060994 0.014199 0.017198
1.800000 0.016200 0.062700 0.015000 0.018600
1.900000 0.017095 0.062881 0.016195 0.019894
2.000000 0.017898 0.064894 0.016898 0.021598
2.100000 0.018502 0.066207 0.018102 0.022902
2.200000 0.019108 0.063625 0.018307 0.023810
2.300000 0.020098 0.064794 0.019298 0.026397
2.400000 0.020898 0.066493 0.020598 0.026297
2.500000 0.022104 0.066813 0.020804 0.027506
2.600000 0.022120 0.065359 0.021219 0.028325
2.700000 0.023009 0.066927 0.021609 0.029312
2.800000 0.023595 0.066387 0.021596 0.031194
2.900000 0.024402 0.067407 0.022302 0.033503
3.000000 0.025295 0.067487 0.022296 0.034493
3.100000 0.026200 0.066700 0.024000 0.036200
3.200000 0.026916 0.066240 0.025015 0.037723
3.300000 0.028011 0.066827 0.026110 0.038415
3.400000 0.028031 0.066273 0.028531 0.039944
3.500000 0.028500 0.066200 0.029600 0.041800
3.600000 0.028197 0.066293 0.031097 0.041996
3.700000 0.028894 0.066987 0.030894 0.043991
3.800000 0.029394 0.065787 0.031594 0.046491
3.900000 0.029485 0.064968 0.033983 0.047376
4.000000 0.029897 0.065893 0.035396 0.048395
4.100000 0.030018 0.063238 0.036722 0.049930
4.200000 0.030409 0.065220 0.036511 0.050715
4.300000 0.031203 0.066907 0.037304 0.053105
4.400000 0.031810 0.068421 0.037211 0.055017
4.500000 0.032587 0.069072 0.036585 0.054878
4.600000 0.032700 0.068400 0.037100 0.056100
4.700000 0.033410 0.069821 0.036911 0.056917
4.800000 0.034307 0.070714 0.037307 0.057812
4.900000 0.034303 0.070707 0.036804 0.057306
5.000000 0.035707 0.072214 0.037608 0.056311
5.100000 0.036089 0.072578 0.038388 0.056483
5.200000 0.037500 0.073700 0.039000 0.058400
5.300000 0.038392 0.073285 0.040792 0.060088
5.400000 0.038792 0.073285 0.043291 0.061588
5.500000 0.039328 0.073852 0.042730 0.059642
5.600000 0.039504 0.077708 0.044204 0.062206
5.700000 0.039728 0.080256 0.044131 0.062944
5.800000 0.040400 0.080200 0.044700 0.063600
5.900000 0.041500 0.080500 0.046500 0.066300
6.000000 0.041600 0.080800 0.049000 0.067600
6.100000 0.042225 0.081349 0.049029 0.067541
6.200000 0.042770 0.079744 0.049465 0.068152
6.300000 0.043804 0.079308 0.051005 0.067907
6.400000 0.044400 0.080400 0.053200 0.068200
6.500000 0.045118 0.078932 0.053922 0.071629
6.600000 0.046123 0.079140 0.054727 0.072836
6.700000 0.046400 0.080400 0.054100 0.074200
6.800000 0.046714 0.081424 0.055217 0.077123
6.900000 0.047176 0.081059 0.058571 0.078361
7.000000 0.047500 0.083600 0.060500 0.078400
7.100000 0.048305 0.081808 0.063406 0.079908
7.200000 0.048820 0.081232 0.063125 0.078031
7.300000 0.048461 0.081835 0.063749 0.080536
7.400000 0.049100 0.081300 0.064100 0.081900
7.500000 0.049640 0.078963 0.064151 0.082366
7.600000 0.049670 0.079852 0.064461 0.084849
7.700000 0.050000 0.078000 0.065100 0.082200
7.800000 0.050160 0.080536 0.066847 0.084033
7.900000 0.049805 0.082608 0.068007 0.084308
8.000000 0.051115 0.085026 0.070321 0.084425
8.099999 0.051505 0.084808 0.072007 0.083808
8.200000 0.052205 0.084408 0.072907 0.082108
8.300000 0.053200 0.084900 0.071500 0.083500
8.400000 0.053600 0.085300 0.074700 0.083100
8.500000 0.052926 0.086043 0.074437 0.083842
8.599999 0.053011 0.083717 0.076415 0.085217
8.700000 0.053180 0.086730 0.077316 0.086630
8.800000 0.053111 0.087117 0.078416 0.087217
8.900000 0.052705 0.087109 0.079008 0.085309
9.000000 0.054016 0.087426 0.080424 0.087526
9.099999 0.054200 0.087300 0.082700 0.089100
9.200000 0.054289 0.088582 0.083983 0.089382
9.300000 0.054700 0.089300 0.085100 0.090800
9.400000 0.054995 0.089691 0.087091 0.090791
9.500000 0.055200 0.091000 0.088400 0.092900
9.599999 0.055400 0.090500 0.088900 0.091800
9.700000 0.055906 0.090809 0.089509 0.092809
9.800000 0.056917 0.092628 0.092428 0.091728
9.900000 0.057006 0.094009 0.094709 0.093109
10.000000 0.057494 0.095390 0.096390 0.090191
10.099999 0.057946 0.096377 0.095076 0.090072
10.200000 0.059006 0.095210 0.094909 0.091709
10.300000 0.059188 0.096181 0.097980 0.092482
10.400000 0.059094 0.096190 0.100290 0.095790
10.500000 0.060124 0.094738 0.100140 0.094938
10.599999 0.060558 0.093135 0.098831 0.097632
10.700000 0.061906 0.092209 0.100210 0.100810
10.800000 0.062513 0.094519 0.102921 0.100720
10.900000 0.063113 0.092819 0.105321 0.100720
11.000000 0.063443 0.093816 0.105805 0.101808
11.099999 0.063306 0.093109 0.107911 0.102610
11.200000 0.063287 0.094081 0.110278 0.102380
11.300000 0.063600 0.094600 0.111200 0.104000
11.400000 0.064000 0.094900 0.114000 0.105900
11.500000 0.063874 0.095362 0.114054 0.105258
11.599999 0.064313 0.095219 0.112422 0.107922
11.700000 0.064948 0.097922 0.111711 0.108713
11.800000 0.065639 0.098159 0.113268 0.109366
11.900000 0.066353 0.097778 0.114692 0.110188
12.000000 0.066107 0.098010 0.114911 0.110611
12.099999 0.066093 0.100390 0.118088 0.111289
12.200000 0.066100 0.100900 0.118300 0.111900
12.300000 0.066074 0.101759 0.120352 0.114254
12.400000 0.066700 0.101500 0.121700 0.113700
12.500000 0.067534 0.100950 0.121061 0.114957
12.599999 0.067747 0.099870 0.120885 0.116381
12.700000 0.067493 0.098890 0.119388 0.118388
12.799999 0.068193 0.099890 0.117288 0.119788
12.900000 0.068421 0.102231 0.118336 0.118936
13.000000 0.068059 0.100540 0.121627 0.118529
13.099999 0.068200 0.099800 0.120000 0.118500
13.200000 0.068139 0.099910 0.122390 0.118793
13.299999 0.069114 0.099220 0.124925 0.120524
13.400000 0.068407 0.099110 0.127113 0.125013
13.500000 0.068707 0.099610 0.124212 0.127513
13.599999 0.069579 0.098970 0.125262 0.127462
13.700000 0.070121 0.101230 0.125438 0.127638
13.799999 0.070714 0.103321 0.127926 0.131426
13.900000 0.070307 0.102510 0.127113 0.129813
14.000000 0.071307 0.102910 0.127513 0.131513
14.099999 0.070565 0.103848 0.130635 0.131234
14.200000 0.071650 0.104573 0.132593 0.133794
14.299999 0.071500 0.104600 0.134200 0.134300
14.400000 0.071007 0.102010 0.133913 0.132213
14.500000 0.070907 0.104010 0.133613 0.131413
14.599999 0.071179 0.104269 0.133860 0.132560
14.700000 0.071736 0.103552 0.133167 0.133967
14.799999 0.071957 0.105337 0.131021 0.136318
14.900000 0.072100 0.106400 0.133600 0.137900
15.000000 0.073037 0.106153 0.136468 0.138469
15.099999 0.072186 0.105179 0.137672 0.135073
15.200000 0.072515 0.105621 0.138728 0.133227
15.299999 0.073500 0.106600 0.141800 0.134300
15.400000 0.073293 0.106289 0.143086 0.136786
15.500000 0.073559 0.108587 0.143615 0.138110
15.599999 0.073778 0.110167 0.147156 0.140258
15.700000 0.073852 0.109076 0.149605 0.136696
15.799999 0.073515 0.108022 0.147830 0.137027
15.900000 0.074030 0.107543 0.148659 0.137455
16.000000 0.074085 0.106179 0.151570 0.138272
16.100000 0.074215 0.106521 0.152931 0.139328
16.199999 0.073815 0.106121 0.152531 0.142028
16.299999 0.073200 0.107100 0.150900 0.141000
16.400000 0.073515 0.107722 0.152430 0.142428
16.500000 0.073107 0.107511 0.153915 0.145014
16.600000 0.073822 0.108933 0.153246 0.148144
16.699999 0.073866 0.107797 0.154439 0.148133
16.799999 0.074307 0.107411 0.155216 0.149015
16.900000 0.074300 0.109800 0.158400 0.149600
17.000000 0.074015 0.110622 0.161032 0.148130
17.100000 0.074507 0.110511 0.163016 0.147915
17.199999 0.074915 0.109822 0.163033 0.150030
17.299999 0.074893 0.109189 0.165183 0.151485
17.400000 0.075392 0.110689 0.164184 0.153985
17.500000 0.075492 0.112389 0.166083 0.156084
17.600000 0.075577 0.111467 0.165650 0.157353
17.699999 0.076046 0.112768 0.165599 0.158995
17.799999 0.075570 0.110456 0.165434 0.161136
17.900000 0.075785 0.109878 0.165567 0.160268
18.000000 0.075440 0.109712 0.165168 0.160671
18.100000 0.076000 0.107700 0.167300 0.162000
18.199999 0.074878 0.108268 0.168949 0.167150
18.299999 0.075615 0.109622 0.168034 0.166733
18.400000 0.075885 0.109478 0.168366 0.166867
18.500000 0.076315 0.110122 0.166833 0.167734
18.600000 0.076515 0.111422 0.168934 0.167534
18.699999 0.076792 0.110389 0.170883 0.169083
18.799999 0.077716 0.114623 0.170134 0.171434
18.900000 0.077523 0.114734 0.171651 0.167650
19.000000 0.077408 0.114311 0.177518 0.168317
19.100000 0.077354 0.114531 0.179692 0.171797
19.199999 0.078161 0.114843 0.180110 0.175112
19.299999 0.078900 0.112500 0.181100 0.172500
19.400000 0.079508 0.113211 0.180518 0.173017
19.500000 0.080116 0.113923 0.180936 0.171434
19.600000 0.080376 0.113066 0.183345 0.173648
19.699999 0.081308 0.114811 0.185819 0.177718
19.799999 0.081408 0.114611 0.188919 0.177418
19.900000 0.081900 0.115500 0.192100 0.179900
20.000000 0.081849 0.115669 0.191615 0.179007
20.100000 0.082474 0.114603 0.193074 0.176659
20.199999 0.082617 0.115723 0.194939 0.177936
20.299999 0.082900 0.115600 0.195700 0.180600
20.400000 0.084000 0.116600 0.196100 0.182200
20.500000 0.082941 0.114657 0.195798 0.181991
20.600000 0.083208 0.115212 0.196720 0.182418
20.699999 0.084066 0.116953 0.196321 0.184226
20.799999 0.084408 0.117612 0.197620 0.186719
20.900000 0.084225 0.117835 0.198860 0.191958
21.000000 0.084351 0.117470 0.201721 0.193616
21.100000 0.084625 0.119336 0.202861 0.193358
21.199999 0.084608 0.120912 0.202220 0.191219
21.299999 0.086209 0.122712 0.203320 0.189019
21.400000 0.086409 0.123212 0.203420 0.188519
21.500000 0.086617 0.122625 0.205841 0.191038
21.600000 0.086009 0.123212 0.204920 0.190419
21.699999 0.085900 0.125400 0.210200 0.194000
21.799999 0.084993 0.124537 0.211132 0.195315
21.900000 0.085509 0.126113 0.214621 0.195220
22.000000 0.084817 0.126525 0.212643 0.195439
22.100000 0.085726 0.125938 0.215165 0.197359
22.199999 0.085417 0.125325 0.216443 0.199940
22.299999 0.085909 0.126413 0.215722 0.204020
22.400000 0.086343 0.127364 0.212006 0.204902
22.500000 0.087000 0.125600 0.212500 0.206100
22.600000 0.087844 0.128664 0.212706 0.209805
22.699999 0.088182 0.129374 0.217457 0.210858
22.799999 0.088927 0.131439 0.215765 0.207962
22.900000 0.089020 0.130982 0.216705 0.213608
23.000000 0.087900 0.131800 0.216300 0.215900
23.100000 0.088356 0.130635 0.216692 0.218891
23.199999 0.087166 0.127342 0.216010 0.220619
23.299999 0.087918 0.125525 0.218544 0.218644
23.400000 0.088535 0.124550 0.219488 0.219488
23.500000 0.089100 0.124500 0.222000 0.221800
23.600000 0.089191 0.124688 0.225377 0.223878
23.699999 0.089309 0.125413 0.227723 0.224422
23.799999 0.089409 0.124712 0.228223 0.223022
23.900000 0.089118 0.124625 0.229246 0.224645
24.000000 0.088500 0.124700 0.229200 0.226900
24.100000 0.089600 0.125400 0.228500 0.227300
24.199999 0.089909 0.126313 0.233023 0.232823
24.299999 0.090209 0.126513 0.232023 0.230223
24.400000 0.091100 0.127200 0.232800 0.232600
24.500000 0.090836 0.129552 0.232093 0.231192
24.600000 0.091609 0.131713 0.232523 0.234123
24.699999 0.091609 0.133213 0.234723 0.235724
24.799999 0.090337 0.131908 0.235135 0.232937
24.900000 0.090718 0.130826 0.235647 0.232747
25.000000 0.091182 0.131774 0.232953 0.237253
25.100000 0.091400 0.134000 0.235100 0.236700
25.199999 0.092318 0.134027 0.235647 0.236547
25.299999 0.092583 0.134121 0.236813 0.235212
25.400000 0.092800 0.134800 0.238000 0.232100
25.500000 0.093119 0.131926 0.238448 0.232046
25.599998 0.092800 0.130000 0.237900 0.230500
25.699999 0.092428 0.129739 0.235571 0.232370
25.799999 0.091654 0.130935 0.239280 0.232784
25.900000 0.091418 0.131426 0.240548 0.236047
26.000000 0.091255 0.130178 0.236842 0.239043
26.099998 0.091800 0.131800 0.236800 0.239100
26.199999 0.091909 0.131613 0.240824 0.243024
26.299999 0.090309 0.131813 0.238324 0.242224
26.400000 0.091800 0.132800 0.238100 0.241200
26.500000 0.091709 0.133913 0.241424 0.242924
26.599998 0.091691 0.133487 0.240676 0.244676
26.699999 0.091709 0.135714 0.240324 0.244924
26.799999 0.092491 0.136686 0.240276 0.247675
26.900000 0.092337 0.134154 0.242597 0.249500
27.000000 0.093419 0.133627 0.243649 0.249750
27.099998 0.093347 0.135268 0.245723 0.248224
27.199999 0.092709 0.134313 0.245725 0.249525
27.299999 0.092991 0.133687 0.245475 0.250175
27.400000 0.093172 0.133060 0.245326 0.248525
27.500000 0.094357 0.133980 0.248649 0.248949
27.599998 0.093391 0.133587 0.247575 0.253475
27.699999 0.093700 0.134600 0.248400 0.255500
27.799999 0.093791 0.131787 0.249675 0.254475
27.900000 0.093700 0.134200 0.249500 0.253000
28.000000 0.092991 0.132387 0.248275 0.254475
28.099998 0.092809 0.131313 0.250225 0.254525
28.199999 0.093409 0.132213 0.252525 0.258526
28.299999 0.092819 0.130526 0.255051 0.260652
28.400000 0.092919 0.130326 0.258252 0.261552
28.500000 0.093737 0.134754 0.264006 0.263405
28.599998 0.094291 0.133987 0.265673 0.262974
28.699999 0.094372 0.132260 0.263821 0.262821
28.799999 0.094734 0.133307 0.266314 0.263815
28.900000 0.094619 0.133227 0.266153 0.262753
29.000000 0.093938 0.133553 0.266907 0.266006
29.099998 0.093800 0.133200 0.269700 0.264900
29.199999 0.093465 0.132693 0.273992 0.265386
29.299999 0.093619 0.130026 0.274355 0.264253
29.400000 0.094309 0.129213 0.273727 0.267327
29.500000 0.095067 0.129691 0.272891 0.268588
29.599998 0.095005 0.130669 0.273926 0.270130
29.699999 0.095738 0.132753 0.273209 0.267007
29.799999 0.094691 0.129687 0.271273 0.264174
29.900000 0.094800 0.129200 0.272100 0.266800
30.000000 0.095519 0.131626 0.272054 0.270754
30.099998 0.094591 0.131787 0.272373 0.271273
30.199999 0.093681 0.129774 0.272046 0.272645
30.299999 0.093663 0.131547 0.273391 0.273291
30.400000 0.093491 0.132387 0.273073 0.275572
30.500000 0.094300 0.132900 0.274600 0.274800
30.599998 0.093309 0.132713 0.276228 0.275328
30.699999 0.093337 0.134654 0.275910 0.275010
30.799999 0.093563 0.133946 0.273691 0.277689
30.900000 0.093400 0.134600 0.272700 0.279500
31.000000 0.093300 0.133600 0.273800 0.280700
31.099998 0.093719 0.132627 0.272354 0.276855
31.199999 0.093237 0.135354 0.271409 0.275710
31.299999 0.093384 0.133720 0.273146 0.273546
31.400000 0.093985 0.135322 0.273046 0.273746
31.500000 0.093465 0.133994 0.276594 0.278795
31.599998 0.093881 0.133873 0.273845 0.277744
31.699999 0.094019 0.135327 0.271454 0.276255
31.799999 0.094153 0.136732 0.272164 0.276062
31.900000 0.093700 0.139200 0.269400 0.278100
32.000000 0.093037 0.137355 0.270408 0.278411
32.099998 0.093828 0.136741 0.269081 0.275683
32.200001 0.094009 0.135514 0.269627 0.279928
32.299999 0.093700 0.133800 0.268600 0.277300
32.399998 0.093009 0.131713 0.270827 0.276928
32.500000 0.092963 0.131947 0.271791 0.274990
32.599998 0.092681 0.132873 0.272346 0.276445
32.700001 0.092891 0.133987 0.273573 0.277272
32.799999 0.093356 0.134881 0.272463 0.272263
32.899998 0.093709 0.136114 0.269627 0.271827
33.000000 0.094619 0.136027 0.268954 0.268454
33.099998 0.094219 0.137227 0.270654 0.270854
33.200001 0.094209 0.138814 0.270727 0.273327
33.299999 0.093619 0.137728 0.269854 0.276155
33.399998 0.093428 0.135641 0.273482 0.276583
33.500000 0.093463 0.134746 0.274490 0.277089
33.599998 0.093700 0.135300 0.275200 0.275100
33.700001 0.094419 0.134527 0.274055 0.275055
33.799999 0.094438 0.135554 0.275010 0.278912
33.899998 0.094262 0.133447 0.275490 0.279788
34.000000 0.093772 0.135259 0.274918 0.279716
34.099998 0.092909 0.136114 0.276128 0.278228
34.200001 0.093556 0.134981 0.278567 0.277567
34.299999 0.093153 0.135532 0.279460 0.275662
34.399998 0.093281 0.136573 0.277644 0.274745
34.500000 0.093300 0.136500 0.276800 0.272000
34.599998 0.092681 0.136773 0.277345 0.273545
34.700001 0.093600 0.136900 0.277700 0.271200
34.799999 0.094191 0.138586 0.277272 0.270873
34.899998 0.095219 0.141528 0.276255 0.268354
35.000000 0.093856 0.140985 0.275765 0.266760
35.099998 0.095338 0.141757 0.274610 0.264406
35.200001 0.094819 0.141228 0.276955 0.264653
35.299999 0.095310 0.140714 0.275328 0.263426
35.399998 0.096400 0.142700 0.277800 0.262100
35.500000 0.096729 0.142643 0.280084 0.258678
35.599998 0.097010 0.142614 0.280028 0.260626
35.700001 0.097880 0.142671 0.281044 0.260048
35.799999 0.098400 0.143100 0.279700 0.262900
35.899998 0.097810 0.141114 0.280828 0.261826
36.000000 0.097720 0.140128 0.279456 0.258752
36.099998 0.098900 0.142100 0.280600 0.260900
36.200001 0.098710 0.142714 0.285529 0.263026
36.299999 0.098689 0.141227 0.288259 0.260534
36.399998 0.098670 0.141358 0.290813 0.262121
36.500000 0.097949 0.140770 0.292446 0.263732
36.599998 0.098390 0.140286 0.294371 0.260774
36.700001 0.098900 0.139500 0.294300 0.261200
36.799999 0.099300 0.142400 0.300000 0.262400
36.899998 0.098490 0.141486 0.299270 0.264474
37.000000 0.099210 0.143214 0.300330 0.265627
37.099998 0.099840 0.141857 0.300320 0.267207
37.200001 0.100230 0.141943 0.298490 0.269981
37.299999 0.101220 0.140728 0.301560 0.267453
37.399998 0.100740 0.141957 0.301321 0.269108
37.500000 0.100970 0.142857 0.303809 0.268220
37.599998 0.100620 0.145029 0.301960 0.269754
37.700001 0.100510 0.145415 0.303030 0.275128
37.799999 0.100440 0.145958 0.303121 0.273609
37.899998 0.099710 0.144714 0.304130 0.271927
38.000000 0.100720 0.145029 0.307862 0.271654
38.099998 0.099700 0.144300 0.307200 0.268500
38.200001 0.099200 0.144500 0.305900 0.270200
38.299999 0.099040 0.146659 0.311525 0.272109
38.399998 0.098931 0.145798 0.318377 0.278105
38.500000 0.099020 0.147429 0.317463 0.278956
38.599998 0.098430 0.147544 0.319396 0.280184
38.700001 0.098690 0.147185 0.317868 0.281672
38.799999 0.099039 0.149810 0.321049 0.283797
38.899998 0.099540 0.148711 0.318209 0.286228
39.000000 0.098510 0.148415 0.322132 0.291929
39.099998 0.097778 0.148519 0.321757 0.291733
39.200001 0.096619 0.146629 0.323965 0.290958
39.299999 0.098110 0.149615 0.327533 0.290029
39.399998 0.098090 0.150585 0.333467 0.288671
39.500000 0.097890 0.149085 0.333167 0.290471
39.599998 0.097490 0.149085 0.331567 0.295570
39.700001 0.097000 0.150300 0.332500 0.297400
39.799999 0.096548 0.149975 0.334867 0.294747
39.899998 0.097300 0.149600 0.335700 0.294700
40.000000 0.097929 0.148445 0.334400 0.291487
40.099998 0.097349 0.147074 0.339970 0.287744
40.200001 0.096481 0.146471 0.342631 0.285443
40.299999 0.096639 0.147059 0.342837 0.289216
40.399998 0.097510 0.148215 0.346335 0.291029
40.500000 0.097219 0.148130 0.348170 0.292559
40.599998 0.096890 0.148885 0.348265 0.291771
40.700001 0.097610 0.148415 0.346135 0.291429
40.799999 0.098339 0.149760 0.345938 0.292317
40.899998 0.098790 0.150585 0.342866 0.291871
41.000000 0.098500 0.151000 0.346000 0.293800
41.099998 0.098690 0.148285 0.346065 0.294171
41.200001 0.097461 0.147741 0.348161 0.293083
41.299999 0.097590 0.147685 0.346765 0.293371
41.399998 0.098610 0.148015 0.349235 0.294930
41.500000 0.098400 0.147600 0.347200 0.295300
41.599998 0.098920 0.147730 0.348770 0.293059
41.700001 0.098570 0.147956 0.346996 0.293912
41.799999 0.098328 0.147892 0.349054 0.297687
41.899998 0.098810 0.148615 0.347035 0.295630
42.000000 0.098029 0.148945 0.348004 0.295289
42.099998 0.098710 0.151115 0.346435 0.295730
42.200001 0.098720 0.150030 0.344769 0.297259
42.299999 0.098520 0.150030 0.345869 0.296359
42.399998 0.098249 0.149075 0.345473 0.294447
42.500000 0.099250 0.149725 0.343128 0.297351
42.599998 0.097931 0.148896 0.340562 0.293994
42.700001 0.097980 0.147071 0.338532 0.291642
42.799999 0.096952 0.147526 0.338431 0.291954
42.899998 0.097610 0.147115 0.338234 0.291229
43.000000 0.098059 0.147388 0.335902 0.291475
43.099998 0.097959 0.148089 0.334901 0.287673
43.200001 0.097349 0.148674 0.334167 0.287744
43.299999 0.096648 0.146873 0.333867 0.289145
43.399998 0.098039 0.150760 0.336335 0.286315
43.500000 0.098329 0.149745 0.335201 0.285086
43.599998 0.098820 0.148530 0.335767 0.283157
43.700001 0.097610 0.151115 0.336134 0.282928
43.799999 0.096419 0.151330 0.336167 0.284157
43.899998 0.096019 0.149530 0.331266 0.285157
44.000000 0.096419 0.149230 0.334767 0.284757
44.099998 0.095762 0.149640 0.337265 0.280688
44.200001 0.095538 0.147259 0.335634 0.278912
44.299999 0.096210 0.148715 0.338834 0.281928
44.399998 0.096819 0.150130 0.339068 0.281756
44.500000 0.096661 0.151040 0.338864 0.280588
44.599998 0.096819 0.150930 0.339868 0.283657
44.700001 0.097729 0.152046 0.342803 0.285686
44.799999 0.096900 0.151200 0.346100 0.284900
44.899998 0.096990 0.151485 0.345765 0.285771
45.000000 0.096910 0.150515 0.346635 0.287829
45.099998 0.096110 0.151315 0.349435 0.289329
45.200001 0.096138 0.152561 0.350940 0.287615
45.299999 0.096442 0.152109 0.354887 0.292025
45.399998 0.096861 0.154138 0.353159 0.290284
45.500000 0.096000 0.152500 0.350400 0.292300
45.599998 0.095319 0.152130 0.350870 0.294359
45.700001 0.094919 0.152931 0.349870 0.292559
45.799999 0.094828 0.153246 0.350405 0.295989
45.899998 0.094325 0.152378 0.353217 0.296563
46.000000 0.094990 0.152385 0.351665 0.293671
46.099998 0.094228 0.151445 0.354206 0.295689
46.200001 0.094519 0.152230 0.354371 0.298460
46.299999 0.095009 0.151115 0.354735 0.299730
46.399998 0.095095 0.151652 0.357257 0.300000
46.500000 0.096019 0.152731 0.354471 0.301260
46.599998 0.095733 0.151594 0.358849 0.303388
46.700001 0.096500 0.149800 0.358800 0.302500
46.799999 0.096071 0.149155 0.359992 0.304009
46.899998 0.097300 0.147500 0.362400 0.306600
47.000000 0.098590 0.148785 0.364264 0.309969
47.099998 0.097571 0.147356 0.365690 0.310507
47.200001 0.097959 0.147589 0.364619 0.309786
47.299999 0.097990 0.150485 0.368563 0.312069
47.399998 0.098010 0.151915 0.368537 0.312431
47.500000 0.097203 0.149550 0.369630 0.313986
47.599998 0.097410 0.150015 0.365837 0.313931
47.700001 0.098149 0.152376 0.365983 0.313357
47.799999 0.098470 0.153254 0.367190 0.312506
47.899998 0.098769 0.154108 0.367257 0.313019
48.000000 0.099460 0.152792 0.368321 0.315289
48.099998 0.099420 0.154931 0.369074 0.311662
48.200001 0.098820 0.153031 0.371174 0.309862
48.299999 0.098439 0.151361 0.369748 0.311725
48.399998 0.098261 0.151739 0.370652 0.311076
48.500000 0.098039 0.150060 0.372549 0.311024
48.599998 0.097910 0.150615 0.379438 0.313931
48.700001 0.097839 0.150960 0.377551 0.314726
48.799999 0.097129 0.150545 0.382915 0.319396
48.899998 0.096848 0.149675 0.386493 0.316758
49.000000 0.096510 0.149715 0.387939 0.317832
49.099998 0.096138 0.152061 0.390456 0.316927
49.200001 0.095929 0.151145 0.389917 0.313594
49.299999 0.096129 0.149545 0.389517 0.311994
49.399998 0.096000 0.152300 0.390400 0.312000
49.500000 0.096548 0.154277 0.392696 0.315558
49.599998 0.096348 0.152676 0.392996 0.315558
49.700001 0.096929 0.152646 0.395619 0.316495
49.799999 0.096571 0.153154 0.393282 0.318704
49.899998 0.096348 0.155278 0.394197 0.319560
50.000000 0.095890 0.152585 0.394361 0.317268
50.099998 0.095519 0.152531 0.391878 0.316063
50.200001 0.095171 0.150455 0.391283 0.318205
50.299999 0.095114 0.151482 0.392571 0.318382
50.399998 0.094319 0.153531 0.393279 0.315863
50.500000 0.094928 0.153446 0.393418 0.315295
50.599998 0.093966 0.153207 0.394076 0.313319
50.700001 0.094053 0.152924 0.396602 0.313143
50.799999 0.094072 0.155253 0.396881 0.314606
50.899998 0.093637 0.154262 0.398860 0.316427
51.000000 0.093919 0.152230 0.397580 0.316363
51.099998 0.093919 0.152831 0.398180 0.318664
51.199997 0.094600 0.152400 0.398200 0.318000
51.299999 0.094819 0.150030 0.398780 0.320664
51.399998 0.095310 0.147215 0.397840 0.320132
51.500000 0.095038 0.146859 0.400260 0.320628
51.599998 0.095510 0.148015 0.399140 0.318532
51.699997 0.095948 0.147274 0.400900 0.318159
51.799999 0.096313 0.147367 0.400540 0.319812
51.899998 0.096210 0.148615 0.403040 0.315832
52.000000 0.095795 0.147837 0.403356 0.313455
52.099998 0.096125 0.150195 0.402223 0.311805
52.199997 0.096810 0.151715 0.404540 0.312431
52.299999 0.097200 0.152900 0.407600 0.313500
52.399998 0.096800 0.151600 0.412200 0.315400
52.500000 0.097329 0.150845 0.414124 0.317895
52.599998 0.097397 0.149850 0.413413 0.315516
52.699997 0.096971 0.149655 0.409377 0.315305
52.799999 0.096223 0.149281 0.406775 0.315847
52.899998 0.095819 0.149430 0.406981 0.314263
53.000000 0.095567 0.148404 0.406284 0.316021
53.099998 0.095848 0.147574 0.405803 0.315158
53.199997 0.096123 0.147482 0.409472 0.320643
53.299999 0.096219 0.148030 0.412683 0.321364
53.399998 0.096661 0.149640 0.412335 0.324370
53.500000 0.095167 0.147403 0.414790 0.324227
53.599998 0.095448 0.147474 0.416008 0.322161
53.699997 0.094957 0.147188 0.413748 0.323894
53.799999 0.095210 0.146715 0.412741 0.320532
53.899998 0.095819 0.148730 0.413783 0.322264
54.000000 0.096000 0.148800 0.416300 0.323600
54.099998 0.096539 0.149960 0.414966 0.325130
54.199997 0.097090 0.151985 0.411259 0.324668
54.299999 0.096910 0.152115 0.411141 0.328633
54.399998 0.097010 0.152415 0.413641 0.329133
54.500000 0.097090 0.152285 0.410259 0.329567
54.599998 0.097081 0.152170 0.412318 0.327135
54.699997 0.096271 0.152254 0.412476 0.330101
54.799999 0.096310 0.154515 0.412141 0.326733
54.899998 0.097190 0.154385 0.409459 0.325167
55.000000 0.097751 0.153423 0.410295 0.326837
55.099998 0.097829 0.152246 0.411924 0.330599
55.199997 0.097722 0.152178 0.412570 0.331934
55.299999 0.098190 0.154785 0.414159 0.330267
55.399998 0.097900 0.152200 0.415800 0.331900
55.500000 0.098110 0.153315 0.415542 0.336334
55.599998 0.098449 0.154177 0.418409 0.337169
55.699997 0.099040 0.152861 0.422569 0.335934
55.799999 0.098951 0.151724 0.423288 0.337131
55.899998 0.097319 0.150530 0.425685 0.337668
56.000000 0.097410 0.151015 0.426943 0.340734
56.099998 0.098590 0.151185 0.429357 0.340666
56.199997 0.098620 0.151530 0.428186 0.341268
56.299999 0.099150 0.151376 0.428214 0.341571
56.399998 0.099980 0.150870 0.430914 0.341432
56.500000 0.100330 0.149045 0.434130 0.339902
56.599998 0.100250 0.149225 0.434683 0.341929
56.699997 0.100170 0.148355 0.435969 0.345496
56.799999 0.099230 0.146244 0.441432 0.347304
56.899998 0.099300 0.146800 0.437100 0.349300
57.000000 0.099340 0.149210 0.438437 0.351789
57.099998 0.100000 0.151200 0.438400 0.349400
57.199997 0.099800 0.151400 0.441000 0.351000
57.299999 0.099420 0.151030 0.440388 0.353271
57.399998 0.098500 0.152000 0.442800 0.351800
57.500000 0.098490 0.151885 0.440456 0.353865
57.599998 0.097329 0.150245 0.438331 0.356407
57.699997 0.096471 0.151155 0.440268 0.354194
57.799999 0.095767 0.151406 0.438707 0.355049
57.899998 0.096052 0.151224 0.437181 0.354723
58.000000 0.096377 0.152522 0.435849 0.357186
58.099998 0.095929 0.152346 0.439032 0.357107
58.199997 0.094409 0.151815 0.434443 0.360736
58.299999 0.094838 0.151060 0.435574 0.359944
58.399998 0.093938 0.151160 0.436074 0.360044
58.500000 0.092500 0.149900 0.437700 0.361500
58.599998 0.091882 0.147970 0.436713 0.365727
58.699997 0.091836 0.146098 0.437194 0.370241
58.799999 0.092400 0.147900 0.437200 0.371300
58.899998 0.093100 0.147300 0.440600 0.374700
59.000000 0.092509 0.147415 0.439044 0.374037
59.099998 0.093337 0.148659 0.438375 0.375150
59.199997 0.092791 0.149285 0.440456 0.379762
59.299999 0.092228 0.149245 0.443833 0.382715
59.399998 0.092172 0.149555 0.441568 0.380986
59.500000 0.091837 0.149960 0.440676 0.380352
59.599998 0.092172 0.148755 0.438269 0.377487
59.699997 0.092300 0.149200 0.439200 0.379100
59.799999 0.093037 0.148459 0.438175 0.379452
59.899998 0.093203 0.148664 0.443888 0.382821
60.000000 0.092509 0.147015 0.445545 0.384238
60.099998 0.092709 0.149515 0.443844 0.386439
60.199997 0.093047 0.148874 0.445723 0.384792
60.299999 0.093400 0.151200 0.446200 0.383100
60.399998 0.093509 0.153215 0.450245 0.381538
60.500000 0.093600 0.153200 0.451800 0.382000
60.599998 0.093991 0.151985 0.456254 0.384462
60.699997 0.094338 0.152161 0.454982 0.384554
60.799999 0.093191 0.148285 0.453955 0.384861
60.899998 0.093844 0.146912 0.455027 0.387567
61.000000 0.093719 0.144829 0.455991 0.383677
61.099998 0.092498 0.143642 0.451603 0.378983
61.199997 0.093128 0.145544 0.456237 0.378814
61.299999 0.092409 0.143514 0.455045 0.380438
61.399998 0.092965 0.143601 0.450215 0.378265
61.500000 0.092837 0.143958 0.454682 0.379752
61.599998 0.093709 0.141214 0.455846 0.382138
61.699997 0.092437 0.140156 0.459484 0.385454
61.799999 0.092663 0.143842 0.458816 0.385646
61.899998 0.092500 0.144000 0.462700 0.385500
62.000000 0.091918 0.143329 0.467494 0.383177
62.099998 0.092046 0.143972 0.471336 0.381291
62.199997 0.092609 0.145215 0.471847 0.380238
62.299999 0.092391 0.144386 0.472653 0.384062
62.399998 0.091928 0.143343 0.471942 0.384515
62.500000 0.091400 0.143700 0.471600 0.383400
62.599998 0.091100 0.143442 0.471681 0.378683
62.699997 0.090736 0.143057 0.470488 0.376150
62.799999 0.090936 0.142457 0.471088 0.372949
62.899998 0.091382 0.144271 0.467706 0.368826
63.000000 0.090918 0.144229 0.473295 0.367674
63.099998 0.091109 0.143914 0.471847 0.364736
63.199997 0.091263 0.146441 0.471811 0.363355
63.299999 0.090836 0.144058 0.473289 0.365146
63.399998 0.091191 0.145185 0.471153 0.364464
63.500000 0.090018 0.144429 0.472595 0.367774
63.599998 0.090500 0.146300 0.472900 0.366900
63.699997 0.090700 0.144600 0.472500 0.369100
63.799999 0.090800 0.146000 0.474800 0.366600
63.899998 0.090982 0.147870 0.478004 0.367227
64.000000 0.091009 0.147315 0.477348 0.367837
64.099998 0.090873 0.147418 0.477282 0.370897
64.199997 0.091828 0.147444 0.476443 0.375913
64.299995 0.091963 0.150140 0.479108 0.375750
64.400002 0.092700 0.149900 0.484100 0.374700
64.500000 0.093191 0.151285 0.482352 0.378562
64.599998 0.092681 0.148970 0.484703 0.380624
64.699997 0.092218 0.149130 0.483697 0.381576
64.799995 0.092118 0.148630 0.485297 0.384477
64.900002 0.091800 0.146900 0.489700 0.384200
65.000000 0.090391 0.144985 0.489351 0.383262
65.099998 0.089873 0.147756 0.489453 0.382585
65.199997 0.089255 0.146027 0.485657 0.382809
65.299995 0.089418 0.142128 0.486597 0.382477
65.400002 0.090782 0.143029 0.486238 0.380943
65.500000 0.090618 0.143229 0.488198 0.378176
65.599998 0.090600 0.143100 0.488800 0.380800
65.699997 0.091209 0.144514 0.486749 0.379038
65.799995 0.091337 0.145458 0.488996 0.379952
65.900002 0.091627 0.145644 0.491247 0.382215
66.000000 0.091646 0.145373 0.492646 0.382291
66.099998 0.092318 0.146629 0.492699 0.381076
66.199997 0.092528 0.146444 0.490547 0.383515
66.299995 0.092365 0.145302 0.491644 0.381567
66.400002 0.091900 0.141700 0.486800 0.383300
66.500000 0.092000 0.142300 0.488400 0.384400
66.599998 0.091909 0.141414 0.492249 0.389739
66.699997 0.091182 0.142571 0.493201 0.389522
66.799995 0.091082 0.140526 0.490541 0.390151
66.900002 0.091418 0.143871 0.491957 0.395444
67.000000 0.092018 0.145629 0.489698 0.394979
67.099998 0.091508 0.148152 0.488911 0.393407
67.199997 0.092326 0.146383 0.489309 0.392886
67.299995 0.092881 0.149670 0.491102 0.391122
67.400002 0.092556 0.149490 0.495097 0.391235
67.500000 0.092372 0.148855 0.494352 0.387184
67.599998 0.092728 0.148144 0.491147 0.384315
67.699997 0.093309 0.150415 0.493549 0.383438
67.799995 0.092418 0.149530 0.496499 0.384477
67.900002 0.092909 0.150515 0.500950 0.390739
68.000000 0.093456 0.151391 0.503702 0.391235
68.099998 0.093828 0.148945 0.507752 0.392718
68.199997 0.093991 0.147985 0.509749 0.394061
68.299995 0.093300 0.148400 0.512900 0.398100
68.400002 0.092474 0.148419 0.509207 0.393915
68.500000 0.092509 0.147515 0.511051 0.398040
68.599998 0.091400 0.145200 0.514400 0.397200
68.699997 0.091373 0.146956 0.515345 0.396981
68.799995 0.091764 0.147803 0.513560 0.394576
68.900002 0.091800 0.147300 0.518400 0.396000
69.000000 0.092009 0.148415 0.520552 0.391539
69.099998 0.091600 0.148700 0.525000 0.393500
69.199997 0.091755 0.147488 0.526016 0.393136
69.299995 0.092191 0.149385 0.523948 0.391861
69.400002 0.092709 0.149315 0.523752 0.393239
69.500000 0.092891 0.150085 0.524048 0.391361
69.599998 0.092309 0.147815 0.524352 0.389739
69.699997 0.092418 0.147530 0.530206 0.391878
69.799995 0.092509 0.146015 0.532353 0.390039
69.900002 0.092054 0.146227 0.534933 0.389006
70.000000 0.092072 0.147456 0.539538 0.390483
70.099998 0.091873 0.148118 0.540432 0.391713
70.199997 0.091899 0.147638 0.540306 0.390770
70.299995 0.091764 0.148004 0.540278 0.389973
70.400002 0.091972 0.147756 0.541338 0.389283
70.500000 0.091637 0.147959 0.539816 0.389656
70.599998 0.091800 0.148300 0.539700 0.386500
70.699997 0.092355 0.147889 0.536722 0.386932
70.799995 0.093728 0.146744 0.538962 0.390317
70.900002 0.093991 0.147885 0.540546 0.388861
71.000000 0.093781 0.148770 0.542092 0.388322
71.099998 0.094075 0.150620 0.540432 0.391013
71.199997 0.093719 0.149730 0.540608 0.390978
71.299995 0.092946 0.149475 0.536168 0.390495
71.400002 0.093247 0.151876 0.538969 0.390895
71.500000 0.092492 0.150651 0.539439 0.393393
71.599998 0.092928 0.150345 0.542363 0.392518
71.699997 0.092846 0.149475 0.547474 0.391896
71.799995 0.093247 0.150575 0.550575 0.392896
71.900002 0.092846 0.149975 0.553677 0.392896
72.000000 0.093409 0.148915 0.555356 0.394639
72.099998 0.094019 0.149330 0.559712 0.397079
72.199997 0.094019 0.149130 0.557912 0.396579
72.299995 0.094400 0.147000 0.556200 0.396300
72.400002 0.093919 0.148330 0.553811 0.396179
72.500000 0.093600 0.149100 0.555900 0.396500
72.599998 0.093219 0.148130 0.560012 0.397680
72.699997 0.093575 0.149119 0.561249 0.394716
72.799995 0.094047 0.149075 0.562581 0.396298
72.900002 0.092909 0.148415 0.560256 0.396540
73.000000 0.092454 0.147026 0.558521 0.393303
73.099998 0.092681 0.148770 0.560188 0.390122
73.199997 0.092781 0.149470 0.564287 0.388122
73.299995 0.093791 0.149385 0.564544 0.386461
73.400002 0.093800 0.149000 0.564200 0.387800
73.500000 0.093074 0.146317 0.567754 0.385308
73.599998 0.093337 0.147159 0.570128 0.384954
73.699997 0.094619 0.146929 0.573515 0.384077
73.799995 0.095119 0.149130 0.573815 0.383577
73.900002 0.094909 0.150015 0.574757 0.384138
74.000000 0.094581 0.149870 0.576485 0.386623
74.099998 0.094947 0.150175 0.576288 0.385193
74.199997 0.094419 0.149530 0.574615 0.385577
74.299995 0.095319 0.147930 0.577615 0.387978
74.400002 0.094757 0.145787 0.580348 0.386432
74.500000 0.095519 0.144629 0.579516 0.386677
74.599998 0.096148 0.144973 0.585093 0.391396
74.699997 0.095119 0.142128 0.589018 0.390678
74.799995 0.095700 0.143100 0.590700 0.390900
74.900002 0.094800 0.143000 0.592300 0.393800
75.000000 0.094009 0.140314 0.593359 0.388439
75.099998 0.093309 0.140014 0.596360 0.387939
75.199997 0.094119 0.136927 0.597720 0.393479
75.299995 0.092109 0.136414 0.600460 0.394939
75.400002 0.091345 0.136218 0.602239 0.393564
75.500000 0.091409 0.135914 0.603860 0.392439
75.599998 0.091709 0.136514 0.604560 0.393139
75.699997 0.090718 0.137628 0.606521 0.395979
75.799995 0.090409 0.138514 0.605461 0.396340
75.900002 0.090191 0.139086 0.607739 0.398860
76.000000 0.089337 0.138403 0.608974 0.397622
76.099998 0.089182 0.139572 0.608178 0.402220
76.199997 0.088262 0.138797 0.613129 0.402682
76.299995 0.088338 0.138603 0.612371 0.408314
76.400002 0.088635 0.139256 0.613045 0.412165
76.500000 0.088182 0.137972 0.613277 0.411518
76.599998 0.088109 0.138414 0.610461 0.411041
76.699997 0.087991 0.138186 0.611539 0.412959
76.799995 0.087956 0.138231 0.614393 0.411894
76.900002 0.086991 0.136386 0.615039 0.412659
77.000000 0.087700 0.137000 0.618100 0.413100
77.099998 0.087953 0.136982 0.615569 0.412047
77.199997 0.088309 0.137314 0.619162 0.412041
77.299995 0.088936 0.139256 0.615846 0.412165
77.400002 0.089882 0.140072 0.615477 0.413217
77.500000 0.089709 0.141214 0.617962 0.415842
77.599998 0.089927 0.140542 0.620886 0.418726
77.699997 0.090427 0.142643 0.619586 0.416925
77.799995 0.091091 0.142386 0.622538 0.420358
77.900002 0.092100 0.141500 0.627100 0.418200
78.000000 0.092300 0.139400 0.627700 0.417800
78.099998 0.091963 0.138045 0.626349 0.418633
78.199997 0.092100 0.138000 0.627300 0.414300
78.299995 0.092318 0.140028 0.633127 0.411482
78.400002 0.092291 0.139586 0.633137 0.417658
78.500000 0.092309 0.140214 0.632763 0.414341
78.599998 0.092363 0.139544 0.634846 0.415734
78.699997 0.092600 0.140500 0.636600 0.417100
78.799995 0.091627 0.139542 0.638191 0.420526
78.900002 0.091427 0.140742 0.641693 0.424527
79.000000 0.091618 0.141428 0.641328 0.425785
79.099998 0.091463 0.141543 0.639544 0.423830
79.199997 0.091728 0.141342 0.638391 0.424827
79.299995 0.091909 0.141714 0.636064 0.426843
79.400002 0.092537 0.143557 0.636154 0.430972
79.500000 0.092064 0.140999 0.639147 0.431802
79.599998 0.091500 0.139400 0.639100 0.429800
79.699997 0.091573 0.139812 0.638611 0.426641
79.799995 0.092263 0.139644 0.637245 0.428828
79.900002 0.092046 0.141271 0.636918 0.426713
80.000000 0.091737 0.141457 0.638255 0.426271
80.099998 0.092437 0.143557 0.636755 0.423469
80.199997 0.093347 0.146573 0.639420 0.426813
80.299995 0.093047 0.145373 0.642521 0.429015
80.400002 0.094138 0.147959 0.640956 0.429572
80.500000 0.094166 0.147003 0.641549 0.432203
80.599998 0.094634 0.147097 0.644149 0.430998
80.699997 0.094881 0.146471 0.643871 0.429214
80.799995 0.094453 0.147126 0.643478 0.430485
80.900002 0.093700 0.146800 0.645200 0.431100
81.000000 0.093709 0.149715 0.645164 0.431543
81.099998 0.094209 0.149215 0.644564 0.432543
81.199997 0.093909 0.147615 0.644364 0.432143
81.299995 0.093409 0.148415 0.645765 0.432643
81.400002 0.092719 0.148830 0.646929 0.435587
81.500000 0.092937 0.148459 0.640956 0.433273
81.599998 0.093928 0.148745 0.641793 0.432330
81.699997 0.093600 0.147400 0.641500 0.432000
81.799995 0.093275 0.148619 0.640713 0.436849
81.900002 0.094238 0.148059 0.637055 0.435574
82.000000 0.095548 0.147574 0.638619 0.437519
82.099998 0.096261 0.148541 0.638844 0.439624
82.199997 0.096910 0.150615 0.637864 0.438744
82.299995 0.095748 0.149775 0.639920 0.441921
82.400002 0.094700 0.149700 0.641800 0.444300
82.500000 0.094891 0.148085 0.644536 0.442456
82.599998 0.094600 0.146700 0.643200 0.440400
82.699997 0.094981 0.146471 0.644371 0.440412
82.799995 0.094900 0.146500 0.649100 0.438800
82.900002 0.095310 0.148015 0.649265 0.436544
83.000000 0.095248 0.149075 0.652526 0.434717
83.099998 0.095100 0.149600 0.652500 0.437800
83.199997 0.095162 0.147141 0.650440 0.435626
83.299995 0.094791 0.145985 0.651735 0.429657
83.400002 0.093800 0.147500 0.651000 0.429100
83.500000 0.093200 0.146400 0.651100 0.428900
83.599998 0.092463 0.144442 0.651040 0.429528
83.699997 0.092309 0.143814 0.654365 0.429843
83.799995 0.091982 0.142372 0.656469 0.430314
83.900002 0.091900 0.143200 0.657200 0.427000
84.000000 0.092418 0.142829 0.660832 0.429586
84.099998 0.092274 0.141713 0.660829 0.424440
84.199997 0.092228 0.141943 0.662799 0.423927
84.299995 0.091917 0.140673 0.661605 0.424218
84.400002 0.092528 0.140842 0.661799 0.422527
84.500000 0.091691 0.138686 0.662134 0.424958
84.599998 0.090655 0.137631 0.661969 0.427086
84.699997 0.090700 0.139100 0.665000 0.428100
84.799995 0.089337 0.139103 0.662436 0.429399
84.900002 0.089127 0.139542 0.660098 0.426628
85.000000 0.088603 0.139946 0.658076 0.425032
85.099998 0.088000 0.139100 0.660000 0.426700
85.199997 0.088864 0.141044 0.661036 0.423331
85.299995 0.089400 0.139000 0.662000 0.422300
85.400002 0.089591 0.139586 0.663234 0.426657
85.500000 0.089709 0.138214 0.665066 0.422842
85.599998 0.090427 0.139642 0.669101 0.425928
85.699997 0.091018 0.139275 0.674093 0.426516
85.799995 0.091209 0.140014 0.676768 0.428843
85.900002 0.090882 0.138572 0.674965 0.423915
86.000000 0.090409 0.138914 0.674067 0.424142
86.099998 0.089518 0.137127 0.672435 0.426385
86.199997 0.085909 0.134113 0.671667 0.424642
86.299995 0.086600 0.138000 0.673600 0.426800
86.400002 0.086226 0.137741 0.677403 0.430229
86.500000 0.086917 0.139228 0.678536 0.427986
86.599998 0.086674 0.140158 0.677397 0.424373
86.699997 0.086535 0.141557 0.673069 0.424370
86.799995 0.086709 0.139914 0.672167 0.422042
86.900002 0.086717 0.137728 0.678136 0.424085
87.000000 0.087618 0.138328 0.674635 0.427485
87.099998 0.087100 0.138100 0.674300 0.430600
87.199997 0.087400 0.137200 0.673300 0.428400
87.299995 0.085634 0.134354 0.674370 0.426070
87.400002 0.086260 0.132293 0.673672 0.427399
87.500000 0.086609 0.133013 0.676468 0.426743
87.599998 0.087139 0.134006 0.679424 0.424503
87.699997 0.087517 0.135227 0.679136 0.425585
87.799995 0.087718 0.135327 0.680136 0.422785
87.900002 0.088627 0.134140 0.681605 0.421727
88.000000 0.088438 0.136005 0.681323 0.423304
88.099998 0.087800 0.135500 0.681100 0.424100
88.199997 0.086987 0.136336 0.682983 0.426426
88.299995 0.086917 0.136627 0.684837 0.426385
88.400002 0.087405 0.138266 0.684622 0.425611
88.500000 0.087709 0.139214 0.680468 0.425143
88.599998 0.088109 0.139014 0.680568 0.425143
88.699997 0.088209 0.139014 0.681668 0.429243
88.799995 0.088009 0.139614 0.677868 0.430743
88.900002 0.087465 0.138145 0.677529 0.429728
89.000000 0.086761 0.138297 0.679075 0.431902
89.099998 0.086117 0.137327 0.680136 0.431386
89.199997 0.085974 0.136359 0.678696 0.433270
89.299995 0.086617 0.137227 0.673335 0.428786
89.400002 0.086326 0.136441 0.678303 0.429429
89.500000 0.085400 0.136400 0.678500 0.429900
89.599998 0.085091 0.137386 0.678732 0.429257
89.699997 0.086378 0.138925 0.675108 0.429086
89.799995 0.085760 0.140598 0.677674 0.428700
89.900002 0.085043 0.139870 0.676338 0.431016
90.000000 0.084792 0.139486 0.678632 0.433057
90.099998 0.083892 0.139986 0.675832 0.432457
90.199997 0.083408 0.139614 0.678268 0.432343
90.299995 0.082825 0.137341 0.679504 0.430729
90.400002 0.082950 0.137082 0.680608 0.432860
90.500000 0.083092 0.138386 0.684432 0.436156
90.599998 0.083092 0.140286 0.683432 0.435856
90.699997 0.083092 0.140586 0.685431 0.435057
90.799995 0.084041 0.142600 0.686419 0.434596
90.900002 0.084042 0.144372 0.681641 0.432016
91.000000 0.084849 0.146312 0.686288 0.435339
91.099998 0.085234 0.146259 0.680672 0.431873
91.199997 0.085226 0.146944 0.680804 0.431830
91.299995 0.085117 0.146429 0.682036 0.432386
91.400002 0.084200 0.143600 0.683700 0.431800
91.500000 0.084308 0.143614 0.680768 0.427543
91.599998 0.084883 0.145171 0.680664 0.429714
91.699997 0.085800 0.145900 0.680500 0.429600
91.799995 0.086565 0.144242 0.678928 0.431228
91.900002 0.086417 0.142529 0.678236 0.430286
92.000000 0.086617 0.145029 0.680236 0.429286
92.099998 0.086066 0.143942 0.682027 0.428828
92.199997 0.086226 0.142843 0.684905 0.428128
92.299995 0.086761 0.144401 0.683779 0.426499
92.400002 0.087209 0.146615 0.682868 0.426943
92.500000 0.087526 0.144743 0.686106 0.432430
92.599998 0.088100 0.144600 0.685800 0.433800
92.699997 0.088435 0.145458 0.686275 0.433774
92.799995 0.087782 0.142771 0.685063 0.432613
92.900002 0.087409 0.142514 0.687269 0.430043
93.000000 0.087953 0.141385 0.688413 0.429858
93.099998 0.087326 0.140642 0.689607 0.428128
93.199997 0.086517 0.138628 0.690238 0.423985
93.299995 0.086109 0.140714 0.691569 0.424242
93.400002 0.086183 0.140672 0.692062 0.427415
93.500000 0.086417 0.139728 0.690338 0.428386
93.599998 0.086757 0.138631 0.687456 0.427486
93.699997 0.086400 0.139200 0.686100 0.428300
93.799995 0.085926 0.138542 0.687006 0.428028
93.900002 0.085600 0.138800 0.685000 0.430000
94.000000 0.085734 0.138455 0.684274 0.431773
94.099998 0.085700 0.136900 0.689500 0.433800
94.199997 0.085383 0.140072 0.690262 0.434713
94.299995 0.086234 0.140556 0.687475 0.436675
94.400002 0.086926 0.142343 0.690407 0.439932
94.500000 0.086086 0.140941 0.686987 0.443744
94.599998 0.086186 0.139439 0.690190 0.444745
94.699997 0.085691 0.138986 0.695130 0.443656
94.799995 0.086026 0.140542 0.695609 0.443633
94.900002 0.086486 0.140140 0.693894 0.439940
95.000000 0.087709 0.142514 0.696770 0.439744
95.099998 0.087283 0.142172 0.697261 0.440712
95.199997 0.086066 0.140544 0.693123 0.441423
95.299995 0.086209 0.142714 0.697370 0.440544
95.400002 0.085674 0.141757 0.701190 0.436469
95.500000 0.086726 0.141542 0.702211 0.436631
95.599998 0.087700 0.142000 0.697600 0.436600
95.699997 0.088053 0.143786 0.698919 0.439063
95.799995 0.088282 0.144671 0.699060 0.442412
95.900002 0.088200 0.144100 0.700800 0.442500
96.000000 0.088035 0.142457 0.702881 0.441277
96.099998 0.087874 0.143057 0.705388 0.441468
96.199997 0.088291 0.144686 0.705629 0.437456
96.299995 0.087065 0.143043 0.705118 0.440324
96.400002 0.087465 0.141543 0.706218 0.443822
96.500000 0.087709 0.141014 0.709171 0.445545
96.599998 0.086700 0.140100 0.708600 0.443000
96.699997 0.087144 0.140370 0.707354 0.443122
96.799995 0.087609 0.140614 0.707071 0.443444
96.900002 0.088244 0.138869 0.709155 0.443922
97.000000 0.087644 0.139170 0.710055 0.446723
97.099998 0.087361 0.137096 0.708696 0.444111
97.199997 0.086957 0.135132 0.706947 0.442479
97.299995 0.086300 0.134900 0.706600 0.450000
97.400002 0.086591 0.137086 0.703430 0.453855
97.500000 0.086417 0.136727 0.700440 0.451590
97.599998 0.086726 0.136141 0.701210 0.452136
97.699997 0.086683 0.136473 0.704959 0.451610
97.799995 0.087183 0.135073 0.710058 0.448410
97.900002 0.088109 0.137014 0.709671 0.449245
98.000000 0.088091 0.137886 0.712329 0.447055
98.099998 0.088009 0.139214 0.712671 0.447145
98.199997 0.088600 0.140500 0.714500 0.448300
98.299995 0.088962 0.139598 0.714200 0.447513
98.400002 0.089891 0.138886 0.713329 0.446655
98.500000 0.090400 0.140800 0.712200 0.448100
98.599998 0.090300 0.139600 0.713900 0.448000
98.699997 0.090455 0.139730 0.716042 0.445777
98.799995 0.089936 0.137255 0.715086 0.446178
98.900002 0.088747 0.133620 0.719268 0.445233
99.000000 0.088802 0.133154 0.720308 0.442713
99.099998 0.089581 0.133520 0.724052 0.442799
99.199997 0.088673 0.135259 0.726682 0.443567
99.299995 0.089045 0.133667 0.727164 0.444122
99.400002 0.089773 0.134960 0.727382 0.446866
99.500000 0.089636 0.137455 0.727491 0.447479
99.599998 0.089809 0.138414 0.728573 0.446245
99.699997 0.090146 0.137118 0.730062 0.444833
99.799995 0.090555 0.137231 0.729335 0.445977
99.900002 0.090709 0.136614 0.730473 0.445445
100.000000 0.091427 0.138942 0.726318 0.442733
100.099998 0.091191 0.140286 0.731627 0.441256
100.199997 0.091318 0.141728 0.734547 0.441988
100.299995 0.091464 0.142800 0.735315 0.441809
100.400002 0.092318 0.142028 0.737548 0.441088
100.500000 0.092609 0.142314 0.732973 0.443944
100.599998 0.092409 0.142114 0.734073 0.445545
100.699997 0.092809 0.143214 0.733873 0.445645
100.799995 0.092037 0.142357 0.734094 0.445978
100.900002 0.091882 0.142571 0.737253 0.449210
101.000000 0.092519 0.141228 0.738048 0.449990
101.099998 0.092337 0.140656 0.737595 0.448880
101.199997 0.092900 0.140900 0.739600 0.449300
101.299995 0.092500 0.141800 0.740000 0.449700
101.400002 0.091746 0.140570 0.736868 0.449024
101.500000 0.091909 0.141414 0.738674 0.449745
101.599998 0.091546 0.140670 0.738469 0.450225
101.699997 0.092446 0.141171 0.736568 0.447624
101.799995 0.092544 0.140016 0.739456 0.448931
101.900002 0.092491 0.141686 0.738126 0.448355
102.000000 0.092263 0.143343 0.736006 0.451020
102.099998 0.092337 0.146158 0.734794 0.451180
102.199997 0.091809 0.143214 0.737774 0.451045
102.299995 0.092328 0.142543 0.739722 0.451035
102.399994 0.093056 0.142185 0.741445 0.448069
102.500000 0.093537 0.143958 0.737795 0.451381
102.599998 0.093891 0.145885 0.737626 0.452055
102.699997 0.094447 0.145973 0.739270 0.450925
102.799995 0.094528 0.146244 0.737921 0.456037
102.899994 0.094091 0.144686 0.738126 0.450855
103.000000 0.093291 0.145385 0.738526 0.453555
103.099998 0.093719 0.145429 0.738248 0.453391
103.199997 0.094300 0.143200 0.739100 0.455600
103.299995 0.093884 0.142929 0.741167 0.456511
103.399994 0.093975 0.143515 0.742294 0.455164
103.500000 0.093300 0.142400 0.740400 0.454600
103.599998 0.093063 0.141943 0.740104 0.456617
103.699997 0.093619 0.142629 0.740848 0.456491
103.799995 0.094976 0.140412 0.739091 0.457666
103.899994 0.094909 0.141914 0.740674 0.460946
104.000000 0.093528 0.140842 0.739922 0.464039
104.099998 0.093481 0.140172 0.739052 0.463507
104.199997 0.093328 0.141142 0.740322 0.464839
104.299995 0.093000 0.142400 0.744300 0.468500
104.399994 0.092063 0.141244 0.741803 0.470912
104.500000 0.093191 0.142086 0.740626 0.467953
104.599998 0.092409 0.140814 0.741574 0.469947
104.699997 0.092018 0.141328 0.742949 0.472094
104.799995 0.091273 0.139158 0.743177 0.469359
104.899994 0.090664 0.139544 0.742003 0.472111
105.000000 0.089982 0.138072 0.744051 0.472905
105.099998 0.089364 0.137845 0.741803 0.476609
105.199997 0.089318 0.139228 0.743249 0.476795
105.299995 0.089209 0.139614 0.744074 0.473347
105.399994 0.088982 0.137572 0.745451 0.473605
105.500000 0.090300 0.137800 0.745000 0.474900
105.599998 0.089582 0.137473 0.743851 0.472106
105.699997 0.089400 0.136500 0.744600 0.473500
105.799995 0.088962 0.134994 0.746723 0.473331
105.899994 0.088544 0.135668 0.747074 0.474237
106.000000 0.087017 0.135127 0.750350 0.472995
106.099998 0.086443 0.133267 0.748975 0.471536
106.199997 0.085817 0.132426 0.749350 0.472194
106.299995 0.086034 0.134854 0.747599 0.468187
106.399994 0.086569 0.136109 0.746898 0.468475
106.500000 0.086891 0.136486 0.748925 0.469353
106.599998 0.087891 0.133987 0.746825 0.468853
106.699997 0.087718 0.131726 0.745849 0.467494
106.799995 0.089000 0.131200 0.744700 0.470300
106.899994 0.088709 0.132713 0.743774 0.467647
107.000000 0.088773 0.132460 0.746676 0.469259
107.099998 0.088409 0.133313 0.745675 0.468947
107.199997 0.087639 0.134406 0.747377 0.466773
107.299995 0.088200 0.136200 0.749400 0.461500
107.399994 0.087565 0.135946 0.748301 0.459716
107.500000 0.086791 0.135886 0.747325 0.456254
107.599998 0.086074 0.136359 0.748076 0.458662
107.699997 0.086443 0.138669 0.746173 0.456728
107.799995 0.086309 0.136314 0.746975 0.460346
107.899994 0.086761 0.136996 0.741819 0.456920
108.000000 0.087700 0.138000 0.744400 0.458900
108.099998 0.087788 0.137638 0.740841 0.458058
108.199997 0.088727 0.138241 0.744823 0.460438
108.299995 0.088691 0.138386 0.745325 0.461354
108.399994 0.088856 0.135332 0.745727 0.462669
108.500000 0.087947 0.137617 0.747452 0.465521
108.599998 0.086426 0.136941 0.745324 0.464339
108.699997 0.086409 0.135014 0.747475 0.465847
108.799995 0.086126 0.136141 0.749125 0.467940
108.899994 0.086691 0.136186 0.749225 0.467153
109.000000 0.087017 0.134527 0.748450 0.467193
109.099998 0.087100 0.136900 0.746700 0.464700
109.199997 0.085900 0.135900 0.745400 0.469200
109.299995 0.085743 0.136468 0.746273 0.462531
109.399994 0.085302 0.137064 0.746496 0.464357
109.500000 0.085800 0.135700 0.749200 0.464300
109.599998 0.085709 0.134113 0.750475 0.462046
109.699997 0.085800 0.134000 0.753300 0.459700
109.799995 0.085709 0.136214 0.749775 0.463346
109.899994 0.086409 0.135614 0.751775 0.465347
110.000000 0.086643 0.135368 0.750575 0.463532
110.099998 0.086757 0.133433 0.755922 0.463968
110.199997 0.086983 0.134573 0.754049 0.463807
110.299995 0.087391 0.134487 0.758124 0.464854
110.399994 0.088000 0.136200 0.760500 0.466900
110.500000 0.088418 0.136927 0.757852 0.468194
110.599998 0.087300 0.138700 0.755200 0.471000
110.699997 0.087909 0.138514 0.752975 0.472147
110.799995 0.088418 0.137828 0.753451 0.466493
110.899994 0.088238 0.138403 0.751374 0.461177
111.000000 0.088109 0.139914 0.749675 0.461246
111.099998 0.088118 0.140628 0.746449 0.462092
111.199997 0.087200 0.139300 0.746700 0.460100
111.299995 0.087500 0.140800 0.746500 0.461700
111.399994 0.086926 0.139642 0.746224 0.460938
111.500000 0.086095 0.139854 0.747122 0.463210
111.599998 0.086543 0.140170 0.747574 0.462431
111.699997 0.086543 0.139870 0.745273 0.462731
111.799995 0.086374 0.140858 0.742777 0.461362
111.899994 0.087091 0.140186 0.743526 0.460154
112.000000 0.087483 0.142072 0.741052 0.457708
112.099998 0.087000 0.141900 0.740900 0.460700
112.199997 0.085468 0.139612 0.738691 0.464572
112.299995 0.084617 0.139128 0.739448 0.462693
112.399994 0.085177 0.137223 0.737264 0.463017
112.500000 0.085860 0.136796 0.739017 0.463725
112.599998 0.085600 0.136700 0.738600 0.466200
112.699997 0.084208 0.133113 0.736274 0.466847
112.799995 0.083558 0.134794 0.731612 0.467928
112.899994 0.084425 0.135241 0.731419 0.469141
113.000000 0.085191 0.135986 0.726227 0.469453
113.099998 0.085317 0.136727 0.726745 0.471294
113.199997 0.085509 0.137114 0.726273 0.473447
113.299995 0.085543 0.138369 0.727764 0.468734
113.399994 0.086066 0.138545 0.726409 0.465414
113.500000 0.086209 0.136914 0.725473 0.465147
113.599998 0.086865 0.136046 0.725610 0.469812
113.699997 0.087653 0.136482 0.723134 0.471083
113.799995 0.087988 0.136637 0.723323 0.472573
113.899994 0.087356 0.136532 0.723938 0.476862
114.000000 0.087644 0.135868 0.723662 0.476138
114.099998 0.088791 0.134287 0.721928 0.480652
114.199997 0.088682 0.134173 0.719756 0.483203
114.299995 0.088873 0.136759 0.718884 0.484355
114.399994 0.088909 0.138814 0.721172 0.487049
114.500000 0.088018 0.138728 0.719944 0.486497
114.599998 0.088044 0.138569 0.719160 0.485643
114.699997 0.088773 0.137259 0.719384 0.486554
114.799995 0.088535 0.135154 0.721289 0.484994
114.899994 0.088800 0.136400 0.723600 0.484700
115.000000 0.089191 0.139386 0.726127 0.483852
115.099998 0.089772 0.141313 0.721978 0.481485
115.199997 0.090736 0.139256 0.719188 0.478091
115.299995 0.090663 0.139097 0.720905 0.475333
115.399994 0.091809 0.139014 0.716172 0.476348
115.500000 0.092365 0.139498 0.717702 0.475933
115.599998 0.092309 0.139114 0.719872 0.479248
115.699997 0.093191 0.139386 0.719028 0.482052
115.799995 0.092345 0.139816 0.718469 0.482111
115.899994 0.091263 0.139544 0.715214 0.480308
116.000000 0.090827 0.137941 0.717815 0.477743
116.099998 0.089546 0.136418 0.718469 0.480712
116.199997 0.088973 0.136659 0.716885 0.480556
116.299995 0.089264 0.137045 0.715014 0.480008
116.399994 0.089545 0.135868 0.713457 0.483142
116.500000 0.090682 0.136223 0.713742 0.484136
116.599998 0.090746 0.138017 0.711473 0.483110
116.699997 0.090527 0.137641 0.709313 0.483545
116.799995 0.091263 0.139244 0.708916 0.481507
116.899994 0.090973 0.139358 0.708188 0.479756
117.000000 0.090618 0.139628 0.708142 0.475395
117.099998 0.091854 0.137031 0.712044 0.478661
117.199997 0.091991 0.138686 0.710629 0.482452
117.299995 0.091391 0.138486 0.713229 0.484452
117.399994 0.091618 0.138028 0.715143 0.478496
117.500000 0.090927 0.137041 0.713414 0.479144
117.599998 0.091182 0.138172 0.712557 0.478104
117.699997 0.090873 0.136359 0.715385 0.481256
117.799995 0.090736 0.136355 0.713585 0.484394
117.899994 0.091728 0.134140 0.712514 0.481945
118.000000 0.092600 0.136300 0.716200 0.482400
118.099998 0.092337 0.136955 0.716086 0.483693
118.199997 0.091809 0.137814 0.713971 0.486249
118.299995 0.091473 0.138358 0.713486 0.487554
118.399994 0.091509 0.138514 0.714971 0.492349
118.500000 0.091227 0.140442 0.714915 0.495849
118.599998 0.092018 0.141828 0.715843 0.494799
118.699997 0.092846 0.141071 0.715858 0.490345
118.799995 0.091109 0.138014 0.715272 0.491349
118.899994 0.090182 0.136673 0.717856 0.487502
119.000000 0.090299 0.135249 0.719191 0.484533
119.099998 0.090709 0.136014 0.720672 0.480048
119.199997 0.090073 0.135059 0.718385 0.477157
119.299995 0.089282 0.134673 0.718856 0.480604
119.399994 0.089500 0.132400 0.717200 0.480900
119.500000 0.089327 0.132040 0.717715 0.480944
119.599998 0.088927 0.129739 0.718315 0.484045
119.699997 0.089055 0.132134 0.715742 0.484458
119.799995 0.088709 0.133513 0.716172 0.488149
119.899994 0.089318 0.132026 0.717043 0.488998
120.000000 0.089609 0.132813 0.721472 0.488849
120.099998 0.089446 0.132221 0.723066 0.488507
120.199997 0.089754 0.130778 0.718931 0.487893
120.299995 0.088873 0.131561 0.722483 0.489453
120.399994 0.089018 0.131626 0.724145 0.490798
120.500000 0.088964 0.130848 0.720312 0.488904
120.599998 0.087509 0.129813 0.718272 0.489049
120.699997 0.087561 0.130591 0.716802 0.490643
120.799995 0.087109 0.128913 0.719372 0.487749
120.899994 0.087830 0.129996 0.723421 0.487310
121.000000 0.088030 0.130396 0.725619 0.488809
121.099998 0.087844 0.129565 0.726563 0.487444
121.199997 0.088609 0.129113 0.727373 0.485549
121.299995 0.088818 0.127425 0.725645 0.488298
121.399994 0.088809 0.128813 0.722372 0.489749
121.500000 0.089109 0.129313 0.723672 0.488249
121.599998 0.089536 0.129752 0.722189 0.483393
121.699997 0.088735 0.131252 0.724190 0.483894
121.799995 0.089654 0.129778 0.722734 0.479288
121.899994 0.090291 0.131187 0.724927 0.482052
122.000000 0.090009 0.132913 0.723172 0.479348
122.099998 0.091109 0.136914 0.723072 0.477748
122.199997 0.090709 0.136114 0.725573 0.481048
122.299995 0.091482 0.138872 0.725255 0.479004
122.399994 0.091582 0.136773 0.725155 0.480204
122.500000 0.091618 0.136327 0.723345 0.482497
122.599998 0.091446 0.136568 0.723762 0.478039
122.699997 0.090582 0.135573 0.724155 0.480004
122.799995 0.090164 0.135146 0.726909 0.480208
122.899994 0.090800 0.135700 0.723900 0.483000
123.000000 0.090782 0.131074 0.725055 0.480604
123.099998 0.090519 0.129284 0.725447 0.485063
123.199997 0.090392 0.129944 0.726029 0.486316
123.299995 0.090891 0.129087 0.721328 0.483552
123.399994 0.090264 0.128948 0.722411 0.483207
123.500000 0.090209 0.128313 0.725273 0.485249
123.599998 0.090364 0.130248 0.728209 0.485106
123.699997 0.090609 0.128855 0.723769 0.481878
123.799995 0.090618 0.129626 0.722044 0.482296
123.899994 0.091136 0.130109 0.724693 0.481463
124.000000 0.090827 0.130239 0.726218 0.482645
124.099998 0.091618 0.132226 0.727045 0.482396
124.199997 0.091382 0.131474 0.727055 0.480404
124.299995 0.090991 0.132587 0.726327 0.482452
124.399994 0.091291 0.131287 0.727527 0.483452
124.500000 0.091209 0.129513 0.725173 0.481448
124.599998 0.091600 0.132700 0.728200 0.488200
124.699997 0.090700 0.131900 0.727600 0.486400
124.799995 0.090173 0.131361 0.729581 0.484355
124.899994 0.089000 0.129600 0.730400 0.485600
125.000000 0.088644 0.130065 0.731266 0.486843
125.099998 0.088627 0.129939 0.728519 0.487546
125.199997 0.087900 0.130000 0.727700 0.491800
125.299995 0.087700 0.130600 0.727400 0.493200
125.399994 0.088282 0.131874 0.726555 0.496501
125.500000 0.089818 0.133827 0.728146 0.494499
125.599998 0.089363 0.132593 0.730011 0.496648
125.699997 0.089472 0.131305 0.730084 0.497898
125.799995 0.089354 0.132680 0.733140 0.499099
125.899994 0.088600 0.134000 0.734000 0.497100
126.000000 0.088527 0.133940 0.734220 0.497949
126.099998 0.087439 0.131708 0.733287 0.498551
126.199997 0.087400 0.131900 0.734500 0.499800
126.299995 0.087139 0.132707 0.735485 0.499251
126.399994 0.088391 0.134087 0.738126 0.499650
126.500000 0.088447 0.134719 0.738157 0.499900
126.599998 0.089127 0.135641 0.731419 0.497049
126.699997 0.089218 0.138928 0.738248 0.501800
126.799995 0.089218 0.138228 0.738348 0.504001
126.899994 0.089300 0.140600 0.739500 0.504400
127.000000 0.088082 0.136873 0.742651 0.505299
127.099998 0.087953 0.136382 0.741145 0.507204
127.199997 0.088256 0.135332 0.741329 0.508146
127.299995 0.088365 0.136445 0.745102 0.510896
127.399994 0.087753 0.137883 0.746648 0.508705
127.500000 0.087565 0.138345 0.744502 0.510096
127.599998 0.085826 0.136941 0.744323 0.512854
127.699997 0.085817 0.136827 0.743149 0.515403
127.799995 0.085291 0.133687 0.742426 0.515049
127.899994 0.085043 0.132466 0.741271 0.514757
128.000000 0.085117 0.134227 0.738948 0.511102
128.099991 0.085417 0.135627 0.734647 0.505801
128.199997 0.086091 0.136686 0.739226 0.507549
128.300003 0.086569 0.134908 0.733387 0.512210
128.399994 0.086831 0.135891 0.731914 0.514488
128.500000 0.086526 0.134940 0.732620 0.513854
128.599991 0.086383 0.132873 0.730454 0.514397
128.699997 0.087709 0.132513 0.734373 0.515152
128.800003 0.088209 0.133613 0.734373 0.516752
128.899994 0.088900 0.133600 0.732500 0.520800
129.000000 0.088179 0.132820 0.732059 0.516165
129.099991 0.087574 0.132460 0.728182 0.515645
129.199997 0.087170 0.133207 0.730084 0.513411
129.300003 0.087879 0.135622 0.728456 0.510660
129.399994 0.087161 0.136696 0.728610 0.511758
129.500000 0.087962 0.138597 0.728610 0.513459
129.599991 0.087100 0.136900 0.731200 0.514400
129.699997 0.086400 0.136000 0.732100 0.520300
129.800003 0.086665 0.135346 0.733107 0.523691
129.899994 0.084708 0.131813 0.732373 0.524452
130.000000 0.085309 0.132513 0.734573 0.525353
130.099991 0.085226 0.130939 0.733020 0.528058
130.199997 0.085683 0.133573 0.732553 0.529394
130.300003 0.086291 0.135086 0.731727 0.529547
130.399994 0.086791 0.134887 0.734527 0.528547
130.500000 0.087096 0.135349 0.739413 0.524677
130.599991 0.086926 0.136341 0.738822 0.524857
130.699997 0.086983 0.135773 0.739352 0.522895
130.800003 0.087091 0.132787 0.739926 0.524348
130.899994 0.087635 0.133053 0.738395 0.522409
131.000000 0.087300 0.133700 0.739300 0.522400
131.099991 0.088109 0.133113 0.736574 0.521952
131.199997 0.088618 0.133927 0.734247 0.524605
131.300003 0.089127 0.136041 0.737521 0.525358
131.399994 0.088418 0.136027 0.739148 0.522004
131.500000 0.087982 0.136773 0.739152 0.522296
131.599991 0.088200 0.135800 0.734500 0.519000
131.699997 0.087274 0.135259 0.734080 0.516845
131.800003 0.088244 0.135768 0.732566 0.512356
131.899994 0.088582 0.135673 0.733253 0.512598
132.000000 0.088053 0.134881 0.731539 0.515009
132.099991 0.087083 0.133473 0.730354 0.515697
132.199997 0.087117 0.133027 0.726745 0.514603
132.300003 0.087826 0.130939 0.727518 0.512654
132.399994 0.088709 0.132713 0.728473 0.510251
132.500000 0.088700 0.133100 0.729400 0.509900
132.599991 0.088518 0.133627 0.727946 0.508702
132.699997 0.088191 0.133887 0.731327 0.509349
132.800003 0.088682 0.133173 0.731054 0.510498
132.899994 0.089182 0.135373 0.730154 0.507998
133.000000 0.089864 0.135046 0.729508 0.504198
133.099991 0.090473 0.134660 0.731780 0.500150
133.199997 0.090518 0.134327 0.730746 0.497800
133.300003 0.089864 0.134946 0.730608 0.497601
133.399994 0.090082 0.135173 0.728854 0.496301
133.500000 0.091109 0.136214 0.728873 0.497250
133.599991 0.091509 0.135214 0.729073 0.495750
133.699997 0.091327 0.133693 0.726019 0.493205
133.800003 0.091700 0.133900 0.725300 0.492100
133.899994 0.090718 0.133727 0.726645 0.490498
134.000000 0.091500 0.135800 0.725000 0.490100
134.099991 0.092309 0.137714 0.723972 0.491249
134.199997 0.092409 0.138514 0.724972 0.496450
134.300003 0.091800 0.139600 0.726000 0.494500
134.399994 0.091300 0.138900 0.724900 0.496700
134.500000 0.092200 0.140300 0.723400 0.495600
134.599991 0.093400 0.141000 0.725200 0.495000
134.699997 0.093619 0.142228 0.723245 0.491298
134.800003 0.093962 0.144242 0.725410 0.493703
134.899994 0.094853 0.143328 0.728436 0.492254
135.000000 0.094381 0.143371 0.726055 0.489902
135.099991 0.094447 0.140570 0.724462 0.492446
135.199997 0.094681 0.137672 0.722456 0.495901
135.300003 0.094909 0.139014 0.722372 0.497250
135.399994 0.095129 0.138442 0.724617 0.496249
135.500000 0.096129 0.140242 0.723217 0.496849
135.599991 0.096500 0.142500 0.724700 0.499700
135.699997 0.096952 0.140030 0.722139 0.498251
135.800003 0.096990 0.137986 0.717928 0.498450
135.899994 0.096500 0.139400 0.722100 0.499500
136.000000 0.095390 0.139886 0.718328 0.499850
136.099991 0.096510 0.141314 0.717772 0.501250
136.199997 0.096390 0.141686 0.718128 0.505849
136.300003 0.096190 0.143086 0.718328 0.503450
136.399994 0.096229 0.142343 0.716615 0.505952
136.500000 0.095476 0.140917 0.717767 0.503146
136.599991 0.095110 0.139214 0.716972 0.503250
136.699997 0.095514 0.138276 0.716655 0.503047
136.800003 0.095319 0.135927 0.715743 0.507101
136.899994 0.095410 0.136314 0.711971 0.509451
137.000000 0.095481 0.140372 0.711758 0.513897
137.099991 0.095929 0.141142 0.715015 0.510653
137.199997 0.095152 0.140130 0.715542 0.510445
137.300003 0.095471 0.138159 0.717285 0.512946
137.399994 0.094343 0.136618 0.718369 0.514491
137.500000 0.093891 0.136386 0.717828 0.513349
137.599991 0.093506 0.135564 0.713387 0.514386
137.699997 0.093447 0.136968 0.714957 0.516858
137.800003 0.093909 0.137614 0.712371 0.517352
137.899994 0.093219 0.137828 0.713643 0.518404
138.000000 0.093400 0.137400 0.710800 0.518800
138.099991 0.093553 0.137631 0.712644 0.519640
138.199997 0.093909 0.138914 0.715372 0.517652
138.300003 0.093309 0.140014 0.716172 0.518152
138.399994 0.092700 0.139400 0.713500 0.518400
138.500000 0.092400 0.139600 0.715700 0.526500
138.599991 0.092528 0.139442 0.715615 0.525258
138.699997 0.092646 0.138069 0.712456 0.523362
138.800003 0.091746 0.139570 0.710455 0.521261
138.899994 0.092500 0.140800 0.714800 0.518900
139.000000 0.092672 0.141358 0.710687 0.521544
139.099991 0.092045 0.137118 0.713572 0.525884
139.199997 0.091646 0.135668 0.713257 0.524362
139.300003 0.091600 0.135200 0.709500 0.525600
139.399994 0.091709 0.135114 0.712571 0.523752
139.500000 0.091600 0.135100 0.712000 0.523900
139.599991 0.092928 0.135241 0.712914 0.528158
139.699997 0.093600 0.139000 0.714000 0.528300
139.800003 0.094109 0.139114 0.716572 0.529653
139.899994 0.093381 0.138772 0.716857 0.529294
140.000000 0.092237 0.139656 0.716687 0.533713
140.099991 0.092091 0.138186 0.720328 0.535746
140.199997 0.092191 0.137386 0.720428 0.535746
140.300003 0.091654 0.138031 0.716742 0.537831
140.399994 0.090909 0.137814 0.713971 0.536554
140.500000 0.091664 0.139298 0.714800 0.538477
140.599991 0.091527 0.139742 0.713514 0.539462
140.699997 0.092082 0.138072 0.714457 0.544191
140.800003 0.092737 0.139156 0.712685 0.539016
140.899994 0.092963 0.141244 0.715214 0.542583
141.000000 0.092418 0.140728 0.714243 0.540908
141.099991 0.092519 0.142028 0.712443 0.541208
141.199997 0.092937 0.142157 0.711685 0.539516
141.300003 0.092272 0.142557 0.715385 0.539038
141.399994 0.092828 0.142543 0.715315 0.537561
141.500000 0.092909 0.140914 0.715672 0.535854
141.599991 0.092672 0.140658 0.719784 0.536339
141.699997 0.092537 0.141857 0.721188 0.533213
141.800003 0.092909 0.141214 0.719372 0.534653
141.899994 0.092265 0.142500 0.719203 0.531672
142.000000 0.091500 0.141800 0.717200 0.530600
142.099991 0.090891 0.140986 0.715029 0.529947
142.199997 0.091373 0.140758 0.714786 0.528641
142.300003 0.092300 0.140500 0.715000 0.531300
142.399994 0.092965 0.140298 0.715701 0.533874
142.500000 0.093938 0.140056 0.716687 0.535814
142.599991 0.094266 0.139097 0.716001 0.536075
142.699997 0.094600 0.138900 0.717400 0.536400
142.800003 0.095000 0.139500 0.715700 0.537200
142.899994 0.093781 0.136673 0.717956 0.540392
143.000000 0.094519 0.138828 0.720244 0.541508
143.099991 0.096258 0.138283 0.722233 0.543026
143.199997 0.096710 0.139114 0.722072 0.544054
143.300003 0.094809 0.136914 0.725673 0.547955
143.399994 0.094543 0.134219 0.726064 0.545573
143.500000 0.094709 0.134213 0.726873 0.540454
143.599991 0.094172 0.132760 0.727682 0.539638
143.699997 0.092583 0.132319 0.726854 0.537484
143.800003 0.092719 0.132226 0.727545 0.541408
143.899994 0.092018 0.131726 0.729446 0.539308
144.000000 0.092600 0.134700 0.731500 0.536900
144.099991 0.092700 0.133100 0.728500 0.536700
144.199997 0.093256 0.133380 0.724435 0.536622
144.300003 0.092637 0.132853 0.726090 0.540916
144.399994 0.091709 0.131013 0.724872 0.544154
144.500000 0.090909 0.130513 0.723072 0.544654
144.599991 0.090791 0.131087 0.723028 0.545545
144.699997 0.090618 0.131126 0.722244 0.543009
144.800003 0.090209 0.131213 0.719872 0.543854
144.899994 0.090218 0.130826 0.719944 0.542709
145.000000 0.090363 0.131992 0.718303 0.544181
145.099991 0.090755 0.132434 0.720140 0.543928
145.199997 0.091255 0.134681 0.721833 0.543826
145.300003 0.091000 0.134600 0.717000 0.540300
145.399994 0.091182 0.133573 0.718656 0.542392
145.500000 0.091328 0.131084 0.721110 0.541558
145.599991 0.091554 0.132534 0.720440 0.541729
145.699997 0.091791 0.133787 0.718928 0.542646
145.800003 0.092437 0.135554 0.720688 0.543417
145.899994 0.092737 0.135854 0.719388 0.548119
146.000000 0.092663 0.135146 0.718213 0.545382
146.099991 0.092719 0.133727 0.720244 0.542909
146.199997 0.093838 0.134954 0.718988 0.540116
146.300003 0.093681 0.136973 0.719656 0.540392
146.399994 0.093966 0.137396 0.717202 0.544781
146.500000 0.094491 0.136986 0.719428 0.543946
146.599991 0.094409 0.139414 0.719772 0.546855
146.699997 0.094128 0.140642 0.719316 0.545063
146.800003 0.093653 0.140230 0.723438 0.548326
146.899994 0.093656 0.141685 0.726036 0.548429
147.000000 0.093325 0.140588 0.726319 0.549860
147.099991 0.094609 0.142714 0.726373 0.547655
147.199997 0.095290 0.143586 0.727827 0.546045
147.300003 0.095619 0.141828 0.725245 0.546309
147.399994 0.095757 0.141885 0.726136 0.541525
147.500000 0.095919 0.141828 0.723945 0.542508
147.599991 0.096910 0.141714 0.724272 0.544954
147.699997 0.096090 0.140986 0.727427 0.543246
147.800003 0.096600 0.140400 0.722800 0.541500
147.899994 0.096810 0.141614 0.723072 0.539254
148.000000 0.095790 0.141886 0.725327 0.538446
148.099991 0.095729 0.144343 0.723417 0.536361
148.199997 0.096067 0.145602 0.726108 0.537176
148.300003 0.096219 0.145929 0.723345 0.540408
148.399994 0.096929 0.147744 0.723817 0.538862
148.500000 0.097310 0.145715 0.726273 0.535454
148.599991 0.097049 0.146973 0.728064 0.536068
148.699997 0.097119 0.145629 0.725245 0.537908
148.800003 0.096810 0.144014 0.726373 0.538654
148.899994 0.097261 0.144942 0.725410 0.541283
149.000000 0.096958 0.144287 0.724735 0.540824
149.099991 0.096329 0.142943 0.724017 0.539562
149.199997 0.097339 0.142857 0.730092 0.541717
149.300003 0.097039 0.140056 0.727191 0.538415
149.399994 0.097022 0.142686 0.728317 0.534772
149.500000 0.097600 0.140800 0.727000 0.534500
149.599991 0.097019 0.138328 0.726345 0.530506
149.699997 0.097200 0.136500 0.730200 0.533700
149.800003 0.097390 0.135486 0.733327 0.531247
149.899994 0.096968 0.135195 0.729010 0.533173
150.000000 0.096071 0.137259 0.732580 0.532140
150.099991 0.096271 0.136459 0.736479 0.531141
150.199997 0.096619 0.137728 0.735747 0.523405
150.300003 0.097500 0.138900 0.736000 0.520100
150.399994 0.097390 0.139486 0.733027 0.521848
150.500000 0.097339 0.139056 0.733994 0.522609
150.599991 0.097590 0.140186 0.735526 0.522248
150.699997 0.097010 0.140214 0.735874 0.525353
150.800003 0.096400 0.138400 0.734200 0.523800
150.899994 0.097649 0.140470 0.732566 0.524562
151.000000 0.097820 0.142028 0.732947 0.526605
151.099991 0.097829 0.142043 0.736121 0.525258
151.199997 0.097749 0.141771 0.734667 0.522661
151.300003 0.096519 0.142028 0.734747 0.520504
151.399994 0.096219 0.141628 0.735947 0.522004
151.500000 0.094781 0.141572 0.735553 0.523495
151.599991 0.095338 0.142957 0.738395 0.523409
151.699997 0.095819 0.141528 0.739348 0.522104
151.800003 0.096100 0.141500 0.741600 0.525200
151.899994 0.097190 0.143286 0.742726 0.527747
152.000000 0.097549 0.144672 0.742271 0.529665
152.099991 0.098530 0.146044 0.740822 0.529959
152.199997 0.098630 0.144943 0.739822 0.530059
152.300003 0.098749 0.145173 0.740370 0.529665
152.399994 0.098910 0.145215 0.739474 0.527053
152.500000 0.098870 0.146756 0.736579 0.525342
152.599991 0.099540 0.145658 0.735794 0.526010
152.699997 0.100030 0.146444 0.739422 0.522657
152.800003 0.100130 0.146144 0.740822 0.526658
152.899994 0.099710 0.145215 0.743774 0.527153
153.000000 0.099750 0.145827 0.744228 0.527036
153.099991 0.100370 0.145856 0.742477 0.526442
153.199997 0.098970 0.144057 0.745776 0.528641
153.300003 0.098718 0.144774 0.744093 0.531338
153.399994 0.098720 0.143929 0.741348 0.534807
153.500000 0.099090 0.142186 0.739426 0.537246
153.599991 0.098620 0.144929 0.738748 0.537207
153.699997 0.098779 0.144015 0.738791 0.535929
153.800003 0.099059 0.146088 0.736142 0.538123
153.899994 0.099600 0.144700 0.734800 0.538800
154.000000 0.099470 0.143457 0.733480 0.539238
154.099991 0.099020 0.144129 0.732446 0.533707
154.199997 0.098960 0.144642 0.731507 0.529988
154.300003 0.099030 0.145344 0.731820 0.524357
154.399994 0.097859 0.143986 0.731439 0.526116
154.500000 0.096716 0.143072 0.730276 0.527133
154.599991 0.096300 0.142300 0.732400 0.525600
154.699997 0.096558 0.143586 0.737543 0.527817
154.800003 0.096400 0.144400 0.738000 0.525200
154.899994 0.097049 0.147674 0.740970 0.529865
155.000000 0.095938 0.145158 0.735694 0.529712
155.099991 0.095419 0.147029 0.732146 0.524905
155.199997 0.093762 0.145142 0.734906 0.526190
155.300003 0.094381 0.149570 0.734353 0.525195
155.399994 0.095019 0.149730 0.735247 0.529406
155.500000 0.095448 0.148674 0.734767 0.527764
155.599991 0.095619 0.149330 0.734147 0.527205
155.699997 0.094753 0.148726 0.731434 0.525537
155.800003 0.095510 0.150715 0.729373 0.527253
155.899994 0.096110 0.149015 0.730073 0.527553
156.000000 0.095648 0.149575 0.732466 0.527464
156.099991 0.096577 0.149219 0.732886 0.527122
156.199997 0.096810 0.150115 0.734073 0.528253
156.300003 0.095938 0.150760 0.728992 0.528912
156.399994 0.095900 0.151400 0.729400 0.532400
156.500000 0.095243 0.151009 0.728663 0.534279
156.599991 0.095029 0.151846 0.726418 0.537061
156.699997 0.094728 0.150245 0.722117 0.536761
156.800003 0.094494 0.146847 0.723223 0.539640
156.899994 0.094666 0.146503 0.718703 0.538377
157.000000 0.094238 0.144458 0.722689 0.539216
157.099991 0.094409 0.143114 0.719372 0.537854
157.199997 0.094662 0.142343 0.723111 0.537585
157.300003 0.096238 0.142357 0.723689 0.540916
157.399994 0.096610 0.142814 0.724272 0.544554
157.500000 0.096333 0.141501 0.721895 0.545418
157.599991 0.096948 0.141871 0.722061 0.541671
157.699997 0.096229 0.141442 0.720716 0.542363
157.800003 0.096548 0.142671 0.722661 0.541971
157.899994 0.096200 0.142500 0.720200 0.541200
158.000000 0.095781 0.140272 0.720056 0.541692
158.099991 0.095190 0.138286 0.720428 0.540846
158.199997 0.095300 0.139600 0.717700 0.539000
158.300003 0.094619 0.139628 0.719244 0.543509
158.399994 0.095210 0.139414 0.720572 0.541054
158.500000 0.094743 0.140116 0.721667 0.546272
158.599991 0.093766 0.138497 0.722206 0.542680
158.699997 0.094238 0.138155 0.721589 0.542217
158.800003 0.094728 0.140042 0.720616 0.539062
158.899994 0.094800 0.139300 0.722400 0.534700
159.000000 0.094766 0.138397 0.721105 0.533574
159.099991 0.095590 0.138986 0.722128 0.530447
159.199997 0.094238 0.138555 0.720188 0.527311
159.300003 0.094319 0.139328 0.722945 0.528406
159.399994 0.093991 0.139886 0.725227 0.527647
159.500000 0.093609 0.138614 0.727673 0.530153
159.599991 0.093400 0.139600 0.729000 0.532600
159.699997 0.093681 0.138872 0.728054 0.530494
159.800003 0.094275 0.140312 0.728683 0.531025
159.899994 0.094862 0.141144 0.730208 0.530388
160.000000 0.094653 0.141829 0.728836 0.532834
160.099991 0.094766 0.140999 0.730511 0.530271
160.199997 0.095219 0.141128 0.731846 0.529206
160.300003 0.095581 0.143171 0.731554 0.527595
160.399994 0.096010 0.144614 0.727573 0.527753
160.500000 0.095858 0.143386 0.726036 0.529818
160.599991 0.095548 0.144372 0.722861 0.532366
160.699997 0.094391 0.145185 0.721628 0.535846
160.800003 0.094038 0.146559 0.721689 0.533513
160.899994 0.094309 0.147015 0.720472 0.532853
161.000000 0.093772 0.145956 0.719084 0.530841
161.099991 0.091791 0.144086 0.714129 0.532347
161.199997 0.092009 0.142214 0.714771 0.535654
161.300003 0.092881 0.143571 0.716257 0.539892
161.399994 0.093119 0.145429 0.718644 0.537407
161.500000 0.091818 0.145129 0.720644 0.534307
161.599991 0.091400 0.145100 0.717600 0.537400
161.699997 0.090627 0.146344 0.719916 0.541262
161.800003 0.090345 0.144472 0.716158 0.540270
161.899994 0.091009 0.143914 0.719572 0.538854
162.000000 0.091637 0.144658 0.721188 0.540916
162.099991 0.091327 0.144443 0.722117 0.539462
162.199997 0.091546 0.144030 0.721655 0.537260
162.300003 0.092000 0.146300 0.723300 0.537500
162.399994 0.092100 0.147200 0.722500 0.534400
162.500000 0.092472 0.147556 0.724183 0.541138
162.599991 0.092700 0.148800 0.720300 0.542100
162.699997 0.093637 0.147659 0.723389 0.544618
162.800003 0.093519 0.147730 0.724645 0.540908
162.899994 0.094062 0.148041 0.723511 0.539084
163.000000 0.094294 0.149650 0.727127 0.546046
163.099991 0.093619 0.149330 0.727245 0.545109
163.199997 0.093800 0.149200 0.729600 0.542500
163.300003 0.094209 0.148215 0.729173 0.545355
163.399994 0.093928 0.148144 0.728519 0.542363
163.500000 0.094100 0.147200 0.730900 0.543500
163.599991 0.094038 0.146058 0.729692 0.541317
163.699997 0.092981 0.142671 0.732054 0.544091
163.800003 0.092909 0.143714 0.735274 0.545755
163.899994 0.093209 0.142114 0.733373 0.544054
164.000000 0.094247 0.141871 0.731966 0.544672
164.099991 0.095009 0.144514 0.735174 0.546555
164.199997 0.094919 0.145329 0.733547 0.545309
164.300003 0.094743 0.148211 0.731761 0.543674
164.399994 0.094400 0.148300 0.733500 0.545100
164.500000 0.093447 0.148774 0.737169 0.544172
164.599991 0.093909 0.149815 0.735974 0.542554
164.699997 0.094462 0.149940 0.737105 0.541983
164.800003 0.094700 0.150500 0.736900 0.544400
164.899994 0.093156 0.149690 0.738243 0.546628
165.000000 0.093409 0.150015 0.743574 0.543554
165.099991 0.094366 0.151106 0.747723 0.544981
165.199997 0.094591 0.149085 0.753125 0.547345
165.300003 0.095167 0.148604 0.754128 0.549385
165.399994 0.095329 0.149145 0.756227 0.550765
165.500000 0.095990 0.148985 0.760124 0.549445
165.599991 0.096629 0.152146 0.757527 0.547464
165.699997 0.096800 0.152400 0.759600 0.552100
165.800003 0.096700 0.151600 0.758900 0.548300
165.899994 0.096910 0.153915 0.758176 0.549055
166.000000 0.096029 0.152746 0.754026 0.548465
166.099991 0.095910 0.154315 0.756576 0.548255
166.199997 0.095719 0.153331 0.758052 0.546909
166.300003 0.095519 0.152230 0.758252 0.546609
166.399994 0.096067 0.152707 0.760833 0.545482
166.500000 0.095710 0.152515 0.764076 0.549155
166.599991 0.095938 0.153862 0.764006 0.547419
166.699997 0.095590 0.152685 0.767223 0.546645
166.800003 0.095410 0.150115 0.766277 0.544054
166.899994 0.095210 0.149915 0.770577 0.545555
167.000000 0.095267 0.150405 0.768238 0.545782
167.099991 0.095248 0.147374 0.764982 0.541471
167.199997 0.096029 0.148144 0.764629 0.542663
167.300003 0.094900 0.147200 0.770300 0.540800
167.399994 0.095110 0.146615 0.769677 0.538754
167.500000 0.096010 0.146515 0.768577 0.537854
167.599991 0.096190 0.145785 0.768423 0.536646
167.699997 0.097310 0.146815 0.765477 0.536654
167.800003 0.097722 0.146183 0.767386 0.538070
167.899994 0.098339 0.146359 0.764506 0.541116
168.000000 0.097871 0.147156 0.765770 0.543437
168.099991 0.098318 0.147477 0.763016 0.543752
168.199997 0.098239 0.147659 0.763906 0.545918
168.300003 0.098251 0.147426 0.765717 0.547126
168.399994 0.099090 0.147885 0.763924 0.547645
168.500000 0.098810 0.145715 0.762576 0.546655
168.599991 0.098670 0.148156 0.760572 0.547936
168.699997 0.098800 0.148000 0.759900 0.547400
168.800003 0.099230 0.147944 0.758928 0.549765
168.899994 0.099330 0.150045 0.757727 0.550565
169.000000 0.098710 0.151015 0.756176 0.547155
169.099991 0.098960 0.150640 0.756997 0.548781
169.199997 0.098851 0.152724 0.756422 0.550325
169.300003 0.099360 0.151991 0.759055 0.546628
169.399994 0.099110 0.152915 0.757476 0.550355
169.500000 0.099500 0.153900 0.757400 0.546800
169.599991 0.100040 0.153361 0.755802 0.544818
169.699997 0.100870 0.154354 0.754674 0.545036
169.800003 0.100310 0.152615 0.753575 0.544554
169.899994 0.101180 0.154369 0.754849 0.542791
170.000000 0.100990 0.153085 0.755125 0.546445
170.099991 0.100701 0.150651 0.755756 0.548949
170.199997 0.101251 0.151776 0.754977 0.549575
170.300003 0.100610 0.152815 0.756476 0.549455
170.399994 0.100100 0.152200 0.759900 0.549600
170.500000 0.099900 0.150400 0.760000 0.548100
170.599991 0.099430 0.150545 0.758828 0.548665
170.699997 0.098059 0.147689 0.755653 0.546028
170.800003 0.099350 0.150875 0.758479 0.546973
170.899994 0.099760 0.150340 0.760496 0.547581
171.000000 0.099810 0.148515 0.761076 0.548255
171.099991 0.099570 0.146656 0.761372 0.548435
171.199997 0.099180 0.147570 0.762448 0.550290
171.300003 0.099720 0.148030 0.758152 0.548510
171.399994 0.100480 0.149870 0.757948 0.546491
171.500000 0.100640 0.148459 0.754902 0.543017
171.599991 0.099990 0.147685 0.758524 0.547145
171.699997 0.099001 0.147852 0.761139 0.548452
171.800003 0.099410 0.147515 0.761276 0.547455
171.899994 0.098590 0.144486 0.760624 0.550945
172.000000 0.098430 0.144243 0.757527 0.550865
172.099991 0.098500 0.145300 0.755500 0.549300
172.199997 0.098799 0.145746 0.759459 0.550050
172.300003 0.098700 0.145100 0.759400 0.550900
172.399994 0.099170 0.145056 0.759372 0.549135
172.500000 0.099010 0.145415 0.756976 0.548955
172.599991 0.099880 0.145671 0.756849 0.543791
172.699997 0.100771 0.145802 0.755229 0.542880
172.800003 0.101190 0.143386 0.757724 0.538646
172.899994 0.101530 0.144443 0.754526 0.536461
173.000000 0.101061 0.142686 0.755653 0.535821
173.099991 0.099920 0.143873 0.756308 0.537044
173.199997 0.100690 0.144486 0.759924 0.539246
173.300003 0.101210 0.144914 0.762076 0.539054
173.399994 0.101020 0.145029 0.762653 0.540308
173.500000 0.099970 0.141158 0.762271 0.538239
173.599991 0.099230 0.142343 0.762429 0.536361
173.699997 0.098620 0.141328 0.762653 0.540708
173.800003 0.098800 0.141600 0.766000 0.541900
173.899994 0.098310 0.142514 0.762576 0.543154
174.000000 0.097600 0.142300 0.761300 0.541700
174.099991 0.098590 0.141286 0.759824 0.546345
174.199997 0.098410 0.142114 0.760276 0.545755
174.300003 0.099430 0.142043 0.759828 0.546664
174.399994 0.099320 0.141828 0.761552 0.544909
174.500000 0.097290 0.140786 0.758124 0.544945
174.599991 0.096410 0.138114 0.760376 0.547055
174.699997 0.096639 0.138856 0.762105 0.551721
174.800003 0.097239 0.141056 0.763906 0.552221
174.899994 0.097361 0.141743 0.765794 0.555078
175.000000 0.097219 0.145029 0.763053 0.556711
175.099991 0.097561 0.145542 0.759596 0.559676
175.199997 0.097400 0.146500 0.757600 0.558300
175.300003 0.097110 0.145615 0.762176 0.558556
175.399994 0.097847 0.146520 0.761342 0.555834
175.500000 0.098180 0.144571 0.763047 0.561588
175.599991 0.097661 0.140944 0.761995 0.563375
175.699997 0.097468 0.143500 0.760933 0.564595
175.800003 0.097700 0.142800 0.760300 0.566600
175.899994 0.098420 0.143529 0.761352 0.562913
176.000000 0.097590 0.141986 0.764424 0.558944
176.099991 0.097900 0.142500 0.763300 0.563100
176.199997 0.097880 0.140772 0.765347 0.562787
176.300003 0.098310 0.143314 0.768477 0.564556
176.399994 0.099059 0.145187 0.769362 0.563638
176.500000 0.099830 0.144043 0.769331 0.559868
176.599991 0.099790 0.145585 0.772123 0.564444
176.699997 0.100040 0.146158 0.771809 0.562125
176.800003 0.100670 0.146056 0.772768 0.566230
176.899994 0.101040 0.145458 0.774510 0.563425
177.000000 0.101110 0.145215 0.774077 0.563856
177.099991 0.100640 0.145158 0.772309 0.565626
177.199997 0.100800 0.143900 0.774000 0.567800
177.300003 0.099940 0.142315 0.776934 0.565261
177.399994 0.099540 0.142514 0.779932 0.566060
177.500000 0.099430 0.142043 0.779334 0.567770
177.599991 0.099450 0.143028 0.779710 0.570715
177.699997 0.099670 0.141699 0.778245 0.565696
177.800003 0.099830 0.142743 0.782435 0.565270
177.899994 0.098000 0.140300 0.779000 0.568400
178.000000 0.097051 0.141529 0.783108 0.570115
178.099991 0.097600 0.143300 0.786200 0.573900
178.199997 0.096590 0.142286 0.789721 0.573943
178.300003 0.096219 0.143829 0.790358 0.574715
178.399994 0.096600 0.145300 0.785800 0.572800
178.500000 0.096100 0.144700 0.785400 0.570600
178.599991 0.096429 0.144743 0.782735 0.568971
178.699997 0.096797 0.145145 0.783083 0.569970
178.800003 0.097010 0.145615 0.781178 0.566157
178.899994 0.097110 0.144514 0.781078 0.567757
179.000000 0.096810 0.142414 0.779578 0.570257
179.099991 0.096100 0.142200 0.780000 0.570100
179.199997 0.096390 0.143586 0.778122 0.572243
179.300003 0.095981 0.144671 0.776245 0.571486
179.399994 0.097100 0.145500 0.778000 0.573800
179.500000 0.095929 0.143343 0.777733 0.574172
179.599991 0.095652 0.142329 0.777811 0.574613
179.699997 0.096448 0.143272 0.780690 0.572486
179.800003 0.096081 0.142671 0.781344 0.568586
179.899994 0.095938 0.141657 0.780512 0.569828
180.000000 0.096490 0.141986 0.777922 0.572643
180.099991 0.096419 0.140028 0.778456 0.570314
180.199997 0.095276 0.136109 0.777322 0.569255
180.300003 0.094634 0.137404 0.781853 0.570900
180.399994 0.094491 0.140486 0.784322 0.569743
180.500000 0.094296 0.142843 0.781940 0.569673
180.599991 0.095229 0.143243 0.780734 0.571772
180.699997 0.094485 0.143829 0.782104 0.569713
180.800003 0.094219 0.144229 0.784857 0.567914
180.899994 0.093581 0.144371 0.782444 0.568286
181.000000 0.094319 0.145529 0.779356 0.570914
181.099991 0.093472 0.146456 0.782965 0.571629
181.199997 0.092946 0.144372 0.780790 0.571786
181.300003 0.093728 0.145244 0.780434 0.575673
181.399994 0.092172 0.143557 0.777567 0.574628
181.500000 0.092382 0.142472 0.778744 0.573785
181.599991 0.091682 0.143871 0.778844 0.576085
181.699997 0.091664 0.142700 0.774442 0.576804
181.800003 0.091455 0.145587 0.774665 0.577847
181.899994 0.091337 0.145458 0.770508 0.571629
182.000000 0.092126 0.146583 0.776379 0.574440
182.099991 0.091500 0.145400 0.775600 0.571400
182.199997 0.091363 0.145842 0.774890 0.572671
182.300003 0.091227 0.143043 0.773332 0.569671
182.399994 0.092046 0.144472 0.767384 0.564382
182.500000 0.092237 0.146158 0.772509 0.567927
182.599991 0.092111 0.145575 0.768422 0.567281
182.699997 0.092563 0.145142 0.767093 0.566973
182.800003 0.092418 0.145529 0.768554 0.563913
182.899994 0.092428 0.143543 0.769531 0.569271
183.000000 0.092420 0.143487 0.764894 0.571843
183.099991 0.091972 0.142957 0.762871 0.572528
183.199997 0.092428 0.144143 0.761929 0.568471
183.300003 0.093500 0.145800 0.765300 0.569500
183.399994 0.093053 0.145127 0.764818 0.573013
183.500000 0.093628 0.143343 0.767230 0.573672
183.599991 0.093256 0.143586 0.768861 0.573044
183.699997 0.093437 0.143958 0.768007 0.573129
183.800003 0.092891 0.144186 0.769723 0.568443
183.899994 0.093572 0.145356 0.770669 0.571029
184.000000 0.092719 0.144229 0.769454 0.567814
184.099991 0.092519 0.144529 0.773255 0.570714
184.199997 0.092791 0.145485 0.773523 0.571943
184.300003 0.092891 0.146185 0.773223 0.570943
184.399994 0.092255 0.145187 0.774064 0.572944
184.500000 0.092282 0.144771 0.776345 0.578184
184.599991 0.091618 0.144029 0.777055 0.575915
184.699997 0.092609 0.146215 0.778278 0.577658
184.800003 0.091718 0.144729 0.778356 0.579616
184.899994 0.091828 0.143443 0.776633 0.580474
185.000000 0.092526 0.143685 0.778577 0.580536
185.099991 0.091100 0.143300 0.777400 0.581200
185.199997 0.091772 0.145856 0.777367 0.578027
185.300003 0.091437 0.145258 0.778211 0.578631
185.399994 0.091200 0.146361 0.779057 0.582741
185.500000 0.091155 0.146888 0.778167 0.582950
185.599991 0.091527 0.146744 0.776533 0.579174
185.699997 0.092037 0.145958 0.777011 0.582833
185.800003 0.092656 0.146388 0.779067 0.581849
185.899994 0.092300 0.147000 0.778400 0.581900
186.000000 0.092609 0.145915 0.775178 0.581058
186.099991 0.092337 0.145858 0.775810 0.580732
186.199997 0.091701 0.144259 0.779157 0.577936
186.300003 0.092400 0.144200 0.776600 0.577200
186.399994 0.092554 0.143028 0.777211 0.580610
186.500000 0.090754 0.140284 0.777066 0.581349
186.599991 0.091655 0.141185 0.776266 0.578647
186.699997 0.090509 0.139414 0.781178 0.574557
186.800003 0.089491 0.136986 0.783022 0.572243
186.899994 0.089318 0.136927 0.783157 0.568914
187.000000 0.089437 0.137304 0.785550 0.570301
187.099991 0.088936 0.135654 0.782313 0.564626
187.199997 0.088462 0.137096 0.785250 0.568298
187.300003 0.088909 0.139614 0.788479 0.562756
187.399994 0.089127 0.139142 0.787636 0.556767
187.500000 0.089291 0.138986 0.788521 0.560744
187.599991 0.090009 0.141214 0.789479 0.557656
187.699997 0.088909 0.139714 0.785979 0.559656
187.800003 0.088418 0.140728 0.787057 0.559612
187.899994 0.088735 0.140656 0.788015 0.556423
188.000000 0.088909 0.139314 0.787879 0.557456
188.099991 0.089009 0.138714 0.786979 0.557756
188.199997 0.088718 0.139628 0.788958 0.555811
188.300003 0.088244 0.137069 0.787794 0.553177
188.399994 0.088356 0.136132 0.790305 0.549625
188.500000 0.087374 0.135559 0.788763 0.548435
188.599991 0.087117 0.139628 0.785757 0.550910
188.699997 0.086809 0.137414 0.788279 0.550655
188.800003 0.087591 0.137686 0.789321 0.549345
188.899994 0.087600 0.139100 0.793700 0.547200
189.000000 0.088153 0.139784 0.792576 0.545127
189.099991 0.088591 0.139186 0.796020 0.548045
189.199997 0.088862 0.140098 0.798159 0.547483
189.300003 0.089309 0.139614 0.800380 0.547755
189.399994 0.089000 0.140300 0.799200 0.545600
189.500000 0.089000 0.140100 0.800700 0.544700
189.599991 0.088453 0.140184 0.801281 0.547729
189.699997 0.088853 0.141385 0.803282 0.547328
189.800003 0.088582 0.140172 0.804439 0.548390
189.899994 0.088873 0.139058 0.806758 0.546936
190.000000 0.088809 0.139214 0.808581 0.543154
190.099991 0.088991 0.138086 0.808719 0.545545
190.199997 0.089000 0.139600 0.810000 0.548400
190.300003 0.089745 0.140470 0.807904 0.543972
190.399994 0.089427 0.141442 0.809443 0.547264
190.500000 0.089618 0.139728 0.811262 0.545709
190.599991 0.090091 0.141286 0.814519 0.546245
190.699997 0.090645 0.143272 0.812206 0.546873
190.800003 0.090446 0.144413 0.814311 0.547871
190.899994 0.090373 0.144957 0.813556 0.548535
191.000000 0.090291 0.143686 0.818018 0.547845
191.099991 0.089173 0.144057 0.816455 0.546936
191.199997 0.089318 0.143729 0.817163 0.548710
191.300003 0.090127 0.144543 0.816145 0.553566
191.399994 0.091601 0.146361 0.818100 0.548403
191.500000 0.091409 0.143314 0.820882 0.545255
191.599991 0.090991 0.143343 0.819520 0.541141
191.699997 0.091509 0.142614 0.824582 0.542254
191.800003 0.091246 0.141471 0.827414 0.546773
191.899994 0.090354 0.138583 0.827296 0.545227
192.000000 0.090445 0.138569 0.827714 0.544472
192.099991 0.090109 0.137214 0.831183 0.543354
192.199997 0.089100 0.136400 0.830800 0.548100
192.300003 0.088638 0.139302 0.830719 0.547317
192.399994 0.088718 0.141428 0.829866 0.548310
192.500000 0.088300 0.140000 0.832300 0.547300
192.599991 0.088353 0.142185 0.829998 0.549530
192.699997 0.088727 0.142943 0.829149 0.550265
192.800003 0.088918 0.142128 0.827565 0.550110
192.899994 0.089927 0.143343 0.831149 0.552166
193.000000 0.089518 0.140428 0.828966 0.548610
193.099991 0.090227 0.141442 0.830649 0.550765
193.199997 0.089909 0.141514 0.831683 0.549455
193.300003 0.090636 0.140556 0.832333 0.544418
193.399994 0.089836 0.139356 0.833633 0.544118
193.500000 0.090036 0.139456 0.834234 0.545118
193.599991 0.090355 0.139230 0.832884 0.543328
193.699997 0.090527 0.140842 0.836951 0.543363
193.800003 0.090827 0.141943 0.838752 0.547064
193.899994 0.090318 0.139428 0.839568 0.547409
194.000000 0.091563 0.142243 0.840764 0.544082
194.099991 0.091564 0.142600 0.838587 0.542079
194.199997 0.091618 0.143929 0.841468 0.541008
194.300003 0.090346 0.142215 0.842894 0.545872
194.399994 0.090782 0.142272 0.841932 0.546991
194.500000 0.091064 0.143543 0.843363 0.545782
194.599991 0.092228 0.141743 0.842753 0.547064
194.699997 0.091218 0.140128 0.841568 0.548110
194.800003 0.090782 0.139572 0.841032 0.554289
194.899994 0.090973 0.140858 0.841248 0.551634
195.000000 0.091118 0.141428 0.842769 0.551210
195.099991 0.091282 0.140572 0.841032 0.548690
195.199997 0.091064 0.141899 0.841889 0.545182
195.300003 0.091282 0.141472 0.844431 0.547890
195.399994 0.091991 0.143386 0.844916 0.545645
195.500000 0.091337 0.145358 0.846339 0.547119
195.599991 0.091418 0.145829 0.846169 0.545809
195.699997 0.091890 0.145525 0.845685 0.546444
195.800003 0.091608 0.146953 0.845155 0.547353
195.899994 0.092218 0.148630 0.847369 0.544409
196.000000 0.092037 0.147459 0.847639 0.545018
196.099991 0.092283 0.145731 0.843559 0.543189
196.199997 0.092537 0.143557 0.848940 0.542917
196.300003 0.092809 0.142514 0.845885 0.540954
196.399994 0.093100 0.143600 0.845600 0.539500
196.500000 0.093681 0.144571 0.848730 0.537692
196.599991 0.093819 0.144429 0.849270 0.537207
196.699997 0.094247 0.144972 0.846423 0.535568
196.800003 0.093581 0.143571 0.849130 0.537592
196.899994 0.094500 0.143000 0.846700 0.541700
197.000000 0.095129 0.146144 0.846954 0.539862
197.099991 0.094800 0.145900 0.844900 0.539400
197.199997 0.094962 0.145742 0.846461 0.539884
197.300003 0.095604 0.144755 0.845754 0.537762
197.399994 0.094900 0.143200 0.845500 0.538000
197.500000 0.093828 0.143143 0.846854 0.538562
197.599991 0.093813 0.143172 0.847517 0.538146
197.699997 0.094353 0.142229 0.848276 0.541729
197.800003 0.094904 0.141756 0.847432 0.543498
197.899994 0.094728 0.141342 0.846454 0.546964
198.000000 0.095557 0.141085 0.844106 0.544927
198.099991 0.096019 0.140228 0.840868 0.543009
198.199997 0.095890 0.139386 0.842716 0.543846
198.300003 0.095486 0.139826 0.840456 0.548394
198.399994 0.095858 0.140284 0.840404 0.546028
198.500000 0.096129 0.142143 0.839952 0.542663
198.599991 0.094487 0.143028 0.841690 0.539353
198.699997 0.094528 0.140942 0.840952 0.541062
198.800003 0.093900 0.140600 0.840400 0.542200
198.899994 0.095009 0.141114 0.842284 0.543454
199.000000 0.093800 0.139800 0.841200 0.540500
199.099991 0.093672 0.139058 0.839748 0.543137
199.199997 0.094000 0.142100 0.839800 0.543000
199.300003 0.093300 0.139900 0.838100 0.543600
199.399994 0.092719 0.138328 0.837868 0.540508
199.500000 0.093109 0.139914 0.834583 0.539954
199.599991 0.092318 0.139728 0.833367 0.540908
199.699997 0.093009 0.140914 0.833883 0.541754
199.800003 0.093037 0.138455 0.833633 0.537915
199.899994 0.093200 0.138500 0.835100 0.536200
