0.000000 0.000100 0.000400 0.000000 0.000200
0.100000 0.001199 0.006296 0.000800 0.001499
0.200000 0.002000 0.012897 0.001900 0.002500
0.300000 0.003399 0.019694 0.002899 0.003199
0.400000 0.004099 0.026795 0.003999 0.004599
0.500000 0.005000 0.030500 0.005800 0.005300
0.600000 0.006100 0.033900 0.006800 0.007400
0.700000 0.007098 0.035989 0.007598 0.008298
0.800000 0.007899 0.039396 0.008999 0.008199
0.900000 0.008400 0.042300 0.010500 0.008700
1.000000 0.010002 0.045309 0.012402 0.009902
1.100000 0.010997 0.048086 0.013596 0.011696
1.200000 0.012002 0.051810 0.015003 0.013603
1.300000 0.012302 0.053211 0.015203 0.014503
1.400000 0.013191 0.054662 0.016389 0.015589
1.500000 0.013897 0.059288 0.017197 0.016997
1.600000 0.015303 0.060312 0.017303 0.018204
1.700000 0.015997 0.062188 0.019096 0.019296
1.800000 0.016798 0.059294 0.019798 0.019298
1.900000 0.017696 0.062288 0.020696 0.020296
2.000000 0.018802 0.061806 0.020502 0.021702
2.100000 0.019210 0.062031 0.021511 0.023112
2.200000 0.019796 0.062088 0.023395 0.023095
2.300000 0.020798 0.063694 0.024198 0.024398
2.400000 0.021596 0.064487 0.025295 0.025495
2.500000 0.021722 0.062763 0.026426 0.026827
2.600000 0.022689 0.061969 0.026487 0.027186
2.700000 0.023600 0.063400 0.026600 0.028000
2.800000 0.025000 0.065500 0.026600 0.028000
2.900000 0.026203 0.067307 0.029103 0.029203
3.000000 0.026892 0.068779 0.029991 0.031391
3.100000 0.026995 0.069986 0.031694 0.030794
3.200000 0.027889 0.070572 0.032887 0.030388
3.300000 0.028308 0.074122 0.032910 0.031109
3.400000 0.029003 0.073907 0.034403 0.031403
3.500000 0.029606 0.072715 0.035407 0.032807
3.600000 0.030603 0.073107 0.035904 0.033903
3.700000 0.030800 0.074700 0.036400 0.035200
3.800000 0.031053 0.073190 0.036345 0.036545
3.900000 0.032197 0.073893 0.037896 0.038096
4.000000 0.032600 0.073900 0.038700 0.038100
4.100000 0.033603 0.077308 0.038204 0.037704
4.200000 0.034107 0.076915 0.040108 0.038808
4.300000 0.034200 0.077000 0.040700 0.039900
4.400000 0.034024 0.076554 0.040328 0.041329
4.500000 0.034503 0.076008 0.042504 0.042404
4.600000 0.035200 0.075300 0.041900 0.043900
4.700000 0.035600 0.076900 0.044700 0.043900
4.800000 0.035511 0.077123 0.046714 0.044313
4.900000 0.036307 0.078116 0.048310 0.046009
5.000000 0.037222 0.077747 0.049730 0.044827
5.100000 0.037715 0.076731 0.050420 0.047619
5.200000 0.038108 0.078516 0.050210 0.049210
5.300000 0.039212 0.080424 0.051415 0.048214
5.400000 0.040264 0.079628 0.051254 0.049156
5.500000 0.041379 0.079460 0.052874 0.050275
5.600000 0.041783 0.079768 0.053479 0.050980
5.700000 0.042609 0.079816 0.054111 0.049510
5.800000 0.043087 0.080876 0.055983 0.051984
5.900000 0.043183 0.081667 0.058577 0.051679
6.000000 0.043904 0.082808 0.061806 0.052505
6.100000 0.043844 0.084885 0.061962 0.051552
6.200000 0.044191 0.086483 0.063887 0.053889
6.300000 0.044009 0.087518 0.063913 0.055011
6.400000 0.045805 0.087209 0.065707 0.056506
6.500000 0.045295 0.084592 0.068093 0.057894
6.600000 0.045705 0.087309 0.070507 0.059206
6.700000 0.046323 0.086643 0.070735 0.059930
6.800000 0.046623 0.086743 0.070135 0.060330
6.900000 0.047619 0.087035 0.072429 0.061725
7.000000 0.048005 0.085909 0.074907 0.063506
7.100000 0.048400 0.087500 0.075400 0.063900
7.200000 0.049505 0.088009 0.077108 0.063406
7.300000 0.049705 0.089509 0.076808 0.066907
7.400000 0.050005 0.088609 0.078508 0.065207
7.500000 0.050695 0.091691 0.081192 0.066193
7.600000 0.051005 0.093109 0.083708 0.065607
7.700000 0.051705 0.092309 0.084908 0.064706
7.800000 0.052000 0.094400 0.083400 0.064300
7.900000 0.052210 0.092719 0.081516 0.065713
8.000000 0.052100 0.091500 0.081900 0.067400
8.099999 0.052474 0.091054 0.083358 0.069065
8.200000 0.053311 0.091018 0.086117 0.068514
8.300000 0.053700 0.090400 0.087300 0.067900
8.400000 0.053995 0.091691 0.090691 0.068893
8.500000 0.054778 0.090764 0.090864 0.068073
8.599999 0.055278 0.091164 0.089964 0.068673
8.700000 0.055306 0.091109 0.092609 0.068407
8.800000 0.056400 0.091200 0.093300 0.069800
8.900000 0.056200 0.090200 0.097000 0.069600
9.000000 0.057289 0.090882 0.096881 0.069686
9.099999 0.057323 0.091236 0.100440 0.071729
9.200000 0.057912 0.089818 0.099820 0.069414
9.300000 0.058329 0.092846 0.101351 0.071836
9.400000 0.059212 0.092218 0.101720 0.072414
9.500000 0.059858 0.093634 0.100530 0.075747
9.599999 0.059906 0.094409 0.101610 0.076308
9.700000 0.059888 0.093281 0.103979 0.075385
9.800000 0.060024 0.093938 0.102341 0.076331
9.900000 0.060806 0.095010 0.103710 0.078208
10.000000 0.061794 0.096490 0.102290 0.077692
10.099999 0.061625 0.096339 0.103441 0.079632
10.200000 0.061518 0.095629 0.105332 0.078424
10.300000 0.062006 0.095510 0.103610 0.080108
10.400000 0.061712 0.094919 0.105221 0.079516
10.500000 0.062031 0.096248 0.103552 0.080040
10.599999 0.062663 0.096697 0.105906 0.076977
10.700000 0.063387 0.096181 0.104579 0.080184
10.800000 0.063438 0.098259 0.104563 0.081949
10.900000 0.063532 0.101151 0.103852 0.081041
11.000000 0.063513 0.101820 0.107121 0.080116
11.099999 0.063981 0.101869 0.108867 0.080076
11.200000 0.064819 0.100230 0.108933 0.078323
11.300000 0.064906 0.099010 0.110711 0.079608
11.400000 0.065161 0.100340 0.107935 0.080052
11.500000 0.064913 0.100920 0.109022 0.079416
11.599999 0.065593 0.101490 0.110189 0.081592
11.700000 0.066100 0.102100 0.112100 0.085500
11.800000 0.065793 0.099890 0.115688 0.085791
11.900000 0.065793 0.099690 0.116088 0.087491
12.000000 0.066460 0.102793 0.116905 0.088079
12.099999 0.066607 0.104010 0.117412 0.089009
12.200000 0.067107 0.104810 0.120412 0.087309
12.300000 0.067927 0.106243 0.121048 0.086034
12.400000 0.068621 0.109633 0.121937 0.088427
12.500000 0.069048 0.108976 0.120684 0.088362
12.599999 0.069700 0.109800 0.119700 0.086700
12.700000 0.070107 0.108711 0.120212 0.086609
12.799999 0.070272 0.108257 0.120152 0.085666
12.900000 0.070507 0.106911 0.120212 0.085209
13.000000 0.070742 0.106664 0.122373 0.084551
13.099999 0.071286 0.107179 0.121376 0.085983
13.200000 0.070907 0.105511 0.123012 0.086309
13.299999 0.070514 0.105721 0.123925 0.084717
13.400000 0.070621 0.104031 0.126138 0.084325
13.500000 0.070728 0.105242 0.126150 0.088936
13.599999 0.071714 0.106721 0.128426 0.090018
13.700000 0.071572 0.108008 0.131231 0.091191
13.799999 0.071829 0.110044 0.133053 0.095838
13.900000 0.070393 0.109389 0.134387 0.098590
14.000000 0.070900 0.109400 0.134100 0.098400
14.099999 0.070686 0.108478 0.134973 0.098480
14.200000 0.071421 0.107532 0.135041 0.099730
14.299999 0.071793 0.106489 0.134987 0.101790
14.400000 0.072807 0.106511 0.134913 0.103710
14.500000 0.073007 0.106511 0.134313 0.106711
14.599999 0.072885 0.106079 0.137572 0.108578
14.700000 0.072264 0.106447 0.136332 0.109445
14.799999 0.072071 0.106857 0.136146 0.109756
14.900000 0.072122 0.102931 0.136641 0.110433
15.000000 0.071958 0.103683 0.138211 0.110488
15.099999 0.072136 0.103552 0.139770 0.112456
15.200000 0.071514 0.104721 0.139328 0.113423
15.299999 0.071393 0.105689 0.139686 0.116088
15.400000 0.072271 0.105858 0.140844 0.114454
15.500000 0.071800 0.107100 0.144000 0.113800
15.599999 0.072343 0.104763 0.145687 0.114969
15.700000 0.071914 0.106821 0.147329 0.115423
15.799999 0.072958 0.108787 0.142814 0.117094
15.900000 0.072064 0.108646 0.143028 0.118341
16.000000 0.073700 0.108800 0.143500 0.120700
16.100000 0.073963 0.108846 0.147426 0.124538
16.199999 0.073859 0.108187 0.149620 0.123098
16.299999 0.073893 0.108589 0.149085 0.123588
16.400000 0.073681 0.108319 0.150265 0.122335
16.500000 0.073007 0.106911 0.147715 0.124512
16.600000 0.072314 0.107922 0.146529 0.124425
16.699999 0.072907 0.107711 0.146915 0.125113
16.799999 0.073522 0.109433 0.148244 0.127938
16.900000 0.073037 0.108954 0.147774 0.127864
17.000000 0.073400 0.109900 0.146100 0.126600
17.100000 0.074030 0.112145 0.147359 0.128351
17.199999 0.073000 0.112500 0.148600 0.129300
17.299999 0.073944 0.112868 0.150290 0.131279
17.400000 0.073807 0.112611 0.151015 0.133113
17.500000 0.073407 0.110411 0.150015 0.134013
17.600000 0.073522 0.112134 0.152546 0.136341
17.699999 0.074422 0.111834 0.151846 0.134940
17.799999 0.074993 0.111989 0.154485 0.137386
17.900000 0.075953 0.112179 0.151706 0.138297
18.000000 0.076431 0.111745 0.149560 0.139356
18.100000 0.077131 0.110544 0.151661 0.137755
18.199999 0.077346 0.110623 0.150395 0.138003
18.299999 0.077423 0.110433 0.150545 0.141342
18.400000 0.077508 0.111611 0.150815 0.143914
18.500000 0.078439 0.112756 0.152476 0.141671
18.600000 0.078739 0.112056 0.154177 0.141771
18.699999 0.078376 0.112866 0.154454 0.141658
18.799999 0.078624 0.115635 0.154046 0.142943
18.900000 0.078624 0.115635 0.154346 0.140842
19.000000 0.078700 0.117300 0.156900 0.143000
19.100000 0.079016 0.118924 0.159132 0.144229
19.199999 0.079984 0.119776 0.158068 0.147770
19.299999 0.079524 0.121336 0.155947 0.151746
19.400000 0.080040 0.121661 0.154177 0.153677
19.500000 0.080629 0.121795 0.153946 0.155248
19.600000 0.081300 0.121000 0.154800 0.157400
19.699999 0.081276 0.119064 0.157753 0.156653
19.799999 0.081867 0.118253 0.161735 0.155538
19.900000 0.081008 0.116812 0.158216 0.158216
20.000000 0.081492 0.117288 0.156584 0.156884
20.100000 0.081384 0.115677 0.157069 0.156469
20.199999 0.081232 0.114246 0.157463 0.159564
20.299999 0.081376 0.113766 0.157153 0.162951
20.400000 0.081616 0.115423 0.156531 0.163233
20.500000 0.081400 0.115400 0.154200 0.164600
20.600000 0.081484 0.115777 0.155069 0.167367
20.699999 0.081008 0.115912 0.155616 0.168017
20.799999 0.080500 0.117200 0.156600 0.167100
20.900000 0.080916 0.120524 0.156131 0.167934
21.000000 0.081008 0.122012 0.156416 0.164816
21.100000 0.081784 0.120876 0.159768 0.164967
21.199999 0.082600 0.122300 0.159800 0.163700
21.299999 0.082418 0.124875 0.159041 0.166234
21.400000 0.083050 0.124875 0.159596 0.167601
21.500000 0.083508 0.125813 0.159416 0.164916
21.600000 0.084192 0.125787 0.159084 0.164284
21.699999 0.084000 0.125900 0.157400 0.161200
21.799999 0.084100 0.125000 0.157800 0.159700
21.900000 0.084249 0.125425 0.158005 0.161703
22.000000 0.084375 0.124163 0.159952 0.160452
22.100000 0.085543 0.125563 0.159980 0.160580
22.199999 0.085617 0.128526 0.164133 0.163633
22.299999 0.086100 0.126700 0.167300 0.162900
22.400000 0.086535 0.128151 0.169568 0.163565
22.500000 0.087000 0.130900 0.167600 0.162900
22.600000 0.086935 0.129452 0.166267 0.163165
22.699999 0.086539 0.126711 0.167083 0.164685
22.799999 0.087335 0.128251 0.166467 0.164566
22.900000 0.087444 0.126563 0.169785 0.165883
23.000000 0.087126 0.127938 0.170151 0.168451
23.100000 0.087100 0.127000 0.174700 0.170300
23.199999 0.086726 0.126538 0.173352 0.169051
23.299999 0.086526 0.127338 0.173852 0.170251
23.400000 0.086991 0.127587 0.177182 0.173083
23.500000 0.087835 0.127751 0.178671 0.172269
23.600000 0.088691 0.127987 0.178982 0.173983
23.699999 0.088909 0.127813 0.179218 0.176818
23.799999 0.088891 0.127687 0.184682 0.176482
23.900000 0.089291 0.128087 0.187581 0.176282
24.000000 0.089791 0.130287 0.188381 0.174283
24.100000 0.089982 0.132274 0.190262 0.176565
24.199999 0.090427 0.132340 0.191758 0.175753
24.299999 0.089436 0.132853 0.190876 0.177171
24.400000 0.089954 0.131979 0.189013 0.178907
24.500000 0.089091 0.132587 0.191781 0.179982
24.600000 0.088682 0.133073 0.190162 0.178464
24.699999 0.088691 0.131487 0.191181 0.171283
24.799999 0.089200 0.132300 0.191900 0.171000
24.900000 0.090282 0.132174 0.192861 0.178464
25.000000 0.089927 0.134140 0.190657 0.179854
25.100000 0.089927 0.133240 0.191758 0.183555
25.199999 0.090327 0.132640 0.189357 0.181855
25.299999 0.090945 0.133420 0.191485 0.186688
25.400000 0.091127 0.130739 0.193858 0.185756
25.500000 0.091327 0.130139 0.193958 0.186456
25.599998 0.090918 0.129326 0.194139 0.187337
25.699999 0.090882 0.126775 0.194961 0.186263
25.799999 0.090436 0.125750 0.193878 0.187275
25.900000 0.090200 0.124900 0.196800 0.185900
26.000000 0.090427 0.125838 0.198660 0.185956
26.099998 0.089509 0.126013 0.196920 0.190119
26.199999 0.089246 0.128223 0.198081 0.189786
26.299999 0.088809 0.127613 0.197520 0.189719
26.400000 0.087779 0.129216 0.199680 0.189871
26.500000 0.086909 0.128613 0.198320 0.190019
26.599998 0.086865 0.128149 0.197821 0.189124
26.699999 0.086409 0.127413 0.201420 0.188419
26.799999 0.087117 0.126625 0.204641 0.186537
26.900000 0.087383 0.128274 0.204359 0.183863
27.000000 0.087056 0.129735 0.207596 0.184808
27.099998 0.086909 0.131213 0.209421 0.186419
27.199999 0.088044 0.133067 0.212306 0.184892
27.299999 0.087491 0.131987 0.213179 0.183682
27.400000 0.086257 0.132834 0.214593 0.183508
27.500000 0.086791 0.134087 0.213879 0.182982
27.599998 0.087083 0.133873 0.214057 0.181564
27.699999 0.086461 0.132893 0.213049 0.180827
27.799999 0.086500 0.132800 0.216200 0.180900
27.900000 0.086626 0.131639 0.217665 0.183055
28.000000 0.086191 0.128487 0.218178 0.184882
28.099998 0.085457 0.126537 0.217891 0.184908
28.199999 0.085183 0.127075 0.219256 0.187562
28.299999 0.085200 0.127300 0.219500 0.185600
28.400000 0.085726 0.128839 0.219566 0.187956
28.500000 0.085709 0.131213 0.221722 0.189019
28.599998 0.086026 0.133140 0.222967 0.187856
28.699999 0.087365 0.130448 0.228709 0.191423
28.799999 0.086569 0.128903 0.228183 0.190753
28.900000 0.087183 0.127774 0.232653 0.193161
29.000000 0.087135 0.130352 0.230292 0.196579
29.099998 0.087526 0.132440 0.232170 0.197959
29.199999 0.087900 0.130300 0.231500 0.195700
29.299999 0.088035 0.132053 0.231293 0.197579
29.400000 0.088591 0.132887 0.231677 0.199280
29.500000 0.088300 0.131400 0.231900 0.199000
29.599998 0.088500 0.131600 0.232400 0.196600
29.699999 0.088756 0.131434 0.231484 0.196002
29.799999 0.089071 0.129604 0.233086 0.197258
29.900000 0.089136 0.129852 0.234194 0.200280
30.000000 0.089863 0.130992 0.237466 0.200941
30.099998 0.089418 0.131326 0.240148 0.201140
30.199999 0.090109 0.130113 0.242424 0.202620
30.299999 0.089800 0.130700 0.244200 0.203200
30.400000 0.089309 0.130813 0.244524 0.204920
30.500000 0.087909 0.129113 0.244224 0.204120
30.599998 0.088318 0.130926 0.245749 0.206341
30.699999 0.088682 0.132174 0.244951 0.208358
30.799999 0.088535 0.132853 0.245198 0.211385
30.900000 0.089491 0.132187 0.248475 0.213779
31.000000 0.090036 0.131653 0.251601 0.215486
31.099998 0.088635 0.130152 0.250300 0.215786
31.199999 0.089191 0.131587 0.249775 0.215078
31.299999 0.088509 0.130813 0.246725 0.214521
31.400000 0.087909 0.129613 0.249225 0.215922
31.500000 0.087909 0.129713 0.248925 0.216022
31.599998 0.087017 0.128526 0.248450 0.213443
31.699999 0.086800 0.129700 0.254700 0.214300
31.799999 0.085777 0.128215 0.257332 0.220298
31.900000 0.084525 0.127638 0.257477 0.219166
32.000000 0.084592 0.126087 0.254775 0.218178
32.099998 0.085191 0.125587 0.252175 0.216078
32.200001 0.086535 0.126751 0.256403 0.215886
32.299999 0.087056 0.126737 0.255372 0.213193
32.399998 0.086917 0.127526 0.256951 0.214143
32.500000 0.086774 0.126662 0.256323 0.214036
32.599998 0.087448 0.128923 0.255847 0.216370
32.700001 0.088318 0.128926 0.254951 0.216443
32.799999 0.088427 0.129139 0.256677 0.219466
32.899998 0.088400 0.129500 0.258000 0.221100
33.000000 0.088091 0.130987 0.262774 0.222378
33.099998 0.088600 0.130600 0.264600 0.221200
33.200001 0.088647 0.131921 0.262143 0.224465
33.299999 0.088780 0.131218 0.262937 0.225303
33.399998 0.089409 0.131813 0.263226 0.225523
33.500000 0.089191 0.131587 0.264973 0.226977
33.599998 0.088618 0.131226 0.269954 0.226845
33.700001 0.088989 0.129329 0.269970 0.230831
33.799999 0.089100 0.127700 0.273500 0.229700
33.899998 0.088527 0.126638 0.273882 0.230269
34.000000 0.089036 0.127651 0.277511 0.232493
34.099998 0.088936 0.125950 0.278211 0.233794
34.200001 0.089491 0.125287 0.277372 0.235076
34.299999 0.089563 0.127990 0.278795 0.240268
34.399998 0.089618 0.130026 0.279256 0.245049
34.500000 0.090091 0.131987 0.281972 0.245775
34.599998 0.090082 0.132074 0.287742 0.246451
34.700001 0.090818 0.132627 0.288258 0.247149
34.799999 0.091400 0.132300 0.288800 0.248100
34.899998 0.091136 0.131953 0.286815 0.247599
35.000000 0.091437 0.131397 0.287031 0.248373
35.099998 0.091800 0.134200 0.290500 0.250600
35.200001 0.091700 0.131700 0.293700 0.248800
35.299999 0.091563 0.130448 0.292783 0.250100
35.399998 0.092028 0.132140 0.291688 0.252076
35.500000 0.092537 0.133653 0.294118 0.253401
35.599998 0.091646 0.134267 0.291346 0.254427
35.700001 0.091209 0.133713 0.296130 0.256026
35.799999 0.092346 0.136668 0.295948 0.259230
35.899998 0.091018 0.135227 0.299760 0.261852
36.000000 0.090473 0.136259 0.300410 0.259122
36.099998 0.090391 0.136886 0.301070 0.261274
36.200001 0.091136 0.136355 0.302521 0.261104
36.299999 0.090691 0.137086 0.300870 0.261274
36.399998 0.090718 0.135527 0.302060 0.263953
36.500000 0.090700 0.135000 0.305100 0.265800
36.599998 0.091500 0.134000 0.307300 0.265700
36.700001 0.091900 0.134100 0.308900 0.265600
36.799999 0.092455 0.133980 0.312287 0.263658
36.899998 0.093700 0.134300 0.312700 0.261800
37.000000 0.093653 0.134933 0.314843 0.260370
37.099998 0.093609 0.134413 0.314431 0.259826
37.200001 0.094372 0.136059 0.314906 0.261422
37.299999 0.094419 0.134627 0.310362 0.261152
37.399998 0.094394 0.134334 0.313313 0.258258
37.500000 0.094928 0.135241 0.309693 0.257277
37.599998 0.095481 0.134873 0.309038 0.259748
37.700001 0.096019 0.135327 0.308362 0.263053
37.799999 0.096839 0.136755 0.306323 0.258403
37.899998 0.097400 0.137000 0.305800 0.258200
38.000000 0.097110 0.136314 0.308631 0.255026
38.099998 0.098229 0.137741 0.308893 0.256477
38.200001 0.097888 0.137424 0.307076 0.253528
38.299999 0.096919 0.136827 0.309862 0.251450
38.399998 0.096581 0.136073 0.313837 0.249450
38.500000 0.096600 0.134900 0.309300 0.247700
38.599998 0.096419 0.133527 0.311662 0.249150
38.700001 0.095910 0.132613 0.312831 0.251225
38.799999 0.095962 0.134046 0.315474 0.251200
38.899998 0.097329 0.134240 0.317395 0.252476
39.000000 0.097161 0.133147 0.313475 0.254198
39.099998 0.098139 0.135554 0.312025 0.255302
39.200001 0.098300 0.137100 0.310900 0.255900
39.299999 0.098830 0.138141 0.309993 0.257877
39.399998 0.099550 0.137769 0.311156 0.256428
39.500000 0.099760 0.137745 0.313774 0.258497
39.599998 0.099600 0.137900 0.311000 0.255500
39.700001 0.099210 0.137514 0.311131 0.256926
39.799999 0.099750 0.139530 0.311844 0.257671
39.899998 0.099000 0.140300 0.313100 0.259600
40.000000 0.098071 0.140358 0.313206 0.258522
40.099998 0.098410 0.139114 0.315832 0.256626
40.200001 0.097580 0.137373 0.317636 0.258448
40.299999 0.097110 0.137614 0.317732 0.259426
40.399998 0.096252 0.137131 0.317341 0.260670
40.500000 0.096510 0.137614 0.316932 0.261326
40.599998 0.096619 0.139128 0.315063 0.260552
40.700001 0.095410 0.139014 0.320332 0.260926
40.799999 0.095100 0.138800 0.322200 0.263800
40.899998 0.094809 0.139814 0.322532 0.261426
41.000000 0.095929 0.141943 0.326698 0.262379
41.099998 0.095510 0.139014 0.325533 0.262826
41.200001 0.095219 0.141028 0.326165 0.264653
41.299999 0.095200 0.140500 0.328000 0.265600
41.399998 0.095867 0.143601 0.328630 0.265786
41.500000 0.094853 0.142429 0.332234 0.267066
41.599998 0.095419 0.145029 0.328866 0.265053
41.700001 0.096490 0.144486 0.330767 0.268373
41.799999 0.096739 0.141757 0.332833 0.268808
41.899998 0.097649 0.142771 0.331766 0.269635
42.000000 0.096842 0.141415 0.331801 0.270338
42.099998 0.097600 0.142000 0.331900 0.272100
42.200001 0.098390 0.142486 0.328467 0.272473
42.299999 0.097471 0.141857 0.328202 0.273118
42.399998 0.097820 0.142629 0.330966 0.273455
42.500000 0.097390 0.143686 0.331367 0.273773
42.599998 0.097700 0.145100 0.334100 0.274900
42.700001 0.099290 0.144086 0.331767 0.279472
42.799999 0.100100 0.145400 0.332400 0.279500
42.899998 0.100910 0.147115 0.331833 0.283128
43.000000 0.100510 0.145715 0.331933 0.284828
43.099998 0.100580 0.147471 0.329434 0.286943
43.200001 0.101020 0.147630 0.330966 0.287157
43.299999 0.100880 0.148570 0.331234 0.290042
43.399998 0.101671 0.150405 0.331132 0.289903
43.500000 0.102261 0.148089 0.331899 0.290474
43.599998 0.103583 0.149820 0.328463 0.291433
43.700001 0.103662 0.149790 0.328497 0.291975
43.799999 0.104421 0.149830 0.327866 0.292358
43.899998 0.104000 0.147700 0.329600 0.296400
44.000000 0.103659 0.148541 0.327869 0.297381
44.099998 0.104021 0.149230 0.325265 0.298560
44.200001 0.103548 0.150625 0.327936 0.302149
44.299999 0.103704 0.149750 0.330030 0.303604
44.399998 0.103669 0.149155 0.333300 0.310907
44.500000 0.102269 0.148056 0.334300 0.310107
44.599998 0.100990 0.147285 0.335266 0.311869
44.700001 0.100900 0.146500 0.337500 0.314800
44.799999 0.101920 0.148830 0.336867 0.311562
44.899998 0.102600 0.149200 0.338300 0.314400
45.000000 0.102841 0.148860 0.336335 0.315426
45.099998 0.102541 0.147559 0.337235 0.313125
45.200001 0.102800 0.148600 0.340500 0.311400
45.299999 0.102610 0.149915 0.344234 0.314431
45.399998 0.101251 0.149475 0.346273 0.317559
45.500000 0.102082 0.147818 0.348078 0.318155
45.599998 0.102420 0.149230 0.349170 0.318764
45.700001 0.102890 0.148885 0.348565 0.320168
45.799999 0.102772 0.150906 0.344541 0.321325
45.899998 0.102810 0.154715 0.343934 0.320032
46.000000 0.103790 0.154385 0.349065 0.322868
46.099998 0.103528 0.152793 0.349655 0.323573
46.200001 0.103900 0.154600 0.350400 0.325100
46.299999 0.104610 0.155015 0.349135 0.322932
46.399998 0.104142 0.154862 0.349840 0.324830
46.500000 0.104290 0.153885 0.347465 0.324268
46.599998 0.102721 0.150230 0.348070 0.325265
46.700001 0.102390 0.149685 0.352565 0.330167
46.799999 0.101920 0.152330 0.353271 0.332166
46.899998 0.103179 0.152270 0.357429 0.333233
47.000000 0.103128 0.153692 0.356950 0.333866
47.099998 0.104042 0.155262 0.360544 0.334334
47.200001 0.103710 0.154815 0.365637 0.337834
47.299999 0.104073 0.154008 0.370559 0.340538
47.399998 0.104237 0.155207 0.373476 0.340895
47.500000 0.103800 0.154000 0.374300 0.343100
47.599998 0.104700 0.154000 0.372900 0.343400
47.700001 0.104283 0.152722 0.371597 0.344776
47.799999 0.103517 0.152478 0.371503 0.343225
47.899998 0.103910 0.153715 0.373137 0.345935
48.000000 0.103621 0.154531 0.371474 0.345769
48.099998 0.104421 0.154831 0.371674 0.344969
48.200001 0.103858 0.154538 0.371851 0.346461
48.299999 0.103010 0.153915 0.368837 0.346435
48.399998 0.103610 0.154615 0.368337 0.346435
48.500000 0.104190 0.155284 0.370463 0.346165
48.599998 0.103827 0.156191 0.368242 0.345558
48.700001 0.103869 0.157053 0.369489 0.344797
48.799999 0.104200 0.157000 0.370500 0.338200
48.899998 0.102610 0.155516 0.373637 0.337034
49.000000 0.102328 0.153892 0.374438 0.336564
49.099998 0.101910 0.153015 0.373337 0.336734
49.200001 0.101739 0.152608 0.373176 0.337298
49.299999 0.101070 0.152554 0.375587 0.335000
49.399998 0.101210 0.150515 0.376638 0.334433
49.500000 0.101190 0.149585 0.377862 0.333367
49.599998 0.101441 0.149360 0.377351 0.336134
49.700001 0.100520 0.149430 0.372875 0.341368
49.799999 0.100440 0.148860 0.370548 0.344038
49.899998 0.100100 0.150000 0.369200 0.344300
50.000000 0.100040 0.150260 0.369848 0.338635
50.099998 0.098990 0.150085 0.366463 0.338566
50.200001 0.099840 0.151461 0.366547 0.337435
50.299999 0.100230 0.153246 0.368010 0.336201
50.399998 0.100830 0.152046 0.369111 0.335801
50.500000 0.100540 0.152161 0.368647 0.338235
50.599998 0.100480 0.151770 0.368926 0.336533
50.700001 0.100400 0.150100 0.370900 0.334500
50.799999 0.100701 0.148697 0.369439 0.331263
50.899998 0.100560 0.150440 0.366653 0.333467
51.000000 0.100490 0.149585 0.370763 0.331567
51.099998 0.100380 0.146871 0.370826 0.333733
51.199997 0.100390 0.146285 0.367263 0.335266
51.299999 0.101251 0.147774 0.368984 0.333667
51.399998 0.101140 0.147059 0.371048 0.333733
51.500000 0.100790 0.145785 0.366563 0.332867
51.599998 0.101100 0.147700 0.365300 0.333400
51.699997 0.100400 0.148300 0.367500 0.334100
51.799999 0.100600 0.148100 0.369500 0.333000
51.899998 0.100380 0.146171 0.370326 0.335533
52.000000 0.099360 0.146588 0.371123 0.338703
52.099998 0.098600 0.147300 0.367800 0.341600
52.199997 0.098341 0.149310 0.365281 0.342894
52.299999 0.098061 0.149340 0.365454 0.343163
52.399998 0.098110 0.147915 0.367237 0.341434
52.500000 0.098980 0.148370 0.366327 0.344731
52.599998 0.099290 0.148585 0.364064 0.346265
52.699997 0.099290 0.149885 0.362964 0.347865
52.799999 0.100070 0.150055 0.363491 0.350395
52.899998 0.101010 0.150415 0.362336 0.353635
53.000000 0.100410 0.149315 0.363036 0.350435
53.099998 0.100600 0.149500 0.364300 0.354100
53.199997 0.100140 0.150210 0.366980 0.354587
53.299999 0.100460 0.149990 0.369422 0.353412
53.399998 0.100580 0.150721 0.367194 0.349079
53.500000 0.100720 0.151730 0.369674 0.350970
53.599998 0.100250 0.151176 0.373087 0.352676
53.699997 0.100120 0.149630 0.370474 0.353371
53.799999 0.100290 0.152237 0.374337 0.353018
53.899998 0.100910 0.152115 0.376838 0.353335
54.000000 0.100510 0.152315 0.380238 0.357236
54.099998 0.100090 0.151185 0.380062 0.356264
54.199997 0.100830 0.152846 0.381614 0.358107
54.299999 0.101600 0.153500 0.383800 0.361200
54.399998 0.101461 0.153292 0.385331 0.363318
54.500000 0.101261 0.154993 0.383630 0.366220
54.599998 0.100690 0.154785 0.381562 0.363764
54.699997 0.100050 0.155178 0.380290 0.364382
54.799999 0.100010 0.155216 0.383938 0.367337
54.899998 0.098730 0.153946 0.382415 0.368711
55.000000 0.098129 0.153546 0.378213 0.368010
55.099998 0.097729 0.154146 0.378914 0.365710
55.199997 0.097990 0.155884 0.376562 0.366363
55.299999 0.097878 0.155124 0.375600 0.362690
55.399998 0.097600 0.154300 0.376100 0.364400
55.500000 0.097310 0.153315 0.376838 0.362036
55.599998 0.096661 0.151739 0.378948 0.360056
55.699997 0.096858 0.152091 0.380428 0.360516
55.799999 0.096258 0.151591 0.384531 0.363118
55.899998 0.097110 0.151315 0.384438 0.361736
56.000000 0.097649 0.153877 0.386793 0.359080
56.099998 0.097010 0.154615 0.387239 0.360436
56.199997 0.097580 0.154969 0.387522 0.359928
56.299999 0.097210 0.156416 0.387239 0.358736
56.399998 0.097081 0.156369 0.387423 0.355329
56.500000 0.096377 0.155024 0.382906 0.356986
56.599998 0.096900 0.155200 0.382200 0.357000
56.699997 0.096267 0.156309 0.381967 0.359251
56.799999 0.097090 0.157884 0.381762 0.358664
56.899998 0.096719 0.154531 0.382276 0.360172
57.000000 0.096616 0.155887 0.379455 0.359031
57.099998 0.095929 0.153946 0.382215 0.358107
57.199997 0.096316 0.153684 0.378955 0.355326
57.299999 0.096410 0.154015 0.377938 0.358236
57.399998 0.096100 0.152200 0.376700 0.356600
57.500000 0.095881 0.150970 0.377425 0.353129
57.599998 0.096700 0.153000 0.376600 0.357500
57.699997 0.097461 0.152339 0.377149 0.360356
57.799999 0.097971 0.153354 0.378986 0.363591
57.899998 0.098600 0.151900 0.379200 0.367100
58.000000 0.097449 0.152576 0.379790 0.363582
58.099998 0.097698 0.151852 0.380480 0.363764
58.199997 0.098149 0.153577 0.381691 0.361681
58.299999 0.097410 0.153815 0.382738 0.362136
58.399998 0.098500 0.154800 0.380900 0.363200
58.500000 0.098249 0.155578 0.384292 0.364482
58.599998 0.097720 0.155531 0.386577 0.362973
58.699997 0.097010 0.154815 0.385038 0.362936
58.799999 0.096319 0.153331 0.381176 0.360672
58.899998 0.096110 0.152515 0.386139 0.363836
59.000000 0.097181 0.152070 0.388422 0.363227
59.099998 0.096377 0.150520 0.391713 0.361189
59.199997 0.096400 0.150400 0.392100 0.360700
59.299999 0.096561 0.148940 0.394242 0.363455
59.399998 0.096690 0.148385 0.397760 0.363464
59.500000 0.096300 0.148700 0.399600 0.364600
59.599998 0.096400 0.149200 0.400200 0.364700
59.699997 0.095910 0.147415 0.403640 0.363136
59.799999 0.094919 0.145929 0.399580 0.361972
59.899998 0.095300 0.147800 0.401300 0.362500
60.000000 0.095371 0.146756 0.403579 0.362091
60.099998 0.095638 0.147959 0.404762 0.363545
60.199997 0.095581 0.148870 0.403919 0.367726
60.299999 0.093981 0.149370 0.401220 0.368826
60.399998 0.093919 0.150230 0.401880 0.371074
60.500000 0.093891 0.149285 0.402760 0.375762
60.599998 0.093600 0.149300 0.404600 0.373400
60.699997 0.094509 0.149915 0.405541 0.374637
60.799999 0.095210 0.149515 0.406241 0.376338
60.899998 0.094519 0.149930 0.406481 0.380976
61.000000 0.095000 0.149200 0.407200 0.381900
61.099998 0.094572 0.148755 0.406378 0.383085
61.199997 0.095009 0.148915 0.406841 0.386239
61.299999 0.095176 0.150921 0.408727 0.386509
61.399998 0.094309 0.150215 0.411541 0.386739
61.500000 0.095143 0.152109 0.413852 0.388167
61.599998 0.095629 0.151645 0.414024 0.390217
61.699997 0.095110 0.151215 0.418142 0.388939
61.799999 0.095529 0.150345 0.413324 0.385616
61.899998 0.094891 0.149285 0.413759 0.389761
62.000000 0.094357 0.149490 0.411747 0.392135
62.099998 0.094328 0.152246 0.415225 0.398219
62.199997 0.094247 0.152376 0.417209 0.399000
62.299999 0.094419 0.153531 0.416383 0.395079
62.399998 0.093900 0.153100 0.419900 0.396500
62.500000 0.094300 0.152200 0.416300 0.400200
62.599998 0.093844 0.152508 0.414351 0.400959
62.699997 0.094300 0.152100 0.411600 0.401300
62.799999 0.094485 0.152537 0.410369 0.403663
62.899998 0.093228 0.151746 0.412824 0.404821
63.000000 0.094538 0.152061 0.414266 0.405462
63.099998 0.093962 0.149040 0.415734 0.404138
63.199997 0.093862 0.149040 0.418133 0.407237
63.299999 0.094209 0.150215 0.416642 0.407341
63.399998 0.094709 0.151515 0.417742 0.408841
63.500000 0.095238 0.151861 0.416667 0.407863
63.599998 0.095000 0.152700 0.415900 0.410400
63.699997 0.094981 0.151770 0.414617 0.412817
63.799999 0.094791 0.151085 0.414359 0.414559
63.899998 0.095052 0.151324 0.417091 0.413993
64.000000 0.095400 0.154900 0.418400 0.412200
64.099998 0.095829 0.154446 0.416125 0.415025
64.199997 0.095919 0.152430 0.417183 0.416383
64.299995 0.096371 0.151255 0.418974 0.413676
64.400002 0.096800 0.151200 0.417300 0.414000
64.500000 0.096319 0.150330 0.421684 0.412382
64.599998 0.097720 0.149330 0.424585 0.410082
64.699997 0.097700 0.151100 0.427200 0.411300
64.799995 0.098080 0.149270 0.427914 0.412817
64.900002 0.097468 0.149104 0.429200 0.410487
65.000000 0.097820 0.148630 0.429086 0.411582
65.099998 0.098400 0.151100 0.429300 0.411200
65.199997 0.099068 0.150055 0.429731 0.411600
65.299995 0.099130 0.149645 0.430829 0.416025
65.400002 0.098441 0.149810 0.429242 0.419448
65.500000 0.099610 0.153715 0.424742 0.418442
65.599998 0.099990 0.153638 0.423181 0.416074
65.699997 0.098900 0.151300 0.423400 0.416100
65.799995 0.098400 0.152300 0.422200 0.414900
65.900002 0.098989 0.151136 0.420779 0.413872
66.000000 0.098439 0.150060 0.418467 0.416867
66.099998 0.098020 0.149730 0.419284 0.417984
66.199997 0.098410 0.148915 0.420042 0.420742
66.299995 0.099010 0.151315 0.423842 0.421042
66.400002 0.099560 0.150891 0.426156 0.418751
66.500000 0.099840 0.153361 0.427171 0.419068
66.599998 0.099200 0.152800 0.428200 0.420700
66.699997 0.098200 0.151200 0.427000 0.419300
66.799995 0.098190 0.149185 0.425757 0.423258
66.900002 0.097790 0.150385 0.425257 0.422958
67.000000 0.097890 0.148185 0.423858 0.422158
67.099998 0.097800 0.149000 0.425800 0.421900
67.199997 0.096771 0.146656 0.422873 0.422773
67.299995 0.097300 0.148300 0.421300 0.424300
67.400002 0.097590 0.149785 0.421058 0.426057
67.500000 0.098249 0.150475 0.424612 0.426213
67.599998 0.098100 0.152400 0.426300 0.428600
67.699997 0.098380 0.155169 0.426715 0.427714
67.799995 0.098820 0.152531 0.427786 0.427786
67.900002 0.098200 0.154100 0.431600 0.429200
68.000000 0.097871 0.153554 0.429271 0.426572
68.099998 0.096781 0.149970 0.429514 0.428714
68.199997 0.096878 0.149620 0.432546 0.428843
68.299995 0.095552 0.147826 0.427986 0.428686
68.400002 0.095600 0.147300 0.426500 0.429800
68.500000 0.095929 0.146144 0.430329 0.433830
68.599998 0.096215 0.144874 0.433220 0.432619
68.699997 0.097529 0.144143 0.432730 0.431229
68.799995 0.097019 0.145429 0.432687 0.432487
68.900002 0.096710 0.145014 0.434343 0.436044
69.000000 0.096500 0.145500 0.432400 0.435200
69.099998 0.096710 0.145114 0.433643 0.440044
69.199997 0.096481 0.145271 0.436513 0.438512
69.299995 0.095357 0.143986 0.439864 0.441665
69.400002 0.095238 0.146759 0.443878 0.440276
69.500000 0.095838 0.147659 0.447879 0.440676
69.599998 0.095629 0.147044 0.447334 0.439832
69.699997 0.096119 0.147029 0.447690 0.441088
69.799995 0.095319 0.146329 0.450390 0.442889
69.900002 0.095529 0.146144 0.449035 0.440332
70.000000 0.095890 0.145385 0.446855 0.440156
70.099998 0.096810 0.147915 0.448045 0.438644
70.199997 0.095400 0.146400 0.449700 0.443000
70.299995 0.095810 0.148915 0.452445 0.442844
70.400002 0.095790 0.150385 0.451955 0.442156
70.500000 0.096271 0.151555 0.450865 0.441867
70.599998 0.096729 0.150545 0.453936 0.446734
70.699997 0.095819 0.150430 0.450190 0.440488
70.799995 0.096329 0.152046 0.456037 0.443033
70.900002 0.095290 0.152085 0.456354 0.444556
71.000000 0.094419 0.149930 0.458792 0.445789
71.099998 0.092946 0.148274 0.462631 0.446023
71.199997 0.093363 0.147741 0.462515 0.445722
71.299995 0.092700 0.145900 0.462100 0.445500
71.400002 0.091828 0.146644 0.463739 0.451836
71.500000 0.092182 0.143271 0.468906 0.453309
71.599998 0.091600 0.144000 0.468100 0.453100
71.699997 0.092511 0.144173 0.466460 0.451342
71.799995 0.092109 0.144414 0.470247 0.449445
71.900002 0.091154 0.143228 0.469565 0.452174
72.000000 0.090327 0.140142 0.469341 0.452236
72.099998 0.089136 0.141557 0.465886 0.453381
72.199997 0.089109 0.142814 0.465947 0.453545
72.299995 0.089445 0.143872 0.463932 0.453127
72.400002 0.087279 0.141427 0.464818 0.454109
72.500000 0.087491 0.141186 0.468653 0.452655
72.599998 0.087609 0.141314 0.468247 0.449645
72.699997 0.087809 0.141314 0.470747 0.450745
72.799995 0.088500 0.144200 0.470100 0.452200
72.900002 0.088709 0.144014 0.467947 0.454745
73.000000 0.088691 0.144985 0.470053 0.458154
73.099998 0.087991 0.142586 0.471153 0.458354
73.199997 0.087514 0.143587 0.470412 0.456894
73.299995 0.088244 0.141871 0.468234 0.453927
73.400002 0.088009 0.142014 0.472047 0.456146
73.500000 0.088038 0.141801 0.473269 0.459578
73.599998 0.086857 0.141329 0.472664 0.461569
73.699997 0.086874 0.141558 0.471858 0.462761
73.799995 0.087035 0.141857 0.476391 0.464686
73.900002 0.087117 0.141728 0.474795 0.460892
74.000000 0.087409 0.141814 0.475047 0.462846
74.099998 0.087661 0.140799 0.474532 0.459121
74.199997 0.087582 0.140172 0.472805 0.459608
74.299995 0.087165 0.137945 0.470112 0.459216
74.400002 0.087217 0.137127 0.466093 0.456291
74.500000 0.086752 0.137482 0.464579 0.455373
74.599998 0.086917 0.139928 0.463593 0.459392
74.699997 0.086443 0.138869 0.465733 0.458029
74.799995 0.086069 0.140913 0.465873 0.457766
74.900002 0.086100 0.139900 0.469500 0.457800
75.000000 0.086117 0.139128 0.473795 0.450990
75.099998 0.086517 0.139528 0.475095 0.453991
75.199997 0.086348 0.138417 0.473416 0.456926
75.299995 0.086300 0.137600 0.477700 0.455300
75.400002 0.085709 0.136614 0.481448 0.457546
75.500000 0.086343 0.139070 0.478939 0.459130
75.599998 0.087000 0.139300 0.482900 0.459500
75.699997 0.087609 0.140114 0.484448 0.457646
75.799995 0.087835 0.140656 0.482393 0.458583
75.900002 0.088109 0.142414 0.486249 0.457646
76.000000 0.088744 0.141971 0.484542 0.457229
76.099998 0.088718 0.139328 0.484397 0.459092
76.199997 0.089345 0.140370 0.487544 0.458729
76.299995 0.088509 0.139514 0.488949 0.462046
76.400002 0.089371 0.140512 0.488291 0.461970
76.500000 0.088482 0.141172 0.489202 0.462408
76.599998 0.089409 0.141314 0.490749 0.461346
76.699997 0.089082 0.138572 0.488402 0.463807
76.799995 0.089218 0.138728 0.490398 0.460292
76.900002 0.088318 0.137527 0.491198 0.459792
77.000000 0.088509 0.138414 0.489349 0.459146
77.099998 0.088600 0.138200 0.487300 0.455000
77.199997 0.088862 0.138997 0.491244 0.454918
77.299995 0.088382 0.139572 0.492601 0.455309
77.400002 0.088691 0.139586 0.494951 0.460654
77.500000 0.088418 0.139428 0.494399 0.458392
77.599998 0.088973 0.141957 0.492352 0.457863
77.699997 0.088691 0.139886 0.491051 0.456554
77.799995 0.089245 0.141971 0.489245 0.455328
77.900002 0.089827 0.143543 0.489447 0.460038
78.000000 0.090400 0.142900 0.494200 0.458000
78.099998 0.089755 0.142729 0.495452 0.459770
78.199997 0.089618 0.141628 0.495699 0.458392
78.299995 0.090073 0.143157 0.499350 0.458962
78.400002 0.091191 0.143786 0.498650 0.462854
78.500000 0.091009 0.145215 0.499550 0.468647
78.599998 0.091600 0.144300 0.495900 0.474600
78.699997 0.091164 0.143243 0.496202 0.476809
78.799995 0.090627 0.141843 0.494248 0.479144
78.900002 0.090400 0.142500 0.494900 0.479600
79.000000 0.091200 0.143900 0.495200 0.475100
79.099998 0.092100 0.146800 0.494600 0.473500
79.199997 0.092045 0.148111 0.501099 0.475315
79.299995 0.092800 0.149500 0.497500 0.476100
79.400002 0.093000 0.148200 0.500300 0.472700
79.500000 0.092609 0.147515 0.500550 0.471347
79.599998 0.092418 0.148030 0.502300 0.474495
79.699997 0.092728 0.148345 0.502251 0.477643
79.799995 0.093737 0.150260 0.502901 0.476791
79.900002 0.094319 0.146929 0.503901 0.474195
80.000000 0.094900 0.148000 0.506500 0.477500
80.099998 0.095290 0.148385 0.506749 0.479952
80.199997 0.095510 0.150815 0.511151 0.478948
80.299995 0.095624 0.149494 0.514369 0.477821
80.400002 0.095671 0.150655 0.515045 0.481056
80.500000 0.095471 0.150555 0.515745 0.481256
80.599998 0.095562 0.149640 0.518692 0.479808
80.699997 0.094738 0.148760 0.520108 0.480792
80.799995 0.094300 0.148900 0.520700 0.481400
80.900002 0.093709 0.146215 0.523352 0.481248
81.000000 0.094181 0.147570 0.525995 0.483403
81.099998 0.094447 0.148174 0.526163 0.482941
81.199997 0.094228 0.147544 0.526558 0.481845
81.299995 0.094600 0.147700 0.527700 0.480600
81.400002 0.093819 0.147029 0.523005 0.475595
81.500000 0.094034 0.147996 0.520436 0.474768
81.599998 0.094009 0.148615 0.518852 0.477548
81.699997 0.094119 0.149930 0.518004 0.480596
81.799995 0.092563 0.150340 0.516293 0.482507
81.900002 0.091573 0.147456 0.518145 0.483855
82.000000 0.091246 0.147974 0.520961 0.486643
82.099998 0.090718 0.147730 0.517303 0.483997
82.199997 0.091609 0.147215 0.516552 0.480848
82.299995 0.092228 0.147644 0.517655 0.481644
82.400002 0.092672 0.146956 0.520144 0.480556
82.500000 0.092280 0.145910 0.521123 0.479976
82.599998 0.092372 0.144857 0.519344 0.478656
82.699997 0.090718 0.143829 0.520204 0.480896
82.799995 0.090455 0.143728 0.521539 0.478961
82.900002 0.090682 0.143771 0.522795 0.483303
83.000000 0.090100 0.143400 0.526200 0.484500
83.099998 0.089790 0.143243 0.527327 0.484885
83.199997 0.089591 0.143786 0.529747 0.485851
83.299995 0.089773 0.143457 0.531740 0.486754
83.400002 0.089080 0.144230 0.532880 0.484836
83.500000 0.089564 0.143143 0.529888 0.487005
83.599998 0.088773 0.140658 0.533040 0.488453
83.699997 0.089209 0.141914 0.533753 0.487349
83.799995 0.089336 0.140656 0.531213 0.480992
83.900002 0.089400 0.140100 0.529400 0.479300
84.000000 0.089218 0.138928 0.532306 0.476495
84.099998 0.089618 0.141028 0.532707 0.473095
84.199997 0.090109 0.140914 0.532053 0.471947
84.299995 0.090328 0.139289 0.533473 0.475020
84.400002 0.091363 0.139144 0.534386 0.475110
84.500000 0.090791 0.139486 0.532347 0.471453
84.599998 0.090891 0.142386 0.530747 0.471153
84.699997 0.091709 0.140414 0.526453 0.469947
84.799995 0.091782 0.142671 0.522196 0.472905
84.900002 0.092154 0.143928 0.521039 0.473463
85.000000 0.092345 0.145113 0.520288 0.471717
85.099998 0.092491 0.144486 0.519648 0.469053
85.199997 0.093037 0.142857 0.519108 0.464386
85.299995 0.092791 0.142586 0.520448 0.466753
85.400002 0.093074 0.142614 0.518415 0.462170
85.500000 0.093128 0.142343 0.523857 0.466440
85.599998 0.093291 0.143486 0.521348 0.468353
85.699997 0.093809 0.145115 0.518452 0.469547
85.799995 0.094028 0.145544 0.519356 0.467140
85.900002 0.094391 0.145485 0.521148 0.467853
86.000000 0.094191 0.144286 0.520848 0.462754
86.099998 0.094409 0.142414 0.521452 0.465447
86.199997 0.094372 0.141258 0.519544 0.463361
86.299995 0.094228 0.141943 0.522457 0.462039
86.400002 0.093966 0.143601 0.521565 0.462424
86.500000 0.093500 0.141800 0.525000 0.462800
86.599998 0.093719 0.139628 0.525605 0.464293
86.699997 0.093909 0.139814 0.525953 0.465547
86.799995 0.093047 0.139870 0.523862 0.466433
86.900002 0.092991 0.138986 0.527047 0.468453
87.000000 0.092591 0.137386 0.531347 0.469753
87.099998 0.091300 0.135800 0.529200 0.472800
87.199997 0.091609 0.136814 0.527153 0.472047
87.299995 0.091209 0.137114 0.527553 0.475248
87.400002 0.091909 0.137814 0.532953 0.475548
87.500000 0.092218 0.137227 0.535007 0.480996
87.599998 0.092765 0.137696 0.533674 0.479836
87.699997 0.092346 0.138369 0.531966 0.486243
87.799995 0.092781 0.138472 0.531194 0.486703
87.900002 0.093347 0.138469 0.532866 0.481641
88.000000 0.093700 0.138700 0.535300 0.483200
88.099998 0.092681 0.137173 0.533593 0.483803
88.199997 0.092563 0.137945 0.530688 0.486106
88.299995 0.092445 0.138817 0.529882 0.482610
88.400002 0.092418 0.140128 0.530206 0.481596
88.500000 0.092272 0.141458 0.531341 0.485354
88.599998 0.092428 0.142943 0.526758 0.485446
88.699997 0.093137 0.143157 0.526110 0.489196
88.799995 0.093400 0.142400 0.530200 0.486800
88.900002 0.093056 0.141585 0.529117 0.488693
89.000000 0.093191 0.145185 0.527947 0.489451
89.099998 0.092809 0.144014 0.524752 0.486949
89.199997 0.091963 0.144342 0.524590 0.488505
89.299995 0.092619 0.145029 0.518904 0.490798
89.400002 0.092391 0.147485 0.517348 0.494451
89.500000 0.091872 0.144357 0.517745 0.492252
89.599998 0.091091 0.145085 0.517048 0.491851
89.699997 0.090864 0.142743 0.520092 0.493303
89.799995 0.090482 0.144071 0.524395 0.491302
89.900002 0.091018 0.142428 0.524705 0.491098
90.000000 0.091000 0.143200 0.523600 0.491000
90.099998 0.091300 0.142800 0.523300 0.489600
90.199997 0.090891 0.139586 0.525747 0.490451
90.299995 0.091036 0.140856 0.522109 0.488996
90.400002 0.091745 0.142315 0.522586 0.491305
90.500000 0.092400 0.142400 0.523200 0.497200
90.599998 0.092100 0.141300 0.526400 0.493500
90.699997 0.092072 0.141258 0.524443 0.494452
90.799995 0.091173 0.139758 0.523843 0.494252
90.900002 0.091145 0.140316 0.521687 0.495303
91.000000 0.091273 0.141058 0.523543 0.496051
91.099998 0.091427 0.139942 0.521256 0.495349
91.199997 0.091608 0.138661 0.522478 0.498202
91.299995 0.091709 0.135914 0.523752 0.499150
91.400002 0.090727 0.136141 0.526158 0.497749
91.500000 0.091546 0.137069 0.530065 0.495848
91.599998 0.091937 0.137155 0.528812 0.494598
91.699997 0.092154 0.137031 0.530135 0.494953
91.799995 0.092400 0.139100 0.529800 0.492300
91.900002 0.093172 0.139158 0.531441 0.490553
92.000000 0.093447 0.141071 0.528864 0.490045
92.099998 0.092581 0.138572 0.527494 0.494501
92.199997 0.092837 0.140256 0.527811 0.493397
92.299995 0.092574 0.139612 0.531725 0.496197
92.400002 0.092681 0.140072 0.533193 0.494001
92.500000 0.092844 0.138817 0.532281 0.496002
92.599998 0.092400 0.138400 0.533700 0.494800
92.699997 0.092318 0.138028 0.534407 0.494999
92.799995 0.091972 0.137459 0.535039 0.496251
92.900002 0.092365 0.137997 0.531972 0.498149
93.000000 0.092446 0.138069 0.534167 0.497949
93.099998 0.092519 0.139928 0.539208 0.494499
93.199997 0.092746 0.140070 0.538869 0.494647
93.299995 0.092898 0.141145 0.538308 0.493058
93.400002 0.093119 0.142328 0.535607 0.491098
93.500000 0.093309 0.142414 0.534253 0.494349
93.599998 0.092981 0.143871 0.533693 0.493601
93.699997 0.092637 0.143657 0.531413 0.496699
93.799995 0.092609 0.145815 0.530053 0.495650
93.900002 0.093237 0.143557 0.528511 0.495798
94.000000 0.093600 0.144500 0.525200 0.493800
94.099998 0.092600 0.143700 0.526500 0.493700
94.199997 0.092628 0.143343 0.525057 0.492748
94.299995 0.092791 0.145685 0.528147 0.488551
94.400002 0.091991 0.147285 0.529147 0.489851
94.500000 0.092128 0.146544 0.530559 0.489347
94.599998 0.092728 0.147444 0.532060 0.488747
94.699997 0.092172 0.148755 0.533340 0.486554
94.799995 0.092546 0.147474 0.534167 0.487244
94.900002 0.091245 0.148911 0.534579 0.485809
95.000000 0.091091 0.148585 0.535246 0.487151
95.099998 0.091418 0.149430 0.538908 0.487498
95.199997 0.091509 0.150215 0.543754 0.488249
95.299995 0.091437 0.150660 0.542517 0.490596
95.400002 0.090909 0.150615 0.544054 0.493249
95.500000 0.090718 0.148630 0.550110 0.494999
95.599998 0.090663 0.148404 0.550786 0.491244
95.699997 0.090636 0.148960 0.550320 0.495198
95.799995 0.091418 0.149930 0.554411 0.496899
95.900002 0.090200 0.148900 0.556300 0.499000
96.000000 0.090400 0.147600 0.559500 0.498700
96.099998 0.090900 0.145300 0.559400 0.497200
96.199997 0.090545 0.144572 0.559380 0.501251
96.299995 0.089982 0.142771 0.560488 0.502100
96.400002 0.090400 0.142300 0.562600 0.504100
96.500000 0.091027 0.142943 0.565370 0.504951
96.599998 0.091355 0.142986 0.565840 0.502501
96.699997 0.090855 0.140384 0.566040 0.505103
96.799995 0.091073 0.141558 0.565630 0.506248
96.900002 0.091746 0.142671 0.567784 0.510655
97.000000 0.090982 0.141972 0.571786 0.510798
97.099998 0.089755 0.139530 0.572614 0.506347
97.199997 0.089691 0.139686 0.571043 0.506949
97.299995 0.089527 0.139942 0.572672 0.504851
97.400002 0.089591 0.138286 0.577942 0.502650
97.500000 0.089682 0.135573 0.576285 0.504099
97.599998 0.089909 0.134713 0.577858 0.506151
97.699997 0.089791 0.133987 0.577542 0.505549
97.799995 0.089682 0.132474 0.573585 0.507399
97.900002 0.089800 0.132700 0.574700 0.506900
98.000000 0.088871 0.133507 0.574560 0.512310
98.099998 0.089373 0.135459 0.577427 0.515645
98.199997 0.089909 0.136814 0.576958 0.511551
98.299995 0.089900 0.138400 0.580900 0.516100
98.400002 0.090018 0.139428 0.578616 0.514303
98.500000 0.090309 0.139914 0.580858 0.515352
98.599998 0.090900 0.139854 0.581139 0.515067
98.699997 0.091764 0.140598 0.584409 0.514360
98.799995 0.091164 0.142200 0.584109 0.517862
98.900002 0.091537 0.142357 0.585534 0.517307
99.000000 0.091809 0.142114 0.588059 0.520752
99.099998 0.090945 0.142271 0.589995 0.520460
99.199997 0.091964 0.143000 0.588412 0.517862
99.299995 0.091637 0.143457 0.589636 0.517607
99.400002 0.092500 0.144600 0.589100 0.520800
99.500000 0.092709 0.142814 0.592459 0.522852
99.599998 0.093109 0.141814 0.593859 0.524652
99.699997 0.092418 0.140928 0.592519 0.523005
99.799995 0.092800 0.144400 0.593200 0.519500
99.900002 0.092891 0.144686 0.593141 0.518348
100.000000 0.093472 0.143657 0.593522 0.517145
100.099998 0.094013 0.144573 0.594614 0.519323
100.199997 0.093563 0.144742 0.593763 0.521391
100.299995 0.094209 0.143614 0.590959 0.520552
100.400002 0.094209 0.144214 0.591359 0.519952
100.500000 0.094409 0.143914 0.592959 0.520052
100.599998 0.094044 0.142215 0.596442 0.524685
100.699997 0.093875 0.142514 0.594976 0.524520
100.799995 0.094144 0.142914 0.592245 0.522087
100.900002 0.094605 0.141958 0.593507 0.524176
101.000000 0.095490 0.142886 0.591941 0.525447
101.099998 0.095900 0.144100 0.592300 0.526800
101.199997 0.094862 0.144442 0.593363 0.530188
101.299995 0.094609 0.143714 0.593059 0.531853
101.400002 0.094209 0.144714 0.591559 0.532853
101.500000 0.094238 0.146659 0.593037 0.534814
101.599998 0.094091 0.145385 0.592741 0.529847
101.699997 0.093628 0.146244 0.594678 0.528959
101.799995 0.092763 0.146142 0.597461 0.528189
101.900002 0.092091 0.145985 0.599640 0.529047
102.000000 0.092900 0.147900 0.599700 0.531400
102.099998 0.093509 0.146615 0.596860 0.528453
102.199997 0.093591 0.146985 0.593641 0.526747
102.299995 0.094428 0.148244 0.596079 0.529759
102.399994 0.094366 0.147303 0.595817 0.535775
102.500000 0.094670 0.149369 0.594771 0.532959
102.599998 0.095248 0.150475 0.596398 0.533267
102.699997 0.094343 0.147012 0.598341 0.532780
102.799995 0.093800 0.147500 0.597100 0.532700
102.899994 0.093800 0.146100 0.597300 0.534200
103.000000 0.094056 0.144487 0.603062 0.532319
103.099998 0.094338 0.145658 0.601040 0.530312
103.199997 0.094362 0.146541 0.601959 0.533187
103.299995 0.094666 0.146102 0.604223 0.533674
103.399994 0.095467 0.147603 0.606525 0.533674
103.500000 0.094719 0.146429 0.607622 0.533207
103.599998 0.093700 0.144300 0.609900 0.534000
103.699997 0.093391 0.143586 0.611339 0.537546
103.799995 0.092846 0.143272 0.611406 0.534267
103.899994 0.093391 0.144286 0.611639 0.535146
104.000000 0.094309 0.144514 0.610361 0.536454
104.099998 0.094072 0.145056 0.611117 0.540838
104.199997 0.093972 0.146156 0.613816 0.543037
104.299995 0.092709 0.143914 0.616162 0.542654
104.399994 0.092528 0.146244 0.616885 0.542363
104.500000 0.092309 0.147715 0.615562 0.543854
104.599998 0.092354 0.144428 0.612694 0.547226
104.699997 0.093147 0.146173 0.611906 0.547474
104.799995 0.093509 0.146615 0.609061 0.547255
104.899994 0.093772 0.147156 0.604619 0.549935
105.000000 0.093800 0.144700 0.603300 0.550600
105.099998 0.093291 0.144786 0.604440 0.551545
105.199997 0.093856 0.144987 0.604363 0.550030
105.299995 0.094357 0.148489 0.608265 0.549730
105.399994 0.094662 0.148641 0.607757 0.550480
105.500000 0.094928 0.148845 0.608383 0.552866
105.599998 0.095138 0.146259 0.613045 0.555222
105.699997 0.094938 0.143858 0.613645 0.555922
105.799995 0.094719 0.142929 0.617523 0.563913
105.899994 0.093991 0.141386 0.619438 0.562544
106.000000 0.094266 0.141399 0.618333 0.562994
106.099998 0.094343 0.145813 0.620927 0.564961
106.199997 0.094266 0.147303 0.625038 0.566597
106.299995 0.094285 0.146031 0.621860 0.563307
106.399994 0.094357 0.144287 0.620872 0.560636
106.500000 0.094309 0.144114 0.623662 0.559656
106.599998 0.094900 0.145400 0.622500 0.559500
106.699997 0.094909 0.146515 0.621262 0.560356
106.799995 0.094938 0.146559 0.619748 0.559624
106.899994 0.094847 0.144872 0.623712 0.560380
107.000000 0.094909 0.145215 0.622662 0.560356
107.099998 0.095400 0.145800 0.621300 0.556800
107.199997 0.095681 0.146771 0.620576 0.554089
107.299995 0.095419 0.147229 0.621424 0.553711
107.399994 0.095605 0.149665 0.622585 0.552207
107.500000 0.095790 0.151385 0.623638 0.553745
107.599998 0.096429 0.151645 0.625388 0.553066
107.699997 0.095990 0.150485 0.627737 0.552645
107.799995 0.095438 0.148359 0.624250 0.553822
107.899994 0.094966 0.148504 0.622836 0.553287
108.000000 0.094528 0.147444 0.622287 0.548865
108.099998 0.093856 0.146288 0.623674 0.548629
108.199997 0.092391 0.143086 0.622838 0.549145
108.299995 0.093137 0.141757 0.623149 0.549820
108.399994 0.093509 0.143014 0.624062 0.552155
108.500000 0.093440 0.143115 0.625238 0.555433
108.599998 0.093247 0.142271 0.624312 0.556478
108.699997 0.093181 0.141472 0.623275 0.558588
108.799995 0.092055 0.140684 0.624275 0.562938
108.899994 0.092208 0.140559 0.623976 0.561538
109.000000 0.091691 0.140086 0.624938 0.561644
109.099998 0.091491 0.139386 0.627037 0.562444
109.199997 0.092428 0.141642 0.626688 0.567270
109.299995 0.092382 0.139772 0.621476 0.571286
109.399994 0.091709 0.139514 0.616462 0.572057
109.500000 0.092037 0.140356 0.617147 0.575430
109.599998 0.091400 0.144000 0.616000 0.573600
109.699997 0.091691 0.143686 0.616038 0.574843
109.799995 0.091000 0.142600 0.616900 0.572000
109.899994 0.091027 0.145043 0.619386 0.572972
110.000000 0.090745 0.145773 0.620010 0.570985
110.099998 0.090773 0.145516 0.623899 0.572858
110.199997 0.091055 0.146088 0.624775 0.574144
110.299995 0.091464 0.143801 0.627739 0.575903
110.399994 0.091309 0.144914 0.631263 0.575258
110.500000 0.091683 0.145631 0.633070 0.573016
110.599998 0.092365 0.145202 0.636646 0.573602
110.699997 0.091864 0.144701 0.634144 0.573802
110.799995 0.091318 0.145029 0.634527 0.569814
110.899994 0.091618 0.147329 0.633027 0.575115
111.000000 0.091518 0.147730 0.628826 0.577816
111.099998 0.091837 0.149760 0.633253 0.580732
111.199997 0.091518 0.148930 0.632727 0.579516
111.299995 0.091510 0.148678 0.636364 0.581398
111.399994 0.091700 0.148400 0.637600 0.581400
111.500000 0.092218 0.149330 0.635927 0.584417
111.599998 0.093172 0.149555 0.637609 0.582825
111.699997 0.093409 0.148715 0.636364 0.581458
111.799995 0.092991 0.149285 0.638736 0.581342
111.899994 0.093353 0.150225 0.640480 0.583408
112.000000 0.092581 0.149670 0.642871 0.585583
112.099998 0.092446 0.148774 0.644222 0.590995
112.199997 0.093191 0.148285 0.642536 0.592241
112.299995 0.092191 0.147085 0.645335 0.595740
112.399994 0.092728 0.147544 0.647094 0.596979
112.500000 0.093803 0.146361 0.645010 0.598158
112.599998 0.094247 0.146373 0.646923 0.599100
112.699997 0.094509 0.147815 0.645065 0.600560
112.799995 0.094219 0.148530 0.648730 0.599420
112.899994 0.093519 0.147530 0.647629 0.603721
113.000000 0.093684 0.145931 0.648283 0.601541
113.099998 0.093719 0.144829 0.650730 0.600920
113.199997 0.093528 0.143843 0.653096 0.605782
113.299995 0.093991 0.143386 0.655234 0.605639
113.399994 0.094319 0.147029 0.655431 0.603721
113.500000 0.094719 0.146629 0.656831 0.603221
113.599998 0.094857 0.144887 0.658295 0.600160
113.699997 0.095300 0.146800 0.661900 0.599800
113.799995 0.094294 0.145746 0.662062 0.595996
113.899994 0.094309 0.147515 0.665667 0.599460
114.000000 0.095210 0.149615 0.663966 0.598660
114.099998 0.095529 0.150145 0.665300 0.598680
114.199997 0.095319 0.151730 0.669034 0.594819
114.299995 0.095081 0.149670 0.667367 0.596981
114.399994 0.095538 0.150460 0.666267 0.596639
114.500000 0.096306 0.152368 0.669136 0.599359
114.599998 0.096590 0.152585 0.669933 0.599540
114.699997 0.097659 0.152391 0.669702 0.599660
114.799995 0.097490 0.150585 0.674633 0.598840
114.899994 0.096671 0.148256 0.676497 0.600720
115.000000 0.096210 0.147315 0.679768 0.594359
115.099998 0.095690 0.147085 0.683732 0.595640
115.199997 0.096000 0.149300 0.680800 0.593100
115.299995 0.096510 0.150515 0.683968 0.592359
115.399994 0.096500 0.148400 0.683500 0.591600
115.500000 0.097210 0.150615 0.684068 0.587759
115.599998 0.097910 0.151015 0.683268 0.591459
115.699997 0.098280 0.150970 0.683763 0.592981
115.799995 0.098410 0.152515 0.683268 0.593059
115.899994 0.098780 0.153269 0.685763 0.594781
116.000000 0.098800 0.151700 0.684700 0.594800
116.099998 0.099550 0.151576 0.678739 0.591496
116.199997 0.099940 0.151309 0.681791 0.594044
116.299995 0.100340 0.148960 0.682373 0.592537
116.399994 0.100410 0.150015 0.684968 0.594159
116.500000 0.099960 0.151339 0.687325 0.596661
116.599998 0.099760 0.151439 0.685626 0.598261
116.699997 0.099230 0.152246 0.684905 0.596079
116.799995 0.098980 0.152170 0.687063 0.596781
116.899994 0.098940 0.151961 0.682973 0.598139
117.000000 0.099420 0.152330 0.683137 0.598420
117.099998 0.098760 0.152339 0.683627 0.604258
117.199997 0.098100 0.151800 0.684700 0.602100
117.299995 0.098500 0.151400 0.689000 0.600100
117.399994 0.098590 0.153085 0.684232 0.599440
117.500000 0.098561 0.150740 0.680728 0.601060
117.599998 0.099069 0.151706 0.679876 0.598719
117.699997 0.099560 0.152539 0.680728 0.602559
117.799995 0.100100 0.154000 0.681900 0.596100
117.899994 0.100860 0.153239 0.681927 0.597161
118.000000 0.100140 0.151509 0.683790 0.598641
118.099998 0.099360 0.151991 0.684511 0.600961
118.199997 0.098960 0.151539 0.682327 0.600560
118.299995 0.098970 0.149855 0.679196 0.601520
118.399994 0.098559 0.148689 0.680708 0.599260
118.500000 0.098900 0.148000 0.682700 0.603600
118.599998 0.099000 0.147200 0.683500 0.599100
118.699997 0.098661 0.146341 0.684126 0.603059
118.799995 0.097900 0.147800 0.684600 0.605600
118.899994 0.097600 0.148700 0.690600 0.604500
119.000000 0.097910 0.148315 0.691469 0.603560
119.099998 0.098220 0.149530 0.689338 0.606221
119.199997 0.097158 0.149190 0.686012 0.607264
119.299995 0.096352 0.149025 0.686057 0.609795
119.399994 0.095767 0.146903 0.687181 0.610427
119.500000 0.095567 0.148804 0.686881 0.614430
119.599998 0.094319 0.147530 0.685737 0.612923
119.699997 0.094209 0.147915 0.686969 0.614161
119.799995 0.094372 0.149455 0.687394 0.610317
119.899994 0.093600 0.150100 0.685700 0.611300
120.000000 0.093300 0.151700 0.685100 0.610800
120.099998 0.093456 0.151291 0.681209 0.609266
120.199997 0.093491 0.152085 0.682132 0.609739
120.299995 0.092572 0.150655 0.683295 0.607418
120.399994 0.092535 0.149895 0.681323 0.609174
120.500000 0.092337 0.146058 0.684274 0.607943
120.599998 0.092811 0.147277 0.681818 0.607028
120.699997 0.092837 0.148259 0.682773 0.604742
120.799995 0.093816 0.148366 0.679488 0.604756
120.899994 0.092746 0.149975 0.679340 0.600900
121.000000 0.092382 0.151170 0.681964 0.600680
121.099998 0.093637 0.153461 0.683573 0.601741
121.199997 0.093928 0.153546 0.683105 0.603181
121.299995 0.094213 0.151282 0.681818 0.601822
121.399994 0.094709 0.151015 0.682568 0.600760
121.500000 0.094866 0.150906 0.682578 0.597118
121.599998 0.095771 0.151954 0.683295 0.597221
121.699997 0.095700 0.150500 0.680400 0.594100
121.799995 0.096158 0.149890 0.680008 0.593356
121.899994 0.095862 0.152339 0.683227 0.595962
122.000000 0.095681 0.150870 0.680964 0.595781
122.099998 0.096190 0.151085 0.682632 0.594341
122.199997 0.096377 0.149119 0.685148 0.595877
122.299995 0.096400 0.147700 0.685000 0.600500
122.399994 0.095410 0.145915 0.685369 0.598760
122.500000 0.096038 0.147359 0.680372 0.597239
122.599998 0.096600 0.151200 0.680100 0.597100
122.699997 0.096310 0.151215 0.679168 0.593559
122.799995 0.095771 0.151155 0.682495 0.591023
122.899994 0.094757 0.148989 0.684611 0.589454
123.000000 0.094909 0.149315 0.682768 0.587859
123.099998 0.094753 0.148926 0.682159 0.588606
123.199997 0.095433 0.146897 0.682622 0.586589
123.299995 0.094677 0.147109 0.687007 0.587336
123.399994 0.095271 0.148955 0.688793 0.586924
123.500000 0.095619 0.148730 0.692338 0.588718
123.599998 0.095648 0.148374 0.695348 0.589695
123.699997 0.095900 0.148200 0.693600 0.589200
123.799995 0.096690 0.148785 0.695530 0.588641
123.899994 0.096029 0.149445 0.701410 0.591277
124.000000 0.095490 0.148085 0.701930 0.596040
124.099998 0.095600 0.150000 0.702100 0.597900
124.199997 0.095548 0.148174 0.702551 0.598199
124.299995 0.096839 0.149360 0.702981 0.599240
124.399994 0.097771 0.148855 0.699290 0.595421
124.500000 0.097780 0.148670 0.697161 0.600080
124.599998 0.097680 0.149070 0.697860 0.601780
124.699997 0.097090 0.148185 0.695630 0.597340
124.799995 0.097429 0.150045 0.693408 0.597379
124.899994 0.098310 0.150515 0.691569 0.600160
125.000000 0.097798 0.148949 0.693193 0.602503
125.099998 0.097119 0.150130 0.691538 0.597019
125.199997 0.097110 0.150915 0.693869 0.591759
125.299995 0.095071 0.147256 0.692592 0.586824
125.399994 0.094409 0.147215 0.693169 0.590259
125.500000 0.093600 0.146200 0.693400 0.590400
125.599998 0.092563 0.145342 0.692023 0.588065
125.699997 0.093109 0.147615 0.693269 0.588859
125.799995 0.093481 0.146371 0.694761 0.591182
125.899994 0.093628 0.144743 0.694908 0.592378
126.000000 0.093481 0.144071 0.697560 0.591982
126.099998 0.094219 0.145729 0.694239 0.590218
126.199997 0.094200 0.144000 0.697000 0.589900
126.299995 0.094453 0.143028 0.700350 0.594503
126.399994 0.093128 0.144243 0.700010 0.597379
126.500000 0.092944 0.144313 0.699280 0.595443
126.599998 0.092418 0.143729 0.701340 0.594619
126.699997 0.093109 0.143714 0.699870 0.593759
126.799995 0.093672 0.140258 0.700990 0.593922
126.899994 0.093500 0.140700 0.700500 0.596600
127.000000 0.092409 0.142314 0.700270 0.596860
127.099998 0.093319 0.142929 0.705041 0.597319
127.199997 0.093328 0.145644 0.709513 0.598279
127.299995 0.093309 0.145615 0.708671 0.598760
127.399994 0.092793 0.145445 0.710611 0.600000
127.500000 0.093072 0.145056 0.714586 0.595721
127.599998 0.092891 0.146085 0.712229 0.595940
127.699997 0.093884 0.145831 0.709739 0.596537
127.799995 0.094300 0.146700 0.711200 0.595500
127.899994 0.095062 0.145642 0.711715 0.596461
128.000000 0.094472 0.145956 0.709387 0.593222
128.099991 0.095067 0.145002 0.710097 0.592315
128.199997 0.094791 0.144985 0.708729 0.594341
128.300003 0.094438 0.145558 0.702681 0.593237
128.399994 0.092991 0.144586 0.705130 0.592741
128.500000 0.093437 0.145158 0.705882 0.590636
128.599991 0.093337 0.144158 0.705682 0.592537
128.699997 0.093481 0.143971 0.705659 0.596481
128.800003 0.093609 0.144014 0.706071 0.595260
128.899994 0.094976 0.144716 0.705564 0.595576
129.000000 0.094491 0.145585 0.703830 0.596140
129.099991 0.093681 0.144171 0.702959 0.594981
129.199997 0.094209 0.143614 0.701870 0.597560
129.300003 0.094028 0.142943 0.702211 0.599380
129.399994 0.094366 0.144901 0.698989 0.597518
129.500000 0.094400 0.143600 0.695900 0.601000
129.599991 0.094172 0.143457 0.698291 0.603019
129.699997 0.094172 0.142557 0.698690 0.601620
129.800003 0.093491 0.143786 0.700630 0.602740
129.899994 0.093091 0.141786 0.702030 0.602440
130.000000 0.093000 0.139700 0.702000 0.602400
130.099991 0.093491 0.136986 0.705629 0.601040
130.199997 0.094209 0.137014 0.705771 0.600360
130.300003 0.094257 0.136482 0.709025 0.603462
130.399994 0.093681 0.137073 0.710358 0.604779
130.500000 0.093528 0.138542 0.711313 0.605482
130.599991 0.093091 0.138686 0.714729 0.604540
130.699997 0.093447 0.140370 0.715958 0.606503
130.800003 0.092937 0.139656 0.716287 0.606443
130.899994 0.092345 0.137717 0.721267 0.606336
131.000000 0.092046 0.138869 0.721961 0.604602
131.099991 0.092091 0.138586 0.728027 0.609539
131.199997 0.092619 0.138328 0.727345 0.609422
131.300003 0.092835 0.140002 0.730589 0.609773
131.399994 0.093535 0.141901 0.728390 0.607974
131.500000 0.092182 0.139472 0.727654 0.608178
131.599991 0.091928 0.139042 0.728919 0.610183
131.699997 0.091663 0.138445 0.734606 0.612555
131.800003 0.091155 0.136882 0.732840 0.616170
131.899994 0.091246 0.137569 0.734767 0.618609
132.000000 0.090464 0.135846 0.740304 0.616853
132.099991 0.091400 0.137800 0.734300 0.616500
132.199997 0.091618 0.136827 0.734547 0.614423
132.300003 0.092037 0.137755 0.737995 0.616847
132.399994 0.092009 0.137514 0.739274 0.617362
132.500000 0.092109 0.139314 0.742674 0.621562
132.599991 0.091791 0.137886 0.740826 0.621538
132.699997 0.091036 0.135554 0.741997 0.620648
132.800003 0.091246 0.136868 0.739570 0.620910
132.899994 0.091218 0.134127 0.741648 0.624425
133.000000 0.089991 0.132987 0.739826 0.622238
133.099991 0.090336 0.134754 0.734594 0.622349
133.199997 0.090491 0.136286 0.739426 0.624738
133.300003 0.090864 0.136896 0.740618 0.619734
133.399994 0.090454 0.138183 0.741845 0.621073
133.500000 0.091327 0.140887 0.741207 0.617306
133.599991 0.091818 0.140528 0.738648 0.611122
133.699997 0.091918 0.141728 0.739448 0.614123
133.800003 0.092211 0.142171 0.740388 0.617741
133.899994 0.091972 0.140658 0.742077 0.619314
134.000000 0.092709 0.139614 0.741574 0.616062
134.099991 0.092128 0.137641 0.743523 0.616485
134.199997 0.092900 0.138000 0.741600 0.611600
134.300003 0.092791 0.140286 0.744426 0.612439
134.399994 0.093137 0.141357 0.741597 0.611945
134.500000 0.093163 0.140744 0.741603 0.614254
134.599991 0.093219 0.140528 0.740448 0.612522
134.699997 0.093065 0.138197 0.739818 0.612729
134.800003 0.093672 0.140058 0.739978 0.614116
134.899994 0.093700 0.142200 0.740700 0.612700
135.000000 0.094338 0.140856 0.739296 0.610944
135.099991 0.094209 0.138814 0.741874 0.613961
135.199997 0.093663 0.136945 0.740104 0.614654
135.300003 0.093047 0.136268 0.742771 0.614007
135.399994 0.092209 0.136814 0.743774 0.615862
135.500000 0.092000 0.135600 0.744800 0.614200
135.599991 0.091655 0.135681 0.745747 0.616770
135.699997 0.091609 0.136114 0.748975 0.616062
135.800003 0.091709 0.136514 0.747575 0.613261
135.899994 0.091527 0.136441 0.747424 0.614484
136.000000 0.091737 0.138255 0.749400 0.616447
136.099991 0.092046 0.138769 0.750775 0.618809
136.199997 0.091591 0.141286 0.749525 0.619038
136.300003 0.091200 0.139500 0.749800 0.621200
136.399994 0.091264 0.140598 0.749625 0.621835
136.500000 0.091427 0.140842 0.751725 0.624087
136.599991 0.090891 0.139586 0.751225 0.625337
136.699997 0.090791 0.138386 0.750725 0.626237
136.800003 0.091300 0.139300 0.751300 0.625300
136.899994 0.091182 0.138972 0.753449 0.625275
137.000000 0.090991 0.137486 0.751925 0.627737
137.099991 0.091764 0.136796 0.750225 0.631542
137.199997 0.090691 0.135186 0.748125 0.632437
137.300003 0.090700 0.133000 0.746200 0.630300
137.399994 0.089981 0.132619 0.746472 0.627665
137.500000 0.090009 0.131213 0.743074 0.628463
137.599991 0.089800 0.132300 0.740200 0.631200
137.699997 0.088600 0.131900 0.739200 0.632200
137.800003 0.088382 0.132374 0.738052 0.630974
137.899994 0.088126 0.132740 0.735921 0.630489
138.000000 0.088680 0.134721 0.739165 0.633070
138.099991 0.088435 0.135654 0.739396 0.633553
138.199997 0.089100 0.137000 0.739600 0.636500
138.300003 0.088026 0.137541 0.741923 0.635391
138.399994 0.087791 0.136386 0.747525 0.637636
138.500000 0.088318 0.136527 0.748950 0.636227
138.599991 0.088818 0.134627 0.748850 0.635927
138.699997 0.087818 0.133927 0.748550 0.639228
138.800003 0.087391 0.133287 0.748225 0.632637
138.899994 0.086909 0.133213 0.745975 0.626563
139.000000 0.086500 0.131100 0.747200 0.625800
139.099991 0.085926 0.130739 0.746124 0.626188
139.199997 0.086400 0.131000 0.745900 0.628500
139.300003 0.086591 0.132287 0.745725 0.628837
139.399994 0.087217 0.132827 0.744149 0.630726
139.500000 0.087156 0.132734 0.743928 0.630185
139.599991 0.087517 0.132026 0.743149 0.633527
139.699997 0.088991 0.133487 0.745026 0.635336
139.800003 0.089027 0.135741 0.742023 0.635191
139.899994 0.088465 0.135146 0.739604 0.640044
140.000000 0.089027 0.137341 0.741522 0.639392
140.099991 0.087853 0.139384 0.743846 0.638783
140.199997 0.088309 0.138414 0.740874 0.637764
140.300003 0.088400 0.140000 0.745300 0.641900
140.399994 0.088918 0.139928 0.743649 0.639728
140.500000 0.089246 0.140915 0.742854 0.641115
140.599991 0.089718 0.142428 0.740948 0.643029
140.699997 0.089936 0.141657 0.738996 0.641957
140.800003 0.089900 0.142700 0.739300 0.638600
140.899994 0.090209 0.142114 0.738774 0.637864
141.000000 0.090973 0.143014 0.736890 0.634808
141.099991 0.090918 0.141928 0.734547 0.640128
141.199997 0.092546 0.143272 0.731566 0.639920
141.300003 0.092591 0.141586 0.730727 0.640136
141.399994 0.092646 0.140870 0.731566 0.637819
141.500000 0.092519 0.141428 0.732446 0.635327
141.599991 0.092445 0.142514 0.729762 0.633120
141.699997 0.091591 0.142386 0.728327 0.633037
141.800003 0.092191 0.142786 0.726727 0.632337
141.899994 0.092346 0.143272 0.728965 0.631416
142.000000 0.091972 0.143057 0.728382 0.629111
142.099991 0.091792 0.143143 0.729029 0.631431
142.199997 0.090700 0.141600 0.730100 0.630700
142.300003 0.090909 0.140314 0.729973 0.634964
142.399994 0.090946 0.141026 0.727163 0.632111
142.500000 0.091400 0.140500 0.728600 0.631800
142.599991 0.091300 0.140700 0.729200 0.630500
142.699997 0.091309 0.139414 0.730973 0.629563
142.800003 0.091882 0.140272 0.730554 0.626875
142.899994 0.092054 0.139830 0.729735 0.627186
143.000000 0.092418 0.142028 0.731646 0.623925
143.099991 0.092391 0.142786 0.738326 0.622238
143.199997 0.093200 0.142700 0.735600 0.618900
143.300003 0.092988 0.141630 0.736017 0.620655
143.399994 0.093644 0.142315 0.740156 0.619129
143.500000 0.093428 0.140642 0.741122 0.616485
143.599991 0.093100 0.141600 0.741200 0.615000
143.699997 0.094066 0.144201 0.743320 0.614530
143.800003 0.093819 0.142829 0.741548 0.617824
143.899994 0.094938 0.144558 0.738095 0.618647
144.000000 0.095400 0.146800 0.736400 0.616600
144.099991 0.095900 0.147000 0.740400 0.616200
144.199997 0.095581 0.147071 0.739352 0.613077
144.300003 0.095300 0.145800 0.738600 0.607700
144.399994 0.095519 0.146029 0.737448 0.608222
144.500000 0.095433 0.147297 0.737884 0.603478
144.599991 0.096387 0.148333 0.736363 0.602742
144.699997 0.097339 0.149160 0.740296 0.602141
144.800003 0.098071 0.151055 0.743577 0.603519
144.899994 0.097590 0.150085 0.744426 0.599940
145.000000 0.097729 0.151045 0.747024 0.600680
145.099991 0.097980 0.150870 0.750250 0.603679
145.199997 0.097920 0.149930 0.748050 0.600520
145.300003 0.097488 0.150435 0.746672 0.600240
145.399994 0.097729 0.151245 0.747124 0.601380
145.500000 0.096210 0.149415 0.749575 0.601960
145.599991 0.096829 0.146944 0.751625 0.600080
145.699997 0.096848 0.144272 0.755378 0.602101
145.800003 0.096300 0.144000 0.760200 0.602400
145.899994 0.095881 0.144771 0.761248 0.603079
146.000000 0.095858 0.144086 0.762057 0.601461
146.099991 0.095610 0.144014 0.764176 0.603060
146.199997 0.095629 0.143743 0.760928 0.600580
146.300003 0.095723 0.144285 0.760592 0.603617
146.399994 0.095858 0.144787 0.760456 0.604763
146.500000 0.096252 0.144128 0.763718 0.605497
146.599991 0.096300 0.145300 0.765600 0.606300
146.699997 0.097029 0.147744 0.765830 0.603081
146.800003 0.097190 0.149985 0.764424 0.607339
146.899994 0.097800 0.151200 0.765400 0.605200
147.000000 0.096910 0.149915 0.762376 0.604060
147.099991 0.096910 0.148215 0.763776 0.608961
147.199997 0.096719 0.146429 0.760652 0.612322
147.300003 0.096419 0.145629 0.763653 0.610122
147.399994 0.097081 0.146571 0.762348 0.609378
147.500000 0.097210 0.146515 0.762876 0.608361
147.599991 0.095481 0.144971 0.765847 0.613777
147.699997 0.096138 0.144958 0.761905 0.612445
147.800003 0.096481 0.143371 0.764047 0.614577
147.899994 0.095710 0.142314 0.761976 0.614761
148.000000 0.096329 0.143243 0.757427 0.611483
148.099991 0.096603 0.143756 0.764835 0.618482
148.199997 0.096152 0.143428 0.763618 0.616492
148.300003 0.096710 0.145515 0.762076 0.615362
148.399994 0.096429 0.146044 0.762029 0.614985
148.500000 0.096310 0.143614 0.762076 0.614161
148.599991 0.096190 0.144786 0.765823 0.615138
148.699997 0.096919 0.144529 0.767954 0.615223
148.800003 0.097381 0.142971 0.767646 0.616477
148.899994 0.097339 0.146759 0.767907 0.615546
149.000000 0.097339 0.147059 0.765706 0.611345
149.099991 0.097690 0.143386 0.766823 0.607739
149.199997 0.097790 0.143886 0.766823 0.607639
149.300003 0.098379 0.144215 0.764111 0.600480
149.399994 0.098080 0.144371 0.763347 0.600180
149.500000 0.097449 0.143272 0.760080 0.601301
149.599991 0.098461 0.144542 0.759096 0.598661
149.699997 0.098910 0.145315 0.758276 0.598460
149.800003 0.097720 0.144829 0.762552 0.597820
149.899994 0.097449 0.145173 0.767184 0.596999
150.000000 0.096419 0.143129 0.765953 0.594219
150.099991 0.095648 0.142671 0.767984 0.594197
150.199997 0.095519 0.140628 0.767353 0.592018
150.300003 0.095400 0.138100 0.766100 0.593800
150.399994 0.094838 0.137455 0.767707 0.596739
150.500000 0.094038 0.137455 0.766106 0.596238
150.599991 0.095205 0.138653 0.762639 0.595055
150.699997 0.096000 0.139100 0.761700 0.601100
150.800003 0.096510 0.140114 0.761076 0.601160
150.899994 0.096410 0.139714 0.759276 0.603360
151.000000 0.095800 0.141400 0.762900 0.606000
151.099991 0.095781 0.141272 0.760348 0.605479
151.199997 0.094357 0.138883 0.758955 0.608365
151.300003 0.094000 0.137500 0.760500 0.608900
151.399994 0.092637 0.135154 0.758703 0.605342
151.500000 0.093000 0.137400 0.757900 0.605700
151.599991 0.093553 0.137531 0.762419 0.606697
151.699997 0.093700 0.138100 0.760300 0.608100
151.800003 0.093128 0.138942 0.758828 0.606682
151.899994 0.093072 0.138558 0.758472 0.606018
152.000000 0.093109 0.140514 0.759676 0.609161
152.099991 0.093197 0.138847 0.758566 0.607632
152.199997 0.093181 0.139872 0.757448 0.605679
152.300003 0.093800 0.139700 0.758600 0.605600
152.399994 0.093981 0.138172 0.762348 0.603879
152.500000 0.092646 0.139870 0.760880 0.601701
152.599991 0.092800 0.140400 0.759200 0.601600
152.699997 0.093047 0.142671 0.758779 0.596999
152.800003 0.092455 0.142886 0.757855 0.594857
152.899994 0.092482 0.144571 0.759348 0.596181
153.000000 0.092046 0.141871 0.762681 0.596198
153.099991 0.092428 0.141142 0.761829 0.594979
153.199997 0.093028 0.141542 0.762529 0.595979
153.300003 0.092472 0.142057 0.763571 0.602419
153.399994 0.091863 0.142643 0.763994 0.606257
153.500000 0.091382 0.142472 0.760748 0.607778
153.599991 0.091573 0.140813 0.762010 0.609087
153.699997 0.090809 0.142714 0.760776 0.609361
153.800003 0.089509 0.140114 0.760576 0.605061
153.899994 0.089682 0.140572 0.763547 0.605679
154.000000 0.090054 0.140985 0.761757 0.607064
154.099991 0.089672 0.144215 0.765012 0.611789
154.199997 0.089836 0.143858 0.762705 0.612345
154.300003 0.090236 0.145658 0.760604 0.612645
154.399994 0.089309 0.144814 0.757976 0.614761
154.500000 0.089800 0.142900 0.756600 0.617700
154.599991 0.089507 0.145274 0.756207 0.617441
154.699997 0.089736 0.145358 0.756102 0.618247
154.800003 0.089609 0.146715 0.754875 0.619262
154.899994 0.089572 0.148619 0.760008 0.618695
155.000000 0.089109 0.146815 0.757976 0.615262
155.099991 0.090236 0.145958 0.758403 0.616447
155.199997 0.090463 0.145702 0.763534 0.618733
155.300003 0.090528 0.146383 0.762090 0.619404
155.399994 0.091236 0.144458 0.758103 0.622049
155.500000 0.091191 0.142486 0.758124 0.627237
155.599991 0.091227 0.142243 0.757727 0.625388
155.699997 0.090554 0.141385 0.759456 0.622974
155.800003 0.090900 0.142500 0.755800 0.618800
155.899994 0.090527 0.141442 0.754726 0.620486
156.000000 0.089845 0.139570 0.753877 0.622411
156.099991 0.089318 0.140628 0.752450 0.617123
156.199997 0.089073 0.141458 0.754274 0.618015
156.300003 0.088618 0.139628 0.753151 0.617824
156.399994 0.088573 0.138958 0.752774 0.618814
156.500000 0.087765 0.137945 0.754598 0.616453
156.599991 0.088274 0.139858 0.757473 0.619214
156.699997 0.088991 0.140786 0.760124 0.623138
156.800003 0.089227 0.141342 0.763829 0.622887
156.899994 0.088600 0.142000 0.764700 0.624100
157.000000 0.088527 0.142143 0.762029 0.618486
157.099991 0.089427 0.142243 0.767130 0.620686
157.199997 0.089654 0.142586 0.768261 0.621673
157.300003 0.089300 0.140400 0.766000 0.620900
157.399994 0.089945 0.141671 0.765783 0.618409
157.500000 0.088973 0.141757 0.769269 0.621014
157.599991 0.088991 0.142786 0.769623 0.621838
157.699997 0.089563 0.144501 0.763034 0.620234
157.800003 0.089682 0.143171 0.769746 0.621176
157.899994 0.089218 0.145429 0.772054 0.621724
158.000000 0.087970 0.144716 0.771817 0.621998
158.099991 0.087791 0.143786 0.766823 0.618738
158.199997 0.088126 0.143543 0.768030 0.617385
158.300003 0.087291 0.143686 0.770323 0.619138
158.399994 0.087682 0.145571 0.771246 0.620176
158.500000 0.088618 0.145029 0.773955 0.614723
158.599991 0.088000 0.146000 0.773900 0.616400
158.699997 0.088609 0.147415 0.771777 0.614461
158.800003 0.089398 0.145360 0.772450 0.615877
158.899994 0.089809 0.144914 0.775478 0.617462
159.000000 0.089900 0.144600 0.774600 0.619300
159.099991 0.089809 0.144114 0.773577 0.619562
159.199997 0.090109 0.147715 0.778278 0.623962
159.300003 0.089982 0.147471 0.779644 0.622575
159.399994 0.089273 0.147756 0.779966 0.621514
159.500000 0.088853 0.145087 0.782169 0.623874
159.599991 0.088809 0.146115 0.780478 0.622462
159.699997 0.088782 0.144971 0.779244 0.625675
159.800003 0.088491 0.144286 0.778222 0.624338
159.899994 0.088762 0.144801 0.775243 0.626138
160.000000 0.089018 0.143529 0.776955 0.625425
160.099991 0.089318 0.144729 0.778356 0.626225
160.199997 0.088700 0.145000 0.780200 0.624800
160.300003 0.088964 0.146941 0.781188 0.627649
160.399994 0.088709 0.144214 0.782878 0.626363
160.500000 0.088427 0.142643 0.783235 0.626488
160.599991 0.088494 0.142729 0.777767 0.626548
160.699997 0.088091 0.141286 0.775622 0.626037
160.800003 0.087261 0.139798 0.773441 0.624837
160.899994 0.087609 0.142314 0.773577 0.630063
161.000000 0.086948 0.143114 0.776234 0.634819
161.099991 0.085817 0.139428 0.775755 0.636627
161.199997 0.086309 0.140214 0.775578 0.634964
161.300003 0.085709 0.138814 0.775478 0.634363
161.399994 0.085183 0.138972 0.774245 0.634373
161.500000 0.084900 0.137600 0.775000 0.632800
161.599991 0.084708 0.140414 0.774978 0.631763
161.699997 0.085226 0.140242 0.776633 0.632090
161.800003 0.085057 0.139330 0.777311 0.632984
161.899994 0.085209 0.140314 0.778578 0.631563
162.000000 0.086526 0.141042 0.780334 0.635491
162.099991 0.085766 0.142543 0.781487 0.637745
162.199997 0.086409 0.143414 0.781578 0.640064
162.300003 0.086209 0.142014 0.783278 0.638164
162.399994 0.086340 0.142200 0.782552 0.640951
162.500000 0.087156 0.141729 0.783108 0.641979
162.599991 0.087526 0.142043 0.783335 0.644693
162.699997 0.087517 0.142128 0.780456 0.642428
162.800003 0.087818 0.143729 0.780756 0.643229
162.899994 0.088065 0.142843 0.784086 0.647541
163.000000 0.087661 0.143500 0.784149 0.644551
163.099991 0.088182 0.143071 0.783143 0.646071
163.199997 0.087991 0.143686 0.784922 0.646735
163.300003 0.087991 0.144686 0.783122 0.647835
163.399994 0.087644 0.143972 0.781591 0.645323
163.500000 0.087383 0.141272 0.781144 0.644771
163.599991 0.087400 0.140200 0.783000 0.649200
163.699997 0.088053 0.142285 0.783470 0.647989
163.800003 0.087870 0.141013 0.783126 0.649019
163.899994 0.087091 0.141886 0.784022 0.647435
164.000000 0.086817 0.143229 0.784757 0.649230
164.099991 0.086526 0.142043 0.783735 0.649795
164.199997 0.087100 0.141400 0.782800 0.652600
164.300003 0.087000 0.139900 0.783400 0.654800
164.399994 0.087156 0.139330 0.782709 0.655572
164.500000 0.086034 0.138355 0.779712 0.654162
164.599991 0.086000 0.137600 0.779300 0.652700
164.699997 0.086000 0.135400 0.779000 0.653400
164.800003 0.085891 0.136186 0.777022 0.653735
164.899994 0.086143 0.136868 0.777889 0.648924
165.000000 0.086926 0.136441 0.780034 0.648395
165.099991 0.087117 0.138328 0.777756 0.646629
165.199997 0.088515 0.140483 0.779013 0.646741
165.300003 0.089597 0.140108 0.776208 0.642714
165.399994 0.090200 0.141700 0.777900 0.644500
165.500000 0.089609 0.141314 0.775978 0.645365
165.599991 0.090400 0.143800 0.775000 0.649600
165.699997 0.090718 0.143029 0.773255 0.648430
165.800003 0.091018 0.142228 0.772154 0.646629
165.899994 0.090864 0.140244 0.769592 0.645342
166.000000 0.091200 0.138500 0.772900 0.645300
166.099991 0.091982 0.140172 0.773845 0.643171
166.199997 0.092272 0.139858 0.775068 0.646006
166.300003 0.092600 0.140700 0.776500 0.645200
166.399994 0.093519 0.142529 0.776055 0.642128
166.500000 0.093400 0.141300 0.775700 0.640700
166.599991 0.092491 0.139986 0.774523 0.637136
166.699997 0.092282 0.139072 0.774345 0.639272
166.800003 0.091136 0.137955 0.775110 0.640756
166.899994 0.090964 0.139244 0.780288 0.638744
167.000000 0.091191 0.139186 0.782722 0.634437
167.099991 0.090018 0.138428 0.781856 0.630526
167.199997 0.089498 0.139053 0.778757 0.630894
167.300003 0.089872 0.139211 0.777322 0.632806
167.399994 0.090018 0.137227 0.776255 0.636127
167.500000 0.090609 0.139614 0.779878 0.635664
167.599991 0.091118 0.142128 0.777255 0.635227
167.699997 0.090900 0.142600 0.779100 0.639700
167.800003 0.090873 0.140158 0.782565 0.638408
167.899994 0.090791 0.141586 0.779722 0.636436
168.000000 0.091609 0.141814 0.779378 0.636364
168.099991 0.091409 0.142514 0.779378 0.638264
168.199997 0.092519 0.140428 0.778556 0.637828
168.300003 0.092246 0.142171 0.772786 0.633317
168.399994 0.092400 0.142400 0.776500 0.632500
168.500000 0.092600 0.141800 0.776400 0.632800
168.599991 0.092391 0.143186 0.775822 0.634437
168.699997 0.092136 0.143500 0.774758 0.632657
168.800003 0.093203 0.143758 0.767644 0.627190
168.899994 0.093900 0.143600 0.772000 0.627700
169.000000 0.094119 0.144429 0.773255 0.626525
169.099991 0.094519 0.145629 0.776655 0.631226
169.199997 0.094281 0.144771 0.773145 0.633173
169.300003 0.094900 0.144400 0.775100 0.633200
169.399994 0.094719 0.143929 0.775255 0.634427
169.500000 0.094609 0.143314 0.773977 0.631963
169.599991 0.095048 0.144172 0.771786 0.628914
169.699997 0.095890 0.142386 0.776022 0.627037
169.800003 0.096800 0.143500 0.777200 0.627800
169.899994 0.096690 0.142186 0.772623 0.628237
170.000000 0.097119 0.143029 0.776655 0.627425
170.099991 0.096100 0.144900 0.774900 0.627300
170.199997 0.095804 0.146054 0.774925 0.626873
170.300003 0.096400 0.143800 0.774200 0.630500
170.399994 0.096539 0.144858 0.774610 0.631853
170.500000 0.096639 0.143758 0.770508 0.628852
170.599991 0.096871 0.144357 0.770169 0.632410
170.699997 0.097219 0.144929 0.768754 0.630426
170.800003 0.097620 0.145529 0.769354 0.629626
170.899994 0.097859 0.145888 0.764759 0.628077
171.000000 0.097839 0.147359 0.768307 0.628051
171.099991 0.098430 0.148545 0.769531 0.625988
171.199997 0.098129 0.147044 0.768130 0.620986
171.300003 0.098639 0.146459 0.771208 0.621449
171.399994 0.098049 0.148374 0.771186 0.618409
171.500000 0.097559 0.147088 0.774565 0.619972
171.599991 0.097871 0.145756 0.773968 0.619414
171.699997 0.096784 0.146924 0.771674 0.618757
171.800003 0.096729 0.147444 0.770731 0.621987
171.899994 0.096829 0.146044 0.767330 0.621286
172.000000 0.096110 0.146015 0.769277 0.622062
172.099991 0.096490 0.146585 0.769723 0.622438
172.199997 0.096129 0.146944 0.765029 0.623287
172.300003 0.096958 0.146388 0.764859 0.623174
172.399994 0.097310 0.146115 0.766577 0.621462
172.500000 0.097500 0.148100 0.764800 0.623500
172.599991 0.097458 0.149790 0.765459 0.619372
172.699997 0.097727 0.150095 0.766897 0.620507
172.800003 0.098320 0.152230 0.768154 0.621324
172.899994 0.098200 0.150300 0.769700 0.622200
173.000000 0.098210 0.149915 0.772277 0.625063
173.099991 0.097087 0.147933 0.771695 0.627865
173.199997 0.095719 0.145529 0.771054 0.630626
173.300003 0.094972 0.145656 0.770469 0.633710
173.399994 0.095829 0.144843 0.766530 0.630989
173.500000 0.095610 0.146415 0.766977 0.631263
173.599991 0.096187 0.148333 0.767291 0.628766
173.699997 0.095919 0.148330 0.764153 0.631926
173.800003 0.096090 0.147585 0.764124 0.632737
173.899994 0.095929 0.145044 0.765230 0.632090
174.000000 0.096171 0.144657 0.762871 0.631311
174.099991 0.096277 0.144716 0.760108 0.631105
174.199997 0.096048 0.147074 0.762181 0.630915
174.300003 0.095948 0.143772 0.765783 0.635118
174.399994 0.095653 0.144131 0.765725 0.636418
174.500000 0.095071 0.144157 0.770369 0.636909
174.599991 0.095419 0.143829 0.769854 0.637828
174.699997 0.096352 0.145827 0.770015 0.640080
174.800003 0.096281 0.143271 0.769746 0.642671
174.899994 0.093997 0.140246 0.769354 0.642293
175.000000 0.093300 0.140900 0.769900 0.644800
175.099991 0.093291 0.141186 0.774323 0.648835
175.199997 0.092544 0.141215 0.774235 0.647911
175.300003 0.092491 0.142186 0.776222 0.650235
175.399994 0.091991 0.145885 0.776422 0.647835
175.500000 0.091772 0.144257 0.776467 0.646806
175.599991 0.090900 0.142800 0.774700 0.644000
175.699997 0.090291 0.143486 0.773223 0.647635
175.800003 0.090536 0.141357 0.773209 0.647359
175.899994 0.090591 0.139986 0.774123 0.650935
176.000000 0.090709 0.139914 0.774677 0.653165
176.099991 0.090909 0.141114 0.769677 0.650465
176.199997 0.092046 0.140170 0.769885 0.647224
176.300003 0.092946 0.141971 0.770485 0.648024
176.399994 0.092681 0.140372 0.768946 0.647171
176.500000 0.092691 0.140086 0.769523 0.644536
176.599991 0.090418 0.139128 0.767954 0.648130
176.699997 0.090654 0.137783 0.766960 0.647188
176.800003 0.090145 0.136968 0.766683 0.644522
176.899994 0.090427 0.138942 0.767130 0.642693
177.000000 0.089645 0.136968 0.768584 0.640520
177.099991 0.089709 0.136814 0.768177 0.635864
177.199997 0.089936 0.137455 0.768607 0.633753
177.300003 0.089345 0.140170 0.768184 0.635118
177.399994 0.089918 0.140328 0.767253 0.633227
177.500000 0.089909 0.139014 0.770977 0.636364
177.599991 0.090255 0.138731 0.768516 0.637681
177.699997 0.090100 0.137800 0.767000 0.635600
177.800003 0.090482 0.137972 0.765447 0.635373
177.899994 0.088662 0.135695 0.763434 0.630041
178.000000 0.089000 0.136000 0.765300 0.639300
178.099991 0.088771 0.138211 0.766914 0.641914
178.199997 0.087700 0.136300 0.767800 0.645900
178.300003 0.087900 0.137300 0.764600 0.646600
178.399994 0.087117 0.136327 0.763253 0.644329
178.500000 0.087618 0.137227 0.762953 0.644129
178.599991 0.087483 0.137972 0.763747 0.644271
178.699997 0.087553 0.137983 0.764659 0.647388
178.800003 0.087309 0.139714 0.763476 0.646365
178.899994 0.087135 0.137955 0.767407 0.645458
179.000000 0.087682 0.139972 0.768546 0.644971
179.099991 0.088400 0.139900 0.769600 0.643200
179.199997 0.089236 0.142557 0.769808 0.641657
179.300003 0.089427 0.143943 0.769131 0.641593
179.399994 0.089836 0.141657 0.768808 0.643858
179.500000 0.089891 0.138286 0.770623 0.645935
179.599991 0.090000 0.137700 0.768900 0.644300
179.699997 0.089682 0.136773 0.768346 0.644071
179.800003 0.089425 0.136591 0.764671 0.643000
179.899994 0.089736 0.136955 0.761605 0.641257
180.000000 0.090336 0.137555 0.766307 0.644958
180.099991 0.091500 0.137800 0.769800 0.645000
180.199997 0.092391 0.138486 0.769823 0.647735
180.300003 0.091954 0.138731 0.769315 0.644278
180.399994 0.091846 0.138569 0.770585 0.644922
180.500000 0.091382 0.137772 0.770846 0.643571
180.599991 0.091818 0.136527 0.770954 0.642128
180.699997 0.091382 0.138472 0.771246 0.643871
180.800003 0.090855 0.138483 0.775565 0.643886
180.899994 0.091491 0.137486 0.778222 0.646735
181.000000 0.090500 0.135800 0.774500 0.646400
181.099991 0.090336 0.135854 0.774510 0.650860
181.199997 0.090645 0.136668 0.774988 0.651426
181.300003 0.091327 0.138742 0.775433 0.654296
181.399994 0.091855 0.141085 0.777867 0.657394
181.500000 0.091382 0.142172 0.780244 0.657269
181.599991 0.091100 0.140000 0.777100 0.654500
181.699997 0.089618 0.137227 0.777956 0.656831
181.800003 0.089473 0.136859 0.773768 0.654904
181.899994 0.088709 0.135814 0.774677 0.655666
182.000000 0.089446 0.134619 0.775435 0.658405
182.099991 0.089091 0.131987 0.778622 0.660534
182.199997 0.090027 0.134640 0.779934 0.663499
182.300003 0.090191 0.135386 0.780822 0.664434
182.399994 0.090236 0.135954 0.779612 0.664666
182.500000 0.090618 0.138528 0.778056 0.663433
182.599991 0.090591 0.137986 0.776622 0.663634
182.699997 0.091209 0.138614 0.777678 0.663866
182.800003 0.091100 0.140500 0.781700 0.666300
182.899994 0.091537 0.141557 0.782513 0.668167
183.000000 0.091491 0.141386 0.785122 0.666033
183.099991 0.091882 0.140172 0.785543 0.662767
183.199997 0.091191 0.139186 0.781822 0.662234
183.300003 0.090691 0.138586 0.779922 0.660034
183.399994 0.090618 0.136927 0.777355 0.662533
183.500000 0.090427 0.135541 0.777933 0.660298
183.599991 0.090318 0.134827 0.784657 0.659932
183.699997 0.089918 0.133827 0.786557 0.660932
183.800003 0.089391 0.133987 0.787221 0.657834
183.899994 0.089309 0.132913 0.787179 0.654665
184.000000 0.089109 0.131313 0.785479 0.655766
184.099991 0.089227 0.132640 0.781134 0.654696
184.199997 0.089672 0.134408 0.779924 0.657326
184.300003 0.090291 0.136986 0.779822 0.654635
184.399994 0.090427 0.138241 0.781234 0.655897
184.500000 0.091564 0.139197 0.784649 0.655259
184.599991 0.091737 0.138956 0.782113 0.655262
184.699997 0.092498 0.141644 0.784537 0.659075
184.800003 0.092681 0.142771 0.785243 0.658868
184.899994 0.092819 0.142729 0.785057 0.656931
185.000000 0.092619 0.143029 0.785857 0.655231
185.099991 0.092519 0.143029 0.785157 0.661332
185.199997 0.092446 0.142771 0.786893 0.663032
185.300003 0.093300 0.141500 0.792000 0.661500
185.399994 0.094000 0.142000 0.796300 0.661100
185.500000 0.093437 0.142057 0.793217 0.660664
185.599991 0.094119 0.143029 0.793659 0.660032
185.699997 0.093300 0.143100 0.793800 0.659100
185.800003 0.092118 0.142529 0.795459 0.660532
185.899994 0.091627 0.142943 0.796839 0.659298
186.000000 0.091463 0.143842 0.802279 0.664834
186.099991 0.091000 0.139954 0.803083 0.666133
186.199997 0.091609 0.138314 0.802380 0.668067
186.300003 0.091500 0.138000 0.803400 0.668700
186.399994 0.091127 0.137041 0.799940 0.667200
186.500000 0.091155 0.134781 0.799380 0.666700
186.599991 0.091300 0.135000 0.798300 0.666300
186.699997 0.090282 0.134173 0.794041 0.663267
186.800003 0.089800 0.133700 0.795500 0.665500
186.899994 0.089728 0.136591 0.794365 0.663569
187.000000 0.089400 0.137900 0.793300 0.663500
187.099991 0.089572 0.137910 0.797138 0.665432
187.199997 0.089418 0.135827 0.799760 0.667133
187.300003 0.089464 0.137445 0.798681 0.668733
187.399994 0.089691 0.138686 0.797920 0.672133
187.500000 0.091000 0.140400 0.796000 0.672900
187.599991 0.091800 0.141100 0.795200 0.678700
187.699997 0.092591 0.141486 0.795820 0.678732
187.800003 0.092482 0.140672 0.795741 0.676865
187.899994 0.092656 0.140885 0.797278 0.676006
188.000000 0.093172 0.141158 0.800260 0.677697
188.099991 0.092754 0.138031 0.799200 0.675662
188.199997 0.092683 0.138124 0.799419 0.675708
188.300003 0.092100 0.137400 0.801600 0.674000
188.399994 0.092009 0.138714 0.800980 0.672867
188.500000 0.092409 0.137814 0.804280 0.676068
188.599991 0.092409 0.138514 0.802880 0.678168
188.699997 0.093144 0.141315 0.801119 0.676994
188.800003 0.092954 0.140030 0.799600 0.674963
188.899994 0.092465 0.139097 0.798959 0.678075
189.000000 0.092528 0.138742 0.800840 0.678403
189.099991 0.093147 0.138069 0.801401 0.679340
189.199997 0.093600 0.137800 0.799900 0.680400
189.300003 0.094019 0.136627 0.795659 0.680536
189.399994 0.093700 0.137300 0.793300 0.681600
189.500000 0.093400 0.137000 0.796300 0.679500
189.599991 0.092700 0.135400 0.796100 0.679600
189.699997 0.093181 0.136073 0.794041 0.674665
189.800003 0.093609 0.133913 0.792479 0.675268
189.899994 0.092900 0.135400 0.793400 0.676000
190.000000 0.093491 0.137786 0.795620 0.677432
190.099991 0.093419 0.138928 0.794359 0.676435
190.199997 0.094119 0.139328 0.794959 0.679536
190.300003 0.094100 0.139700 0.796200 0.680900
190.399994 0.093619 0.138428 0.796759 0.683337
190.500000 0.094419 0.139028 0.795459 0.684637
190.599991 0.094009 0.140614 0.796880 0.684468
190.699997 0.093791 0.142886 0.798320 0.686831
190.800003 0.094338 0.143858 0.799520 0.686675
190.899994 0.092928 0.142743 0.801440 0.687106
191.000000 0.092819 0.142428 0.802060 0.685437
191.099991 0.092546 0.142771 0.800200 0.689845
191.199997 0.091664 0.141099 0.801461 0.687982
191.300003 0.091618 0.141028 0.800960 0.687838
191.399994 0.090700 0.141200 0.801600 0.688200
191.500000 0.091627 0.142743 0.802141 0.684505
191.599991 0.091400 0.146000 0.803100 0.684100
191.699997 0.091045 0.145113 0.804217 0.687687
191.800003 0.091191 0.144986 0.799120 0.687331
191.899994 0.090891 0.144886 0.798220 0.688131
192.000000 0.090909 0.145515 0.800680 0.688369
192.099991 0.090818 0.148830 0.801860 0.687337
192.199997 0.090900 0.150566 0.797477 0.681650
192.300003 0.090100 0.149000 0.798800 0.682500
192.399994 0.090091 0.148785 0.797720 0.679132
192.500000 0.091027 0.148745 0.796239 0.680504
192.599991 0.089981 0.147933 0.796817 0.682514
192.699997 0.089036 0.146359 0.796419 0.676771
192.800003 0.089509 0.148715 0.797780 0.676668
192.899994 0.089900 0.149100 0.799100 0.677500
193.000000 0.090864 0.148404 0.801061 0.676974
193.099991 0.090718 0.147630 0.799660 0.676835
193.199997 0.090746 0.148111 0.799320 0.678593
193.300003 0.090191 0.147985 0.800820 0.680632
193.399994 0.089827 0.149545 0.801140 0.680104
193.500000 0.089336 0.147459 0.801020 0.682773
193.599991 0.088344 0.143272 0.802601 0.683842
193.699997 0.088070 0.145416 0.801541 0.682946
193.800003 0.088191 0.147085 0.802720 0.679232
193.899994 0.088009 0.144814 0.797480 0.671567
194.000000 0.088989 0.144845 0.796396 0.670270
194.099991 0.089300 0.146400 0.801800 0.673600
194.199997 0.089536 0.147559 0.800020 0.670668
194.300003 0.090454 0.149089 0.799480 0.669702
194.399994 0.089736 0.149560 0.800120 0.674170
194.500000 0.089218 0.149230 0.801360 0.671434
194.599991 0.088309 0.147215 0.799580 0.672167
194.699997 0.087553 0.146888 0.800780 0.670302
194.800003 0.087744 0.148374 0.800900 0.671336
194.899994 0.087191 0.145785 0.798920 0.672133
195.000000 0.087117 0.146529 0.798560 0.669534
195.099991 0.087526 0.144543 0.798239 0.673002
195.199997 0.087935 0.144858 0.796719 0.674570
195.300003 0.087600 0.143100 0.794500 0.673900
195.399994 0.087509 0.141414 0.796780 0.673467
195.500000 0.086326 0.139742 0.796739 0.670301
195.599991 0.086300 0.138600 0.797700 0.673500
195.699997 0.087365 0.137745 0.801080 0.673730
195.800003 0.088427 0.138241 0.799440 0.676303
195.899994 0.088185 0.137222 0.798362 0.677619
196.000000 0.086600 0.138100 0.800300 0.678600
196.099991 0.085837 0.138321 0.799179 0.677484
196.199997 0.086417 0.140028 0.797559 0.675935
196.300003 0.087117 0.140528 0.800760 0.681936
196.399994 0.088274 0.137659 0.807258 0.686494
196.500000 0.088309 0.137514 0.806581 0.687369
196.599991 0.087618 0.139428 0.808562 0.688338
196.699997 0.087500 0.138800 0.808100 0.686900
196.800003 0.088044 0.139470 0.811806 0.686043
196.899994 0.089200 0.140900 0.812300 0.688000
197.000000 0.089273 0.139758 0.808757 0.686394
197.099991 0.089100 0.141100 0.809400 0.688100
197.199997 0.088691 0.138086 0.806719 0.682232
197.300003 0.088627 0.137441 0.807142 0.681905
197.399994 0.089627 0.139542 0.807642 0.683905
197.500000 0.089573 0.141158 0.807258 0.681895
197.599991 0.090109 0.142314 0.808481 0.683068
197.699997 0.089118 0.142829 0.810762 0.684037
197.800003 0.090063 0.144101 0.810367 0.684779
197.899994 0.089827 0.143243 0.809243 0.680504
198.000000 0.089818 0.142729 0.811362 0.682737
198.099991 0.089718 0.144729 0.809962 0.681236
198.199997 0.090209 0.147115 0.810081 0.681868
198.300003 0.089818 0.145429 0.812763 0.683637
198.399994 0.090182 0.143971 0.814437 0.684463
198.500000 0.090182 0.143371 0.816237 0.683063
198.599991 0.089700 0.142100 0.815500 0.680400
198.699997 0.089700 0.142000 0.817500 0.679200
198.800003 0.089954 0.144086 0.818491 0.680208
198.899994 0.089791 0.143986 0.819418 0.680332
199.000000 0.088893 0.145925 0.818718 0.680883
199.099991 0.089709 0.145915 0.817482 0.681468
199.199997 0.089546 0.143614 0.820708 0.685089
199.300003 0.090018 0.143229 0.820864 0.682436
199.399994 0.090109 0.142914 0.823182 0.684168
199.500000 0.089173 0.142457 0.822653 0.683195
199.599991 0.089455 0.141929 0.823588 0.681359
199.699997 0.088800 0.143300 0.822500 0.684400
199.800003 0.089400 0.146100 0.823300 0.688700
199.899994 0.089581 0.147233 0.823541 0.689120
