0.000000 0.000100 0.001299 0.000000 0.000100
0.100000 0.001300 0.008198 0.001000 0.000900
0.200000 0.002201 0.014104 0.001701 0.002301
0.300000 0.002802 0.019111 0.003302 0.003902
0.400000 0.003500 0.025000 0.003700 0.005100
0.500000 0.004298 0.029288 0.003599 0.006198
0.600000 0.005898 0.032587 0.004998 0.007797
0.700000 0.006899 0.034897 0.005699 0.008499
0.800000 0.008205 0.039023 0.007304 0.009206
0.900000 0.009095 0.041575 0.007995 0.010694
1.000000 0.009803 0.042613 0.008503 0.011203
1.100000 0.011794 0.045377 0.008496 0.011294
1.200000 0.012697 0.047690 0.009798 0.011498
1.300000 0.013700 0.050400 0.011600 0.013200
1.400000 0.014581 0.051633 0.014082 0.014281
1.500000 0.015209 0.053232 0.016410 0.015409
1.600000 0.016195 0.055483 0.018394 0.016795
1.700000 0.016902 0.056406 0.019902 0.017102
1.800000 0.017398 0.059594 0.020298 0.018698
1.900000 0.018298 0.060294 0.021198 0.019598
2.000000 0.018996 0.061688 0.021596 0.020196
2.100000 0.019604 0.060812 0.021604 0.021004
2.200000 0.020100 0.060100 0.022300 0.023100
2.300000 0.020702 0.062206 0.023702 0.023802
2.400000 0.020800 0.064000 0.026000 0.025800
2.500000 0.021702 0.064806 0.026103 0.025603
2.600000 0.022402 0.066507 0.027203 0.027503
2.700000 0.023409 0.065926 0.028011 0.027311
2.800000 0.024295 0.066787 0.028394 0.027495
2.900000 0.024902 0.069007 0.029303 0.030103
3.000000 0.025208 0.069521 0.030709 0.032510
3.100000 0.025782 0.070451 0.032477 0.033776
3.200000 0.026605 0.069614 0.032907 0.035307
3.300000 0.027311 0.069328 0.035314 0.037515
3.400000 0.027994 0.068686 0.036793 0.038392
3.500000 0.028700 0.070300 0.038200 0.038000
3.600000 0.030003 0.071007 0.039804 0.039404
3.700000 0.031009 0.071922 0.041112 0.039612
3.800000 0.032003 0.073107 0.042504 0.039904
3.900000 0.032697 0.072093 0.042096 0.040496
4.000000 0.033820 0.073444 0.042926 0.042526
4.100000 0.034190 0.074878 0.044887 0.043787
4.200000 0.034724 0.078255 0.045732 0.043931
4.300000 0.035104 0.081008 0.045505 0.044304
4.400000 0.035636 0.081882 0.047447 0.043644
4.500000 0.035368 0.082426 0.047957 0.043960
4.600000 0.035679 0.080252 0.049970 0.045473
4.700000 0.036100 0.080800 0.048900 0.048600
4.800000 0.036289 0.079576 0.050285 0.047386
4.900000 0.036504 0.080908 0.052805 0.049505
5.000000 0.037704 0.080508 0.051805 0.050305
5.100000 0.038404 0.080008 0.053205 0.051905
5.200000 0.038704 0.080808 0.054205 0.051105
5.300000 0.039408 0.079816 0.054611 0.050410
5.400000 0.039304 0.079208 0.051005 0.051405
5.500000 0.040004 0.082708 0.052105 0.053405
5.600000 0.040516 0.083733 0.052721 0.053321
5.700000 0.040892 0.084283 0.053889 0.053889
5.800000 0.040808 0.083617 0.055511 0.054811
5.900000 0.041012 0.084125 0.055717 0.055617
6.000000 0.041441 0.084785 0.055556 0.056456
6.100000 0.042342 0.084184 0.056757 0.058158
6.200000 0.043509 0.085117 0.058612 0.058612
6.300000 0.044200 0.083900 0.058800 0.060100
6.400000 0.044982 0.083467 0.057977 0.062775
6.500000 0.044991 0.084983 0.057489 0.064087
6.600000 0.044813 0.084625 0.058117 0.063219
6.700000 0.045900 0.084500 0.058700 0.066700
6.800000 0.046477 0.085057 0.061169 0.066667
6.900000 0.047272 0.085249 0.062063 0.068159
7.000000 0.047805 0.086309 0.062506 0.069907
7.100000 0.048815 0.087426 0.064019 0.071121
7.200000 0.049015 0.088226 0.064619 0.074422
7.300000 0.050145 0.089681 0.064658 0.077169
7.400000 0.050190 0.091982 0.062887 0.078584
7.500000 0.050020 0.091437 0.064026 0.077831
7.600000 0.051400 0.090400 0.066300 0.078000
7.700000 0.051795 0.090391 0.066893 0.079492
7.800000 0.051590 0.090182 0.066887 0.080084
7.900000 0.052295 0.090991 0.067493 0.080592
8.000000 0.052269 0.089446 0.070258 0.078953
8.099999 0.053416 0.088326 0.070921 0.079324
8.200000 0.054005 0.086909 0.071907 0.082008
8.300000 0.054684 0.086574 0.072878 0.082475
8.400000 0.054800 0.085300 0.070900 0.083800
8.500000 0.054900 0.085600 0.069600 0.083600
8.599999 0.055506 0.087809 0.071507 0.085209
8.700000 0.056100 0.087800 0.076300 0.086900
8.800000 0.054900 0.086100 0.075400 0.086300
8.900000 0.055544 0.085969 0.076261 0.084067
9.000000 0.056500 0.088000 0.077600 0.084600
9.099999 0.057240 0.090463 0.078155 0.086661
9.200000 0.057512 0.093019 0.080116 0.086217
9.300000 0.057394 0.092591 0.081492 0.085991
9.400000 0.057617 0.095529 0.083325 0.087826
9.500000 0.057523 0.097539 0.084034 0.090036
9.599999 0.057888 0.094681 0.084883 0.092881
9.700000 0.058306 0.094509 0.084608 0.096210
9.800000 0.058506 0.093309 0.083208 0.099310
9.900000 0.059182 0.094072 0.083175 0.099270
10.000000 0.059482 0.095371 0.084375 0.100070
10.099999 0.059624 0.094738 0.085034 0.101441
10.200000 0.061194 0.095790 0.084991 0.103090
10.300000 0.061194 0.097190 0.084892 0.105489
10.400000 0.061224 0.097739 0.088435 0.108443
10.500000 0.061443 0.097568 0.089963 0.110778
10.599999 0.061206 0.097310 0.088609 0.113911
10.700000 0.061843 0.098069 0.088562 0.113780
10.800000 0.062006 0.099910 0.090809 0.113911
10.900000 0.062106 0.100610 0.091009 0.114611
11.000000 0.063206 0.099910 0.094209 0.114211
11.099999 0.063219 0.100430 0.095929 0.114534
11.200000 0.063200 0.099500 0.099200 0.118400
11.300000 0.063500 0.098400 0.101000 0.119500
11.400000 0.064800 0.098800 0.102500 0.119500
11.500000 0.064613 0.099620 0.101820 0.123025
11.599999 0.066053 0.099480 0.104283 0.126601
11.700000 0.067027 0.100240 0.103241 0.125350
11.800000 0.066887 0.100580 0.105979 0.124375
11.900000 0.067593 0.099690 0.110689 0.126887
12.000000 0.067514 0.099220 0.112823 0.128826
12.099999 0.068207 0.101710 0.113511 0.131213
12.200000 0.068793 0.103890 0.113889 0.129887
12.300000 0.068407 0.104910 0.114311 0.130713
12.400000 0.068414 0.105821 0.115223 0.130926
12.500000 0.069414 0.108822 0.115323 0.134727
12.599999 0.069007 0.109811 0.114711 0.135714
12.700000 0.069314 0.110922 0.116423 0.136827
12.799999 0.068434 0.113057 0.116358 0.136568
12.900000 0.069035 0.115058 0.115958 0.137869
13.000000 0.069814 0.115923 0.115923 0.136127
13.099999 0.069393 0.114289 0.118488 0.134487
13.200000 0.069107 0.114111 0.117712 0.135014
13.299999 0.069786 0.114677 0.116777 0.136773
13.400000 0.068893 0.112689 0.118388 0.136686
13.500000 0.069621 0.112834 0.119936 0.137941
13.599999 0.070000 0.114600 0.120700 0.140300
13.700000 0.070501 0.114240 0.121530 0.139904
13.799999 0.069442 0.113368 0.119872 0.139284
13.900000 0.069700 0.111700 0.120200 0.142600
14.000000 0.070700 0.111700 0.121500 0.142200
14.099999 0.070358 0.109434 0.121027 0.143614
14.200000 0.070507 0.110711 0.118912 0.144214
14.299999 0.071765 0.109098 0.122010 0.141828
14.400000 0.072086 0.109878 0.123075 0.145571
14.500000 0.072207 0.110111 0.126513 0.145815
14.599999 0.072573 0.108809 0.126827 0.145646
14.700000 0.072700 0.108900 0.127400 0.146500
14.799999 0.072915 0.110822 0.128126 0.144429
14.900000 0.073341 0.109213 0.128098 0.143985
15.000000 0.074807 0.109711 0.128013 0.146715
15.099999 0.075470 0.112655 0.129648 0.149540
15.200000 0.076646 0.114920 0.130209 0.149295
15.299999 0.076685 0.115877 0.134173 0.149470
15.400000 0.076638 0.116258 0.137269 0.149975
15.500000 0.077031 0.114646 0.137055 0.151561
15.599999 0.077100 0.115500 0.138600 0.156000
15.700000 0.077500 0.115400 0.141000 0.156400
15.799999 0.075800 0.112100 0.142800 0.155300
15.900000 0.076600 0.113600 0.144700 0.154900
16.000000 0.076569 0.115054 0.147541 0.156437
16.100000 0.077108 0.113911 0.149815 0.154215
16.199999 0.077539 0.114957 0.151176 0.155078
16.299999 0.076792 0.113989 0.151885 0.156784
16.400000 0.077600 0.115400 0.153100 0.157400
16.500000 0.077361 0.114943 0.154623 0.158021
16.600000 0.077085 0.114477 0.154069 0.159968
16.699999 0.077000 0.114000 0.153900 0.162500
16.799999 0.077392 0.112889 0.155784 0.163084
16.900000 0.076800 0.112000 0.157500 0.165400
17.000000 0.076646 0.114320 0.156291 0.168482
17.100000 0.076638 0.113857 0.157679 0.166283
17.199999 0.075608 0.113411 0.157116 0.166617
17.299999 0.075638 0.113357 0.157079 0.168784
17.400000 0.076230 0.116046 0.160064 0.174970
17.500000 0.075592 0.116388 0.160184 0.174283
17.600000 0.075692 0.115688 0.163384 0.176182
17.699999 0.076191 0.115439 0.165298 0.177413
17.799999 0.076377 0.115665 0.164851 0.180446
17.900000 0.077200 0.117100 0.167200 0.182300
18.000000 0.077508 0.116312 0.166017 0.185519
18.100000 0.077169 0.116154 0.167933 0.186425
18.199999 0.077992 0.116588 0.166883 0.189281
18.299999 0.078184 0.115977 0.167566 0.189762
18.400000 0.078492 0.116988 0.165983 0.190881
18.500000 0.079100 0.115700 0.165000 0.190900
18.600000 0.079400 0.117800 0.167300 0.190900
18.699999 0.080160 0.120340 0.166717 0.192004
18.799999 0.080092 0.118388 0.167283 0.192181
18.900000 0.079460 0.120040 0.168516 0.192504
19.000000 0.079255 0.118483 0.171720 0.193636
19.100000 0.079316 0.117924 0.174535 0.197139
19.199999 0.079768 0.117953 0.177429 0.198820
19.299999 0.079500 0.117700 0.176700 0.195700
19.400000 0.080644 0.120416 0.177376 0.196862
19.500000 0.080908 0.121912 0.178518 0.195019
19.600000 0.080900 0.122600 0.179100 0.196800
19.699999 0.081216 0.120624 0.183237 0.196739
19.799999 0.081949 0.120973 0.186312 0.196018
19.900000 0.081908 0.119612 0.189019 0.196520
20.000000 0.081208 0.117512 0.190519 0.195920
20.100000 0.081408 0.116612 0.191919 0.194419
20.199999 0.082508 0.120412 0.194319 0.194619
20.299999 0.082451 0.120228 0.193484 0.194783
20.400000 0.082275 0.119164 0.193242 0.196041
20.500000 0.080892 0.117488 0.194881 0.198180
20.600000 0.080708 0.115212 0.201020 0.200020
20.699999 0.080784 0.116377 0.200460 0.200060
20.799999 0.081068 0.117753 0.204518 0.198121
20.900000 0.080600 0.118600 0.205400 0.195700
21.000000 0.080332 0.119448 0.204082 0.194778
21.100000 0.080400 0.121200 0.203000 0.194400
21.199999 0.081767 0.122251 0.202519 0.196222
21.299999 0.082008 0.123212 0.203420 0.195220
21.400000 0.082384 0.122376 0.206859 0.196461
21.500000 0.082408 0.123612 0.208921 0.196620
21.600000 0.081875 0.123163 0.209337 0.197741
21.699999 0.081535 0.123601 0.207934 0.195743
21.799999 0.080900 0.119900 0.204800 0.196700
21.900000 0.080692 0.121588 0.210779 0.198280
22.000000 0.080364 0.121797 0.209868 0.200861
22.100000 0.081149 0.121973 0.213628 0.200520
22.199999 0.080084 0.119776 0.213257 0.198560
22.299999 0.079416 0.121224 0.217544 0.201340
22.400000 0.078787 0.122435 0.217639 0.201121
22.500000 0.078008 0.122812 0.220922 0.203020
22.600000 0.077477 0.122063 0.219334 0.205838
22.699999 0.077446 0.121973 0.221533 0.208525
22.799999 0.078492 0.121188 0.227677 0.210179
22.900000 0.079524 0.124437 0.229869 0.212164
23.000000 0.080424 0.125438 0.227768 0.211964
23.100000 0.080608 0.126713 0.230423 0.213021
23.199999 0.082033 0.125750 0.230392 0.215286
23.299999 0.082600 0.126100 0.230000 0.215300
23.400000 0.083617 0.126525 0.227345 0.213843
23.500000 0.082925 0.125487 0.226196 0.216805
23.600000 0.082451 0.125425 0.225864 0.216170
23.699999 0.081484 0.124175 0.225555 0.215657
23.799999 0.082308 0.126213 0.226623 0.214521
23.900000 0.081108 0.124412 0.224922 0.216422
24.000000 0.080784 0.123975 0.226655 0.215557
24.100000 0.081476 0.125262 0.230931 0.216435
24.199999 0.081555 0.122833 0.231640 0.218014
24.299999 0.081500 0.122000 0.233000 0.219400
24.400000 0.081941 0.122061 0.233517 0.221411
24.500000 0.082617 0.122725 0.231046 0.222745
24.600000 0.082149 0.124375 0.232339 0.221433
24.699999 0.080564 0.121797 0.237590 0.223179
24.799999 0.080492 0.121088 0.237176 0.223778
24.900000 0.080016 0.121624 0.237648 0.221644
25.000000 0.080140 0.123162 0.236618 0.224312
25.100000 0.079700 0.122200 0.236200 0.223300
25.199999 0.079776 0.122463 0.235729 0.222833
25.299999 0.080032 0.123549 0.237195 0.223589
25.400000 0.080144 0.124513 0.242930 0.225042
25.500000 0.080808 0.122812 0.244124 0.225723
25.599998 0.080940 0.123062 0.241421 0.227114
25.699999 0.081684 0.122875 0.242152 0.229654
25.799999 0.081975 0.122463 0.243127 0.230131
25.900000 0.081816 0.121724 0.246349 0.230246
26.000000 0.082392 0.124288 0.246675 0.230977
26.099998 0.083083 0.124625 0.248649 0.230330
26.199999 0.083208 0.123712 0.247625 0.229423
26.299999 0.082733 0.124550 0.245198 0.229992
26.400000 0.082850 0.125475 0.247148 0.230338
26.500000 0.082792 0.126187 0.252275 0.232377
26.599998 0.082908 0.127313 0.250125 0.235524
26.699999 0.082475 0.124863 0.253824 0.234730
26.799999 0.083200 0.125400 0.255100 0.235100
26.900000 0.084208 0.124112 0.255026 0.235424
27.000000 0.084024 0.124788 0.254271 0.235688
27.099998 0.083433 0.123801 0.253197 0.235112
27.199999 0.084317 0.123625 0.251250 0.234347
27.299999 0.084917 0.124825 0.252551 0.236047
27.400000 0.085200 0.124300 0.254000 0.236300
27.500000 0.085291 0.124888 0.260474 0.235276
27.599998 0.084983 0.124675 0.260848 0.235753
27.699999 0.085309 0.125313 0.262726 0.235324
27.799999 0.084892 0.124888 0.262574 0.237276
27.900000 0.084600 0.124900 0.263900 0.240800
28.000000 0.084200 0.124500 0.267500 0.238900
28.099998 0.084468 0.125701 0.270316 0.241393
28.199999 0.085483 0.127874 0.270546 0.239952
28.299999 0.086209 0.129413 0.270127 0.238024
28.400000 0.085891 0.130887 0.272573 0.238676
28.500000 0.085491 0.129987 0.270973 0.243276
28.599998 0.085900 0.130800 0.270800 0.244700
28.699999 0.085589 0.130530 0.274243 0.244582
28.799999 0.086131 0.130496 0.277278 0.242606
28.900000 0.085366 0.132547 0.277789 0.241903
29.000000 0.084600 0.132400 0.277700 0.243500
29.099998 0.084384 0.131732 0.281682 0.238839
29.199999 0.084067 0.131205 0.283327 0.236890
29.299999 0.084658 0.133333 0.286257 0.236982
29.400000 0.085460 0.133193 0.284799 0.237967
29.500000 0.085991 0.130987 0.287471 0.243376
29.599998 0.086509 0.130813 0.287229 0.242024
29.699999 0.086269 0.133907 0.288831 0.241994
29.799999 0.085917 0.133327 0.283757 0.242148
29.900000 0.086052 0.132379 0.286472 0.240744
30.000000 0.085134 0.134154 0.287115 0.240196
30.099998 0.086435 0.133153 0.289016 0.239496
30.199999 0.085609 0.132513 0.294229 0.239424
30.299999 0.086009 0.132813 0.296230 0.237524
30.400000 0.085909 0.134013 0.296030 0.239824
30.500000 0.085409 0.132913 0.295830 0.241224
30.599998 0.084825 0.131740 0.299290 0.240872
30.699999 0.084692 0.133387 0.299070 0.242876
30.799999 0.085243 0.135268 0.301951 0.242921
30.900000 0.085434 0.134654 0.301120 0.243597
31.000000 0.085326 0.129939 0.303691 0.244973
31.099998 0.085700 0.131300 0.304000 0.245700
31.199999 0.085726 0.131639 0.306192 0.245174
31.299999 0.085534 0.131353 0.307023 0.247399
31.400000 0.085100 0.132700 0.309000 0.248900
31.500000 0.084991 0.134687 0.310369 0.246875
31.599998 0.084876 0.136423 0.309879 0.247423
31.699999 0.084600 0.135800 0.314600 0.246600
31.799999 0.084000 0.135500 0.315500 0.244700
31.900000 0.082859 0.135032 0.316942 0.244878
32.000000 0.082900 0.134500 0.317300 0.249600
32.099998 0.083258 0.133433 0.314143 0.250375
32.200001 0.083042 0.134167 0.307854 0.250825
32.299999 0.083250 0.135519 0.311013 0.251449
32.399998 0.083583 0.135673 0.313737 0.253249
32.500000 0.084500 0.137600 0.314000 0.253500
32.599998 0.084492 0.137486 0.313969 0.254675
32.700001 0.083692 0.138686 0.318368 0.257574
32.799999 0.084551 0.137082 0.323494 0.257655
32.899998 0.084617 0.135827 0.322565 0.257251
33.000000 0.085191 0.135086 0.324668 0.257474
33.099998 0.085334 0.135254 0.325230 0.256503
33.200001 0.085874 0.136059 0.329201 0.255223
33.299999 0.085709 0.134713 0.329933 0.257126
33.399998 0.085809 0.133813 0.329333 0.260326
33.500000 0.086183 0.135473 0.328534 0.258848
33.599998 0.086309 0.136514 0.329533 0.257426
33.700001 0.086417 0.136727 0.329366 0.255551
33.799999 0.087178 0.136623 0.326093 0.261535
33.899998 0.087109 0.139414 0.330033 0.263526
34.000000 0.085777 0.138925 0.330598 0.263437
34.099998 0.085260 0.136195 0.334434 0.261183
34.200001 0.085557 0.138731 0.333733 0.263468
34.299999 0.085934 0.140056 0.332833 0.265906
34.399998 0.084666 0.137945 0.332767 0.263695
34.500000 0.084758 0.138831 0.334233 0.262369
34.599998 0.084668 0.139812 0.333867 0.259708
34.700001 0.085517 0.140228 0.335067 0.259552
34.799999 0.086034 0.140356 0.337835 0.263005
34.899998 0.086426 0.141142 0.337501 0.264879
35.000000 0.086726 0.140942 0.340802 0.264679
35.099998 0.086217 0.139728 0.339468 0.265553
35.200001 0.085791 0.138486 0.344166 0.267873
35.299999 0.085332 0.137590 0.345524 0.269484
35.399998 0.085426 0.138342 0.348505 0.268781
35.500000 0.085428 0.140711 0.347521 0.266199
35.599998 0.085517 0.139528 0.349270 0.265753
35.700001 0.085251 0.138883 0.348709 0.263158
35.799999 0.085791 0.141386 0.347965 0.264074
35.899998 0.085491 0.140286 0.348365 0.266873
36.000000 0.086048 0.141415 0.345992 0.267040
36.099998 0.085583 0.141672 0.349830 0.266447
36.200001 0.085183 0.139372 0.350630 0.262947
36.299999 0.085117 0.139028 0.350470 0.267854
36.399998 0.084075 0.137459 0.348495 0.268120
36.500000 0.083983 0.137273 0.347331 0.270346
36.599998 0.084700 0.136400 0.350400 0.267400
36.700001 0.084808 0.136714 0.348735 0.266527
36.799999 0.084334 0.135254 0.351240 0.267407
36.899998 0.085034 0.136655 0.349540 0.265206
37.000000 0.085126 0.136741 0.347604 0.265180
37.099998 0.083383 0.135773 0.349530 0.265847
37.200001 0.083025 0.133340 0.345204 0.262779
37.299999 0.082983 0.132473 0.346931 0.264147
37.399998 0.083042 0.130765 0.348374 0.262731
37.500000 0.083450 0.132920 0.349190 0.262243
37.599998 0.083900 0.131900 0.348800 0.262200
37.700001 0.083425 0.131239 0.351505 0.264179
37.799999 0.083550 0.133980 0.347208 0.265659
37.899998 0.083375 0.132960 0.347796 0.265520
38.000000 0.084183 0.136473 0.345831 0.266547
38.099998 0.085140 0.139103 0.347457 0.267613
38.200001 0.086200 0.140100 0.348600 0.266000
38.299999 0.086791 0.141386 0.353365 0.267573
38.399998 0.087400 0.140400 0.352000 0.267200
38.500000 0.086983 0.140572 0.349030 0.264547
38.599998 0.086500 0.136800 0.352000 0.263300
38.700001 0.086900 0.137200 0.352900 0.266600
38.799999 0.086883 0.138672 0.356029 0.268046
38.899998 0.087344 0.137369 0.353677 0.269335
39.000000 0.086626 0.137641 0.356307 0.268280
39.099998 0.087109 0.138314 0.359436 0.267927
39.200001 0.087191 0.137186 0.360164 0.269273
39.299999 0.088074 0.135459 0.361592 0.269619
39.399998 0.088927 0.134840 0.362009 0.273682
39.500000 0.089209 0.136014 0.359036 0.274827
39.599998 0.088418 0.134827 0.355771 0.275855
39.700001 0.088491 0.135686 0.357264 0.275272
39.799999 0.088400 0.137200 0.358600 0.276000
39.899998 0.088100 0.139300 0.356400 0.278800
40.000000 0.088827 0.139042 0.355707 0.277083
40.099998 0.089045 0.137569 0.353177 0.275838
40.200001 0.088827 0.137941 0.352306 0.275583
40.299999 0.088365 0.139444 0.352759 0.279888
40.399998 0.088109 0.138514 0.354735 0.283328
40.500000 0.089309 0.138414 0.355936 0.283128
40.599998 0.089836 0.137755 0.355542 0.283914
40.700001 0.090755 0.136432 0.358121 0.286057
40.799999 0.090527 0.136741 0.356007 0.286586
40.899998 0.090818 0.137576 0.359277 0.285243
41.000000 0.090736 0.134354 0.358844 0.281913
41.099998 0.091537 0.134454 0.359044 0.281112
41.200001 0.091627 0.136441 0.361608 0.284985
41.299999 0.092037 0.136555 0.359044 0.285414
41.399998 0.091646 0.137369 0.361181 0.288244
41.500000 0.090818 0.136627 0.359272 0.288458
41.599998 0.091400 0.137100 0.361300 0.290500
41.700001 0.089690 0.135936 0.360460 0.290490
41.799999 0.089637 0.136005 0.361647 0.296492
41.899998 0.089618 0.135227 0.361072 0.295359
42.000000 0.090818 0.135327 0.361772 0.295659
42.099998 0.091300 0.136450 0.361998 0.294624
42.200001 0.092283 0.137123 0.362126 0.296667
42.299999 0.091700 0.134400 0.361200 0.299200
42.399998 0.091800 0.137100 0.363700 0.299700
42.500000 0.091627 0.137390 0.363209 0.299860
42.599998 0.092000 0.138600 0.364400 0.296000
42.700001 0.091627 0.137941 0.362309 0.295789
42.799999 0.092109 0.137514 0.363236 0.297530
42.899998 0.092409 0.136214 0.362636 0.300330
43.000000 0.092800 0.134100 0.363300 0.304100
43.099998 0.092846 0.135668 0.361781 0.307354
43.200001 0.092500 0.136300 0.356700 0.305400
43.299999 0.092182 0.136173 0.354229 0.306039
43.399998 0.092111 0.135463 0.359031 0.307769
43.500000 0.091790 0.135737 0.360967 0.312425
43.599998 0.091518 0.135578 0.359676 0.312619
43.700001 0.091382 0.138172 0.361428 0.309738
43.799999 0.091645 0.138617 0.359484 0.311413
43.899998 0.091009 0.139514 0.360336 0.310831
44.000000 0.091537 0.141156 0.362445 0.311725
44.099998 0.092900 0.141900 0.364200 0.311200
44.200001 0.092100 0.144200 0.360800 0.312400
44.299999 0.092719 0.143629 0.361072 0.315863
44.399998 0.093163 0.144742 0.364254 0.321172
44.500000 0.092337 0.143657 0.360144 0.321128
44.599998 0.092391 0.144586 0.359164 0.321768
44.700001 0.092691 0.143786 0.360464 0.324468
44.799999 0.092346 0.143372 0.361281 0.325063
44.899998 0.092354 0.143228 0.363018 0.328336
45.000000 0.091118 0.141328 0.361872 0.328566
45.099998 0.091227 0.140942 0.363509 0.330699
45.200001 0.090682 0.141516 0.362728 0.332168
45.299999 0.090864 0.141499 0.366957 0.332433
45.399998 0.091946 0.142571 0.369685 0.331966
45.500000 0.092400 0.143300 0.374300 0.335700
45.599998 0.092809 0.145115 0.373837 0.336434
45.700001 0.093000 0.146900 0.373100 0.336100
45.799999 0.093356 0.147088 0.371123 0.335701
45.899998 0.093691 0.147185 0.369663 0.335466
46.000000 0.094291 0.147485 0.369963 0.334467
46.099998 0.093419 0.146629 0.370774 0.337067
46.200001 0.093472 0.146056 0.366590 0.338099
46.299999 0.093991 0.145685 0.366163 0.335466
46.399998 0.094119 0.144629 0.367473 0.335567
46.500000 0.093975 0.144716 0.363991 0.337070
46.599998 0.094328 0.145043 0.363809 0.336301
46.700001 0.093591 0.145185 0.367263 0.336766
46.799999 0.093372 0.146456 0.367990 0.335699
46.899998 0.092765 0.148804 0.367457 0.335335
47.000000 0.093037 0.147259 0.372549 0.334634
47.099998 0.093419 0.148330 0.370274 0.333267
47.200001 0.093509 0.147515 0.373937 0.333933
47.299999 0.094028 0.146944 0.374912 0.331900
47.399998 0.094200 0.145800 0.378100 0.332900
47.500000 0.093319 0.145829 0.379076 0.332867
47.599998 0.093247 0.147874 0.379090 0.335468
47.700001 0.093819 0.149230 0.374675 0.333867
47.799999 0.094409 0.148215 0.376738 0.331333
47.899998 0.094909 0.146015 0.377938 0.331633
48.000000 0.095219 0.145929 0.378576 0.331866
48.099998 0.095300 0.143900 0.380900 0.327900
48.200001 0.095700 0.145600 0.388700 0.331700
48.299999 0.096019 0.147730 0.389878 0.336267
48.399998 0.095629 0.148645 0.387016 0.334300
48.500000 0.096781 0.147670 0.390122 0.332034
48.599998 0.097010 0.148015 0.392239 0.333833
48.700001 0.097081 0.147271 0.393121 0.334133
48.799999 0.098159 0.148889 0.392235 0.332099
48.899998 0.098418 0.148178 0.391069 0.331197
49.000000 0.099269 0.149905 0.388672 0.333333
49.099998 0.099420 0.149230 0.391478 0.334967
49.200001 0.099070 0.148955 0.391083 0.335199
49.299999 0.099920 0.150030 0.389878 0.335667
49.399998 0.099990 0.150685 0.387661 0.335666
49.500000 0.099380 0.149520 0.389712 0.337370
49.599998 0.099810 0.150415 0.389339 0.339134
49.700001 0.099190 0.148985 0.388361 0.342866
49.799999 0.098510 0.149315 0.386239 0.342034
49.899998 0.098280 0.149370 0.391122 0.345831
50.000000 0.097768 0.149505 0.389973 0.347443
50.099998 0.097532 0.148596 0.394824 0.346657
50.200001 0.097290 0.148685 0.389461 0.346465
50.299999 0.097880 0.148670 0.389122 0.349830
50.399998 0.097668 0.149905 0.390774 0.353948
50.500000 0.098700 0.150800 0.394200 0.355000
50.599998 0.099220 0.151730 0.394179 0.355571
50.700001 0.100550 0.150425 0.392204 0.357621
50.799999 0.100570 0.150855 0.393082 0.359292
50.899998 0.100690 0.152385 0.395360 0.359164
51.000000 0.099980 0.152070 0.398020 0.360028
51.099998 0.098120 0.151830 0.398880 0.360372
51.199997 0.097510 0.151715 0.398940 0.360236
51.299999 0.097580 0.154269 0.399620 0.363427
51.399998 0.098020 0.154331 0.400180 0.364373
51.500000 0.097971 0.157453 0.398880 0.365490
51.599998 0.097910 0.155916 0.398640 0.369237
51.699997 0.097639 0.155962 0.398059 0.371649
51.799999 0.097820 0.154931 0.393279 0.370874
51.899998 0.097810 0.154715 0.397240 0.371737
52.000000 0.097219 0.154531 0.399980 0.373875
52.099998 0.096910 0.155015 0.401940 0.371837
52.199997 0.096939 0.155262 0.400660 0.370948
52.299999 0.097022 0.153877 0.399281 0.368505
52.399998 0.096681 0.153669 0.396721 0.366127
52.500000 0.096719 0.152831 0.397680 0.368874
52.599998 0.096200 0.152100 0.397300 0.369700
52.699997 0.096558 0.153792 0.395037 0.371623
52.799999 0.096710 0.153315 0.394539 0.368337
52.899998 0.095719 0.155731 0.395379 0.368974
53.000000 0.095600 0.156300 0.393100 0.368300
53.099998 0.095919 0.155031 0.394779 0.367974
53.199997 0.095910 0.154615 0.394039 0.365837
53.299999 0.096100 0.154100 0.394400 0.371900
53.399998 0.095690 0.152785 0.394261 0.369063
53.500000 0.095600 0.153800 0.393200 0.364800
53.599998 0.096619 0.155331 0.393479 0.364773
53.699997 0.097000 0.155000 0.393600 0.368200
53.799999 0.097132 0.155491 0.397422 0.368642
53.899998 0.097710 0.156616 0.399240 0.371237
54.000000 0.097019 0.155031 0.399080 0.375375
54.099998 0.096781 0.154969 0.399820 0.378924
54.199997 0.096062 0.156537 0.400540 0.381148
54.299999 0.096238 0.155062 0.399160 0.382053
54.399998 0.096829 0.154446 0.401320 0.380314
54.500000 0.096900 0.154000 0.399900 0.380800
54.599998 0.096300 0.154800 0.402300 0.380100
54.699997 0.095677 0.154724 0.402022 0.380705
54.799999 0.094819 0.154431 0.403681 0.380376
54.899998 0.095281 0.153869 0.404419 0.382623
55.000000 0.095205 0.153669 0.406547 0.384523
55.099998 0.094800 0.153600 0.409600 0.386400
55.199997 0.094372 0.152554 0.413476 0.388383
55.299999 0.093547 0.151776 0.415508 0.387694
55.399998 0.094109 0.150415 0.413741 0.387539
55.500000 0.094519 0.151130 0.414883 0.387477
55.599998 0.094391 0.152285 0.411259 0.390361
55.699997 0.093994 0.151051 0.414414 0.387187
55.799999 0.094000 0.153300 0.417800 0.388700
55.899998 0.093928 0.152446 0.421526 0.386116
56.000000 0.093450 0.155649 0.426082 0.384515
56.099998 0.092644 0.151909 0.424545 0.385968
56.199997 0.092472 0.153354 0.424373 0.387284
56.299999 0.092400 0.154400 0.426200 0.389700
56.399998 0.092781 0.154769 0.429214 0.389322
56.500000 0.092828 0.153446 0.429129 0.391617
56.599998 0.093591 0.151585 0.430257 0.390661
56.699997 0.094228 0.153346 0.432030 0.389917
56.799999 0.093619 0.153231 0.437187 0.390178
56.899998 0.094119 0.152931 0.438988 0.392478
57.000000 0.093191 0.152685 0.443056 0.393161
57.099998 0.092744 0.152608 0.443434 0.393264
57.199997 0.092700 0.152700 0.440700 0.393300
57.299999 0.092946 0.151976 0.443722 0.385593
57.399998 0.091691 0.151085 0.446455 0.387261
57.500000 0.091909 0.149815 0.444544 0.387539
57.599998 0.091491 0.149585 0.439056 0.392561
57.699997 0.092400 0.150200 0.436800 0.395800
57.799999 0.092981 0.150070 0.436313 0.395321
57.899998 0.093319 0.148930 0.434187 0.394579
58.000000 0.092309 0.150615 0.436644 0.397740
58.099998 0.092265 0.149405 0.443410 0.398979
58.199997 0.092800 0.151000 0.446400 0.395000
58.299999 0.092082 0.151270 0.449510 0.392322
58.399998 0.091682 0.150570 0.448510 0.393021
58.500000 0.091136 0.151160 0.447479 0.389656
58.599998 0.091418 0.151030 0.446189 0.387678
58.699997 0.091155 0.151291 0.444667 0.384931
58.799999 0.091591 0.150585 0.449755 0.385062
58.899998 0.092581 0.152170 0.451710 0.386823
59.000000 0.093309 0.151915 0.452345 0.387439
59.099998 0.093009 0.151815 0.452745 0.389239
59.199997 0.092681 0.150370 0.454609 0.391922
59.299999 0.092800 0.151900 0.455700 0.391800
59.399998 0.092737 0.151961 0.457083 0.390856
59.500000 0.092400 0.150200 0.457400 0.391400
59.599998 0.092781 0.148570 0.457509 0.391022
59.699997 0.092800 0.148400 0.457400 0.390000
59.799999 0.092756 0.151791 0.458575 0.386632
59.899998 0.092437 0.151160 0.467387 0.383553
60.000000 0.092400 0.150600 0.468600 0.384000
60.099998 0.092719 0.152130 0.468394 0.386077
60.199997 0.092026 0.149980 0.468026 0.387190
60.299999 0.090882 0.150836 0.467421 0.386047
60.399998 0.091382 0.149570 0.470106 0.382024
60.500000 0.091763 0.149240 0.470312 0.382447
60.599998 0.092036 0.149995 0.471870 0.380534
60.699997 0.092091 0.150085 0.467553 0.379062
60.799999 0.090827 0.149045 0.466940 0.379714
60.899998 0.091373 0.148355 0.469359 0.380186
61.000000 0.091427 0.145944 0.467740 0.378614
61.099998 0.092182 0.144371 0.467506 0.380124
61.199997 0.092309 0.142514 0.465147 0.380638
61.299999 0.091500 0.139300 0.462700 0.379600
61.399998 0.092581 0.138972 0.459808 0.377624
61.500000 0.091600 0.138700 0.460400 0.378500
61.599998 0.090527 0.138442 0.458237 0.375013
61.699997 0.090618 0.139628 0.458692 0.372875
61.799999 0.090400 0.139500 0.458300 0.378500
61.899998 0.089791 0.138986 0.454855 0.378262
62.000000 0.091009 0.138714 0.454345 0.380438
62.099998 0.090600 0.139900 0.456700 0.379500
62.199997 0.089573 0.140658 0.454664 0.382785
62.299999 0.089809 0.140814 0.458246 0.381838
62.399998 0.090982 0.142372 0.456809 0.383223
62.500000 0.091755 0.144387 0.455373 0.381629
62.599998 0.091691 0.143786 0.456954 0.379562
62.699997 0.092309 0.142714 0.457046 0.379938
62.799999 0.091928 0.141242 0.454136 0.380814
62.899998 0.091418 0.142328 0.458592 0.379976
63.000000 0.092182 0.143171 0.461108 0.381424
63.099998 0.092709 0.144614 0.461446 0.380138
63.199997 0.092309 0.144414 0.463546 0.378738
63.299999 0.092663 0.145442 0.462915 0.378948
63.399998 0.093509 0.146315 0.459146 0.376438
63.500000 0.093237 0.147559 0.457183 0.377451
63.599998 0.092572 0.145956 0.457463 0.374488
63.699997 0.092209 0.146915 0.456846 0.375338
63.799999 0.091218 0.147029 0.455991 0.378276
63.899998 0.091610 0.147277 0.456748 0.378754
64.000000 0.091882 0.146571 0.455509 0.384623
64.099998 0.092337 0.149260 0.454282 0.383653
64.199997 0.092472 0.149655 0.453964 0.383685
64.299995 0.092309 0.148315 0.453945 0.380838
64.400002 0.092546 0.148374 0.453727 0.378189
64.500000 0.093244 0.149310 0.454927 0.380472
64.599998 0.093191 0.150985 0.452555 0.382762
64.699997 0.094000 0.152300 0.453200 0.381900
64.799995 0.093065 0.152006 0.449114 0.377364
64.900002 0.092118 0.149330 0.447890 0.381676
65.000000 0.092418 0.149330 0.449190 0.380776
65.099998 0.092037 0.147659 0.446779 0.374550
65.199997 0.092800 0.149700 0.447400 0.375100
65.299995 0.091855 0.150190 0.449770 0.375425
65.400002 0.091454 0.150325 0.452574 0.382209
65.500000 0.092483 0.151737 0.455110 0.383745
65.599998 0.092620 0.151998 0.455692 0.383398
65.699997 0.092309 0.154015 0.454145 0.386439
65.799995 0.091182 0.154569 0.456109 0.384823
65.900002 0.090982 0.154869 0.458808 0.384023
66.000000 0.092228 0.154246 0.459638 0.387116
66.099998 0.090882 0.152969 0.464407 0.389322
66.199997 0.091691 0.153085 0.465953 0.391661
66.299995 0.091400 0.152600 0.469800 0.388100
66.400002 0.090945 0.151476 0.472636 0.389895
66.500000 0.090309 0.149815 0.469447 0.391439
66.599998 0.089391 0.150385 0.470653 0.395760
66.699997 0.089345 0.151376 0.467734 0.399300
66.799995 0.088518 0.153131 0.466793 0.403481
66.900002 0.088229 0.151379 0.467326 0.404676
67.000000 0.089147 0.152109 0.465920 0.402059
67.099998 0.089454 0.153192 0.464179 0.399940
67.199997 0.089790 0.152052 0.465766 0.400200
67.299995 0.090164 0.150840 0.465714 0.400640
67.400002 0.090391 0.150785 0.466153 0.400660
67.500000 0.090300 0.151800 0.468500 0.399600
67.599998 0.089162 0.150105 0.470329 0.394776
67.699997 0.089616 0.151297 0.471413 0.397116
67.799995 0.089837 0.150495 0.468572 0.395023
67.900002 0.090337 0.149295 0.471170 0.393624
68.000000 0.089982 0.150070 0.473205 0.394821
68.099998 0.089909 0.148415 0.473947 0.395039
68.199997 0.090246 0.146612 0.476414 0.395663
68.299995 0.090336 0.145958 0.475990 0.397959
68.400002 0.090263 0.147603 0.480737 0.399880
68.500000 0.090682 0.146771 0.479804 0.400220
68.599998 0.090500 0.148500 0.476100 0.404200
68.699997 0.091109 0.147077 0.479175 0.405186
68.799995 0.091082 0.144171 0.478704 0.404319
68.900002 0.091418 0.145729 0.483297 0.405481
69.000000 0.092409 0.146415 0.483648 0.402840
69.099998 0.091982 0.147870 0.485303 0.407718
69.199997 0.091346 0.145373 0.488644 0.411406
69.299995 0.092109 0.144914 0.484948 0.409241
69.400002 0.091418 0.145469 0.488660 0.409332
69.500000 0.092109 0.146015 0.489449 0.409741
69.599998 0.091800 0.146200 0.488700 0.409900
69.699997 0.091891 0.146785 0.490651 0.411459
69.799995 0.091709 0.145315 0.485349 0.414141
69.900002 0.092074 0.144816 0.483987 0.415432
70.000000 0.092191 0.145485 0.487851 0.414859
70.099998 0.092491 0.146285 0.489051 0.414559
70.199997 0.092237 0.145058 0.489996 0.411164
70.299995 0.092018 0.143529 0.488798 0.413483
70.400002 0.092382 0.144471 0.490802 0.412318
70.500000 0.092000 0.144600 0.488200 0.417500
70.599998 0.092046 0.146173 0.484642 0.421511
70.699997 0.092482 0.146871 0.486303 0.423215
70.799995 0.092318 0.146829 0.486897 0.421584
70.900002 0.092182 0.147371 0.486903 0.422915
71.000000 0.092500 0.146500 0.490600 0.426400
71.099998 0.092937 0.147259 0.484894 0.424370
71.199997 0.092791 0.146685 0.488051 0.425357
71.299995 0.091700 0.144300 0.486000 0.426300
71.400002 0.091155 0.144787 0.487593 0.426056
71.500000 0.091637 0.145258 0.490896 0.428471
71.599998 0.092009 0.144014 0.491549 0.428543
71.699997 0.091382 0.142571 0.491902 0.432014
71.799995 0.090909 0.141714 0.491349 0.429143
71.900002 0.091710 0.142070 0.490489 0.429415
72.000000 0.090800 0.143700 0.491400 0.428900
72.099998 0.090700 0.144200 0.495000 0.429200
72.199997 0.090336 0.144158 0.499600 0.429672
72.299995 0.090727 0.144943 0.501651 0.430929
72.400002 0.091009 0.147415 0.500450 0.432443
72.500000 0.090282 0.147471 0.507798 0.431014
72.599998 0.090309 0.146115 0.510551 0.432043
72.699997 0.090273 0.144957 0.514246 0.431571
72.799995 0.089927 0.146844 0.516655 0.435431
72.900002 0.089745 0.145273 0.515358 0.438119
73.000000 0.089736 0.145158 0.513305 0.442277
73.099998 0.090409 0.146915 0.513551 0.440044
73.199997 0.089817 0.143687 0.514168 0.443076
73.299995 0.088991 0.141786 0.513949 0.443056
73.400002 0.089818 0.144429 0.507101 0.445189
73.500000 0.089827 0.144743 0.509453 0.446234
73.599998 0.090918 0.147029 0.508602 0.444789
73.699997 0.091709 0.147915 0.505851 0.440644
73.799995 0.091808 0.148751 0.507792 0.440060
73.900002 0.092346 0.146873 0.506153 0.440420
74.000000 0.092628 0.147644 0.511053 0.443333
74.099998 0.092900 0.148800 0.508600 0.440700
74.199997 0.093200 0.148300 0.513000 0.442400
74.299995 0.092974 0.146617 0.513911 0.446257
74.400002 0.093165 0.146202 0.514760 0.446913
74.500000 0.093353 0.145227 0.511444 0.451874
74.599998 0.092944 0.147312 0.513592 0.454827
74.699997 0.092309 0.146015 0.516752 0.451145
74.799995 0.092374 0.145416 0.520116 0.451461
74.900002 0.092800 0.145700 0.515600 0.447900
75.000000 0.091882 0.143971 0.513797 0.444211
75.099998 0.091018 0.142629 0.512002 0.438988
75.199997 0.091200 0.144700 0.512100 0.436600
75.299995 0.090218 0.143929 0.510302 0.433887
75.400002 0.090609 0.145715 0.509851 0.437144
75.500000 0.090200 0.144000 0.511100 0.436300
75.599998 0.090391 0.145885 0.510949 0.436656
75.699997 0.091491 0.145085 0.512049 0.435156
75.799995 0.091473 0.144357 0.512646 0.436069
75.900002 0.092100 0.147400 0.511000 0.434200
76.000000 0.091737 0.148960 0.509904 0.434974
76.099998 0.091700 0.148100 0.509500 0.432700
76.199997 0.092291 0.148085 0.510249 0.432957
76.299995 0.092800 0.146700 0.512600 0.435100
76.400002 0.093519 0.144729 0.512402 0.440788
76.500000 0.093181 0.144271 0.513597 0.443611
76.599998 0.092844 0.143414 0.513792 0.446832
76.699997 0.093209 0.142214 0.515452 0.446745
76.799995 0.092854 0.142629 0.516142 0.447476
76.900002 0.093181 0.143271 0.519796 0.449110
77.000000 0.092180 0.142415 0.520423 0.449616
77.099998 0.091510 0.142871 0.523829 0.449239
77.199997 0.091982 0.143571 0.523695 0.447710
77.299995 0.092891 0.145985 0.525547 0.446055
77.400002 0.092437 0.145058 0.521008 0.448079
77.500000 0.092509 0.143914 0.520752 0.448145
77.599998 0.093281 0.146071 0.520896 0.449510
77.699997 0.094153 0.146627 0.525637 0.449675
77.799995 0.093175 0.145116 0.523919 0.448359
77.900002 0.092300 0.147300 0.521700 0.447600
78.000000 0.091473 0.144557 0.525742 0.451165
78.099998 0.091718 0.144629 0.523905 0.449090
78.199997 0.091400 0.144800 0.524900 0.450200
78.299995 0.090855 0.145287 0.526016 0.448269
78.400002 0.090909 0.144714 0.528553 0.448645
78.500000 0.090091 0.144386 0.527647 0.446055
78.599998 0.092028 0.144743 0.528559 0.447634
78.699997 0.091709 0.145315 0.529353 0.447245
78.799995 0.091273 0.143257 0.532640 0.448565
78.900002 0.091127 0.142643 0.533260 0.449935
79.000000 0.092100 0.143400 0.534300 0.453000
79.099998 0.092500 0.144900 0.535900 0.454300
79.199997 0.092309 0.144914 0.531553 0.458946
79.299995 0.092719 0.144329 0.532507 0.458792
79.400002 0.093393 0.145345 0.537237 0.458859
79.500000 0.094262 0.145742 0.538385 0.460716
79.599998 0.094109 0.145315 0.539054 0.462346
79.699997 0.094100 0.147400 0.543300 0.464400
79.799995 0.093847 0.146773 0.542971 0.462331
79.900002 0.092928 0.144643 0.540862 0.461939
80.000000 0.093537 0.144558 0.541016 0.457783
80.099998 0.094881 0.145671 0.539792 0.465607
80.199997 0.095200 0.144800 0.542800 0.465100
80.299995 0.095919 0.145929 0.541308 0.460892
80.400002 0.096233 0.146497 0.541521 0.461677
80.500000 0.096497 0.147948 0.542142 0.460360
80.599998 0.096190 0.147985 0.544746 0.462854
80.699997 0.095438 0.146959 0.542217 0.465386
80.799995 0.095790 0.147385 0.542546 0.464854
80.900002 0.096629 0.147744 0.546864 0.466940
81.000000 0.096600 0.147000 0.545400 0.469400
81.099998 0.097600 0.148500 0.549800 0.472200
81.199997 0.098490 0.147285 0.549945 0.473953
81.299995 0.098500 0.148800 0.547500 0.475600
81.400002 0.098520 0.149430 0.547710 0.476195
81.500000 0.099230 0.150045 0.547764 0.474742
81.599998 0.099170 0.150055 0.548435 0.474258
81.699997 0.098710 0.148815 0.550755 0.474147
81.799995 0.098890 0.148585 0.550645 0.481352
81.900002 0.099510 0.150115 0.552355 0.479248
82.000000 0.100530 0.151794 0.552913 0.479065
82.099998 0.100230 0.150945 0.553566 0.479644
82.199997 0.101130 0.151345 0.553966 0.477843
82.299995 0.099230 0.149845 0.555367 0.478344
82.400002 0.099820 0.149530 0.555011 0.480396
82.500000 0.101710 0.149915 0.555856 0.482548
82.599998 0.100850 0.149775 0.555778 0.480540
82.699997 0.100710 0.151315 0.550355 0.482248
82.799995 0.100480 0.150870 0.554889 0.481504
82.900002 0.100480 0.151570 0.557089 0.483303
83.000000 0.100110 0.151915 0.561756 0.480848
83.099998 0.099870 0.153454 0.562731 0.478257
83.199997 0.099550 0.152224 0.563218 0.480160
83.299995 0.098710 0.150315 0.565157 0.481648
83.400002 0.098920 0.149330 0.564013 0.480096
83.500000 0.098830 0.150545 0.564069 0.481845
83.599998 0.099020 0.148930 0.563413 0.480996
83.699997 0.099610 0.150265 0.562694 0.477370
83.799995 0.100030 0.146944 0.563369 0.477443
83.900002 0.100290 0.149085 0.565443 0.480652
84.000000 0.100780 0.147970 0.571486 0.480504
84.099998 0.100609 0.148366 0.572085 0.478869
84.199997 0.100520 0.146729 0.571414 0.481596
84.299995 0.101459 0.147341 0.572571 0.485406
84.400002 0.101639 0.146012 0.576554 0.486708
84.500000 0.101620 0.147730 0.576815 0.485297
84.599998 0.101600 0.145800 0.575300 0.485600
84.699997 0.101400 0.145200 0.574500 0.486000
84.799995 0.100690 0.144786 0.576342 0.486251
84.900002 0.100830 0.145044 0.578474 0.485546
85.000000 0.101030 0.145044 0.579174 0.485946
85.099998 0.100400 0.144400 0.582700 0.487700
85.199997 0.100260 0.145287 0.583050 0.486392
85.299995 0.098890 0.142186 0.585441 0.490251
85.400002 0.098981 0.143728 0.586896 0.487615
85.500000 0.099420 0.143429 0.588118 0.485097
85.599998 0.098920 0.145829 0.590218 0.485097
85.699997 0.099250 0.146973 0.588794 0.484742
85.799995 0.098859 0.147188 0.584050 0.483890
85.900002 0.097920 0.145629 0.583417 0.484297
86.000000 0.098930 0.145144 0.579474 0.485846
86.099998 0.098710 0.146315 0.576558 0.485849
86.199997 0.098610 0.148015 0.578558 0.488649
86.299995 0.099040 0.150360 0.583133 0.489896
86.400002 0.098990 0.151785 0.584841 0.489351
86.500000 0.099840 0.153261 0.582533 0.487195
86.599998 0.101120 0.151830 0.584817 0.485397
86.699997 0.101180 0.150670 0.581984 0.485603
86.799995 0.102310 0.150815 0.581458 0.486749
86.900002 0.100750 0.148574 0.582791 0.488144
87.000000 0.100480 0.146918 0.583367 0.487390
87.099998 0.099420 0.148630 0.584117 0.483697
87.199997 0.098590 0.151085 0.585941 0.480952
87.299995 0.098840 0.152761 0.581933 0.481693
87.400002 0.098890 0.152685 0.583542 0.482552
87.500000 0.098780 0.152869 0.583083 0.483103
87.599998 0.099390 0.153485 0.582642 0.483152
87.699997 0.099650 0.155822 0.581909 0.480960
87.799995 0.099790 0.155984 0.584841 0.481152
87.900002 0.099670 0.156853 0.587324 0.482755
88.000000 0.100130 0.156447 0.586376 0.481444
88.099998 0.100861 0.156894 0.588053 0.484791
88.199997 0.101330 0.157747 0.585576 0.488547
88.299995 0.101590 0.157684 0.592041 0.493751
88.400002 0.101710 0.156416 0.591259 0.491349
88.500000 0.102290 0.155384 0.595940 0.493151
88.599998 0.100900 0.155300 0.596700 0.494100
88.699997 0.101010 0.154415 0.596760 0.497750
88.799995 0.100410 0.154715 0.596360 0.498050
88.900002 0.100330 0.154446 0.595779 0.494948
89.000000 0.100570 0.153854 0.596721 0.499650
89.099998 0.100610 0.155216 0.594159 0.501050
89.199997 0.100860 0.154838 0.596262 0.502299
89.299995 0.100730 0.155547 0.595979 0.502951
89.400002 0.100890 0.156384 0.594341 0.503450
89.500000 0.101500 0.156700 0.593100 0.507400
89.599998 0.101971 0.156109 0.588712 0.501751
89.699997 0.102834 0.156403 0.591769 0.504456
89.799995 0.103590 0.157684 0.595140 0.502750
89.900002 0.103279 0.156269 0.597580 0.503899
90.000000 0.103310 0.155516 0.594759 0.501650
90.099998 0.103300 0.154400 0.591300 0.501500
90.199997 0.102700 0.154800 0.590700 0.499200
90.299995 0.102882 0.157426 0.590472 0.498599
90.400002 0.100900 0.158200 0.591100 0.498900
90.500000 0.100990 0.158684 0.589341 0.497450
90.599998 0.101200 0.157500 0.593600 0.496100
90.699997 0.100020 0.154631 0.593019 0.498800
90.799995 0.100520 0.153731 0.589918 0.495199
90.900002 0.100620 0.151630 0.596519 0.495699
91.000000 0.100490 0.150485 0.599640 0.492351
91.099998 0.100070 0.151355 0.593722 0.488553
91.199997 0.099110 0.150715 0.594259 0.490749
91.299995 0.098759 0.151991 0.597358 0.493696
91.400002 0.097920 0.152130 0.597319 0.493799
91.500000 0.097210 0.152515 0.593959 0.490449
91.599998 0.097210 0.151715 0.597460 0.490249
91.699997 0.097300 0.150900 0.602300 0.493400
91.799995 0.096890 0.153185 0.597840 0.492851
91.900002 0.097100 0.153400 0.598300 0.494400
92.000000 0.096910 0.153515 0.593259 0.493549
92.099998 0.095900 0.150600 0.596700 0.492200
92.199997 0.096632 0.151494 0.598581 0.490157
92.299995 0.096948 0.151376 0.597199 0.492446
92.400002 0.097058 0.148789 0.598659 0.490294
92.500000 0.097029 0.149145 0.599780 0.495549
92.599998 0.096219 0.147930 0.595019 0.494799
92.699997 0.095900 0.148200 0.595800 0.495300
92.799995 0.096223 0.147982 0.597322 0.496403
92.900002 0.096390 0.149485 0.597840 0.493951
93.000000 0.097229 0.151245 0.595279 0.491047
93.099998 0.097290 0.150885 0.601040 0.492151
93.199997 0.098339 0.150360 0.602941 0.493197
93.299995 0.098570 0.149055 0.604519 0.493952
93.400002 0.099010 0.150315 0.603560 0.496750
93.500000 0.098480 0.149070 0.601880 0.498400
93.599998 0.099050 0.150375 0.601401 0.498849
93.699997 0.099580 0.150670 0.607179 0.499100
93.799995 0.099990 0.151685 0.605939 0.498450
93.900002 0.100630 0.152746 0.605182 0.495949
94.000000 0.100340 0.151809 0.611633 0.499900
94.099998 0.100520 0.151630 0.610122 0.496399
94.199997 0.100800 0.152900 0.610800 0.498000
94.299995 0.100810 0.152615 0.611561 0.496350
94.400002 0.100400 0.153300 0.606900 0.494600
94.500000 0.100380 0.153069 0.610678 0.493501
94.599998 0.099770 0.153207 0.611528 0.495847
94.699997 0.100100 0.155200 0.611000 0.490900
94.799995 0.100430 0.154646 0.616985 0.491347
94.900002 0.100000 0.153000 0.615400 0.489100
95.000000 0.100040 0.151561 0.617847 0.486295
95.099998 0.100040 0.152661 0.618447 0.485094
95.199997 0.099700 0.152200 0.623500 0.484100
95.299995 0.100210 0.153915 0.619462 0.481448
95.400002 0.100020 0.153431 0.624425 0.482296
95.500000 0.098890 0.149185 0.624738 0.480752
95.599998 0.099370 0.148904 0.623336 0.479736
95.699997 0.100420 0.149830 0.622124 0.482597
95.799995 0.098720 0.145929 0.619124 0.481396
95.900002 0.099530 0.147944 0.618185 0.481344
96.000000 0.097980 0.148070 0.617876 0.479504
96.099998 0.098110 0.148515 0.619962 0.478148
96.199997 0.098029 0.148445 0.621486 0.480644
96.299995 0.097949 0.148874 0.622111 0.482741
96.400002 0.097939 0.148459 0.617747 0.483994
96.500000 0.097493 0.147238 0.619718 0.485066
96.599998 0.097090 0.147185 0.623338 0.484652
96.699997 0.096242 0.146512 0.623526 0.484809
96.799995 0.096329 0.144943 0.620486 0.486446
96.900002 0.096729 0.146944 0.620386 0.482045
97.000000 0.097297 0.146446 0.621522 0.478478
97.099998 0.097700 0.147100 0.620500 0.487100
97.199997 0.097100 0.147500 0.619700 0.485900
97.299995 0.097407 0.146461 0.615477 0.489639
97.400002 0.097839 0.144858 0.614846 0.493397
97.500000 0.098990 0.146285 0.619038 0.492251
97.599998 0.097281 0.143771 0.619676 0.490202
97.699997 0.097242 0.143014 0.622327 0.488907
97.799995 0.096581 0.143671 0.618476 0.488602
97.900002 0.096871 0.143657 0.623713 0.490553
98.000000 0.096319 0.143229 0.621224 0.488598
98.099998 0.094909 0.143814 0.619462 0.490949
98.199997 0.095500 0.144100 0.622800 0.488200
98.299995 0.096123 0.142986 0.624001 0.491307
98.400002 0.096490 0.145285 0.624538 0.488851
98.500000 0.097419 0.145729 0.619024 0.487097
98.599998 0.097729 0.145944 0.621887 0.495249
98.699997 0.097571 0.145656 0.624213 0.490753
98.799995 0.097490 0.147685 0.625837 0.490751
98.900002 0.096310 0.148615 0.622962 0.492349
99.000000 0.095219 0.146929 0.621024 0.495399
99.099998 0.094398 0.145506 0.624612 0.500150
99.199997 0.094866 0.145001 0.622236 0.504553
99.299995 0.095062 0.145342 0.624650 0.504698
99.400002 0.094900 0.145100 0.624700 0.504500
99.500000 0.095024 0.146290 0.624512 0.503254
99.599998 0.094628 0.145344 0.630689 0.507552
99.699997 0.093881 0.143671 0.632374 0.509398
99.799995 0.093509 0.143714 0.629963 0.511151
99.900002 0.092528 0.142743 0.629489 0.512254
100.000000 0.092928 0.143243 0.627988 0.513854
100.099998 0.093147 0.142771 0.630815 0.516058
100.199997 0.093409 0.146115 0.630063 0.516852
100.299995 0.094700 0.144300 0.626200 0.518500
100.400002 0.095219 0.144929 0.629826 0.519204
100.500000 0.095100 0.144500 0.633400 0.523800
100.599998 0.094914 0.142371 0.635563 0.521326
100.699997 0.095529 0.143543 0.636391 0.519356
100.799995 0.095410 0.141514 0.632763 0.521452
100.900002 0.096238 0.143357 0.631753 0.520108
101.000000 0.095738 0.144058 0.634654 0.520408
101.099998 0.095767 0.144001 0.633243 0.519664
101.199997 0.095357 0.144487 0.633680 0.518611
101.299995 0.095962 0.144142 0.635746 0.514794
101.400002 0.095419 0.144829 0.636127 0.513903
101.500000 0.095690 0.143786 0.639236 0.513849
101.599998 0.095071 0.144557 0.640908 0.517045
101.699997 0.094791 0.145085 0.644036 0.519048
101.799995 0.094781 0.143171 0.643071 0.519496
101.900002 0.093481 0.142871 0.643771 0.524495
102.000000 0.092893 0.141441 0.644044 0.523323
102.099998 0.093265 0.141399 0.645052 0.523366
102.199997 0.093347 0.141071 0.642821 0.525863
102.299995 0.092900 0.140700 0.642000 0.526700
102.399994 0.093128 0.139642 0.643493 0.527358
102.500000 0.094209 0.140814 0.646965 0.529553
102.599998 0.093337 0.141457 0.646659 0.532613
102.699997 0.092374 0.141213 0.646117 0.531725
102.799995 0.092665 0.143300 0.646853 0.527970
102.899994 0.093237 0.144458 0.650660 0.528912
103.000000 0.093319 0.145629 0.653231 0.531406
103.099998 0.092591 0.141686 0.652735 0.531947
103.199997 0.093400 0.142700 0.646200 0.531600
103.299995 0.093200 0.142700 0.647800 0.531400
103.399994 0.093991 0.142886 0.650435 0.533447
103.500000 0.094462 0.142743 0.652039 0.536285
103.599998 0.094700 0.143100 0.648700 0.533700
103.699997 0.093656 0.145888 0.645988 0.532119
103.799995 0.093109 0.146815 0.640964 0.534253
103.899994 0.091863 0.147841 0.641943 0.538785
104.000000 0.092200 0.146600 0.643000 0.537800
104.099998 0.091400 0.144000 0.641500 0.539300
104.199997 0.091164 0.138545 0.637545 0.541483
104.299995 0.092091 0.139586 0.634437 0.541246
104.399994 0.091591 0.139886 0.638236 0.545545
104.500000 0.090600 0.139100 0.638200 0.544800
104.599998 0.090927 0.140142 0.636391 0.545864
104.699997 0.092009 0.142114 0.636664 0.543554
104.799995 0.092028 0.144843 0.638391 0.543963
104.899994 0.092409 0.146315 0.638964 0.546055
105.000000 0.092519 0.145629 0.642929 0.543709
105.099998 0.091909 0.144914 0.639264 0.541454
105.199997 0.092091 0.148285 0.638936 0.544046
105.299995 0.092891 0.149085 0.644336 0.541046
105.399994 0.092400 0.147400 0.647800 0.537800
105.500000 0.092400 0.143500 0.647900 0.540600
105.599998 0.092600 0.142000 0.646500 0.538600
105.699997 0.092765 0.142300 0.643050 0.544981
105.799995 0.092900 0.143400 0.645200 0.542800
105.899994 0.093309 0.145315 0.643364 0.543354
106.000000 0.093809 0.145215 0.643964 0.547255
106.099998 0.093819 0.146429 0.644929 0.549010
106.199997 0.094738 0.149160 0.643758 0.551220
106.299995 0.095681 0.149670 0.641972 0.550290
106.399994 0.095681 0.148270 0.642072 0.548790
106.500000 0.096196 0.146146 0.639840 0.547347
106.599998 0.096129 0.146144 0.638992 0.553166
106.699997 0.096310 0.148015 0.639064 0.556656
106.799995 0.095667 0.148004 0.637246 0.553988
106.899994 0.094709 0.146415 0.635964 0.554055
107.000000 0.095310 0.145015 0.635364 0.553455
107.099998 0.094309 0.146615 0.638464 0.549955
107.199997 0.094519 0.146329 0.639128 0.549910
107.299995 0.094481 0.147670 0.639072 0.548990
107.399994 0.093819 0.146629 0.639528 0.551710
107.500000 0.093291 0.146085 0.639036 0.552445
107.599998 0.093800 0.146800 0.635600 0.551000
107.699997 0.094500 0.146900 0.633500 0.552700
107.799995 0.094000 0.146200 0.636800 0.554100
107.899994 0.093856 0.146488 0.635781 0.552131
108.000000 0.093500 0.145000 0.632700 0.552700
108.099998 0.093509 0.146815 0.636464 0.550555
108.199997 0.093409 0.147015 0.632463 0.550355
108.299995 0.093119 0.147029 0.633027 0.554511
108.399994 0.092500 0.147100 0.633300 0.555500
108.500000 0.092737 0.146859 0.632153 0.556523
108.599998 0.092372 0.148755 0.636509 0.556433
108.699997 0.093019 0.146729 0.639428 0.554011
108.799995 0.092837 0.148659 0.642257 0.547419
108.899994 0.093272 0.149855 0.641408 0.546436
109.000000 0.092372 0.148755 0.639508 0.543337
109.099998 0.092581 0.146971 0.640272 0.542292
109.199997 0.092800 0.146800 0.639900 0.542500
109.299995 0.092835 0.144999 0.638653 0.547117
109.399994 0.092809 0.146015 0.632863 0.546555
109.500000 0.093163 0.146641 0.635346 0.546481
109.599998 0.092291 0.147085 0.639236 0.548745
109.699997 0.092683 0.145631 0.637574 0.550596
109.799995 0.093263 0.147141 0.639644 0.547681
109.899994 0.093437 0.148059 0.641457 0.544018
110.000000 0.093153 0.149325 0.640080 0.545927
110.099998 0.093719 0.150430 0.641728 0.546909
110.199997 0.093591 0.150585 0.645535 0.546545
110.299995 0.093932 0.148708 0.648107 0.548768
110.399994 0.094591 0.151785 0.650535 0.549545
110.500000 0.094372 0.154354 0.650705 0.547536
110.599998 0.095452 0.154323 0.649375 0.551624
110.699997 0.095910 0.154515 0.649565 0.550555
110.799995 0.096329 0.155747 0.651395 0.549365
110.899994 0.096771 0.155753 0.652504 0.551735
111.000000 0.097119 0.154731 0.656531 0.549010
111.099998 0.096590 0.153685 0.656234 0.551045
111.199997 0.097529 0.154246 0.658698 0.553866
111.299995 0.098320 0.150730 0.660832 0.553011
111.399994 0.098390 0.151485 0.661434 0.552345
111.500000 0.098720 0.152530 0.661432 0.549010
111.599998 0.097329 0.150045 0.665500 0.547264
111.699997 0.097300 0.150400 0.662900 0.550000
111.799995 0.097500 0.151800 0.663900 0.549100
111.899994 0.098010 0.151115 0.666467 0.547855
112.000000 0.097778 0.150320 0.667434 0.550140
112.099998 0.098820 0.151130 0.673735 0.553611
112.199997 0.099380 0.150120 0.680244 0.555344
112.299995 0.099950 0.150725 0.682259 0.549225
112.399994 0.099640 0.149660 0.681072 0.553822
112.500000 0.099189 0.148434 0.680412 0.556901
112.599998 0.099041 0.149111 0.680791 0.560064
112.699997 0.099290 0.149985 0.677332 0.556444
112.799995 0.099010 0.151015 0.675067 0.551955
112.899994 0.099890 0.150985 0.676332 0.555544
113.000000 0.099400 0.150900 0.677700 0.557800
113.099998 0.098720 0.151630 0.679536 0.557712
113.199997 0.098000 0.150600 0.680100 0.559600
113.299995 0.097751 0.150425 0.677261 0.558821
113.399994 0.097297 0.148849 0.677077 0.560661
113.500000 0.096619 0.146129 0.673035 0.560512
113.599998 0.096300 0.144200 0.674200 0.559100
113.699997 0.096319 0.143129 0.678636 0.557111
113.799995 0.095881 0.142172 0.678164 0.559488
113.899994 0.095581 0.142771 0.677365 0.560288
114.000000 0.095900 0.142000 0.675200 0.560600
114.099998 0.096052 0.140230 0.678161 0.561419
114.199997 0.094900 0.140500 0.682700 0.561400
114.299995 0.093691 0.140586 0.683332 0.563344
114.399994 0.093991 0.139986 0.683032 0.560444
114.500000 0.093634 0.140202 0.684321 0.563705
114.599998 0.093600 0.141700 0.685300 0.566400
114.699997 0.093600 0.142400 0.686400 0.567300
114.799995 0.094257 0.142185 0.689314 0.568241
114.899994 0.095400 0.142600 0.692100 0.570300
115.000000 0.094762 0.142743 0.693223 0.567973
115.099998 0.094443 0.142614 0.695183 0.567160
115.199997 0.094557 0.142285 0.695517 0.566340
115.299995 0.094381 0.140372 0.698860 0.566987
115.399994 0.095338 0.140856 0.699580 0.569928
115.500000 0.095110 0.139714 0.699170 0.567357
115.599998 0.095538 0.140356 0.698479 0.567827
115.699997 0.095585 0.141231 0.697363 0.571414
115.799995 0.095262 0.141144 0.697121 0.570772
115.899994 0.095043 0.141515 0.697282 0.574555
116.000000 0.095119 0.142729 0.698140 0.575515
116.099998 0.095419 0.142028 0.698240 0.580116
116.199997 0.095510 0.142014 0.697070 0.580658
116.299995 0.094791 0.144486 0.696230 0.579842
116.399994 0.095348 0.143972 0.693047 0.575988
116.500000 0.095400 0.143100 0.692400 0.575000
116.599998 0.096119 0.144329 0.693439 0.572314
116.699997 0.095890 0.144086 0.693631 0.576942
116.799995 0.094876 0.142414 0.693655 0.579564
116.899994 0.095271 0.143757 0.696391 0.577227
117.000000 0.095310 0.144314 0.697570 0.579058
117.099998 0.095081 0.140172 0.699560 0.578384
117.199997 0.094666 0.139398 0.699490 0.581807
117.299995 0.095290 0.141986 0.695830 0.582242
117.399994 0.095438 0.141056 0.695978 0.584134
117.500000 0.095700 0.138100 0.690800 0.582000
117.599998 0.096148 0.138469 0.690745 0.581791
117.699997 0.096597 0.141742 0.689790 0.581582
117.799995 0.096790 0.141586 0.692131 0.579742
117.899994 0.097639 0.142457 0.688675 0.578731
118.000000 0.097068 0.144101 0.690083 0.579806
118.099998 0.096897 0.142943 0.687788 0.577878
118.199997 0.096832 0.142400 0.688718 0.576996
118.299995 0.096323 0.139289 0.688849 0.577238
118.399994 0.096400 0.139700 0.687600 0.582800
118.500000 0.096119 0.141028 0.686637 0.583017
118.599998 0.095390 0.140686 0.689431 0.582442
118.699997 0.096038 0.141657 0.687075 0.579732
118.799995 0.095510 0.141214 0.690369 0.581358
118.899994 0.095143 0.139816 0.691285 0.579053
119.000000 0.094562 0.139344 0.692523 0.575070
119.099998 0.094462 0.140644 0.689024 0.574570
119.199997 0.094619 0.140428 0.687137 0.575515
119.299995 0.095310 0.138814 0.686269 0.571457
119.399994 0.095200 0.138000 0.687600 0.574100
119.500000 0.096600 0.138200 0.687900 0.574400
119.599998 0.095723 0.138489 0.688749 0.574041
119.699997 0.094800 0.138000 0.690300 0.574300
119.799995 0.094572 0.136159 0.690393 0.578426
119.899994 0.094519 0.137427 0.691538 0.577515
120.000000 0.094181 0.137672 0.691762 0.581684
120.099998 0.095048 0.139770 0.693047 0.577989
120.199997 0.095119 0.139928 0.694939 0.583717
120.299995 0.094800 0.139900 0.698600 0.586700
120.399994 0.095500 0.141100 0.698700 0.589400
120.500000 0.095229 0.141542 0.698009 0.587876
120.599998 0.095110 0.142814 0.695270 0.588059
120.699997 0.094800 0.142300 0.691500 0.588100
120.799995 0.095400 0.144200 0.690000 0.588500
120.899994 0.095481 0.144971 0.689162 0.587382
121.000000 0.095310 0.146415 0.692369 0.589059
121.099998 0.095510 0.146915 0.693169 0.591159
121.199997 0.094919 0.144929 0.696539 0.592418
121.299995 0.095310 0.144514 0.694169 0.591059
121.399994 0.096029 0.143643 0.694608 0.593078
121.500000 0.097058 0.143186 0.693616 0.592656
121.599998 0.096719 0.143829 0.697540 0.593019
121.699997 0.095529 0.143343 0.699410 0.595979
121.799995 0.095119 0.143829 0.697039 0.598720
121.899994 0.094766 0.142300 0.698689 0.594216
122.000000 0.094691 0.141986 0.699630 0.596940
122.099998 0.094062 0.143243 0.699120 0.593263
122.199997 0.093509 0.141514 0.699370 0.593959
122.299995 0.093391 0.139986 0.702130 0.594041
122.399994 0.094128 0.142043 0.702111 0.594178
122.500000 0.094309 0.143614 0.698670 0.598760
122.599998 0.095271 0.143257 0.702189 0.599920
122.699997 0.095729 0.144443 0.702111 0.598580
122.799995 0.095757 0.145187 0.703122 0.600060
122.899994 0.095629 0.145544 0.699810 0.596779
123.000000 0.095219 0.145629 0.703241 0.596919
123.099998 0.094647 0.145173 0.704152 0.596198
123.199997 0.094691 0.146685 0.710029 0.593141
123.299995 0.095357 0.145888 0.711127 0.589354
123.399994 0.095419 0.147930 0.711142 0.593419
123.500000 0.094719 0.148330 0.712142 0.593419
123.599998 0.094919 0.149230 0.717643 0.592919
123.699997 0.094819 0.147229 0.714643 0.589418
123.799995 0.094643 0.144913 0.717270 0.591345
123.899994 0.094472 0.147156 0.716685 0.589823
124.000000 0.095314 0.145875 0.717161 0.591410
124.099998 0.096419 0.145629 0.717143 0.590218
124.199997 0.096981 0.146371 0.721156 0.591482
124.299995 0.096425 0.147291 0.719836 0.593572
124.399994 0.096110 0.144914 0.720972 0.590459
124.500000 0.096771 0.144657 0.721484 0.589523
124.599998 0.096319 0.142829 0.720344 0.587818
124.699997 0.096700 0.141500 0.722200 0.588100
124.799995 0.096081 0.143171 0.719156 0.587782
124.899994 0.095643 0.142315 0.722566 0.584449
125.000000 0.096439 0.143157 0.722589 0.586635
125.099998 0.096658 0.144187 0.723134 0.584751
125.199997 0.096590 0.144586 0.721628 0.586341
125.299995 0.097349 0.147274 0.721061 0.583992
125.399994 0.097261 0.147441 0.721012 0.586066
125.500000 0.097700 0.148800 0.723500 0.584300
125.599998 0.096939 0.147159 0.720288 0.584534
125.699997 0.096190 0.146385 0.717928 0.584742
125.799995 0.096510 0.146415 0.718372 0.585659
125.899994 0.096529 0.146644 0.718115 0.584875
126.000000 0.096410 0.146815 0.717772 0.585459
126.099998 0.095781 0.146571 0.721656 0.587682
126.199997 0.096119 0.147830 0.718944 0.588518
126.299995 0.096223 0.147782 0.714129 0.588529
126.399994 0.096000 0.147500 0.715800 0.587400
126.500000 0.095900 0.145100 0.718400 0.591700
126.599998 0.094600 0.142500 0.715200 0.591100
126.699997 0.094600 0.143100 0.712900 0.589400
126.799995 0.094538 0.141757 0.714886 0.588035
126.899994 0.093881 0.141472 0.714857 0.590582
127.000000 0.094100 0.140700 0.712700 0.591200
127.099998 0.094990 0.141886 0.713129 0.591441
127.199997 0.094891 0.142686 0.712529 0.589341
127.299995 0.095167 0.146603 0.714000 0.592415
127.399994 0.095119 0.146129 0.716743 0.590318
127.500000 0.094700 0.145100 0.716100 0.592000
127.599998 0.094691 0.144786 0.715728 0.590741
127.699997 0.095138 0.145958 0.713786 0.587335
127.799995 0.094981 0.145771 0.719156 0.590182
127.899994 0.095319 0.146829 0.719944 0.587618
128.000000 0.095300 0.144900 0.721900 0.589800
128.099991 0.094709 0.144414 0.725273 0.587259
128.199997 0.095110 0.145215 0.725273 0.584658
128.300003 0.094209 0.146815 0.726673 0.585559
128.399994 0.094819 0.145229 0.726245 0.583417
128.500000 0.094719 0.146629 0.725745 0.582216
128.599991 0.095300 0.147000 0.729500 0.579100
128.699997 0.095062 0.146341 0.732107 0.577569
128.800003 0.095490 0.144786 0.731627 0.579242
128.899994 0.095710 0.143614 0.731773 0.574257
129.000000 0.094900 0.142500 0.726900 0.569900
129.099991 0.093747 0.141971 0.725863 0.571586
129.199997 0.094591 0.144486 0.724328 0.572043
129.300003 0.095219 0.143529 0.724745 0.574315
129.399994 0.095485 0.143628 0.726029 0.577507
129.500000 0.095381 0.145171 0.726355 0.578384
129.599991 0.095129 0.146844 0.727718 0.579974
129.699997 0.095900 0.147300 0.725800 0.579400
129.800003 0.095990 0.147085 0.726327 0.578642
129.899994 0.096429 0.147444 0.727718 0.583575
130.000000 0.096000 0.146600 0.728000 0.585600
130.099991 0.095700 0.144100 0.726600 0.584400
130.199997 0.095438 0.141657 0.726491 0.581533
130.300003 0.094653 0.140830 0.728036 0.584308
130.399994 0.094828 0.141242 0.732120 0.584375
130.500000 0.094657 0.140284 0.733340 0.583050
130.599991 0.094353 0.141929 0.730335 0.585707
130.699997 0.094862 0.140144 0.726709 0.585166
130.800003 0.093953 0.139830 0.724638 0.581309
130.899994 0.095400 0.143900 0.723000 0.582100
131.000000 0.094676 0.144916 0.720677 0.582466
131.099991 0.094990 0.146485 0.721328 0.586141
131.199997 0.095319 0.148030 0.719544 0.584717
131.300003 0.095581 0.146671 0.722456 0.584883
131.399994 0.095452 0.146727 0.723338 0.584208
131.500000 0.096081 0.146071 0.723655 0.585283
131.599991 0.096081 0.145971 0.724955 0.583983
131.699997 0.096010 0.145615 0.719772 0.583458
131.800003 0.095562 0.143243 0.720212 0.588565
131.899994 0.094319 0.144029 0.719244 0.589018
132.000000 0.094609 0.143914 0.720872 0.592159
132.099991 0.095710 0.145215 0.716672 0.594759
132.199997 0.095629 0.146144 0.714915 0.591878
132.300003 0.096238 0.147959 0.714786 0.592737
132.399994 0.095933 0.148396 0.719396 0.595783
132.500000 0.095048 0.148874 0.719760 0.594597
132.599991 0.094500 0.146500 0.719600 0.596200
132.699997 0.094866 0.147203 0.719604 0.593515
132.800003 0.095790 0.146685 0.723728 0.592541
132.899994 0.095262 0.144542 0.724010 0.593663
133.000000 0.094375 0.144115 0.720777 0.593475
133.099991 0.093653 0.144328 0.722139 0.596902
133.199997 0.093309 0.141314 0.722972 0.598960
133.300003 0.092972 0.143157 0.724083 0.596821
133.399994 0.093209 0.141014 0.726573 0.600160
133.500000 0.093216 0.141672 0.724548 0.600460
133.599991 0.093028 0.141142 0.724517 0.598680
133.699997 0.093291 0.142886 0.727827 0.600340
133.800003 0.093100 0.144700 0.728500 0.602200
133.899994 0.093409 0.147015 0.731673 0.601160
134.000000 0.093481 0.148870 0.731154 0.598780
134.099991 0.093591 0.149585 0.732227 0.596540
134.199997 0.092872 0.149655 0.733180 0.596221
134.300003 0.092537 0.148960 0.733393 0.592837
134.399994 0.092400 0.148000 0.734800 0.591700
134.500000 0.092591 0.150085 0.735826 0.590941
134.599991 0.093409 0.149415 0.737674 0.592559
134.699997 0.093300 0.147200 0.739200 0.591100
134.800003 0.093519 0.148030 0.740548 0.591918
134.899994 0.094328 0.147944 0.740722 0.589077
135.000000 0.093900 0.147100 0.740000 0.586700
135.099991 0.093709 0.146215 0.737974 0.587259
135.199997 0.093353 0.145927 0.738531 0.589305
135.300003 0.093372 0.145556 0.739178 0.591323
135.399994 0.093991 0.147085 0.738526 0.593641
135.500000 0.094419 0.146229 0.737247 0.592218
135.599991 0.093328 0.146344 0.736921 0.590177
135.699997 0.093400 0.146200 0.735900 0.591900
135.800003 0.093519 0.144329 0.739548 0.586917
135.899994 0.094128 0.145044 0.743323 0.587276
136.000000 0.095067 0.145502 0.742720 0.582608
136.099991 0.095610 0.145014 0.744674 0.583958
136.199997 0.095934 0.144502 0.743641 0.584719
136.300003 0.095348 0.145373 0.746073 0.587694
136.399994 0.095119 0.147029 0.744649 0.589618
136.500000 0.096133 0.147197 0.749775 0.588188
136.599991 0.096190 0.149185 0.751725 0.586441
136.699997 0.097197 0.148048 0.750851 0.586186
136.800003 0.097500 0.144400 0.748800 0.587300
136.899994 0.096519 0.141228 0.749450 0.587718
137.000000 0.095852 0.140030 0.746127 0.586807
137.099991 0.095510 0.140814 0.745475 0.586559
137.199997 0.094809 0.140714 0.744674 0.586759
137.300003 0.094547 0.138669 0.743372 0.586093
137.399994 0.093653 0.139730 0.744628 0.585907
137.500000 0.092981 0.139372 0.745851 0.581584
137.599991 0.093300 0.140400 0.744800 0.578300
137.699997 0.092172 0.139658 0.747376 0.577027
137.800003 0.092254 0.139430 0.746727 0.580610
137.899994 0.092519 0.139228 0.750450 0.577916
138.000000 0.092919 0.138228 0.749850 0.576515
138.099991 0.092472 0.136859 0.748276 0.575727
138.199997 0.093447 0.138769 0.747174 0.574387
138.300003 0.093828 0.141442 0.747124 0.576973
138.399994 0.094372 0.144257 0.747976 0.582225
138.500000 0.094772 0.141957 0.752974 0.583725
138.599991 0.095300 0.140500 0.754000 0.582400
138.699997 0.094947 0.139570 0.752676 0.579790
138.800003 0.094953 0.142329 0.749725 0.578711
138.899994 0.095543 0.142015 0.749750 0.580652
139.000000 0.095700 0.143800 0.751700 0.580100
139.099991 0.095919 0.144629 0.752651 0.577916
139.199997 0.096861 0.144542 0.752899 0.575370
139.300003 0.097700 0.145300 0.753800 0.571800
139.399994 0.098100 0.146500 0.758200 0.575900
139.500000 0.098410 0.146615 0.756176 0.580158
139.599991 0.098780 0.147471 0.756249 0.578184
139.699997 0.098229 0.145544 0.753826 0.578974
139.800003 0.098229 0.145344 0.756127 0.574672
139.899994 0.097710 0.145415 0.758876 0.580058
140.000000 0.097541 0.145413 0.757246 0.580851
140.099991 0.096481 0.144071 0.756249 0.582284
140.199997 0.096258 0.145387 0.752852 0.583150
140.300003 0.095990 0.143586 0.750725 0.585441
140.399994 0.095919 0.142128 0.744949 0.585517
140.500000 0.097039 0.143858 0.747499 0.585834
140.599991 0.097310 0.143114 0.743674 0.585959
140.699997 0.097090 0.141586 0.743126 0.586641
140.800003 0.096719 0.142529 0.740948 0.584117
140.899994 0.096910 0.143114 0.739474 0.587259
141.000000 0.096710 0.143514 0.738474 0.585859
141.099991 0.097019 0.145429 0.737948 0.583017
141.199997 0.097710 0.146115 0.739174 0.585659
141.300003 0.098269 0.148304 0.742220 0.585710
141.399994 0.098200 0.148600 0.744400 0.588100
141.500000 0.099010 0.148615 0.747375 0.585959
141.599991 0.098900 0.149900 0.748300 0.584000
141.699997 0.099550 0.148374 0.744572 0.584692
141.800003 0.098759 0.148989 0.744747 0.581649
141.899994 0.098820 0.150030 0.743449 0.579616
142.000000 0.099130 0.149245 0.736021 0.579674
142.099991 0.099410 0.148815 0.736674 0.585559
142.199997 0.100430 0.150445 0.735621 0.585476
142.300003 0.100400 0.150600 0.735300 0.586900
142.399994 0.101290 0.150985 0.737926 0.586441
142.500000 0.101361 0.149890 0.739043 0.588053
142.599991 0.102172 0.149405 0.738617 0.584709
142.699997 0.102631 0.150145 0.743823 0.584875
142.800003 0.102200 0.149000 0.741000 0.586000
142.899994 0.102200 0.147600 0.739700 0.584600
143.000000 0.103082 0.148819 0.737090 0.583667
143.099991 0.103977 0.149755 0.734549 0.588701
143.199997 0.103221 0.147530 0.738748 0.588118
143.300003 0.101590 0.145685 0.739726 0.586741
143.399994 0.100900 0.147000 0.738000 0.588200
143.500000 0.100810 0.144514 0.738574 0.587959
143.599991 0.101430 0.143443 0.736721 0.586776
143.699997 0.101319 0.142786 0.737410 0.588629
143.800003 0.101190 0.142886 0.735926 0.592641
143.899994 0.100720 0.143129 0.737848 0.593619
144.000000 0.101000 0.144200 0.736500 0.593600
144.099991 0.100580 0.145371 0.738152 0.595981
144.199997 0.099800 0.145900 0.736200 0.597100
144.300003 0.099910 0.144414 0.733473 0.595760
144.399994 0.099670 0.143400 0.735415 0.597118
144.500000 0.099490 0.143586 0.734427 0.598640
144.599991 0.099070 0.143657 0.733880 0.600620
144.699997 0.099289 0.144030 0.732359 0.599239
144.800003 0.098451 0.143828 0.735232 0.600900
144.899994 0.097900 0.143100 0.736200 0.602100
145.000000 0.098559 0.144587 0.737142 0.599460
145.099991 0.097600 0.142400 0.737200 0.601500
145.199997 0.097812 0.143571 0.735638 0.604356
145.300003 0.098110 0.144014 0.732673 0.605261
145.399994 0.098351 0.145327 0.735432 0.609295
145.500000 0.098869 0.148104 0.736916 0.609927
145.599991 0.097522 0.146283 0.735212 0.612210
145.699997 0.097629 0.148345 0.735521 0.610483
145.800003 0.097649 0.146073 0.736368 0.614907
145.899994 0.097710 0.146115 0.737574 0.616162
146.000000 0.097432 0.144299 0.735585 0.619366
146.099991 0.097310 0.144614 0.737274 0.619362
146.199997 0.095823 0.145683 0.737210 0.621303
146.300003 0.095148 0.144872 0.736368 0.621411
146.399994 0.096029 0.145244 0.737821 0.621687
146.500000 0.096500 0.144800 0.738500 0.620400
146.599991 0.096100 0.143100 0.737700 0.618000
146.699997 0.095410 0.141314 0.734773 0.614261
146.800003 0.095119 0.140028 0.733847 0.614823
146.899994 0.094828 0.139942 0.734720 0.613684
147.000000 0.094928 0.141442 0.729019 0.616985
147.099991 0.095677 0.143415 0.727482 0.614792
147.199997 0.093637 0.141757 0.729492 0.618747
147.300003 0.092928 0.141442 0.725618 0.621186
147.399994 0.093037 0.142657 0.730392 0.624650
147.500000 0.093193 0.142342 0.729129 0.626026
147.599991 0.092318 0.141728 0.726345 0.628626
147.699997 0.092209 0.142014 0.728373 0.629763
147.800003 0.091427 0.140042 0.729619 0.625388
147.899994 0.091536 0.141701 0.731388 0.626262
148.000000 0.090254 0.143086 0.730138 0.626876
148.099991 0.089255 0.141929 0.730335 0.628386
148.199997 0.090264 0.141743 0.731008 0.630448
148.300003 0.090845 0.144672 0.730665 0.630715
148.399994 0.090900 0.144259 0.729603 0.630994
148.500000 0.090300 0.143800 0.728400 0.627300
148.599991 0.091683 0.145631 0.723051 0.620458
148.699997 0.091363 0.147141 0.731607 0.627749
148.800003 0.090654 0.145487 0.735041 0.628977
148.899994 0.091182 0.146571 0.733253 0.627474
149.000000 0.091173 0.145316 0.734187 0.623599
149.099991 0.091700 0.143300 0.735800 0.626400
149.199997 0.092528 0.143143 0.731319 0.622687
149.300003 0.092874 0.144015 0.736289 0.628403
149.399994 0.092974 0.145216 0.738991 0.628503
149.500000 0.091909 0.144014 0.737474 0.628763
149.599991 0.090563 0.143901 0.736315 0.627539
149.699997 0.090573 0.145756 0.738179 0.624713
149.800003 0.091273 0.144157 0.737579 0.622913
149.899994 0.091928 0.144643 0.737121 0.623287
150.000000 0.092218 0.145729 0.737147 0.622024
150.099991 0.092546 0.145873 0.734167 0.617009
150.199997 0.092672 0.146256 0.735679 0.619814
150.300003 0.091972 0.145156 0.731980 0.618514
150.399994 0.091618 0.145129 0.735947 0.621024
150.500000 0.092583 0.145331 0.733560 0.625163
150.599991 0.092919 0.145529 0.733347 0.625325
150.699997 0.093147 0.145573 0.735468 0.626113
150.800003 0.092691 0.145185 0.733627 0.624238
150.899994 0.091991 0.144486 0.731727 0.627137
151.000000 0.092000 0.144800 0.735800 0.627300
151.099991 0.091136 0.144158 0.738495 0.626551
151.199997 0.091837 0.141657 0.738896 0.630252
151.300003 0.092182 0.142372 0.741252 0.632074
151.399994 0.092619 0.142328 0.740148 0.629526
151.500000 0.093509 0.144914 0.743874 0.624662
151.599991 0.093428 0.146744 0.743223 0.623487
151.699997 0.093484 0.146632 0.746272 0.624962
151.800003 0.092909 0.145215 0.742874 0.621662
151.899994 0.093100 0.145100 0.742700 0.622300
152.000000 0.093537 0.144658 0.743898 0.619848
152.099991 0.093381 0.144071 0.743051 0.618276
152.199997 0.092791 0.142486 0.742726 0.619138
152.300003 0.092255 0.142085 0.741145 0.619572
152.399994 0.090646 0.143314 0.742754 0.618329
152.500000 0.091091 0.142886 0.743326 0.616838
152.599991 0.091591 0.141986 0.739226 0.617938
152.699997 0.091200 0.142800 0.740600 0.614600
152.800003 0.091928 0.143643 0.741022 0.612884
152.899994 0.092428 0.144043 0.741422 0.616085
153.000000 0.093219 0.145029 0.740048 0.615823
153.099991 0.092909 0.144214 0.743374 0.621862
153.199997 0.093072 0.144057 0.747176 0.618614
153.300003 0.093581 0.142571 0.748650 0.621876
153.399994 0.093681 0.142971 0.750750 0.621276
153.500000 0.093281 0.143371 0.746751 0.617776
153.599991 0.093881 0.145171 0.748650 0.617776
153.699997 0.093900 0.147100 0.749200 0.615600
153.800003 0.093437 0.148359 0.748499 0.615246
153.899994 0.093691 0.149185 0.749725 0.618138
154.000000 0.093319 0.149730 0.746149 0.614823
154.099991 0.093991 0.150785 0.748525 0.618138
154.199997 0.094838 0.151861 0.750000 0.616947
154.300003 0.095138 0.151761 0.748599 0.617947
154.399994 0.094819 0.148430 0.749050 0.616923
154.500000 0.094009 0.150015 0.750175 0.614061
154.599991 0.094847 0.150775 0.753777 0.612706
154.699997 0.095038 0.151561 0.752001 0.609344
154.800003 0.095400 0.151100 0.752300 0.610700
154.899994 0.095800 0.151600 0.748800 0.615200
155.000000 0.095210 0.150715 0.748775 0.612561
155.099991 0.096090 0.150985 0.752725 0.617338
155.199997 0.095500 0.151200 0.756200 0.619900
155.300003 0.095400 0.150100 0.759300 0.617700
155.399994 0.094738 0.149260 0.759804 0.620348
155.500000 0.094700 0.149800 0.757700 0.620200
155.599991 0.094909 0.150415 0.759076 0.616762
155.699997 0.095777 0.150921 0.757406 0.609788
155.800003 0.095490 0.149285 0.762024 0.609939
155.899994 0.095419 0.148230 0.762052 0.609322
156.000000 0.095610 0.147315 0.762876 0.607361
156.099991 0.095800 0.148200 0.759300 0.606400
156.199997 0.095210 0.149115 0.761776 0.603360
156.300003 0.096000 0.150100 0.760300 0.606500
156.399994 0.095162 0.147941 0.760196 0.609956
156.500000 0.094128 0.147244 0.761128 0.611383
156.599991 0.094053 0.147526 0.757521 0.613493
156.699997 0.094175 0.147618 0.754804 0.608987
156.800003 0.094000 0.146200 0.756100 0.609400
156.899994 0.094381 0.147670 0.758648 0.613177
157.000000 0.094075 0.146617 0.760508 0.613791
157.099991 0.093856 0.146488 0.759956 0.609366
157.199997 0.094919 0.146129 0.761052 0.606621
157.300003 0.095648 0.146473 0.759680 0.607804
157.399994 0.094528 0.145544 0.762729 0.607982
157.500000 0.094457 0.144487 0.762157 0.610867
157.599991 0.093847 0.142971 0.756979 0.611706
157.699997 0.095009 0.145115 0.756776 0.606061
157.800003 0.095129 0.147844 0.755027 0.607682
157.899994 0.094319 0.147930 0.754351 0.606821
158.000000 0.095838 0.145758 0.748399 0.602741
158.099991 0.096329 0.144643 0.751025 0.603981
158.199997 0.096719 0.145729 0.750550 0.602921
158.300003 0.095929 0.146444 0.750425 0.601280
158.399994 0.096090 0.146085 0.749025 0.598340
158.500000 0.096600 0.145800 0.749000 0.598000
158.599991 0.095148 0.143872 0.748474 0.597199
158.699997 0.095719 0.143529 0.747049 0.603521
158.800003 0.095743 0.142215 0.745453 0.603638
158.899994 0.095552 0.142429 0.744728 0.606996
159.000000 0.095329 0.142343 0.743223 0.606682
159.099991 0.094743 0.145513 0.740756 0.609234
159.199997 0.094438 0.144458 0.739096 0.607943
159.300003 0.093909 0.142314 0.737974 0.611461
159.399994 0.094319 0.141528 0.735047 0.614623
159.500000 0.094156 0.139984 0.736342 0.615970
159.599991 0.093819 0.140328 0.734647 0.615723
159.699997 0.093353 0.140130 0.733233 0.616692
159.800003 0.093453 0.139230 0.734233 0.617091
159.899994 0.093609 0.137214 0.734773 0.618362
160.000000 0.093291 0.136486 0.733627 0.616138
160.099991 0.092182 0.135573 0.735853 0.616677
160.199997 0.092300 0.139200 0.737300 0.617300
160.300003 0.091763 0.138045 0.735706 0.616054
160.399994 0.090463 0.139898 0.733914 0.614230
160.500000 0.091318 0.140228 0.732647 0.611322
160.599991 0.091400 0.141400 0.733800 0.609200
160.699997 0.090009 0.139814 0.733473 0.608361
160.800003 0.090009 0.139514 0.735174 0.612561
160.899994 0.088412 0.141059 0.734665 0.616484
161.000000 0.088200 0.140100 0.734600 0.616900
161.099991 0.088573 0.143057 0.735379 0.615615
161.199997 0.088518 0.143529 0.729346 0.615423
161.300003 0.089055 0.144428 0.730235 0.619190
161.399994 0.089291 0.143486 0.730027 0.616838
161.500000 0.090509 0.146215 0.728873 0.616262
161.599991 0.089516 0.146791 0.721838 0.610093
161.699997 0.090309 0.144114 0.722772 0.609961
161.800003 0.089491 0.143086 0.723128 0.612139
161.899994 0.089271 0.143515 0.721077 0.613391
162.000000 0.089009 0.142214 0.718872 0.612161
162.099991 0.087483 0.142272 0.720256 0.610978
162.199997 0.087209 0.140714 0.723272 0.609661
162.300003 0.087035 0.139456 0.725290 0.607343
162.399994 0.087209 0.139714 0.726773 0.609461
162.500000 0.087152 0.140784 0.729838 0.608565
162.599991 0.087026 0.142143 0.733020 0.607482
162.699997 0.087591 0.141786 0.732427 0.604040
162.800003 0.087313 0.141958 0.733167 0.605494
162.899994 0.087117 0.141428 0.733547 0.605721
163.000000 0.087656 0.141529 0.735932 0.608296
163.099991 0.088665 0.141743 0.733207 0.607357
163.199997 0.088518 0.142929 0.731246 0.605721
163.300003 0.089191 0.143686 0.732427 0.607239
163.399994 0.090127 0.143443 0.732720 0.610683
163.500000 0.089545 0.144672 0.728864 0.609905
163.599991 0.089700 0.145300 0.730300 0.610800
163.699997 0.090018 0.143229 0.731546 0.611022
163.800003 0.089837 0.143699 0.732387 0.611272
163.899994 0.089782 0.146471 0.733253 0.612777
164.000000 0.090764 0.146142 0.733207 0.607757
164.099991 0.091073 0.144757 0.734980 0.606418
164.199997 0.091000 0.142200 0.733000 0.604600
164.300003 0.090500 0.138400 0.733400 0.602700
164.399994 0.091627 0.139042 0.732720 0.601981
164.500000 0.091700 0.138400 0.734400 0.602400
164.599991 0.091800 0.139400 0.733000 0.602400
164.699997 0.092819 0.140928 0.739248 0.602521
164.800003 0.092099 0.140046 0.741784 0.603037
164.899994 0.092028 0.137141 0.740622 0.603381
165.000000 0.092809 0.137814 0.739774 0.601260
165.099991 0.091591 0.136486 0.741226 0.601840
165.199997 0.092192 0.136737 0.741441 0.601802
165.300003 0.093000 0.139500 0.740400 0.602700
165.399994 0.093072 0.140758 0.740778 0.600520
165.500000 0.092637 0.141256 0.739296 0.599440
165.599991 0.091091 0.139686 0.738726 0.601640
165.699997 0.089963 0.137897 0.738717 0.598619
165.800003 0.090245 0.137769 0.740870 0.601301
165.899994 0.089782 0.138272 0.742052 0.601880
166.000000 0.089900 0.137800 0.742500 0.601300
166.099991 0.090036 0.136355 0.742197 0.605242
166.199997 0.090600 0.136300 0.740500 0.600700
166.300003 0.091200 0.136900 0.743000 0.601600
166.399994 0.091182 0.138472 0.742252 0.599180
166.500000 0.091746 0.140270 0.742771 0.598199
166.599991 0.091790 0.139932 0.745805 0.598482
166.699997 0.091900 0.137500 0.746300 0.597400
166.800003 0.091700 0.134700 0.744900 0.595900
166.899994 0.091600 0.136300 0.748600 0.601000
167.000000 0.090355 0.136432 0.745327 0.600999
167.099991 0.091227 0.137041 0.743923 0.602181
167.199997 0.090600 0.140600 0.744200 0.600100
167.300003 0.090464 0.138745 0.744002 0.598161
167.399994 0.091500 0.137700 0.745200 0.599000
167.500000 0.090409 0.138614 0.748075 0.596060
167.599991 0.091109 0.139014 0.751175 0.598660
167.699997 0.090509 0.136714 0.749875 0.598860
167.800003 0.090200 0.137800 0.749000 0.598200
167.899994 0.090563 0.139197 0.749725 0.595917
168.000000 0.090754 0.139984 0.748349 0.592355
168.099991 0.090591 0.140286 0.751125 0.590741
168.199997 0.090427 0.138342 0.751225 0.592178
168.300003 0.090318 0.137928 0.750450 0.593319
168.399994 0.090227 0.136941 0.747924 0.592278
168.500000 0.090609 0.138714 0.750375 0.591159
168.599991 0.090836 0.139556 0.750600 0.586635
168.699997 0.091527 0.140842 0.752926 0.587676
168.800003 0.090973 0.139358 0.753274 0.589523
168.899994 0.089573 0.138558 0.753274 0.589323
169.000000 0.089591 0.141786 0.750625 0.586541
169.099991 0.090345 0.142471 0.751376 0.586893
169.199997 0.090291 0.142386 0.754625 0.590041
169.300003 0.090118 0.142128 0.751950 0.588518
169.399994 0.089909 0.143414 0.752875 0.588459
169.500000 0.090391 0.143986 0.753225 0.586941
169.599991 0.090755 0.145827 0.753024 0.584108
169.699997 0.090527 0.141943 0.754927 0.580274
169.800003 0.090855 0.142129 0.753123 0.585007
169.899994 0.090400 0.142200 0.750800 0.585600
170.000000 0.090018 0.142228 0.748250 0.590018
170.099991 0.089555 0.141829 0.748726 0.590405
170.199997 0.088444 0.139270 0.753577 0.594897
170.300003 0.088318 0.139328 0.754851 0.593719
170.399994 0.088791 0.139186 0.756924 0.594441
170.500000 0.088226 0.139242 0.757927 0.598480
170.599991 0.088300 0.140500 0.756900 0.604300
170.699997 0.087909 0.138714 0.759876 0.600960
170.800003 0.087744 0.138669 0.761881 0.599800
170.899994 0.087844 0.139170 0.762681 0.600900
171.000000 0.087274 0.140458 0.759872 0.603019
171.099991 0.087735 0.138655 0.757903 0.601741
171.199997 0.088409 0.140714 0.758276 0.601760
171.300003 0.087726 0.139442 0.758828 0.603781
171.399994 0.086748 0.139616 0.760244 0.603338
171.500000 0.086735 0.141357 0.760004 0.596639
171.599991 0.087178 0.144330 0.761585 0.596036
171.699997 0.087326 0.144843 0.762729 0.598880
171.800003 0.087835 0.142357 0.767607 0.603041
171.899994 0.086535 0.140956 0.767107 0.603741
172.000000 0.086234 0.140456 0.767507 0.604642
172.099991 0.086765 0.140444 0.767693 0.608157
172.199997 0.086652 0.141085 0.770462 0.606864
172.300003 0.086752 0.140384 0.769962 0.605463
172.399994 0.087491 0.140686 0.768523 0.603040
172.500000 0.086200 0.138700 0.770000 0.605400
172.599991 0.086409 0.139514 0.767377 0.603860
172.699997 0.085766 0.140744 0.769492 0.607157
172.800003 0.085683 0.141572 0.773245 0.603879
172.899994 0.086791 0.143186 0.771223 0.605839
173.000000 0.087300 0.142100 0.772000 0.607700
173.099991 0.086891 0.138986 0.773323 0.607539
173.199997 0.086591 0.136886 0.774123 0.605539
173.300003 0.087017 0.137828 0.772955 0.599620
173.399994 0.087674 0.140258 0.769069 0.600120
173.500000 0.087600 0.140200 0.771400 0.601900
173.599991 0.087265 0.142043 0.769792 0.601759
173.699997 0.087274 0.142357 0.769569 0.605218
173.800003 0.087026 0.138241 0.768531 0.600980
173.899994 0.087682 0.138172 0.769046 0.602280
174.000000 0.088682 0.137373 0.771246 0.600380
174.099991 0.089047 0.139117 0.770738 0.601639
174.199997 0.089298 0.140154 0.772049 0.600160
174.300003 0.089418 0.139028 0.771754 0.597219
174.399994 0.089600 0.140500 0.770400 0.596300
174.500000 0.089918 0.141828 0.771254 0.596619
174.599991 0.088091 0.143786 0.769623 0.592941
174.699997 0.089300 0.143900 0.769600 0.590100
174.800003 0.089282 0.144671 0.771946 0.594281
174.899994 0.089400 0.142900 0.773500 0.591200
175.000000 0.089600 0.145300 0.771800 0.589900
175.099991 0.088427 0.144243 0.768631 0.591477
175.199997 0.089027 0.144743 0.767930 0.592278
175.300003 0.087618 0.144629 0.766953 0.589718
175.399994 0.086748 0.145813 0.767040 0.586548
175.500000 0.086583 0.144871 0.769946 0.588282
175.599991 0.086574 0.145356 0.771269 0.588323
175.699997 0.087882 0.147371 0.768946 0.590082
175.800003 0.088118 0.145229 0.770454 0.588118
175.899994 0.087152 0.142285 0.770462 0.585551
176.000000 0.087409 0.142514 0.769577 0.588659
176.099991 0.086309 0.141914 0.768277 0.592259
176.199997 0.087274 0.141058 0.767970 0.593522
176.300003 0.087183 0.140272 0.768746 0.591282
176.399994 0.087526 0.139542 0.769531 0.589677
176.500000 0.086791 0.138686 0.766523 0.588141
176.599991 0.086817 0.138828 0.769254 0.588518
176.699997 0.085983 0.139672 0.770346 0.587483
176.800003 0.086409 0.139814 0.768477 0.588559
176.899994 0.086600 0.141600 0.770300 0.589800
177.000000 0.086400 0.142000 0.769100 0.586700
177.099991 0.086509 0.142914 0.772777 0.582858
177.199997 0.086226 0.142043 0.772832 0.583275
177.300003 0.086331 0.141387 0.773681 0.583433
177.399994 0.086600 0.144500 0.774400 0.584700
177.500000 0.086900 0.143700 0.774600 0.584800
177.599991 0.087509 0.144214 0.775278 0.585759
177.699997 0.087400 0.143300 0.773700 0.586300
177.800003 0.087509 0.144714 0.776878 0.584958
177.899994 0.086360 0.144601 0.777344 0.584809
178.000000 0.085666 0.141843 0.779388 0.585966
178.099991 0.086652 0.140284 0.779368 0.584951
178.199997 0.087561 0.141999 0.779446 0.586611
178.300003 0.087600 0.142500 0.779100 0.583900
178.399994 0.086561 0.139398 0.778745 0.585510
178.500000 0.086583 0.138472 0.776545 0.587782
178.599991 0.086017 0.139528 0.773955 0.589318
178.699997 0.086009 0.137414 0.773877 0.591159
178.800003 0.085917 0.136527 0.775155 0.588718
178.899994 0.086209 0.137214 0.775378 0.590959
179.000000 0.086265 0.136345 0.774290 0.590064
179.099991 0.087235 0.134654 0.774710 0.592037
179.199997 0.087126 0.134140 0.777933 0.592578
179.300003 0.087352 0.133980 0.777266 0.590354
179.399994 0.087874 0.134260 0.779166 0.591623
179.500000 0.087317 0.134927 0.776255 0.590918
179.599991 0.086735 0.135754 0.775310 0.593838
179.699997 0.087409 0.136614 0.776178 0.595660
179.800003 0.088126 0.135241 0.779634 0.592278
179.899994 0.088900 0.134600 0.778800 0.590700
180.000000 0.089409 0.134713 0.779478 0.588159
180.099991 0.088282 0.133173 0.777444 0.586483
180.199997 0.089209 0.134413 0.776378 0.585959
180.300003 0.089264 0.136745 0.778489 0.589364
180.399994 0.088682 0.137173 0.777544 0.586683
180.500000 0.088356 0.134633 0.780110 0.586207
180.599991 0.088035 0.133553 0.776311 0.583934
180.699997 0.087918 0.134227 0.774655 0.581116
180.800003 0.089180 0.137524 0.782404 0.582124
180.899994 0.089209 0.138114 0.782578 0.577958
181.000000 0.090200 0.136400 0.783900 0.577700
181.099991 0.091009 0.136614 0.784578 0.576458
181.199997 0.090682 0.136223 0.787108 0.578120
181.300003 0.091118 0.135427 0.787157 0.578916
181.399994 0.090600 0.135600 0.788800 0.578600
181.500000 0.090000 0.133800 0.789300 0.577800
181.599991 0.089327 0.133440 0.791337 0.575973
181.699997 0.089627 0.136841 0.790637 0.577373
181.800003 0.090600 0.137300 0.790800 0.576100
181.899994 0.091627 0.138942 0.791537 0.573472
182.000000 0.090409 0.139214 0.792879 0.572757
182.099991 0.091218 0.140028 0.793859 0.574515
182.199997 0.091400 0.140300 0.792800 0.575300
182.300003 0.091763 0.142043 0.791483 0.578868
182.399994 0.092237 0.142557 0.792217 0.580432
182.500000 0.092437 0.141156 0.790416 0.580232
182.599991 0.092009 0.140014 0.791779 0.580358
182.699997 0.091818 0.138828 0.789858 0.580516
182.800003 0.092191 0.139186 0.790521 0.577642
182.899994 0.092309 0.140014 0.791979 0.581658
183.000000 0.092265 0.140598 0.791954 0.583108
183.099991 0.091637 0.139756 0.789116 0.583033
183.199997 0.091991 0.141186 0.791421 0.578142
183.300003 0.091900 0.143700 0.790600 0.575800
183.399994 0.091200 0.141500 0.794100 0.573600
183.500000 0.092446 0.142171 0.793197 0.570685
183.599991 0.091918 0.141328 0.796359 0.575115
183.699997 0.091591 0.139686 0.794921 0.575143
183.800003 0.091382 0.140572 0.796041 0.575285
183.899994 0.091800 0.139800 0.796300 0.578800
184.000000 0.092055 0.139384 0.796478 0.576546
184.099991 0.092409 0.138414 0.792979 0.576258
184.199997 0.092100 0.141200 0.793600 0.577300
184.300003 0.092200 0.141500 0.793000 0.575800
184.399994 0.092328 0.139942 0.791838 0.573272
184.500000 0.093109 0.143314 0.788579 0.576658
184.599991 0.092491 0.142486 0.788521 0.579842
184.699997 0.092263 0.142443 0.788984 0.576869
184.800003 0.091764 0.141699 0.786651 0.575303
184.899994 0.092091 0.141686 0.786721 0.573843
185.000000 0.090791 0.141686 0.787921 0.576542
185.099991 0.090509 0.142414 0.791279 0.577658
185.199997 0.090654 0.141785 0.790374 0.577747
185.300003 0.090509 0.142514 0.791079 0.575858
185.399994 0.090027 0.144043 0.787036 0.576973
185.500000 0.089646 0.143514 0.787927 0.576154
185.599991 0.089409 0.145215 0.790779 0.574957
185.699997 0.087718 0.145429 0.789258 0.577816
185.800003 0.088627 0.142843 0.789737 0.579974
185.899994 0.089082 0.142671 0.790142 0.582484
186.000000 0.088226 0.142443 0.789037 0.580174
186.099991 0.088609 0.143214 0.786879 0.580158
186.199997 0.087991 0.142186 0.788721 0.580142
186.300003 0.087474 0.142657 0.789063 0.578227
186.399994 0.087035 0.142057 0.792817 0.578331
186.500000 0.087000 0.142300 0.793000 0.575900
186.599991 0.086752 0.141185 0.792275 0.574745
186.699997 0.086791 0.142686 0.791221 0.573843
186.800003 0.087200 0.141700 0.787800 0.573100
186.899994 0.087026 0.142443 0.789737 0.573072
187.000000 0.086800 0.141000 0.791300 0.569400
187.099991 0.086761 0.140799 0.793155 0.568598
187.199997 0.087017 0.141428 0.794459 0.568414
187.300003 0.087300 0.139300 0.795000 0.570200
187.399994 0.087335 0.138856 0.794118 0.567927
187.500000 0.087326 0.140142 0.789237 0.567270
187.599991 0.087417 0.141628 0.791358 0.562713
187.699997 0.087317 0.142128 0.790458 0.562513
187.800003 0.087509 0.142414 0.794479 0.562156
187.899994 0.087344 0.143972 0.793397 0.564082
188.000000 0.088409 0.144014 0.794879 0.564456
188.099991 0.087709 0.141214 0.797380 0.564856
188.199997 0.087891 0.142486 0.797620 0.563844
188.300003 0.088318 0.142428 0.793659 0.564313
188.399994 0.087361 0.142099 0.796057 0.562994
188.500000 0.087344 0.142671 0.791996 0.566283
188.599991 0.087897 0.144559 0.791270 0.564421
188.699997 0.087026 0.144443 0.794238 0.571671
188.800003 0.087600 0.145100 0.793600 0.572300
188.899994 0.087309 0.144114 0.793979 0.570857
189.000000 0.087035 0.141256 0.793617 0.572929
189.099991 0.087321 0.141173 0.794385 0.575482
189.199997 0.087135 0.137955 0.793417 0.576230
189.300003 0.087800 0.137300 0.794900 0.577200
189.399994 0.087844 0.136768 0.793497 0.576488
189.500000 0.086457 0.135332 0.796002 0.580310
189.599991 0.085357 0.135032 0.797201 0.578711
189.699997 0.086300 0.136800 0.797600 0.579400
189.800003 0.086300 0.135400 0.797400 0.581400
189.899994 0.086060 0.137096 0.794656 0.582508
190.000000 0.085700 0.134500 0.796900 0.581700
190.099991 0.087000 0.133700 0.798300 0.581900
190.199997 0.087400 0.136300 0.799900 0.579500
190.300003 0.087261 0.136496 0.801061 0.582107
190.399994 0.086991 0.136886 0.798920 0.583342
190.500000 0.087800 0.136700 0.802100 0.584400
190.599991 0.088018 0.137728 0.800660 0.585817
190.699997 0.089136 0.138856 0.800320 0.584134
190.800003 0.089782 0.138872 0.801040 0.585283
190.899994 0.090199 0.136750 0.800380 0.582641
191.000000 0.090500 0.136600 0.799000 0.580700
191.099991 0.091018 0.138828 0.797559 0.580016
191.199997 0.090191 0.138886 0.797620 0.579842
191.300003 0.090155 0.140530 0.797001 0.581709
191.399994 0.088944 0.140570 0.800000 0.579390
191.500000 0.088973 0.140558 0.802759 0.580826
191.599991 0.088900 0.138800 0.802700 0.579200
191.699997 0.088973 0.138958 0.804059 0.576227
191.800003 0.088709 0.137514 0.805381 0.572957
191.899994 0.088600 0.139800 0.805000 0.572800
192.000000 0.088853 0.139984 0.805083 0.567040
192.099991 0.089309 0.141214 0.805881 0.563356
192.199997 0.090527 0.139842 0.805942 0.564869
192.300003 0.090700 0.140800 0.808600 0.567500
192.399994 0.091182 0.141572 0.810638 0.571586
192.500000 0.090855 0.141729 0.811094 0.569016
192.599991 0.090064 0.140044 0.809776 0.565974
192.699997 0.089581 0.136723 0.807427 0.569112
192.800003 0.089180 0.135422 0.805725 0.566210
192.899994 0.089636 0.135354 0.804422 0.562625
193.000000 0.090272 0.135508 0.803142 0.562250
193.099991 0.090936 0.139256 0.803121 0.563525
193.199997 0.090745 0.139870 0.802001 0.566383
193.300003 0.089727 0.138942 0.806242 0.565870
193.399994 0.090200 0.136500 0.809100 0.567000
193.500000 0.089091 0.136786 0.810719 0.567943
193.599991 0.089273 0.139658 0.811057 0.571429
193.699997 0.089827 0.140842 0.808242 0.574372
193.800003 0.089482 0.141472 0.808338 0.576285
193.899994 0.090082 0.141672 0.810038 0.572885
194.000000 0.088936 0.140856 0.810824 0.572629
194.099991 0.088809 0.142814 0.809681 0.574957
194.199997 0.089800 0.143900 0.809500 0.579100
194.300003 0.089409 0.142714 0.813381 0.574957
194.399994 0.089082 0.140472 0.815737 0.576585
194.500000 0.089500 0.140100 0.816800 0.577100
194.599991 0.089191 0.139486 0.821018 0.574543
194.699997 0.089382 0.136773 0.820436 0.575785
194.800003 0.090109 0.136214 0.820582 0.571557
194.899994 0.090328 0.136890 0.818645 0.570044
195.000000 0.090709 0.136514 0.819082 0.566257
195.099991 0.091327 0.138141 0.817445 0.566170
195.199997 0.091600 0.139000 0.818900 0.566600
195.300003 0.090973 0.139458 0.820654 0.565630
195.399994 0.092228 0.140342 0.819346 0.570171
195.500000 0.091791 0.141886 0.820818 0.567843
195.599991 0.092018 0.141228 0.818964 0.569914
195.699997 0.092628 0.141542 0.817945 0.566570
195.800003 0.092272 0.142457 0.821054 0.567630
195.899994 0.091327 0.141642 0.819146 0.568571
196.000000 0.091555 0.142886 0.818891 0.571543
196.099991 0.091200 0.143500 0.818200 0.567900
196.199997 0.091728 0.143243 0.818145 0.569471
196.300003 0.091937 0.143457 0.817927 0.571729
196.399994 0.092255 0.140985 0.819592 0.572744
196.500000 0.093019 0.141628 0.819564 0.573515
196.599991 0.093828 0.140142 0.816845 0.575573
196.699997 0.094385 0.141027 0.818937 0.577720
196.800003 0.095590 0.142786 0.823318 0.579242
196.899994 0.095710 0.144314 0.824682 0.578258
197.000000 0.095929 0.143443 0.826448 0.578073
197.099991 0.095200 0.141900 0.824400 0.578200
197.199997 0.094719 0.144029 0.823065 0.577015
197.300003 0.095648 0.144672 0.825713 0.578289
197.399994 0.095829 0.144943 0.828449 0.583175
197.500000 0.096229 0.144143 0.829049 0.582875
197.599991 0.096790 0.141686 0.828817 0.585341
197.699997 0.095938 0.140156 0.830732 0.586235
197.800003 0.096648 0.139570 0.827514 0.584592
197.899994 0.096868 0.140899 0.829581 0.584009
198.000000 0.097590 0.140586 0.826817 0.583942
198.099991 0.097529 0.140942 0.827148 0.580574
198.199997 0.097839 0.140456 0.827531 0.581132
198.300003 0.096939 0.138055 0.826831 0.580932
198.399994 0.096490 0.138786 0.828417 0.579942
198.500000 0.095690 0.137986 0.825117 0.582442
198.599991 0.096110 0.138714 0.825082 0.582158
198.699997 0.095581 0.140272 0.823635 0.583083
198.800003 0.095671 0.141058 0.820954 0.584925
198.899994 0.094281 0.139372 0.822336 0.580784
199.000000 0.094447 0.140970 0.819009 0.580190
199.099991 0.093253 0.139830 0.818891 0.580010
199.199997 0.093300 0.138900 0.816900 0.580800
199.300003 0.093628 0.140642 0.816345 0.583275
199.399994 0.093838 0.140356 0.814426 0.584834
199.500000 0.093866 0.140799 0.814870 0.589312
199.599991 0.094272 0.139858 0.815255 0.587324
199.699997 0.094472 0.139158 0.815055 0.588024
199.800003 0.094300 0.138600 0.817600 0.588700
199.899994 0.093047 0.137869 0.819110 0.588594
