0.000000 0.000100 0.000701 0.000000 0.000000
0.100000 0.001101 0.008908 0.000701 0.000601
0.200000 0.002200 0.014599 0.002500 0.002000
0.300000 0.002798 0.020484 0.003797 0.003197
0.400000 0.003900 0.025697 0.004800 0.004900
0.500000 0.004498 0.030085 0.005897 0.005297
0.600000 0.005100 0.034400 0.007100 0.007300
0.700000 0.006004 0.037526 0.007605 0.008406
0.800000 0.007503 0.040816 0.008503 0.009704
0.900000 0.008400 0.044500 0.008600 0.010300
1.000000 0.009602 0.046409 0.009302 0.011302
1.100000 0.010205 0.049825 0.010505 0.012006
1.200000 0.011098 0.051390 0.010898 0.012697
1.300000 0.011908 0.052637 0.011808 0.012909
1.400000 0.012803 0.054211 0.014303 0.013303
1.500000 0.013507 0.056128 0.014307 0.014707
1.600000 0.014803 0.058512 0.014903 0.016303
1.700000 0.015600 0.061200 0.015000 0.016100
1.800000 0.016497 0.061888 0.015897 0.017297
1.900000 0.016998 0.063294 0.016398 0.019098
2.000000 0.017100 0.064000 0.017200 0.020900
2.100000 0.017895 0.065180 0.018394 0.021494
2.200000 0.018722 0.062875 0.019423 0.022427
2.300000 0.019000 0.063900 0.020700 0.023400
2.400000 0.019704 0.064813 0.021504 0.023505
2.500000 0.019790 0.064168 0.021689 0.023588
2.600000 0.020288 0.064861 0.022287 0.024985
2.700000 0.021189 0.066367 0.023688 0.025287
2.800000 0.021606 0.067420 0.024307 0.026808
2.900000 0.022275 0.068425 0.024673 0.028469
3.000000 0.022998 0.068093 0.024798 0.029997
3.100000 0.024012 0.067734 0.025013 0.031516
3.200000 0.024990 0.067273 0.026389 0.032487
3.300000 0.024995 0.067287 0.027395 0.034093
3.400000 0.025587 0.068766 0.027186 0.032584
3.500000 0.026200 0.068500 0.027300 0.034200
3.600000 0.027100 0.068200 0.028400 0.035300
3.700000 0.028011 0.069528 0.029812 0.036715
3.800000 0.028414 0.068634 0.032316 0.037219
3.900000 0.028606 0.068314 0.033807 0.038208
4.000000 0.029315 0.067834 0.036518 0.038619
4.100000 0.030106 0.068914 0.035107 0.039508
4.200000 0.030900 0.067700 0.036500 0.039600
4.300000 0.031394 0.069486 0.037393 0.040992
4.400000 0.031600 0.068800 0.038500 0.042900
4.500000 0.031832 0.069770 0.040541 0.043443
4.600000 0.032529 0.069663 0.041738 0.045441
4.700000 0.033610 0.071722 0.042213 0.047814
4.800000 0.034100 0.072200 0.042100 0.049000
4.900000 0.034221 0.073044 0.041925 0.050230
5.000000 0.033814 0.073729 0.044018 0.051020
5.100000 0.034086 0.074470 0.042283 0.050880
5.200000 0.034586 0.075170 0.042083 0.052979
5.300000 0.035328 0.074159 0.042134 0.054944
5.400000 0.035811 0.074822 0.042013 0.055817
5.500000 0.036000 0.073500 0.043000 0.056500
5.600000 0.036707 0.075515 0.043309 0.055911
5.700000 0.037030 0.076761 0.043235 0.055144
5.800000 0.036485 0.076969 0.042583 0.058976
5.900000 0.036911 0.076823 0.042613 0.057617
6.000000 0.037400 0.076600 0.042400 0.059600
6.100000 0.037804 0.076108 0.043104 0.059006
6.200000 0.038812 0.077123 0.044113 0.060918
6.300000 0.039776 0.078853 0.045773 0.061863
6.400000 0.040816 0.079832 0.047819 0.062225
6.500000 0.041400 0.081100 0.048500 0.063500
6.600000 0.041992 0.083283 0.050590 0.062388
6.700000 0.042413 0.082525 0.051015 0.063019
6.800000 0.042500 0.081600 0.051700 0.061700
6.900000 0.043600 0.083700 0.052500 0.061900
7.000000 0.043609 0.083817 0.052911 0.063413
7.100000 0.043982 0.085866 0.055778 0.065074
7.200000 0.044409 0.087918 0.059912 0.066313
7.300000 0.045309 0.087117 0.062112 0.068914
7.400000 0.045391 0.089182 0.063487 0.070186
7.500000 0.045291 0.088982 0.066187 0.069586
7.600000 0.046200 0.089100 0.066800 0.071300
7.700000 0.046628 0.087452 0.066640 0.074645
7.800000 0.047424 0.086543 0.065933 0.076138
7.900000 0.047395 0.084792 0.067793 0.076292
8.000000 0.047900 0.084400 0.069100 0.075700
8.099999 0.048700 0.085100 0.068900 0.075300
8.200000 0.049110 0.084217 0.071314 0.074915
8.300000 0.050160 0.083833 0.074041 0.074840
8.400000 0.050905 0.084008 0.077608 0.075408
8.500000 0.050890 0.082583 0.076685 0.077385
8.599999 0.051069 0.082451 0.078053 0.077853
8.700000 0.052110 0.083617 0.078716 0.078916
8.800000 0.052868 0.085848 0.079552 0.079952
8.900000 0.053621 0.084534 0.081132 0.080932
9.000000 0.054338 0.085060 0.080957 0.080957
9.099999 0.054989 0.083683 0.079984 0.081284
9.200000 0.054405 0.085009 0.082108 0.083408
9.300000 0.054800 0.085500 0.082600 0.086400
9.400000 0.055400 0.085300 0.082700 0.085900
9.500000 0.055906 0.085809 0.082908 0.086109
9.599999 0.057166 0.086148 0.084649 0.089147
9.700000 0.057300 0.086400 0.085900 0.087300
9.800000 0.057817 0.089327 0.087126 0.087726
9.900000 0.058317 0.090627 0.087626 0.088026
10.000000 0.058112 0.091418 0.091818 0.088318
10.099999 0.059200 0.092200 0.094000 0.088400
10.200000 0.060212 0.092919 0.096719 0.090218
10.300000 0.061143 0.093565 0.096668 0.092865
10.400000 0.061388 0.094181 0.095981 0.095681
10.500000 0.061819 0.095629 0.094728 0.096829
10.599999 0.062163 0.096742 0.092744 0.096742
10.700000 0.062463 0.095942 0.093244 0.096742
10.800000 0.063106 0.097310 0.092309 0.096710
10.900000 0.063119 0.094928 0.095429 0.095629
11.000000 0.063544 0.095667 0.095867 0.096868
11.099999 0.064532 0.098749 0.096948 0.100250
11.200000 0.064800 0.099900 0.097600 0.099500
11.300000 0.065207 0.099010 0.099610 0.100010
11.400000 0.065354 0.100130 0.100929 0.101129
11.500000 0.064932 0.099950 0.099350 0.100650
11.599999 0.065707 0.100610 0.100310 0.101410
11.700000 0.065287 0.098980 0.100480 0.099880
11.800000 0.065233 0.101151 0.102151 0.100650
11.900000 0.065680 0.098970 0.104469 0.101470
12.000000 0.065826 0.100140 0.105342 0.099740
12.099999 0.066307 0.098910 0.105411 0.100610
12.200000 0.066407 0.098310 0.106511 0.101410
12.300000 0.066693 0.099590 0.106589 0.103190
12.400000 0.067500 0.101800 0.109400 0.105100
12.500000 0.068724 0.100882 0.107794 0.104789
12.599999 0.069128 0.100940 0.108243 0.106343
12.700000 0.068521 0.099230 0.111133 0.106032
12.799999 0.068562 0.099990 0.111901 0.105895
12.900000 0.068200 0.101900 0.111800 0.107600
13.000000 0.068714 0.104121 0.113623 0.106621
13.099999 0.069707 0.105311 0.114211 0.109211
13.200000 0.070214 0.107421 0.114923 0.112122
13.299999 0.070544 0.106115 0.116207 0.114508
13.400000 0.071100 0.107000 0.118500 0.114900
13.500000 0.070300 0.107700 0.118700 0.113800
13.599999 0.069907 0.107411 0.119312 0.112211
13.700000 0.070200 0.107400 0.117600 0.111800
13.799999 0.070414 0.108322 0.120024 0.112322
13.900000 0.070993 0.107289 0.121388 0.114489
14.000000 0.071664 0.107797 0.123611 0.118006
14.099999 0.072558 0.108086 0.123699 0.120797
14.200000 0.071600 0.107800 0.125300 0.121400
14.299999 0.072700 0.108100 0.127600 0.124800
14.400000 0.072829 0.106943 0.127851 0.124850
14.500000 0.074348 0.107225 0.128310 0.125912
14.599999 0.074352 0.108276 0.130792 0.125488
14.700000 0.073922 0.107832 0.132940 0.123237
14.799999 0.073993 0.106789 0.136186 0.122188
14.900000 0.074663 0.107146 0.134633 0.122839
15.000000 0.074159 0.107086 0.136309 0.123799
15.099999 0.074707 0.107811 0.139714 0.126213
15.200000 0.074607 0.108311 0.139614 0.126413
15.299999 0.074107 0.109211 0.142214 0.128313
15.400000 0.074307 0.111311 0.143214 0.127313
15.500000 0.074915 0.112122 0.146729 0.126725
15.599999 0.076200 0.111700 0.146000 0.127100
15.700000 0.076639 0.114109 0.148481 0.126699
15.799999 0.076623 0.114334 0.148445 0.129239
15.900000 0.076492 0.115188 0.148685 0.128787
16.000000 0.076715 0.115723 0.149730 0.130026
16.100000 0.075738 0.113957 0.151176 0.131366
16.199999 0.076000 0.114100 0.153100 0.132700
16.299999 0.076077 0.113466 0.154054 0.136159
16.400000 0.076515 0.111622 0.155731 0.138328
16.500000 0.076415 0.110322 0.156431 0.137027
16.600000 0.075508 0.112611 0.156916 0.136314
16.699999 0.075215 0.113323 0.158232 0.137628
16.799999 0.075015 0.113523 0.155531 0.136027
16.900000 0.074907 0.114511 0.155816 0.139314
17.000000 0.074252 0.113179 0.155209 0.138697
17.100000 0.075023 0.113734 0.154646 0.139442
17.199999 0.074800 0.114500 0.158300 0.139600
17.299999 0.074807 0.113811 0.159716 0.141414
17.400000 0.074930 0.114346 0.160864 0.140856
17.500000 0.075415 0.115023 0.161432 0.139428
17.600000 0.075215 0.114523 0.162232 0.139428
17.699999 0.074915 0.113023 0.164433 0.141328
17.799999 0.075485 0.114177 0.164167 0.143771
17.900000 0.075908 0.112611 0.165517 0.145315
18.000000 0.076030 0.114346 0.163065 0.145358
18.100000 0.075892 0.115288 0.163784 0.145785
18.199999 0.076023 0.116035 0.164049 0.148144
18.299999 0.076285 0.114377 0.164167 0.149870
18.400000 0.077069 0.115254 0.163135 0.152839
18.500000 0.077215 0.115823 0.164133 0.152230
18.600000 0.077839 0.117359 0.163982 0.152976
18.699999 0.077108 0.117512 0.166517 0.155616
18.799999 0.077608 0.117912 0.167517 0.157116
18.900000 0.078031 0.117547 0.167467 0.158063
19.000000 0.078961 0.116142 0.167916 0.156922
19.100000 0.079648 0.115369 0.170202 0.156994
19.199999 0.079479 0.116416 0.173373 0.156957
19.299999 0.080040 0.114657 0.175688 0.159980
19.400000 0.080208 0.115912 0.175818 0.159516
19.500000 0.081284 0.116677 0.176265 0.160468
19.600000 0.081651 0.119528 0.176894 0.160704
19.699999 0.081400 0.116700 0.178800 0.160300
19.799999 0.082067 0.117053 0.178429 0.160436
19.900000 0.082308 0.118612 0.181218 0.161916
20.000000 0.081633 0.118147 0.180272 0.160164
20.100000 0.081367 0.115854 0.183327 0.159036
20.199999 0.080584 0.115977 0.182863 0.158368
20.299999 0.079856 0.116782 0.190834 0.159612
20.400000 0.079800 0.119700 0.191700 0.159600
20.500000 0.080800 0.118400 0.193900 0.158300
20.600000 0.080692 0.117488 0.193781 0.162184
20.699999 0.081100 0.120000 0.192800 0.162200
20.799999 0.081398 0.120845 0.194333 0.165398
20.900000 0.082858 0.120785 0.195837 0.165316
21.000000 0.083825 0.120936 0.198660 0.164349
21.100000 0.084700 0.122000 0.200600 0.164000
21.199999 0.083800 0.119100 0.200900 0.163600
21.299999 0.083517 0.117724 0.201140 0.162032
21.400000 0.082883 0.115377 0.205759 0.165567
21.500000 0.082892 0.114988 0.204780 0.164983
21.600000 0.082708 0.111811 0.203820 0.164616
21.699999 0.081992 0.113589 0.203080 0.163184
21.799999 0.082108 0.113611 0.201320 0.164716
21.900000 0.082875 0.114203 0.201882 0.163347
22.000000 0.083542 0.115858 0.201801 0.163182
22.100000 0.083950 0.117070 0.202722 0.165599
22.199999 0.083650 0.117929 0.203178 0.165501
22.299999 0.083500 0.117300 0.208200 0.165100
22.400000 0.084700 0.119400 0.205400 0.164700
22.500000 0.084942 0.118859 0.209205 0.165483
22.600000 0.085483 0.118876 0.210558 0.164767
22.699999 0.086100 0.120000 0.212300 0.166300
22.799999 0.085809 0.120812 0.215722 0.166517
22.900000 0.085151 0.119172 0.213928 0.167200
23.000000 0.084475 0.118364 0.217835 0.167650
23.100000 0.085217 0.119724 0.218244 0.168334
23.199999 0.085600 0.120000 0.216800 0.169100
23.299999 0.085200 0.120100 0.216900 0.171200
23.400000 0.084866 0.120152 0.217913 0.170332
23.500000 0.084792 0.120288 0.220478 0.171183
23.600000 0.085109 0.121712 0.219322 0.168817
23.699999 0.084466 0.119852 0.218912 0.168733
23.799999 0.083766 0.118053 0.215514 0.170332
23.900000 0.082816 0.116964 0.215201 0.173643
24.000000 0.083408 0.116912 0.215822 0.172317
24.100000 0.083792 0.117088 0.216778 0.171383
24.199999 0.083692 0.116988 0.220578 0.171783
24.299999 0.083392 0.116588 0.221378 0.173583
24.400000 0.082717 0.116223 0.219444 0.171434
24.500000 0.083017 0.118024 0.222244 0.174635
24.600000 0.083025 0.119936 0.221967 0.173152
24.699999 0.083442 0.118559 0.220810 0.174287
24.799999 0.083859 0.119584 0.222656 0.178025
24.900000 0.083775 0.120564 0.223533 0.178346
25.000000 0.082208 0.118212 0.224122 0.176518
25.100000 0.081716 0.119024 0.223945 0.176235
25.199999 0.081767 0.119552 0.225810 0.178029
25.299999 0.082325 0.119936 0.226768 0.177153
25.400000 0.083083 0.119776 0.227055 0.175065
25.500000 0.083100 0.117700 0.228000 0.173300
25.599998 0.082908 0.117512 0.226123 0.172317
25.699999 0.083525 0.118436 0.228669 0.176153
25.799999 0.082767 0.119152 0.231407 0.177329
25.900000 0.083108 0.119412 0.234323 0.178018
26.000000 0.083808 0.121212 0.233123 0.176318
26.099998 0.084325 0.125238 0.232270 0.177353
26.199999 0.084608 0.123612 0.229923 0.177118
26.299999 0.085591 0.123888 0.229477 0.179382
26.400000 0.085443 0.123662 0.229915 0.180991
26.500000 0.085891 0.125087 0.232277 0.182682
26.599998 0.085160 0.124287 0.229761 0.180927
26.699999 0.086317 0.125625 0.231346 0.182036
26.799999 0.086835 0.124550 0.232393 0.181773
26.900000 0.087374 0.125362 0.233730 0.181845
27.000000 0.087317 0.127826 0.231446 0.180836
27.099998 0.087348 0.129023 0.230762 0.183290
27.199999 0.086961 0.128890 0.230962 0.183829
27.299999 0.086417 0.127125 0.231946 0.186137
27.400000 0.086678 0.130517 0.233810 0.186768
27.500000 0.086661 0.129991 0.235565 0.189333
27.599998 0.087165 0.126150 0.238505 0.190124
27.699999 0.086617 0.124925 0.244149 0.190738
27.799999 0.087600 0.127600 0.245600 0.191300
27.900000 0.087244 0.127864 0.248124 0.193797
28.000000 0.087718 0.128726 0.249150 0.193639
28.099998 0.088282 0.128274 0.251450 0.192362
28.199999 0.088082 0.126875 0.254249 0.194261
28.299999 0.087600 0.126600 0.253400 0.193900
28.400000 0.087026 0.127838 0.256477 0.195759
28.500000 0.087100 0.127900 0.256100 0.192000
28.599998 0.087539 0.127511 0.257820 0.193764
28.699999 0.087835 0.126851 0.261104 0.193878
28.799999 0.088326 0.128038 0.259478 0.196059
28.900000 0.088209 0.127013 0.255126 0.193519
29.000000 0.088300 0.127300 0.254800 0.195500
29.099998 0.087753 0.129178 0.254453 0.195217
29.199999 0.087909 0.128213 0.257326 0.195120
29.299999 0.088218 0.127325 0.256951 0.193239
29.400000 0.087774 0.127062 0.258123 0.196841
29.500000 0.088427 0.126338 0.257477 0.199160
29.599998 0.088789 0.127127 0.256757 0.198398
29.699999 0.089382 0.128074 0.259648 0.198960
29.799999 0.089755 0.130835 0.256672 0.196702
29.900000 0.089900 0.130600 0.259200 0.202000
30.000000 0.090500 0.131600 0.260700 0.205100
30.099998 0.090246 0.132720 0.259544 0.206976
30.199999 0.090182 0.131974 0.262647 0.206359
30.299999 0.090082 0.132374 0.262547 0.210558
30.400000 0.090218 0.132627 0.260452 0.207141
30.500000 0.090773 0.132860 0.261522 0.208338
30.599998 0.091709 0.134413 0.264026 0.211221
30.699999 0.091909 0.133113 0.267227 0.212721
30.799999 0.091327 0.132240 0.266380 0.214164
30.900000 0.091482 0.129674 0.263347 0.215057
31.000000 0.091600 0.130100 0.263900 0.212300
31.099998 0.092155 0.131379 0.264158 0.213528
31.199999 0.092209 0.132113 0.266527 0.215322
31.299999 0.092900 0.134400 0.266500 0.214000
31.400000 0.092819 0.134327 0.262653 0.216143
31.500000 0.092291 0.135086 0.264174 0.218078
31.599998 0.092255 0.134381 0.264659 0.219832
31.699999 0.091546 0.133967 0.265433 0.221411
31.799999 0.091718 0.133627 0.265353 0.222344
31.900000 0.091091 0.131487 0.267773 0.222978
32.000000 0.092309 0.134713 0.267627 0.222122
32.099998 0.091837 0.135254 0.271208 0.221589
32.200001 0.092591 0.138286 0.271873 0.223178
32.299999 0.093181 0.139772 0.271246 0.224655
32.399998 0.092683 0.139626 0.271344 0.226404
32.500000 0.092809 0.141914 0.268327 0.226923
32.599998 0.093400 0.140100 0.266500 0.228500
32.700001 0.093881 0.140872 0.268446 0.225255
32.799999 0.093609 0.140014 0.266927 0.222722
32.899998 0.093000 0.139400 0.267800 0.224500
33.000000 0.093456 0.138583 0.272363 0.223034
33.099998 0.094409 0.137414 0.273327 0.223022
33.200001 0.094500 0.139700 0.271200 0.222400
33.299999 0.095310 0.141514 0.274427 0.222022
33.399998 0.095300 0.142800 0.274700 0.222100
33.500000 0.095029 0.141542 0.275883 0.222567
33.599998 0.095376 0.142114 0.276121 0.224279
33.700001 0.095738 0.141256 0.272709 0.224890
33.799999 0.094528 0.141142 0.274182 0.228569
33.899998 0.094566 0.141999 0.274992 0.227059
34.000000 0.094391 0.142186 0.274573 0.228977
34.099998 0.095062 0.141643 0.277589 0.231108
34.200001 0.095371 0.143257 0.279116 0.229731
34.299999 0.096148 0.144172 0.280240 0.229515
34.399998 0.096752 0.141429 0.281259 0.230185
34.500000 0.097802 0.142657 0.282517 0.228671
34.599998 0.098239 0.140356 0.282213 0.227391
34.700001 0.099300 0.140100 0.283200 0.228200
34.799999 0.099570 0.141458 0.285414 0.231830
34.899998 0.098700 0.139500 0.286100 0.231100
35.000000 0.098800 0.138700 0.281600 0.230900
35.099998 0.099500 0.139439 0.282482 0.231532
35.200001 0.098510 0.138014 0.286229 0.232023
35.299999 0.097500 0.137400 0.281500 0.235700
35.399998 0.098020 0.139428 0.283157 0.235147
35.500000 0.097290 0.138686 0.286771 0.237176
35.599998 0.097829 0.140742 0.286486 0.236471
35.700001 0.097790 0.141986 0.289571 0.238176
35.799999 0.097590 0.143786 0.289671 0.239276
35.899998 0.098120 0.143929 0.289958 0.240448
36.000000 0.098400 0.144400 0.288500 0.243700
36.099998 0.098171 0.144457 0.288014 0.245426
36.200001 0.098420 0.143929 0.285757 0.246649
36.299999 0.098100 0.141900 0.290300 0.244400
36.399998 0.097142 0.142015 0.292425 0.244953
36.500000 0.096571 0.140958 0.292612 0.245926
36.599998 0.096819 0.141628 0.293759 0.249950
36.700001 0.096510 0.141314 0.294629 0.248825
36.799999 0.095262 0.139644 0.294682 0.249800
36.899998 0.095448 0.141171 0.293147 0.250425
37.000000 0.094909 0.140714 0.293129 0.249025
37.099998 0.095138 0.140856 0.294418 0.247799
37.200001 0.095700 0.142200 0.296200 0.246800
37.299999 0.095686 0.141728 0.298068 0.245921
37.399998 0.096610 0.142914 0.295330 0.245825
37.500000 0.096296 0.141942 0.298198 0.245245
37.599998 0.095890 0.138886 0.295170 0.245575
37.700001 0.096029 0.140042 0.293588 0.245574
37.799999 0.096210 0.139614 0.289829 0.244724
37.899998 0.095910 0.141614 0.289229 0.246725
38.000000 0.095300 0.141000 0.289700 0.246700
38.099998 0.095700 0.142500 0.291300 0.243500
38.200001 0.094272 0.139958 0.291613 0.246626
38.299999 0.093909 0.141914 0.292929 0.248925
38.399998 0.093575 0.142114 0.297238 0.247998
38.500000 0.093065 0.140098 0.296708 0.246973
38.599998 0.092809 0.138014 0.297730 0.245925
38.700001 0.092100 0.140600 0.300000 0.246900
38.799999 0.091891 0.142586 0.299970 0.245675
38.899998 0.092309 0.143714 0.297330 0.248125
39.000000 0.092600 0.143700 0.296000 0.247500
39.099998 0.094100 0.143200 0.295900 0.246100
39.200001 0.094838 0.141056 0.299720 0.245898
39.299999 0.094200 0.143500 0.303400 0.245800
39.399998 0.093644 0.143614 0.304417 0.246352
39.500000 0.093137 0.140856 0.304922 0.244598
39.599998 0.092246 0.139570 0.304752 0.243822
39.700001 0.092200 0.140400 0.308000 0.242900
39.799999 0.091355 0.137783 0.308285 0.239744
39.899998 0.091809 0.137914 0.309931 0.241324
40.000000 0.092400 0.137900 0.311200 0.241200
40.099998 0.093437 0.139056 0.306723 0.242097
40.200001 0.093281 0.138672 0.311438 0.245151
40.299999 0.092472 0.137459 0.310607 0.245626
40.399998 0.092863 0.137945 0.313375 0.247001
40.500000 0.092446 0.136768 0.315958 0.243622
40.599998 0.093228 0.136441 0.316795 0.245174
40.700001 0.093291 0.135486 0.319968 0.248575
40.799999 0.093519 0.139328 0.322765 0.250450
40.899998 0.093409 0.141314 0.322432 0.249325
41.000000 0.094266 0.143000 0.326529 0.251376
41.099998 0.093107 0.141059 0.322078 0.252747
41.200001 0.092800 0.140600 0.320900 0.249700
41.299999 0.092174 0.142914 0.325160 0.251001
41.399998 0.092656 0.143886 0.327697 0.250650
41.500000 0.092819 0.144629 0.328466 0.246749
41.599998 0.093800 0.144200 0.328900 0.246600
41.700001 0.095138 0.145858 0.323729 0.247799
41.799999 0.095152 0.147126 0.324738 0.247076
41.899998 0.095500 0.146200 0.328000 0.245400
42.000000 0.094581 0.145771 0.329134 0.249750
42.099998 0.094096 0.143842 0.331236 0.248527
42.200001 0.093725 0.142686 0.330935 0.245104
42.299999 0.093372 0.143657 0.335599 0.241927
42.399998 0.093300 0.142200 0.337400 0.242600
42.500000 0.093237 0.143257 0.336234 0.243697
42.599998 0.093128 0.143443 0.340302 0.245374
42.700001 0.093319 0.142629 0.342168 0.245949
42.799999 0.094309 0.141314 0.346935 0.244424
42.899998 0.094909 0.142014 0.347235 0.247525
43.000000 0.094738 0.144458 0.349240 0.248299
43.099998 0.094647 0.143072 0.350275 0.250525
43.200001 0.094709 0.140814 0.350935 0.252225
43.299999 0.094400 0.140700 0.353000 0.256600
43.399998 0.094700 0.141200 0.354000 0.256900
43.500000 0.094528 0.143743 0.352306 0.255877
43.599998 0.095510 0.142414 0.353935 0.255426
43.700001 0.095600 0.143200 0.355400 0.256600
43.799999 0.095410 0.143114 0.358936 0.255526
43.899998 0.094809 0.144014 0.359936 0.254725
44.000000 0.094928 0.143043 0.363209 0.252576
44.099998 0.094719 0.143829 0.363973 0.251550
44.200001 0.095210 0.146115 0.364136 0.253325
44.299999 0.095629 0.144743 0.365710 0.252076
44.399998 0.096548 0.142871 0.367484 0.255228
44.500000 0.096458 0.142586 0.366120 0.258255
44.599998 0.095871 0.143457 0.365090 0.263121
44.700001 0.095929 0.141843 0.363809 0.262479
44.799999 0.096010 0.142214 0.364436 0.264626
44.899998 0.096458 0.140284 0.365819 0.266960
45.000000 0.096561 0.141244 0.365454 0.266793
45.099998 0.096452 0.141829 0.365417 0.266967
45.200001 0.096248 0.142471 0.366583 0.267434
45.299999 0.095381 0.143171 0.366327 0.269146
45.399998 0.096162 0.141343 0.366953 0.270192
45.500000 0.095519 0.140828 0.369374 0.268854
45.599998 0.094391 0.141786 0.370963 0.272473
45.700001 0.094509 0.143414 0.371137 0.273927
45.799999 0.093684 0.143829 0.371634 0.274747
45.899998 0.093681 0.141772 0.372725 0.277445
46.000000 0.094041 0.140411 0.376765 0.274311
46.099998 0.094728 0.142843 0.377313 0.278884
46.200001 0.094281 0.142372 0.375925 0.278244
46.299999 0.094476 0.143315 0.382506 0.277822
46.399998 0.094409 0.143014 0.383138 0.279528
46.500000 0.095019 0.141528 0.383077 0.280156
46.599998 0.094685 0.141227 0.383745 0.278851
46.700001 0.094300 0.141900 0.386900 0.281500
46.799999 0.094653 0.143428 0.384408 0.283358
46.899998 0.095210 0.144514 0.382338 0.282228
47.000000 0.095971 0.145256 0.381486 0.286614
47.099998 0.095629 0.143743 0.382115 0.286786
47.200001 0.095410 0.144214 0.381238 0.287229
47.299999 0.094800 0.143500 0.381100 0.287100
47.399998 0.093919 0.145229 0.381376 0.287758
47.500000 0.093309 0.145315 0.381338 0.290729
47.599998 0.093628 0.147244 0.382115 0.293888
47.700001 0.094391 0.146785 0.381462 0.289871
47.799999 0.095448 0.146173 0.384192 0.288144
47.899998 0.096448 0.148274 0.383992 0.289945
48.000000 0.096958 0.148589 0.382229 0.289374
48.099998 0.096319 0.148830 0.380776 0.290058
48.200001 0.095700 0.147300 0.380300 0.291100
48.299999 0.095538 0.146158 0.379652 0.289816
48.399998 0.094128 0.145944 0.376813 0.294688
48.500000 0.093456 0.147088 0.372924 0.294677
48.599998 0.092809 0.145515 0.370537 0.292429
48.700001 0.092791 0.146785 0.372663 0.294371
48.799999 0.092491 0.145885 0.377262 0.301870
48.899998 0.092491 0.146185 0.375062 0.302070
49.000000 0.092528 0.146244 0.374912 0.300690
49.099998 0.092509 0.146815 0.378038 0.304330
49.200001 0.092809 0.146915 0.376238 0.304330
49.299999 0.092537 0.147359 0.377551 0.302521
49.399998 0.092819 0.148430 0.379576 0.302661
49.500000 0.091609 0.146515 0.380938 0.304030
49.599998 0.091600 0.145000 0.378200 0.301600
49.700001 0.090836 0.142400 0.379734 0.303288
49.799999 0.090500 0.140500 0.381400 0.301000
49.899998 0.090218 0.141428 0.381376 0.301860
50.000000 0.090873 0.140758 0.377687 0.301110
50.099998 0.090700 0.140200 0.380400 0.299200
50.200001 0.090373 0.139258 0.381186 0.297911
50.299999 0.090045 0.141071 0.382691 0.293247
50.399998 0.089709 0.140614 0.382938 0.292929
50.500000 0.089782 0.140472 0.384723 0.291542
50.599998 0.088856 0.138331 0.385307 0.292954
50.700001 0.089472 0.139912 0.382506 0.290432
50.799999 0.089209 0.140914 0.382638 0.291729
50.899998 0.088409 0.136714 0.384939 0.291529
51.000000 0.087965 0.136645 0.388345 0.291283
51.099998 0.088035 0.135554 0.389756 0.292317
51.199997 0.087891 0.134987 0.391261 0.295170
51.299999 0.087900 0.137800 0.391000 0.298500
51.399998 0.087491 0.138386 0.390161 0.297770
51.500000 0.087570 0.139111 0.390612 0.298339
51.599998 0.087539 0.137404 0.392126 0.298791
51.699997 0.087300 0.136200 0.393400 0.300700
51.799999 0.087209 0.136214 0.395440 0.300830
51.899998 0.087400 0.137400 0.394400 0.301600
52.000000 0.087461 0.139598 0.397278 0.298209
52.099998 0.087074 0.139558 0.398780 0.295711
52.199997 0.086800 0.142400 0.398400 0.292800
52.299999 0.087135 0.141156 0.400260 0.292117
52.399998 0.087918 0.139728 0.399580 0.292759
52.500000 0.087900 0.139700 0.398200 0.294800
52.599998 0.086935 0.140356 0.403361 0.293117
52.699997 0.086774 0.139758 0.404479 0.292712
52.799999 0.087100 0.139900 0.402900 0.292600
52.899998 0.087309 0.138514 0.402040 0.293329
53.000000 0.088144 0.140070 0.399300 0.295948
53.099998 0.088600 0.139900 0.402800 0.297900
53.199997 0.089418 0.142428 0.403981 0.298560
53.299999 0.089727 0.143543 0.406722 0.300590
53.399998 0.089909 0.141914 0.407541 0.300430
53.500000 0.089318 0.138028 0.405581 0.300460
53.599998 0.089836 0.138555 0.409164 0.297519
53.699997 0.089518 0.139528 0.410482 0.297059
53.799999 0.088718 0.137527 0.408582 0.296259
53.899998 0.089564 0.138045 0.410436 0.298281
54.000000 0.090309 0.140514 0.411841 0.298430
54.099998 0.090782 0.138472 0.408618 0.301940
54.199997 0.090545 0.138969 0.408904 0.299850
54.299999 0.090700 0.138700 0.412600 0.299900
54.399998 0.091400 0.138700 0.415400 0.301700
54.500000 0.090964 0.138597 0.420494 0.298809
54.599998 0.091318 0.139028 0.419984 0.300860
54.699997 0.090945 0.138369 0.417809 0.301351
54.799999 0.090836 0.140156 0.415166 0.299320
54.899998 0.091018 0.140828 0.415383 0.297760
55.000000 0.091091 0.139286 0.414359 0.301970
55.099998 0.091109 0.139314 0.411541 0.300130
55.199997 0.090273 0.139558 0.413276 0.298410
55.299999 0.090727 0.139342 0.413524 0.298590
55.399998 0.090982 0.138272 0.411118 0.298140
55.500000 0.090500 0.138500 0.419100 0.295700
55.599998 0.091609 0.138914 0.420942 0.292529
55.699997 0.091937 0.139056 0.425870 0.291317
55.799999 0.092363 0.139144 0.425630 0.291983
55.899998 0.091737 0.140856 0.426571 0.292617
56.000000 0.090481 0.140326 0.427184 0.294165
56.099998 0.090818 0.141228 0.428586 0.294959
56.199997 0.090882 0.138072 0.428614 0.292841
56.299999 0.091054 0.140330 0.433783 0.295052
56.399998 0.091609 0.139914 0.437644 0.295230
56.500000 0.090882 0.139972 0.437512 0.295541
56.599998 0.090800 0.139100 0.438900 0.299100
56.699997 0.091082 0.139072 0.439612 0.299840
56.799999 0.091809 0.139214 0.440144 0.303730
56.899998 0.092274 0.140012 0.442754 0.304043
57.000000 0.093994 0.142042 0.449049 0.302202
57.099998 0.094419 0.141728 0.449790 0.301460
57.199997 0.094315 0.142372 0.449995 0.304826
57.299999 0.093791 0.142486 0.450255 0.301270
57.399998 0.094681 0.141972 0.450910 0.304339
57.500000 0.095009 0.142514 0.452445 0.306631
57.599998 0.094500 0.142300 0.456700 0.304500
57.699997 0.094938 0.145058 0.455182 0.305622
57.799999 0.095300 0.143300 0.454200 0.306900
57.899998 0.095910 0.145115 0.453945 0.307431
58.000000 0.096300 0.147300 0.452900 0.308000
58.099998 0.096190 0.146185 0.450855 0.307869
58.199997 0.096271 0.145056 0.451864 0.305608
58.299999 0.095838 0.146158 0.453882 0.308423
58.399998 0.096167 0.147703 0.454218 0.310217
58.500000 0.096339 0.148059 0.453882 0.310224
58.599998 0.096377 0.148719 0.454163 0.312550
58.699997 0.096267 0.147703 0.452116 0.315721
58.799999 0.096610 0.144414 0.455246 0.318332
58.899998 0.097510 0.145215 0.456346 0.316832
59.000000 0.097929 0.144843 0.453636 0.316195
59.099998 0.098400 0.144700 0.452700 0.315500
59.199997 0.097361 0.143043 0.448621 0.318173
59.299999 0.097449 0.143672 0.447424 0.316658
59.399998 0.098110 0.146115 0.443144 0.317232
59.500000 0.097161 0.145042 0.441323 0.319672
59.599998 0.096110 0.145115 0.443544 0.320232
59.699997 0.096238 0.144758 0.445078 0.320528
59.799999 0.095810 0.144214 0.443244 0.322432
59.899998 0.095338 0.143357 0.445578 0.325330
60.000000 0.095310 0.143314 0.444044 0.324832
60.099998 0.095505 0.142557 0.445991 0.325058
60.199997 0.094328 0.141743 0.444233 0.329099
60.299999 0.095519 0.142128 0.442789 0.327265
60.399998 0.096129 0.143443 0.441532 0.325698
60.500000 0.096758 0.144687 0.440164 0.327396
60.599998 0.097142 0.146012 0.443734 0.324605
60.699997 0.096342 0.144513 0.447631 0.322407
60.799999 0.095977 0.145416 0.444656 0.321257
60.899998 0.095510 0.145415 0.443844 0.324632
61.000000 0.095014 0.143571 0.446598 0.323908
61.099998 0.094291 0.141086 0.449155 0.324368
61.199997 0.094509 0.142014 0.451945 0.326633
61.299999 0.094009 0.144414 0.451245 0.324432
61.399998 0.093962 0.144142 0.449820 0.320072
61.500000 0.093919 0.144629 0.446989 0.317664
61.599998 0.094119 0.143529 0.447289 0.317864
61.699997 0.093381 0.142372 0.445511 0.317237
61.799999 0.092118 0.141928 0.447389 0.314663
61.899998 0.092064 0.141799 0.448214 0.314220
62.000000 0.092465 0.143100 0.450816 0.315221
62.099998 0.092809 0.142014 0.446845 0.312931
62.199997 0.093647 0.144172 0.446023 0.314557
62.299999 0.093172 0.142857 0.445066 0.312606
62.399998 0.093747 0.143872 0.444922 0.313157
62.500000 0.094209 0.143914 0.444945 0.316332
62.599998 0.094800 0.142400 0.450500 0.317100
62.699997 0.094662 0.143643 0.450120 0.316573
62.799999 0.094191 0.142786 0.449955 0.316168
62.899998 0.094038 0.142657 0.448579 0.314426
63.000000 0.094438 0.144358 0.449980 0.313425
63.099998 0.094409 0.145315 0.452245 0.316332
63.199997 0.094719 0.144529 0.449490 0.318064
63.299999 0.095119 0.143529 0.447490 0.320464
63.399998 0.095629 0.145744 0.446134 0.319696
63.500000 0.096619 0.144029 0.443989 0.322364
63.599998 0.096948 0.145473 0.442021 0.320660
63.699997 0.097590 0.146385 0.445055 0.321768
63.799999 0.096671 0.147556 0.443267 0.323803
63.899998 0.097219 0.150130 0.443289 0.325365
64.000000 0.097680 0.151270 0.444911 0.324335
64.099998 0.098329 0.153246 0.441332 0.323297
64.199997 0.098551 0.153923 0.442679 0.326937
64.299995 0.099120 0.154431 0.443089 0.331566
64.400002 0.099110 0.152615 0.442644 0.336634
64.500000 0.099180 0.153269 0.444211 0.334633
64.599998 0.099530 0.152446 0.444233 0.336001
64.699997 0.100570 0.151206 0.442510 0.336736
64.799995 0.100240 0.148259 0.441076 0.336134
64.900002 0.100290 0.148885 0.443156 0.339966
65.000000 0.101049 0.149525 0.442179 0.339730
65.099998 0.099910 0.149115 0.439744 0.338034
65.199997 0.099990 0.150085 0.440456 0.335366
65.299995 0.100350 0.150475 0.438219 0.335568
65.400002 0.099910 0.149515 0.440744 0.340134
65.500000 0.100310 0.150715 0.439544 0.337034
65.599998 0.100590 0.152385 0.440156 0.339666
65.699997 0.100890 0.149585 0.440656 0.340966
65.799995 0.099900 0.150700 0.442800 0.342500
65.900002 0.100220 0.151330 0.444389 0.345069
66.000000 0.100210 0.150715 0.446345 0.345235
66.099998 0.100180 0.151521 0.445256 0.348179
66.199997 0.100680 0.148970 0.439612 0.343731
66.299995 0.100520 0.150930 0.439588 0.344769
66.400002 0.099140 0.148159 0.443177 0.345438
66.500000 0.099200 0.146600 0.446200 0.347200
66.599998 0.098910 0.146015 0.444344 0.348735
66.699997 0.098728 0.146390 0.447281 0.345349
66.799995 0.098899 0.146146 0.451451 0.341942
66.900002 0.098310 0.143914 0.456346 0.340434
67.000000 0.098710 0.145014 0.456246 0.339834
67.099998 0.098739 0.143257 0.457483 0.343337
67.199997 0.098320 0.143229 0.454191 0.343669
67.299995 0.097832 0.145298 0.453582 0.343460
67.400002 0.097890 0.146985 0.451855 0.339866
67.500000 0.097390 0.145985 0.456454 0.337666
67.599998 0.096919 0.147229 0.455591 0.336267
67.699997 0.096319 0.144229 0.453791 0.334767
67.799995 0.095958 0.141585 0.457575 0.335501
67.900002 0.095757 0.143786 0.457675 0.336202
68.000000 0.096910 0.145015 0.463646 0.331033
68.099998 0.095829 0.144043 0.467540 0.327598
68.199997 0.095610 0.145915 0.468247 0.328933
68.299995 0.095600 0.145300 0.471100 0.330900
68.400002 0.095719 0.145729 0.475495 0.331066
68.500000 0.093928 0.146244 0.478243 0.329599
68.599998 0.093919 0.145829 0.479596 0.327766
68.699997 0.094253 0.146727 0.482559 0.327836
68.799995 0.094500 0.145400 0.482500 0.329000
68.900002 0.093391 0.144686 0.483752 0.333567
69.000000 0.093800 0.145700 0.487400 0.329800
69.099998 0.094185 0.146832 0.486538 0.329196
69.199997 0.094209 0.146415 0.485049 0.330033
69.299995 0.094509 0.145915 0.488449 0.327533
69.400002 0.093647 0.141971 0.489745 0.329265
69.500000 0.092656 0.141885 0.491095 0.330398
69.599998 0.092255 0.141485 0.489093 0.327897
69.699997 0.093163 0.140844 0.495802 0.329568
69.799995 0.093637 0.141657 0.495998 0.327931
69.900002 0.092954 0.140530 0.496052 0.330235
70.000000 0.092509 0.140414 0.500150 0.332833
70.099998 0.091883 0.138625 0.500450 0.331799
70.199997 0.091209 0.138166 0.500300 0.336704
70.299995 0.091191 0.139886 0.498750 0.340466
70.400002 0.092437 0.138756 0.498299 0.339336
70.500000 0.092074 0.137210 0.498098 0.339972
70.599998 0.092400 0.136800 0.497700 0.338300
70.699997 0.092946 0.136268 0.499650 0.340570
70.799995 0.093991 0.137286 0.501850 0.345865
70.900002 0.093609 0.138714 0.505451 0.345135
71.000000 0.093809 0.139114 0.502650 0.342034
71.099998 0.094144 0.138717 0.497202 0.341895
71.199997 0.094200 0.140500 0.496700 0.339500
71.299995 0.093309 0.137314 0.496550 0.341234
71.400002 0.093719 0.138528 0.495899 0.347269
71.500000 0.093709 0.139314 0.497250 0.347735
71.599998 0.092819 0.139328 0.499000 0.349070
71.699997 0.092972 0.139958 0.497351 0.348595
71.799995 0.093119 0.139228 0.498300 0.347770
71.900002 0.093447 0.139570 0.499350 0.349675
72.000000 0.094234 0.138203 0.496253 0.348656
72.099998 0.094609 0.139714 0.499350 0.349235
72.199997 0.094909 0.140014 0.498750 0.347235
72.299995 0.095662 0.140744 0.502099 0.348061
72.400002 0.094700 0.138600 0.504700 0.345400
72.500000 0.094438 0.139056 0.503001 0.343437
72.599998 0.093691 0.141586 0.500850 0.343466
72.699997 0.092900 0.139700 0.498500 0.346400
72.799995 0.092709 0.138514 0.501450 0.351035
72.900002 0.092500 0.138500 0.500100 0.349800
73.000000 0.092709 0.138014 0.497350 0.349935
73.099998 0.092846 0.139470 0.494447 0.348474
73.199997 0.092809 0.139914 0.495150 0.347735
73.299995 0.093228 0.139142 0.497549 0.348204
73.400002 0.093547 0.142371 0.495648 0.345573
73.500000 0.093928 0.141943 0.494548 0.347004
73.599998 0.093347 0.144372 0.494747 0.342871
73.699997 0.093647 0.143572 0.495148 0.341971
73.799995 0.094470 0.144660 0.494891 0.342416
73.900002 0.094785 0.145831 0.495146 0.341407
74.000000 0.095138 0.147259 0.495098 0.333133
74.099998 0.094900 0.148600 0.497000 0.332100
74.199997 0.095319 0.147530 0.495199 0.330966
74.299995 0.094791 0.146785 0.497450 0.331067
74.400002 0.095671 0.146256 0.498550 0.332000
74.500000 0.095357 0.145287 0.499099 0.332299
74.599998 0.094900 0.141300 0.503000 0.332400
74.699997 0.095029 0.141142 0.507052 0.335801
74.799995 0.096010 0.140214 0.508851 0.333833
74.900002 0.096290 0.142686 0.503050 0.336366
75.000000 0.096790 0.144786 0.501350 0.332167
75.099998 0.097449 0.144172 0.498449 0.335168
75.199997 0.097610 0.144114 0.496150 0.331133
75.299995 0.097439 0.141357 0.498499 0.330332
75.400002 0.097039 0.143257 0.504402 0.333133
75.500000 0.096490 0.144286 0.504150 0.332467
75.599998 0.096839 0.142357 0.506002 0.333934
75.699997 0.097110 0.140914 0.507251 0.335634
75.799995 0.097688 0.142128 0.509559 0.334101
75.900002 0.097790 0.142086 0.513849 0.338466
76.000000 0.097110 0.142314 0.514551 0.336234
76.099998 0.096671 0.144757 0.517445 0.335299
76.199997 0.095519 0.145629 0.518904 0.335367
76.299995 0.094466 0.146302 0.519764 0.341139
76.400002 0.094528 0.145144 0.519456 0.341903
76.500000 0.094519 0.144129 0.518504 0.337568
76.599998 0.094206 0.147453 0.517982 0.333766
76.699997 0.094600 0.146400 0.520500 0.335400
76.799995 0.093675 0.143615 0.519315 0.335969
76.900002 0.093609 0.145114 0.519252 0.336634
77.000000 0.093819 0.143929 0.521804 0.333967
77.099998 0.093656 0.144287 0.517210 0.329698
77.199997 0.094772 0.146456 0.522143 0.333800
77.299995 0.095571 0.146756 0.524543 0.335599
77.400002 0.095190 0.146985 0.524048 0.331267
77.500000 0.096219 0.144629 0.519704 0.330266
77.599998 0.096790 0.145585 0.521748 0.331367
77.699997 0.095462 0.144242 0.520092 0.332567
77.799995 0.094990 0.141786 0.520448 0.331767
77.900002 0.094300 0.139400 0.522600 0.328900
78.000000 0.094391 0.140886 0.525247 0.328067
78.099998 0.094591 0.142386 0.530347 0.328567
78.199997 0.093900 0.141600 0.529900 0.327800
78.299995 0.093200 0.140100 0.530700 0.326900
78.400002 0.093838 0.142557 0.527611 0.324030
78.500000 0.093800 0.143100 0.529400 0.326100
78.599998 0.093819 0.145629 0.526905 0.325665
78.699997 0.093919 0.145729 0.527806 0.325265
78.799995 0.094500 0.146100 0.526300 0.326800
78.900002 0.094091 0.145885 0.527047 0.326567
79.000000 0.093619 0.146429 0.525505 0.328766
79.099998 0.093891 0.146185 0.527847 0.328767
79.199997 0.094591 0.146985 0.526047 0.328167
79.299995 0.094838 0.146759 0.527411 0.327831
79.400002 0.094381 0.145471 0.527494 0.331034
79.500000 0.094266 0.146302 0.529871 0.328930
79.599998 0.093700 0.145400 0.529900 0.328600
79.699997 0.094566 0.147103 0.529170 0.326328
79.799995 0.094957 0.148089 0.532219 0.330198
79.900002 0.094144 0.148611 0.532580 0.330302
80.000000 0.094238 0.146859 0.533413 0.327131
80.099998 0.094600 0.148200 0.538100 0.327900
80.199997 0.094747 0.148274 0.537669 0.324162
80.299995 0.095190 0.146985 0.541846 0.324568
80.400002 0.094562 0.145642 0.544982 0.324370
80.500000 0.094053 0.143928 0.546127 0.319840
80.599998 0.092628 0.145044 0.546064 0.318896
80.699997 0.092854 0.145527 0.546927 0.318441
80.799995 0.093400 0.143000 0.545200 0.314900
80.900002 0.093644 0.146712 0.547472 0.320308
81.000000 0.094366 0.145202 0.548784 0.317022
81.099998 0.094719 0.145429 0.546709 0.315263
81.199997 0.095633 0.142101 0.545718 0.313680
81.299995 0.095233 0.140502 0.542920 0.312281
81.400002 0.095438 0.141957 0.545718 0.311825
81.500000 0.094705 0.139960 0.544056 0.307992
81.599998 0.095062 0.140544 0.546381 0.310076
81.699997 0.095381 0.139372 0.545591 0.311138
81.799995 0.094375 0.135909 0.546037 0.309948
81.900002 0.093925 0.134792 0.552658 0.312650
82.000000 0.093938 0.136455 0.547819 0.311825
82.099998 0.094609 0.138714 0.546955 0.307931
82.199997 0.094909 0.139614 0.545855 0.309331
82.299995 0.094681 0.139472 0.546891 0.309638
82.400002 0.094553 0.139630 0.551024 0.309745
82.500000 0.094109 0.139414 0.548655 0.311631
82.599998 0.093619 0.139428 0.552711 0.312062
82.699997 0.093881 0.138472 0.551290 0.316737
82.799995 0.093919 0.137628 0.550010 0.315863
82.900002 0.093675 0.137010 0.550040 0.315452
83.000000 0.094100 0.137800 0.551800 0.319700
83.099998 0.092472 0.137359 0.550835 0.321803
83.199997 0.092719 0.136827 0.552110 0.321564
83.299995 0.092591 0.138286 0.551245 0.322268
83.400002 0.092891 0.137786 0.548045 0.322468
83.500000 0.092191 0.135186 0.546045 0.321868
83.599998 0.092418 0.136527 0.548110 0.323065
83.699997 0.093091 0.137886 0.547245 0.324968
83.799995 0.093509 0.138214 0.547055 0.325633
83.900002 0.093900 0.138700 0.546200 0.329600
84.000000 0.093637 0.139156 0.547219 0.330632
84.099998 0.094581 0.142172 0.549590 0.329734
84.199997 0.094838 0.142957 0.547719 0.331533
84.299995 0.095138 0.143858 0.550020 0.328431
84.400002 0.095810 0.145915 0.549655 0.329233
84.500000 0.094881 0.144071 0.553189 0.332134
84.599998 0.094162 0.145442 0.554978 0.333267
84.699997 0.094528 0.145244 0.552266 0.326698
84.799995 0.094681 0.145471 0.550990 0.327534
84.900002 0.094349 0.145367 0.552216 0.328574
85.000000 0.094428 0.144043 0.552366 0.328499
85.099998 0.093728 0.144743 0.557267 0.332600
85.199997 0.094309 0.144914 0.559656 0.333833
85.299995 0.094494 0.145846 0.560460 0.336436
85.400002 0.095071 0.144357 0.558033 0.335599
85.500000 0.095677 0.143915 0.557346 0.332566
85.599998 0.094800 0.143100 0.557200 0.333400
85.699997 0.095019 0.144429 0.557211 0.329166
85.799995 0.095400 0.145500 0.558100 0.331100
85.900002 0.095043 0.147212 0.558165 0.332301
86.000000 0.094219 0.144129 0.559012 0.335667
86.099998 0.094247 0.144772 0.557579 0.335068
86.199997 0.094419 0.144829 0.560212 0.332566
86.299995 0.094909 0.144814 0.556856 0.333733
86.400002 0.095000 0.146700 0.556800 0.336200
86.500000 0.094672 0.146456 0.554734 0.337899
86.599998 0.095071 0.147056 0.555533 0.339298
86.699997 0.095381 0.146871 0.556489 0.339832
86.799995 0.095119 0.146529 0.552711 0.338968
86.900002 0.095071 0.145256 0.554434 0.342197
87.000000 0.094362 0.145742 0.556677 0.344962
87.099998 0.094372 0.145956 0.562231 0.343397
87.199997 0.093300 0.147400 0.562900 0.341100
87.299995 0.094700 0.149000 0.563000 0.339800
87.400002 0.094419 0.152330 0.568814 0.337267
87.500000 0.094919 0.150530 0.569414 0.336667
87.599998 0.095252 0.151124 0.573913 0.335732
87.699997 0.095800 0.150400 0.576200 0.338000
87.799995 0.095405 0.150966 0.580238 0.338272
87.900002 0.095190 0.148385 0.580242 0.338366
88.000000 0.094600 0.148500 0.580500 0.340300
88.099998 0.096119 0.149130 0.581516 0.341568
88.199997 0.095958 0.148389 0.583450 0.345707
88.299995 0.094225 0.147582 0.582234 0.342326
88.400002 0.094200 0.146600 0.584400 0.341000
88.500000 0.093500 0.147800 0.587200 0.339900
88.599998 0.093838 0.149960 0.586635 0.341637
88.699997 0.093137 0.149860 0.589736 0.342537
88.799995 0.093475 0.149920 0.589972 0.340673
88.900002 0.093709 0.151415 0.587659 0.343234
89.000000 0.093409 0.150315 0.585459 0.341334
89.099998 0.092900 0.150000 0.587300 0.341400
89.199997 0.094209 0.149215 0.588059 0.340134
89.299995 0.094081 0.148570 0.589382 0.338332
89.400002 0.093291 0.148485 0.586141 0.339566
89.500000 0.092482 0.149270 0.586983 0.341332
89.599998 0.093009 0.149515 0.585759 0.343034
89.699997 0.092091 0.148385 0.589941 0.342166
89.799995 0.092428 0.148545 0.588477 0.342103
89.900002 0.092619 0.146629 0.590518 0.341868
90.000000 0.093200 0.148700 0.591700 0.340700
90.099998 0.093428 0.146744 0.589777 0.340202
90.199997 0.093572 0.145856 0.591722 0.343897
90.299995 0.093528 0.145944 0.589477 0.343503
90.400002 0.093309 0.146015 0.589059 0.346335
90.500000 0.093600 0.145300 0.582300 0.350000
90.599998 0.094957 0.147188 0.585952 0.350810
90.699997 0.095029 0.147744 0.580674 0.350405
90.799995 0.095700 0.148700 0.582900 0.352900
90.900002 0.096319 0.148730 0.582216 0.355771
91.000000 0.095219 0.149530 0.584517 0.360372
91.099998 0.095710 0.150415 0.583758 0.358336
91.199997 0.095914 0.150265 0.582676 0.355980
91.299995 0.095467 0.150005 0.583709 0.358551
91.400002 0.095900 0.151400 0.583700 0.358700
91.500000 0.095152 0.148826 0.586007 0.360120
91.599998 0.095438 0.150960 0.583433 0.361645
91.699997 0.094938 0.150160 0.582633 0.361044
91.799995 0.095790 0.149785 0.585042 0.360564
91.900002 0.095738 0.149660 0.585534 0.361745
92.000000 0.095719 0.149230 0.582817 0.363073
92.099998 0.096100 0.148400 0.583100 0.362400
92.199997 0.094981 0.146471 0.582084 0.363327
92.299995 0.095200 0.145800 0.582800 0.363900
92.400002 0.095110 0.145315 0.582158 0.367237
92.500000 0.095276 0.143715 0.581265 0.370296
92.599998 0.095410 0.145115 0.579458 0.373637
92.699997 0.094600 0.144000 0.579100 0.378100
92.799995 0.094500 0.145200 0.581500 0.373300
92.900002 0.094447 0.145873 0.579390 0.373187
93.000000 0.094762 0.146841 0.580668 0.373451
93.099998 0.094990 0.144986 0.587241 0.373963
93.199997 0.095410 0.144814 0.587559 0.373737
93.299995 0.094762 0.143343 0.585266 0.377149
93.400002 0.094366 0.144101 0.583008 0.376964
93.500000 0.094891 0.145585 0.584642 0.375362
93.599998 0.094053 0.143828 0.581109 0.369515
93.699997 0.093372 0.144157 0.578726 0.373888
93.799995 0.093209 0.143714 0.576658 0.376838
93.900002 0.093072 0.143857 0.579326 0.379286
94.000000 0.092863 0.143443 0.578569 0.379548
94.099998 0.093475 0.144416 0.580865 0.380805
94.199997 0.093609 0.144914 0.579058 0.380238
94.299995 0.093400 0.144700 0.578600 0.379000
94.400002 0.093381 0.144171 0.579884 0.378724
94.500000 0.093419 0.142929 0.579816 0.378276
94.599998 0.094200 0.145100 0.582500 0.382800
94.699997 0.094791 0.144686 0.579142 0.384362
94.799995 0.095990 0.144885 0.578442 0.383262
94.900002 0.096000 0.145400 0.577800 0.385300
95.000000 0.095529 0.144443 0.577173 0.380714
95.099998 0.095771 0.144956 0.576927 0.382085
95.199997 0.096719 0.145629 0.579016 0.380076
95.299995 0.097000 0.146900 0.581400 0.376700
95.400002 0.096248 0.144372 0.581691 0.378189
95.500000 0.095186 0.144730 0.580623 0.376339
95.599998 0.094700 0.143700 0.580200 0.377300
95.699997 0.094485 0.143129 0.580823 0.378541
95.799995 0.095529 0.144143 0.582075 0.378313
95.900002 0.095819 0.145529 0.583917 0.377876
96.000000 0.094757 0.144387 0.589053 0.379728
96.099998 0.094981 0.144971 0.590982 0.378124
96.199997 0.094075 0.144215 0.590372 0.380905
96.299995 0.093819 0.145729 0.591018 0.378376
96.400002 0.093909 0.148115 0.596860 0.381238
96.500000 0.094400 0.150000 0.597800 0.379800
96.599998 0.094100 0.149900 0.600400 0.380500
96.699997 0.094257 0.149790 0.604163 0.377226
96.799995 0.094409 0.147215 0.603960 0.375738
96.900002 0.093500 0.145900 0.602600 0.380700
97.000000 0.093219 0.144429 0.603821 0.382777
97.099998 0.094100 0.145100 0.605000 0.386300
97.199997 0.094500 0.145200 0.605100 0.389800
97.299995 0.095190 0.145085 0.604740 0.390461
97.400002 0.094632 0.145804 0.608752 0.390346
97.500000 0.095110 0.144814 0.607661 0.393339
97.599998 0.095419 0.146029 0.608322 0.393379
97.699997 0.095719 0.146229 0.609322 0.392979
97.799995 0.095552 0.144628 0.612494 0.389805
97.900002 0.095900 0.144300 0.609500 0.392600
98.000000 0.095990 0.145085 0.610939 0.395160
98.099998 0.095990 0.141086 0.610839 0.395160
98.199997 0.097119 0.142629 0.606721 0.392378
98.299995 0.097268 0.142200 0.605324 0.394676
98.400002 0.098310 0.142214 0.605661 0.397140
98.500000 0.098271 0.141558 0.608617 0.396081
98.599998 0.098980 0.142771 0.609178 0.398420
98.699997 0.099510 0.143014 0.606061 0.395540
98.799995 0.098118 0.140368 0.608230 0.395675
98.900002 0.097931 0.139802 0.609174 0.393924
99.000000 0.098510 0.140814 0.606961 0.393539
99.099998 0.098630 0.141843 0.603381 0.393918
99.199997 0.098400 0.142200 0.600400 0.395300
99.299995 0.099120 0.143529 0.599520 0.392779
99.400002 0.099800 0.145100 0.598900 0.393700
99.500000 0.099980 0.146271 0.599380 0.398120
99.599998 0.100070 0.147256 0.600420 0.400380
99.699997 0.099490 0.146685 0.600640 0.401060
99.799995 0.098910 0.145115 0.596360 0.402040
99.900002 0.098780 0.144971 0.596481 0.402420
100.000000 0.099179 0.144115 0.594576 0.402622
100.099998 0.098490 0.143986 0.595740 0.401360
100.199997 0.098549 0.142671 0.598399 0.399600
100.299995 0.098530 0.142243 0.600780 0.400220
100.400002 0.098208 0.139754 0.604565 0.400841
100.500000 0.098510 0.141614 0.604860 0.402040
100.599998 0.099289 0.140026 0.606946 0.400761
100.699997 0.099170 0.139358 0.606618 0.403679
100.799995 0.098339 0.137855 0.606743 0.406763
100.900002 0.098300 0.140200 0.610300 0.407600
101.000000 0.097410 0.136714 0.612961 0.407141
101.099998 0.098102 0.138561 0.612987 0.406094
101.199997 0.097839 0.140056 0.616547 0.406663
101.299995 0.097949 0.140170 0.616108 0.407104
101.400002 0.097439 0.139056 0.620448 0.403061
101.500000 0.097680 0.138972 0.618376 0.401520
101.599998 0.097949 0.141971 0.617409 0.403502
101.699997 0.096719 0.141428 0.615323 0.403181
101.799995 0.095967 0.140398 0.617032 0.405584
101.900002 0.096410 0.140514 0.616262 0.407241
102.000000 0.096619 0.141228 0.622725 0.409482
102.099998 0.097090 0.141786 0.623738 0.409959
102.199997 0.096748 0.140770 0.625613 0.411106
102.299995 0.096348 0.141471 0.625113 0.409505
102.399994 0.096400 0.142700 0.622200 0.405900
102.500000 0.096100 0.145100 0.622400 0.401300
102.599998 0.096448 0.144872 0.619810 0.402601
102.699997 0.097019 0.146229 0.623225 0.401980
102.799995 0.097000 0.145900 0.623800 0.401700
102.899994 0.097741 0.145613 0.624525 0.403658
103.000000 0.097429 0.146644 0.623887 0.398620
103.099998 0.097998 0.146647 0.626326 0.399600
103.199997 0.096539 0.146459 0.624950 0.396158
103.299995 0.096890 0.147985 0.623538 0.397760
103.399994 0.097839 0.148259 0.622249 0.398860
103.500000 0.097042 0.148611 0.624825 0.398661
103.599998 0.097761 0.148840 0.624350 0.402639
103.699997 0.096819 0.147930 0.620324 0.399580
103.799995 0.096568 0.147403 0.620134 0.401981
103.899994 0.097039 0.146559 0.620048 0.399360
104.000000 0.096761 0.146741 0.622251 0.402839
104.099998 0.096829 0.147244 0.621987 0.401821
104.199997 0.097019 0.149930 0.615423 0.405681
104.299995 0.097910 0.148915 0.614261 0.405841
104.399994 0.097090 0.146985 0.614839 0.408359
104.500000 0.097271 0.147256 0.619214 0.409077
104.599998 0.096519 0.145129 0.618024 0.410282
104.699997 0.096829 0.146444 0.616585 0.410523
104.799995 0.097780 0.146971 0.617277 0.408518
104.899994 0.096710 0.145415 0.620162 0.407141
105.000000 0.096410 0.145515 0.618662 0.405041
105.099998 0.096800 0.146300 0.624100 0.401500
105.199997 0.098080 0.147570 0.626975 0.402420
105.299995 0.098239 0.147559 0.623349 0.401260
105.399994 0.098739 0.148459 0.624250 0.401260
105.500000 0.099280 0.149570 0.627275 0.401320
105.599998 0.099850 0.150475 0.624212 0.400900
105.699997 0.099100 0.150100 0.626300 0.397800
105.799995 0.099550 0.150025 0.626987 0.401099
105.899994 0.100120 0.149980 0.630557 0.401582
106.000000 0.099900 0.149200 0.634000 0.399800
106.099998 0.099770 0.148604 0.637346 0.400180
106.199997 0.100890 0.149385 0.637836 0.400860
106.299995 0.100680 0.148770 0.635173 0.399020
106.399994 0.101941 0.150560 0.635754 0.397859
106.500000 0.102010 0.152715 0.632663 0.399540
106.599998 0.101320 0.149430 0.631126 0.399180
106.699997 0.101220 0.149430 0.632527 0.399780
106.799995 0.101290 0.148985 0.636736 0.397460
106.899994 0.101480 0.147471 0.633573 0.400720
107.000000 0.101680 0.147171 0.631274 0.400220
107.099998 0.102500 0.148500 0.629300 0.400200
107.199997 0.102482 0.147618 0.628403 0.398319
107.299995 0.103400 0.148000 0.631500 0.395100
107.399994 0.102869 0.146356 0.628312 0.391383
107.500000 0.103400 0.148000 0.626500 0.391900
107.599998 0.103369 0.149355 0.622613 0.390983
107.699997 0.103000 0.148700 0.619200 0.393600
107.799995 0.102900 0.150200 0.621100 0.394700
107.899994 0.103562 0.150190 0.620672 0.397038
108.000000 0.103252 0.149275 0.622411 0.396198
108.099998 0.103462 0.149690 0.624875 0.396238
108.199997 0.102129 0.150095 0.624463 0.396522
108.299995 0.102200 0.151500 0.621600 0.400500
108.399994 0.101629 0.150595 0.620865 0.401619
108.500000 0.102420 0.151030 0.626025 0.403381
108.599998 0.102821 0.152030 0.630926 0.401680
108.699997 0.102831 0.153146 0.633890 0.400820
108.799995 0.102251 0.152576 0.632316 0.400600
108.899994 0.102631 0.153946 0.630589 0.401620
109.000000 0.103141 0.154362 0.634954 0.405762
109.099998 0.103100 0.154200 0.632500 0.407000
109.199997 0.102012 0.154170 0.631294 0.407648
109.299995 0.101259 0.151839 0.632647 0.407837
109.399994 0.100900 0.151300 0.634300 0.412800
109.500000 0.100040 0.150760 0.634954 0.415666
109.599998 0.099550 0.150875 0.636218 0.414407
109.699997 0.099600 0.151300 0.633900 0.411800
109.799995 0.100040 0.150860 0.632253 0.411265
109.899994 0.100100 0.148900 0.628700 0.411000
110.000000 0.101161 0.151191 0.629778 0.407545
110.099998 0.102220 0.150530 0.627926 0.409982
110.199997 0.102361 0.150690 0.626076 0.411047
110.299995 0.102813 0.152468 0.620182 0.409350
110.399994 0.102610 0.153415 0.617962 0.408541
110.500000 0.102903 0.154254 0.618218 0.413113
110.599998 0.102851 0.151776 0.617609 0.411706
110.699997 0.102521 0.152731 0.621424 0.413283
110.799995 0.102803 0.153053 0.618919 0.415816
110.899994 0.102069 0.153254 0.618315 0.411776
111.000000 0.101060 0.152639 0.616154 0.418732
111.099998 0.101130 0.153346 0.614284 0.419926
111.199997 0.101341 0.149760 0.617047 0.423069
111.299995 0.101320 0.149530 0.616023 0.421584
111.399994 0.100911 0.147162 0.612974 0.421564
111.500000 0.101219 0.146383 0.614408 0.420863
111.599998 0.100430 0.148196 0.615569 0.421305
111.699997 0.100700 0.148900 0.615300 0.420400
111.799995 0.100610 0.149615 0.608861 0.423142
111.899994 0.100410 0.149715 0.603760 0.423342
112.000000 0.100010 0.152415 0.601960 0.422742
112.099998 0.099190 0.153385 0.605639 0.420758
112.199997 0.098610 0.151815 0.602760 0.422342
112.299995 0.098931 0.153892 0.607175 0.423603
112.399994 0.098510 0.156316 0.606661 0.426243
112.500000 0.098441 0.153508 0.607336 0.425045
112.599998 0.098690 0.153485 0.607039 0.425857
112.699997 0.099300 0.156400 0.606400 0.425400
112.799995 0.100050 0.156178 0.607504 0.426213
112.899994 0.100260 0.154993 0.610366 0.426356
113.000000 0.101120 0.157832 0.612522 0.423285
113.099998 0.101600 0.157400 0.612400 0.423800
113.199997 0.102521 0.159132 0.609522 0.426885
113.299995 0.103400 0.155100 0.608900 0.429900
113.399994 0.103962 0.155994 0.607965 0.431759
113.500000 0.103010 0.155316 0.611861 0.434043
113.599998 0.101549 0.153123 0.609195 0.432384
113.699997 0.102461 0.153592 0.608065 0.433660
113.799995 0.102380 0.153169 0.610578 0.433913
113.899994 0.103200 0.153600 0.610900 0.430900
114.000000 0.103810 0.155216 0.611661 0.432743
114.099998 0.103159 0.153039 0.614554 0.436825
114.199997 0.103700 0.151900 0.614300 0.434500
114.299995 0.103610 0.153415 0.620362 0.434643
114.399994 0.103731 0.152146 0.623587 0.430029
114.500000 0.103800 0.152600 0.620500 0.427400
114.599998 0.104242 0.152561 0.619148 0.427071
114.699997 0.104831 0.154346 0.619586 0.428929
114.799995 0.104279 0.151970 0.621576 0.431014
114.899994 0.104390 0.153085 0.622238 0.431357
115.000000 0.103710 0.153015 0.625663 0.433443
115.099998 0.102803 0.152853 0.619720 0.433734
115.199997 0.103000 0.152600 0.617100 0.433200
115.299995 0.102410 0.153915 0.617262 0.437344
115.399994 0.103190 0.155684 0.621338 0.437556
115.500000 0.102800 0.152200 0.622200 0.441300
115.599998 0.103390 0.152085 0.623938 0.440256
115.699997 0.103331 0.152946 0.619686 0.439932
115.799995 0.103400 0.151800 0.618900 0.439500
115.899994 0.102220 0.150130 0.619424 0.443989
116.000000 0.103152 0.152476 0.619210 0.443922
116.099998 0.103441 0.152761 0.618948 0.440976
116.199997 0.104231 0.155247 0.618085 0.438331
116.299995 0.104442 0.157163 0.623549 0.441577
116.399994 0.104652 0.156678 0.621711 0.442121
116.500000 0.104394 0.156641 0.622060 0.443499
116.599998 0.104300 0.156300 0.621400 0.441900
116.699997 0.104721 0.155831 0.619724 0.445689
116.799995 0.104669 0.156453 0.614816 0.444667
116.899994 0.104500 0.154600 0.616100 0.443000
117.000000 0.104821 0.154531 0.615923 0.445989
117.099998 0.105079 0.155969 0.619676 0.447810
117.199997 0.104858 0.155638 0.621152 0.449420
117.299995 0.103900 0.154200 0.618700 0.450000
117.399994 0.103441 0.153061 0.618247 0.448279
117.500000 0.103500 0.152900 0.614600 0.445900
117.599998 0.102331 0.152246 0.610783 0.449135
117.699997 0.102141 0.153261 0.608543 0.450580
117.799995 0.102210 0.153215 0.609161 0.454545
117.899994 0.102059 0.153139 0.609956 0.454218
118.000000 0.101669 0.154254 0.613816 0.451265
118.099998 0.100500 0.155900 0.616800 0.447500
118.199997 0.100500 0.153800 0.616800 0.447000
118.299995 0.100630 0.152146 0.614584 0.446734
118.399994 0.100960 0.154438 0.613355 0.441124
118.500000 0.100400 0.155100 0.613700 0.443900
118.599998 0.099040 0.154362 0.613245 0.446979
118.699997 0.099680 0.154223 0.614892 0.446857
118.799995 0.098661 0.156138 0.616154 0.447321
118.899994 0.098400 0.155800 0.617300 0.448000
119.000000 0.096781 0.153569 0.615677 0.452010
119.099998 0.096590 0.152585 0.616938 0.452555
119.199997 0.096190 0.151285 0.619438 0.456054
119.299995 0.095490 0.150285 0.619938 0.452955
119.399994 0.095777 0.150220 0.620797 0.450761
119.500000 0.095571 0.150055 0.624513 0.452164
119.599998 0.095638 0.150460 0.625550 0.451381
119.699997 0.094891 0.150985 0.624338 0.455454
119.799995 0.095009 0.151015 0.627563 0.455346
119.899994 0.094838 0.148860 0.624250 0.456383
120.000000 0.095210 0.150615 0.621562 0.454946
120.099998 0.094138 0.150960 0.619348 0.457483
120.199997 0.094119 0.149230 0.616123 0.452491
120.299995 0.094200 0.149500 0.615900 0.451800
120.399994 0.093219 0.146629 0.618324 0.450690
120.500000 0.093600 0.147500 0.617800 0.451100
120.599998 0.093481 0.148370 0.615377 0.450610
120.699997 0.093372 0.148156 0.616415 0.447766
120.799995 0.093737 0.146859 0.616947 0.448780
120.899994 0.093700 0.147300 0.617400 0.448300
121.000000 0.093619 0.146529 0.617624 0.449790
121.099998 0.093928 0.147344 0.620686 0.450435
121.199997 0.094019 0.145329 0.621524 0.451390
121.299995 0.094228 0.143843 0.622887 0.449035
121.399994 0.093881 0.144771 0.623775 0.450110
121.500000 0.093891 0.145485 0.624838 0.452755
121.599998 0.093828 0.146144 0.626588 0.452836
121.699997 0.093900 0.145900 0.624800 0.452900
121.799995 0.094309 0.145515 0.625363 0.456546
121.899994 0.094281 0.144371 0.625475 0.458708
122.000000 0.094709 0.143314 0.623262 0.463346
122.099998 0.095110 0.140914 0.623362 0.458646
122.199997 0.094872 0.141857 0.622713 0.459662
122.299995 0.094600 0.141500 0.623500 0.455500
122.399994 0.095029 0.141142 0.624087 0.458037
122.500000 0.095210 0.142914 0.625963 0.459346
122.599998 0.096381 0.144071 0.627175 0.458308
122.699997 0.097190 0.144886 0.626437 0.461254
122.799995 0.096919 0.147129 0.627726 0.460892
122.899994 0.096748 0.147474 0.627914 0.461931
123.000000 0.096932 0.146497 0.625162 0.466274
123.099998 0.097168 0.145802 0.624437 0.466627
123.199997 0.096990 0.144186 0.625138 0.466453
123.299995 0.096729 0.144343 0.626288 0.463239
123.399994 0.097700 0.145300 0.623400 0.464600
123.500000 0.098180 0.147870 0.622875 0.461708
123.599998 0.097890 0.145685 0.624838 0.462054
123.699997 0.097920 0.145829 0.622725 0.462593
123.799995 0.098620 0.146329 0.622825 0.462392
123.899994 0.098410 0.146315 0.622162 0.461946
124.000000 0.098071 0.146256 0.617615 0.465660
124.099998 0.097071 0.147656 0.618614 0.465860
124.199997 0.097841 0.149210 0.614731 0.459624
124.299995 0.098518 0.149880 0.610533 0.457449
124.399994 0.099170 0.148955 0.615515 0.457963
124.500000 0.098490 0.147385 0.615039 0.459454
124.599998 0.098310 0.148215 0.614962 0.462246
124.699997 0.098689 0.148534 0.613953 0.460815
124.799995 0.098980 0.146771 0.612677 0.461608
124.899994 0.099179 0.146918 0.612790 0.462870
125.000000 0.099720 0.151030 0.612022 0.462292
125.099998 0.099880 0.153069 0.612577 0.460308
125.199997 0.099110 0.152215 0.616662 0.463846
125.299995 0.098700 0.152200 0.613500 0.463600
125.399994 0.098920 0.152631 0.610222 0.463493
125.500000 0.099810 0.154270 0.612574 0.466914
125.599998 0.099920 0.155331 0.611122 0.465993
125.699997 0.099270 0.155053 0.610317 0.465760
125.799995 0.099289 0.153638 0.611450 0.466320
125.899994 0.098970 0.153554 0.611117 0.465660
126.000000 0.098029 0.152146 0.610683 0.467240
126.099998 0.097869 0.150906 0.611628 0.468828
126.199997 0.097419 0.150030 0.612122 0.465793
126.299995 0.098600 0.150600 0.610700 0.470700
126.399994 0.099000 0.149700 0.610600 0.470200
126.500000 0.099020 0.150130 0.611022 0.471294
126.599998 0.098890 0.148885 0.613439 0.468353
126.699997 0.098970 0.150955 0.612316 0.468060
126.799995 0.099330 0.151145 0.612784 0.469141
126.899994 0.100420 0.151230 0.615723 0.467894
127.000000 0.101151 0.151376 0.616108 0.472536
127.099998 0.100820 0.152130 0.617423 0.475395
127.199997 0.100829 0.153093 0.617168 0.475967
127.299995 0.100530 0.152693 0.612971 0.477865
127.399994 0.100330 0.153746 0.614484 0.476343
127.500000 0.101341 0.155062 0.612245 0.474090
127.599998 0.102031 0.155447 0.616485 0.476643
127.699997 0.101310 0.154715 0.615462 0.476548
127.799995 0.101551 0.156178 0.616808 0.474637
127.899994 0.102139 0.157905 0.618829 0.470618
128.000000 0.102100 0.155600 0.616400 0.471800
128.099991 0.102241 0.156563 0.615746 0.470288
128.199997 0.101320 0.156331 0.617523 0.469894
128.300003 0.101342 0.156519 0.619167 0.470859
128.399994 0.101900 0.154700 0.617100 0.471700
128.500000 0.100290 0.153585 0.619438 0.469953
128.599991 0.099800 0.155300 0.619600 0.470400
128.699997 0.100630 0.155647 0.616685 0.473142
128.800003 0.099650 0.153723 0.618391 0.473463
128.899994 0.100450 0.154277 0.618509 0.474037
129.000000 0.099940 0.154762 0.617047 0.473289
129.099991 0.099870 0.155053 0.621514 0.473658
129.199997 0.100150 0.155178 0.621211 0.471536
129.300003 0.099760 0.155493 0.623674 0.469782
129.399994 0.099440 0.156162 0.624450 0.466387
129.500000 0.098821 0.153477 0.622202 0.464029
129.599991 0.098300 0.152300 0.624800 0.466000
129.699997 0.098900 0.151600 0.625600 0.469800
129.800003 0.098731 0.151794 0.629060 0.474868
129.899994 0.098779 0.151021 0.629203 0.477182
130.000000 0.099300 0.151600 0.630500 0.479100
130.099991 0.099010 0.152215 0.633763 0.480048
130.199997 0.098438 0.154416 0.635890 0.484178
130.300003 0.097081 0.153569 0.637572 0.482404
130.399994 0.097381 0.152869 0.640172 0.485303
130.500000 0.097620 0.152430 0.640828 0.485297
130.599991 0.097910 0.153715 0.639264 0.484348
130.699997 0.098000 0.152700 0.637200 0.477500
130.800003 0.098300 0.155000 0.640600 0.483100
130.899994 0.098029 0.154446 0.638892 0.478644
131.000000 0.097639 0.154462 0.640556 0.482193
131.099991 0.098200 0.154900 0.637500 0.481400
131.199997 0.098610 0.155416 0.639464 0.483348
131.300003 0.098751 0.155022 0.639980 0.486057
131.399994 0.098100 0.154300 0.640500 0.484800
131.500000 0.098329 0.156447 0.641593 0.490247
131.599991 0.099190 0.155184 0.639736 0.490251
131.699997 0.100020 0.154431 0.643929 0.486997
131.800003 0.100950 0.155278 0.646223 0.481641
131.899994 0.100920 0.155131 0.644629 0.479096
132.000000 0.099159 0.154092 0.644887 0.479087
132.099991 0.098900 0.153100 0.642900 0.481200
132.199997 0.098800 0.152900 0.642200 0.481100
132.300003 0.098370 0.153154 0.643207 0.476957
132.399994 0.097810 0.155716 0.647665 0.479348
132.500000 0.098059 0.154993 0.646288 0.479788
132.599991 0.096352 0.155822 0.644378 0.478861
132.699997 0.096306 0.154570 0.647612 0.480629
132.800003 0.095329 0.153746 0.647294 0.477843
132.899994 0.095896 0.155856 0.645746 0.473473
133.000000 0.096271 0.155753 0.649805 0.472358
133.099991 0.096000 0.155000 0.650900 0.471500
133.199997 0.094209 0.154815 0.649465 0.470647
133.300003 0.094638 0.155462 0.647959 0.471389
133.399994 0.094291 0.154485 0.649735 0.475552
133.500000 0.093928 0.154246 0.652496 0.478344
133.599991 0.093081 0.155969 0.654269 0.481304
133.699997 0.092554 0.157721 0.648975 0.484158
133.800003 0.092465 0.157610 0.649555 0.484539
133.899994 0.093191 0.156984 0.652335 0.486051
134.000000 0.092600 0.155900 0.655300 0.484400
134.099991 0.092409 0.155516 0.654265 0.484648
134.199997 0.091473 0.155324 0.651621 0.482386
134.300003 0.091000 0.153500 0.650600 0.485700
134.399994 0.090618 0.152731 0.647629 0.485497
134.500000 0.089973 0.151155 0.649005 0.484355
134.599991 0.089900 0.150500 0.649100 0.482500
134.699997 0.090645 0.151876 0.648424 0.486043
134.800003 0.090964 0.154038 0.643643 0.484906
134.899994 0.092100 0.154900 0.643700 0.484200
135.000000 0.091918 0.154831 0.645129 0.483197
135.099991 0.093056 0.156094 0.643386 0.482189
135.199997 0.094000 0.157800 0.644500 0.482100
135.300003 0.094438 0.155762 0.643758 0.482293
135.399994 0.095777 0.157226 0.647018 0.483587
135.500000 0.095510 0.155816 0.650865 0.485649
135.599991 0.095681 0.155769 0.651370 0.487902
135.699997 0.095962 0.156437 0.654738 0.491104
135.800003 0.095900 0.155300 0.654500 0.490700
135.899994 0.096629 0.156847 0.656797 0.491447
136.000000 0.096429 0.155847 0.654496 0.488246
136.099991 0.095629 0.155747 0.652396 0.482545
136.199997 0.095938 0.155062 0.652261 0.478491
136.300003 0.095119 0.153831 0.652030 0.478996
136.399994 0.095519 0.153931 0.649730 0.477395
136.500000 0.096110 0.154315 0.647765 0.475148
136.599991 0.096138 0.152361 0.648459 0.477091
136.699997 0.096790 0.151885 0.647335 0.479352
136.800003 0.094919 0.151030 0.646529 0.479596
136.899994 0.095038 0.151561 0.647159 0.480092
137.000000 0.095815 0.152883 0.646976 0.481578
137.099991 0.095029 0.152246 0.655797 0.484345
137.199997 0.095009 0.150215 0.653465 0.485049
137.300003 0.095157 0.149590 0.656894 0.493096
137.399994 0.094391 0.148385 0.657134 0.492751
137.500000 0.093109 0.146615 0.656566 0.495750
137.599991 0.092872 0.148355 0.658502 0.496151
137.699997 0.092446 0.146073 0.661131 0.493347
137.800003 0.091154 0.146827 0.660170 0.494053
137.899994 0.090900 0.145600 0.662500 0.493200
138.000000 0.090281 0.145631 0.664598 0.494945
138.099991 0.089891 0.146785 0.664034 0.496150
138.199997 0.090109 0.147515 0.660866 0.496050
138.300003 0.089700 0.147100 0.661100 0.496100
138.399994 0.089563 0.147603 0.662163 0.499550
138.500000 0.090373 0.147056 0.663401 0.500050
138.599991 0.090836 0.147259 0.662565 0.497899
138.699997 0.091327 0.146444 0.665300 0.498550
138.800003 0.091446 0.147774 0.663032 0.495048
138.899994 0.091809 0.147415 0.666067 0.495150
139.000000 0.091045 0.146512 0.669498 0.494503
139.099991 0.090573 0.146556 0.665600 0.496151
139.199997 0.091109 0.147915 0.662466 0.495650
139.300003 0.091972 0.147756 0.664301 0.496851
139.399994 0.091900 0.148500 0.663800 0.497100
139.500000 0.092200 0.150300 0.662600 0.497600
139.599991 0.093009 0.150515 0.662666 0.493649
139.699997 0.093109 0.152515 0.662766 0.494649
139.800003 0.092991 0.151885 0.660834 0.497950
139.899994 0.093928 0.150645 0.660898 0.497549
140.000000 0.092991 0.150685 0.663134 0.498950
140.099991 0.093300 0.151000 0.662400 0.494700
140.199997 0.092819 0.153631 0.663233 0.496499
140.300003 0.092728 0.154146 0.663499 0.499750
140.399994 0.093309 0.153315 0.665267 0.503250
140.500000 0.093437 0.153161 0.670868 0.503702
140.599991 0.094391 0.154085 0.672633 0.503150
140.699997 0.094300 0.152200 0.671200 0.499000
140.800003 0.094272 0.148655 0.678197 0.498850
140.899994 0.094028 0.148044 0.679304 0.498350
141.000000 0.093681 0.149870 0.677964 0.498500
141.099991 0.094228 0.151345 0.675003 0.497649
141.199997 0.095229 0.153946 0.675303 0.496149
141.300003 0.094981 0.152769 0.678764 0.496001
141.399994 0.094553 0.152224 0.678561 0.499250
141.500000 0.093872 0.150955 0.676597 0.497651
141.599991 0.093681 0.149070 0.673065 0.498500
141.699997 0.094747 0.151376 0.671136 0.498249
141.800003 0.094156 0.151591 0.670802 0.496498
141.899994 0.095248 0.150675 0.670435 0.494147
142.000000 0.095862 0.151939 0.671631 0.494402
142.099991 0.096761 0.153139 0.669732 0.494102
142.199997 0.096710 0.151915 0.666767 0.493849
142.300003 0.096300 0.153300 0.668400 0.492100
142.399994 0.096077 0.154724 0.673339 0.490592
142.500000 0.096890 0.154785 0.674733 0.487851
142.599991 0.096181 0.154169 0.677864 0.486303
142.699997 0.095319 0.152931 0.676935 0.485897
142.800003 0.095429 0.152146 0.678904 0.486646
142.899994 0.095376 0.152222 0.678643 0.484788
143.000000 0.095929 0.151545 0.676903 0.485546
143.099991 0.096458 0.152391 0.679708 0.485291
143.199997 0.095990 0.149285 0.679132 0.482852
143.300003 0.096090 0.151085 0.680532 0.486051
143.399994 0.094766 0.149905 0.680176 0.483739
143.500000 0.093481 0.150370 0.679364 0.483503
143.599991 0.093135 0.148996 0.680923 0.484561
143.699997 0.092391 0.149385 0.682832 0.489551
143.800003 0.093000 0.150000 0.680200 0.490300
143.899994 0.092872 0.149155 0.677797 0.491752
144.000000 0.093400 0.149600 0.674300 0.492000
144.099991 0.093002 0.150966 0.671639 0.490039
144.199997 0.093219 0.149630 0.668734 0.491798
144.300003 0.094047 0.152676 0.672936 0.489345
144.399994 0.094109 0.150915 0.675067 0.488749
144.500000 0.093909 0.150815 0.675568 0.486349
144.599991 0.093581 0.150570 0.675765 0.485603
144.699997 0.093347 0.149875 0.678339 0.488344
144.800003 0.092800 0.150200 0.675300 0.488100
144.899994 0.093319 0.149830 0.674035 0.488598
145.000000 0.092528 0.150245 0.672102 0.489147
145.099991 0.093300 0.153300 0.675300 0.489300
145.199997 0.094491 0.153485 0.676532 0.486951
145.300003 0.095500 0.154100 0.677100 0.486800
145.399994 0.095710 0.155116 0.676768 0.486349
145.500000 0.095400 0.153500 0.679800 0.483500
145.599991 0.094928 0.150845 0.683305 0.486346
145.699997 0.095410 0.150515 0.683268 0.486949
145.800003 0.094557 0.149290 0.682209 0.485691
145.899994 0.095090 0.149285 0.682032 0.484352
146.000000 0.095238 0.149760 0.685974 0.487295
146.099991 0.095500 0.150500 0.683100 0.488000
146.199997 0.095352 0.147826 0.681859 0.490255
146.300003 0.096329 0.147044 0.680404 0.488447
146.399994 0.096187 0.145631 0.686918 0.491042
146.500000 0.096400 0.145300 0.687100 0.489100
146.599991 0.095243 0.143814 0.684789 0.486408
146.699997 0.095290 0.144286 0.686431 0.489751
146.800003 0.094338 0.143457 0.688575 0.490596
146.899994 0.094209 0.141414 0.688369 0.490349
147.000000 0.094066 0.139798 0.689383 0.487942
147.099991 0.093281 0.141072 0.690462 0.483303
147.199997 0.093800 0.141600 0.692500 0.485300
147.300003 0.093472 0.140458 0.694492 0.487954
147.399994 0.093300 0.138700 0.694000 0.488200
147.500000 0.093091 0.136786 0.697330 0.489951
147.599991 0.093300 0.138700 0.700900 0.493500
147.699997 0.093884 0.139425 0.699930 0.493144
147.800003 0.093956 0.138783 0.702421 0.497699
147.899994 0.093019 0.138428 0.704841 0.494599
148.000000 0.092355 0.135681 0.707224 0.488193
148.099991 0.092819 0.137327 0.705441 0.487998
148.199997 0.093384 0.137524 0.706836 0.485937
148.300003 0.094062 0.137045 0.709516 0.487205
148.399994 0.092981 0.138872 0.706959 0.488502
148.500000 0.091573 0.138658 0.710587 0.483455
148.599991 0.091918 0.139328 0.709542 0.479896
148.699997 0.092756 0.139684 0.712828 0.479888
148.800003 0.093072 0.139658 0.715385 0.478756
148.899994 0.093391 0.140186 0.716128 0.478052
149.000000 0.093472 0.142057 0.714586 0.479356
149.099991 0.094156 0.142285 0.716730 0.478687
149.199997 0.094209 0.143814 0.719072 0.476848
149.300003 0.095210 0.145415 0.720972 0.474347
149.399994 0.096458 0.146888 0.721233 0.474685
149.500000 0.097200 0.149500 0.723200 0.478200
149.599991 0.097039 0.146959 0.721589 0.477991
149.699997 0.096939 0.147659 0.721088 0.478191
149.800003 0.096481 0.147570 0.721656 0.473905
149.899994 0.095376 0.146417 0.724780 0.478183
150.000000 0.095009 0.146515 0.727873 0.475248
150.099991 0.094847 0.145573 0.726863 0.473837
150.199997 0.095419 0.146929 0.726745 0.474395
150.300003 0.096100 0.145600 0.729500 0.475600
150.399994 0.096100 0.143700 0.732500 0.474100
150.500000 0.095867 0.146202 0.731012 0.471330
150.599991 0.095476 0.145617 0.727282 0.469576
150.699997 0.095252 0.146527 0.727236 0.470965
150.800003 0.095958 0.147188 0.723934 0.468281
150.899994 0.096400 0.148700 0.729900 0.470000
151.000000 0.097181 0.148470 0.729854 0.469806
151.099991 0.097920 0.149430 0.728346 0.470494
151.199997 0.097829 0.150345 0.730519 0.469941
151.300003 0.097242 0.150810 0.729662 0.468119
151.399994 0.097100 0.149400 0.727900 0.470200
151.500000 0.096233 0.148696 0.727691 0.467473
151.599991 0.095438 0.147359 0.730692 0.466186
151.699997 0.095386 0.148233 0.732759 0.462716
151.800003 0.095719 0.149530 0.730946 0.467293
151.899994 0.096261 0.151739 0.730908 0.470012
152.000000 0.096329 0.151946 0.731419 0.465840
152.099991 0.097200 0.151700 0.727100 0.465400
152.199997 0.097439 0.150060 0.729692 0.471188
152.300003 0.097058 0.150490 0.731539 0.471683
152.399994 0.097571 0.151954 0.731780 0.474358
152.500000 0.097890 0.152685 0.728927 0.472653
152.599991 0.097242 0.152409 0.728763 0.472516
152.699997 0.096800 0.152700 0.727900 0.470600
152.800003 0.096390 0.150585 0.728827 0.473253
152.899994 0.096668 0.150906 0.726709 0.470129
153.000000 0.096632 0.150095 0.727091 0.470870
153.099991 0.097400 0.152000 0.725800 0.468500
153.199997 0.098020 0.154631 0.723345 0.475195
153.300003 0.097900 0.153500 0.723900 0.475200
153.399994 0.097500 0.153000 0.723300 0.475000
153.500000 0.097929 0.154246 0.719216 0.472542
153.599991 0.097700 0.153200 0.720000 0.476300
153.699997 0.097551 0.152324 0.721339 0.477961
153.800003 0.098110 0.150815 0.721772 0.478248
153.899994 0.098300 0.152400 0.721100 0.478700
154.000000 0.097727 0.151297 0.720537 0.479724
154.099991 0.097000 0.149400 0.725000 0.478500
154.199997 0.096990 0.149585 0.725028 0.478852
154.300003 0.096358 0.146988 0.726336 0.480188
154.399994 0.096210 0.146915 0.728773 0.479548
154.500000 0.095781 0.146871 0.727854 0.478904
154.599991 0.096439 0.146158 0.727091 0.478091
154.699997 0.096167 0.146202 0.730111 0.479936
154.800003 0.097000 0.147100 0.726700 0.479600
154.899994 0.096500 0.144100 0.730600 0.481900
155.000000 0.095690 0.145485 0.732627 0.477652
155.099991 0.095652 0.144628 0.729335 0.481059
155.199997 0.095552 0.142129 0.730735 0.482259
155.300003 0.094309 0.139814 0.733873 0.482248
155.399994 0.095257 0.141185 0.731839 0.480688
155.500000 0.096310 0.140914 0.736674 0.480548
155.599991 0.097358 0.143586 0.741045 0.480088
155.699997 0.097019 0.142729 0.739248 0.480796
155.800003 0.096410 0.143114 0.740674 0.479448
155.899994 0.097959 0.145387 0.739844 0.477386
156.000000 0.098439 0.145058 0.738996 0.474890
156.099991 0.098770 0.143757 0.737779 0.474058
156.199997 0.099240 0.143214 0.733960 0.474615
156.300003 0.099150 0.143172 0.734367 0.477239
156.399994 0.099399 0.143243 0.736036 0.475475
156.500000 0.099710 0.143614 0.736074 0.474947
156.599991 0.098980 0.141472 0.733653 0.477105
156.699997 0.099340 0.141857 0.736295 0.476691
156.800003 0.100220 0.142228 0.737648 0.471694
156.899994 0.101111 0.142357 0.737411 0.472520
157.000000 0.102490 0.144286 0.733227 0.473953
157.099991 0.103431 0.143943 0.732320 0.472842
157.199997 0.104100 0.145200 0.734100 0.471400
157.300003 0.103193 0.146031 0.735162 0.469222
157.399994 0.102872 0.146302 0.739618 0.464625
157.500000 0.103200 0.148100 0.738000 0.462400
157.599991 0.103810 0.149515 0.737874 0.466247
157.699997 0.103900 0.147200 0.735700 0.466700
157.800003 0.103910 0.145915 0.734473 0.465947
157.899994 0.103931 0.145844 0.734220 0.470041
158.000000 0.103400 0.145900 0.731500 0.468100
158.099991 0.104300 0.146300 0.732100 0.469200
158.199997 0.104431 0.149045 0.735621 0.470241
158.300003 0.104352 0.148674 0.736968 0.471236
158.399994 0.105021 0.150030 0.736147 0.471194
158.500000 0.105700 0.152600 0.736600 0.474200
158.599991 0.106211 0.154015 0.738374 0.476348
158.699997 0.105632 0.155347 0.739222 0.481044
158.800003 0.105500 0.155900 0.739800 0.482200
158.899994 0.105921 0.156031 0.738248 0.480896
159.000000 0.105921 0.154031 0.736547 0.482597
159.099991 0.105632 0.154346 0.737821 0.482045
159.199997 0.105137 0.153308 0.736958 0.479812
159.300003 0.105789 0.152885 0.738626 0.478352
159.399994 0.106189 0.153185 0.739526 0.481052
159.500000 0.106058 0.153738 0.740904 0.482307
159.599991 0.104369 0.151555 0.739478 0.483155
159.699997 0.104810 0.153315 0.738974 0.480848
159.800003 0.105032 0.152846 0.738121 0.476143
159.899994 0.106521 0.152230 0.737247 0.474295
160.000000 0.107411 0.153815 0.738074 0.477248
160.099991 0.107132 0.153846 0.740522 0.479944
160.199997 0.106557 0.153539 0.739904 0.477309
160.300003 0.106311 0.152415 0.739274 0.478748
160.399994 0.106732 0.153446 0.743123 0.481444
160.500000 0.107932 0.155347 0.740222 0.484345
160.599991 0.108467 0.155553 0.742877 0.484355
160.699997 0.108489 0.157284 0.742726 0.483352
160.800003 0.108011 0.156816 0.744574 0.484648
160.899994 0.108711 0.157716 0.741774 0.486449
161.000000 0.108944 0.156663 0.738696 0.484894
161.099991 0.109600 0.155500 0.740200 0.487900
161.199997 0.110511 0.155716 0.741374 0.486649
161.300003 0.111178 0.154469 0.740352 0.489002
161.399994 0.111111 0.155116 0.741174 0.489049
161.500000 0.111333 0.154307 0.740156 0.490006
161.599991 0.110611 0.151552 0.740040 0.492893
161.699997 0.110022 0.153131 0.738648 0.494799
161.800003 0.110889 0.153122 0.736389 0.493094
161.899994 0.111000 0.154800 0.735800 0.494700
162.000000 0.110522 0.155231 0.738448 0.495699
162.099991 0.110744 0.155162 0.741096 0.499100
162.199997 0.109944 0.152161 0.740296 0.495398
162.300003 0.109400 0.152100 0.743900 0.498400
162.399994 0.109744 0.152361 0.746198 0.500100
162.500000 0.109256 0.151839 0.749100 0.503898
162.599991 0.108000 0.151500 0.750100 0.501700
162.699997 0.106875 0.152507 0.752227 0.498849
162.800003 0.106411 0.152615 0.753475 0.499750
162.899994 0.106911 0.153215 0.752275 0.495550
163.000000 0.106832 0.154346 0.747924 0.493448
163.099991 0.107397 0.153238 0.750275 0.495246
163.199997 0.106979 0.152969 0.746751 0.496201
163.300003 0.107565 0.152592 0.747749 0.495898
163.399994 0.107189 0.152085 0.745725 0.492951
163.500000 0.107032 0.152246 0.745224 0.492748
163.599991 0.107079 0.152969 0.744051 0.495401
163.699997 0.108100 0.155400 0.742400 0.490700
163.800003 0.107432 0.155747 0.741422 0.489647
163.899994 0.107164 0.156594 0.745447 0.493096
164.000000 0.107257 0.157037 0.744202 0.489404
164.099991 0.106947 0.157521 0.741729 0.488756
164.199997 0.105974 0.156910 0.736215 0.486040
164.300003 0.106821 0.157131 0.736847 0.488998
164.399994 0.107711 0.157116 0.735374 0.490249
164.500000 0.107678 0.154869 0.737453 0.492402
164.599991 0.107311 0.153815 0.738774 0.495250
164.699997 0.107343 0.152361 0.742297 0.499800
164.800003 0.107965 0.153492 0.741945 0.500100
164.899994 0.108400 0.153400 0.736500 0.500100
165.000000 0.108443 0.152761 0.734994 0.503702
165.099991 0.108122 0.152230 0.732847 0.503601
165.199997 0.107600 0.153100 0.735400 0.505700
165.300003 0.108346 0.156422 0.736832 0.504348
165.399994 0.109111 0.157816 0.735974 0.504750
165.500000 0.109422 0.159432 0.732847 0.503301
165.599991 0.109644 0.159964 0.732893 0.507103
165.699997 0.110122 0.159932 0.733547 0.506701
165.800003 0.109211 0.158916 0.734773 0.504750
165.899994 0.109078 0.158668 0.733553 0.505399
166.000000 0.108633 0.156447 0.736121 0.504951
166.099991 0.108946 0.159020 0.736032 0.506847
166.199997 0.108878 0.158768 0.737053 0.507499
166.300003 0.109000 0.159700 0.739600 0.509100
166.399994 0.108311 0.161516 0.737174 0.504450
166.500000 0.108332 0.160148 0.740622 0.498149
166.599991 0.108678 0.161668 0.744051 0.499700
166.699997 0.108232 0.161749 0.745624 0.498350
166.800003 0.106936 0.162503 0.743754 0.499001
166.899994 0.106200 0.158600 0.746200 0.497700
167.000000 0.106100 0.159000 0.746700 0.499800
167.099991 0.105179 0.159768 0.744651 0.502300
167.199997 0.104500 0.158100 0.745500 0.503400
167.300003 0.103290 0.155484 0.748025 0.506749
167.399994 0.103810 0.157516 0.748575 0.506251
167.500000 0.103310 0.157116 0.751975 0.509551
167.599991 0.103238 0.155307 0.751549 0.511693
167.699997 0.103221 0.155431 0.750450 0.508602
167.800003 0.103290 0.153985 0.750625 0.508949
167.899994 0.103021 0.152530 0.750550 0.511702
168.000000 0.102738 0.151109 0.749850 0.514691
168.099991 0.101910 0.148715 0.747275 0.513651
168.199997 0.101800 0.149000 0.749500 0.513800
168.300003 0.101810 0.148715 0.749175 0.511051
168.399994 0.101500 0.148800 0.749500 0.509100
168.500000 0.101530 0.149645 0.750625 0.508453
168.599991 0.101100 0.148700 0.751400 0.508500
168.699997 0.101461 0.150690 0.754653 0.510006
168.800003 0.101619 0.152578 0.751898 0.506994
168.899994 0.101710 0.151315 0.751375 0.504650
169.000000 0.101210 0.152415 0.751875 0.500950
169.099991 0.101600 0.153000 0.751800 0.502000
169.199997 0.102169 0.155853 0.752174 0.501949
169.300003 0.101300 0.155900 0.752200 0.502700
169.399994 0.100800 0.154200 0.755600 0.502700
169.500000 0.100000 0.155200 0.751600 0.504900
169.599991 0.099130 0.154746 0.752426 0.507052
169.699997 0.099000 0.153200 0.753200 0.505100
169.800003 0.099740 0.154062 0.749300 0.501701
169.899994 0.099540 0.154962 0.750100 0.502101
170.000000 0.098959 0.154593 0.748749 0.503002
170.099991 0.098790 0.153185 0.747425 0.505649
170.199997 0.098228 0.150896 0.747672 0.505758
170.300003 0.098810 0.150015 0.748775 0.509351
170.399994 0.099850 0.152376 0.750475 0.508154
170.500000 0.100630 0.153846 0.748124 0.510053
170.599991 0.099860 0.153139 0.747101 0.510396
170.699997 0.100300 0.152800 0.745900 0.509200
170.800003 0.098841 0.153708 0.745053 0.509994
170.899994 0.099930 0.155647 0.741823 0.507052
171.000000 0.099270 0.154354 0.742877 0.509447
171.099991 0.098710 0.150415 0.738274 0.516152
171.199997 0.098090 0.150885 0.739526 0.514749
171.300003 0.097683 0.150619 0.739612 0.514583
171.399994 0.097929 0.150245 0.739422 0.515755
171.500000 0.098310 0.152315 0.739574 0.516652
171.599991 0.099210 0.151315 0.739874 0.514651
171.699997 0.098590 0.150685 0.740526 0.512549
171.800003 0.098649 0.149475 0.740970 0.510555
171.899994 0.098210 0.150315 0.743674 0.515051
172.000000 0.098651 0.151424 0.743828 0.520040
172.099991 0.099289 0.151937 0.740466 0.516165
172.199997 0.098820 0.148930 0.743649 0.518804
172.300003 0.098349 0.150275 0.741771 0.515758
172.399994 0.099279 0.150020 0.742194 0.513711
172.500000 0.099410 0.152215 0.739974 0.514551
172.599991 0.098980 0.150870 0.736553 0.516497
172.699997 0.098139 0.149960 0.735194 0.514306
172.800003 0.098090 0.149685 0.735726 0.514849
172.899994 0.099230 0.149045 0.738822 0.510553
173.000000 0.099410 0.150115 0.741174 0.511151
173.099991 0.098161 0.148441 0.741304 0.513794
173.199997 0.098510 0.148715 0.741174 0.517352
173.300003 0.098610 0.147915 0.742474 0.516552
173.399994 0.099010 0.149115 0.741474 0.516852
173.500000 0.098900 0.148800 0.740600 0.515400
173.599991 0.099000 0.150000 0.737800 0.512200
173.699997 0.098290 0.151785 0.738326 0.512349
173.800003 0.098910 0.152215 0.736774 0.514051
173.899994 0.099030 0.152846 0.737821 0.514854
174.000000 0.099130 0.151746 0.737521 0.513854
174.099991 0.099750 0.153277 0.733867 0.513857
174.199997 0.099070 0.153054 0.733280 0.514146
174.300003 0.098539 0.151661 0.734894 0.512605
174.399994 0.099060 0.152739 0.734706 0.510496
174.500000 0.098820 0.153731 0.734647 0.512502
174.599991 0.098129 0.155347 0.731519 0.512954
174.699997 0.098110 0.153415 0.729873 0.515952
174.800003 0.097839 0.152561 0.730992 0.514706
174.899994 0.097458 0.152291 0.730838 0.510106
175.000000 0.097890 0.152785 0.726727 0.506349
175.099991 0.097139 0.154262 0.727191 0.504102
175.199997 0.097329 0.155147 0.728118 0.505752
175.300003 0.096832 0.153692 0.730089 0.506146
175.399994 0.096352 0.154623 0.729035 0.506147
175.500000 0.095681 0.154269 0.729654 0.505699
175.599991 0.095424 0.152278 0.730216 0.506994
175.699997 0.094362 0.148541 0.727709 0.504298
175.800003 0.094538 0.147359 0.725990 0.504702
175.899994 0.094372 0.148056 0.729081 0.508447
176.000000 0.095100 0.150400 0.728700 0.510400
176.099991 0.095090 0.148785 0.730027 0.513249
176.199997 0.094828 0.148445 0.731519 0.515255
176.300003 0.094285 0.146832 0.733560 0.517165
176.399994 0.094609 0.145915 0.733373 0.520452
176.500000 0.093872 0.144257 0.737079 0.519644
176.599991 0.093563 0.143942 0.736905 0.519892
176.699997 0.092972 0.141258 0.737479 0.522243
176.800003 0.092382 0.143471 0.737153 0.517796
176.899994 0.092118 0.145729 0.740448 0.521004
177.000000 0.092700 0.146500 0.740700 0.516600
177.099991 0.092909 0.146215 0.741274 0.516852
177.199997 0.093491 0.146785 0.749725 0.516548
177.300003 0.093737 0.146058 0.747799 0.520708
177.399994 0.093363 0.145842 0.750300 0.521092
177.500000 0.093109 0.146115 0.749775 0.521052
177.599991 0.093009 0.147015 0.751575 0.519052
177.699997 0.093165 0.148204 0.752827 0.521365
177.800003 0.092163 0.147341 0.755198 0.520992
177.899994 0.091054 0.146527 0.756422 0.524338
178.000000 0.091527 0.143843 0.751926 0.526458
178.099991 0.091591 0.142386 0.753025 0.523948
178.199997 0.091709 0.144014 0.752275 0.523152
178.300003 0.091709 0.142914 0.748175 0.525052
178.399994 0.090773 0.142957 0.746976 0.525742
178.500000 0.090182 0.143471 0.749150 0.525895
178.599991 0.091018 0.144729 0.750050 0.522905
178.699997 0.089900 0.144400 0.747800 0.522500
178.800003 0.089937 0.144099 0.747277 0.524533
178.899994 0.089627 0.142343 0.749525 0.525758
179.000000 0.089409 0.141414 0.750975 0.531053
179.099991 0.089700 0.141200 0.751100 0.530100
179.199997 0.088409 0.141014 0.751375 0.533953
179.300003 0.087835 0.140656 0.750900 0.531513
179.399994 0.087700 0.140600 0.749800 0.530300
179.500000 0.088482 0.141272 0.748750 0.530194
179.599991 0.088944 0.142171 0.749575 0.533067
179.699997 0.089098 0.145360 0.749725 0.534888
179.800003 0.089409 0.145014 0.748375 0.537554
179.899994 0.089609 0.146215 0.745275 0.537754
180.000000 0.089909 0.146115 0.748375 0.536154
180.099991 0.090054 0.146688 0.748449 0.541925
180.199997 0.090491 0.146985 0.748125 0.542646
180.300003 0.091391 0.146285 0.748425 0.542246
180.399994 0.091936 0.145798 0.749276 0.541721
180.500000 0.091627 0.146444 0.747224 0.536161
180.599991 0.090982 0.144430 0.745071 0.535182
180.699997 0.090164 0.143643 0.746202 0.533287
180.800003 0.090173 0.144357 0.747476 0.534640
180.899994 0.089891 0.144086 0.749525 0.539346
181.000000 0.089973 0.147156 0.748375 0.541038
181.099991 0.090345 0.146673 0.746473 0.541471
181.199997 0.089846 0.144413 0.744453 0.540975
181.300003 0.089936 0.143557 0.741096 0.541016
181.399994 0.089409 0.142314 0.741774 0.540254
181.500000 0.089646 0.139616 0.743754 0.543774
181.599991 0.089264 0.139044 0.742803 0.541583
181.699997 0.088771 0.139912 0.743595 0.540432
181.800003 0.088253 0.138683 0.743246 0.536622
181.899994 0.088109 0.138514 0.743274 0.539354
182.000000 0.087953 0.139083 0.746548 0.543626
182.099991 0.087800 0.138900 0.749700 0.541500
182.199997 0.088609 0.140714 0.747475 0.544454
182.300003 0.088900 0.143100 0.749000 0.544900
182.399994 0.088465 0.144642 0.749100 0.541983
182.500000 0.088400 0.144000 0.750300 0.537400
182.599991 0.087935 0.144058 0.752601 0.538715
182.699997 0.087982 0.144471 0.753849 0.537392
182.800003 0.088482 0.144771 0.755949 0.537592
182.899994 0.087239 0.138603 0.756071 0.540422
183.000000 0.087309 0.138314 0.754075 0.542754
183.099991 0.087391 0.138686 0.757224 0.546045
183.199997 0.088056 0.138131 0.753923 0.546027
183.300003 0.088509 0.138214 0.752675 0.545054
183.399994 0.089027 0.138942 0.750925 0.541863
183.500000 0.088491 0.139986 0.748925 0.540746
183.599991 0.090136 0.139956 0.746699 0.540916
183.699997 0.089909 0.138714 0.749575 0.543154
183.800003 0.089773 0.137559 0.749475 0.543637
183.899994 0.090045 0.139670 0.749475 0.539670
184.000000 0.089599 0.138653 0.746221 0.533186
184.099991 0.090218 0.140828 0.745849 0.538908
184.199997 0.090391 0.140586 0.747025 0.542446
184.300003 0.091327 0.141342 0.744623 0.541963
184.399994 0.091309 0.142214 0.745775 0.542354
184.500000 0.091837 0.139756 0.748900 0.543117
184.599991 0.092382 0.138172 0.748950 0.544991
184.699997 0.092528 0.140942 0.747024 0.545364
184.800003 0.091455 0.137783 0.744947 0.544026
184.899994 0.090491 0.136586 0.746225 0.544146
185.000000 0.090527 0.135341 0.746224 0.545164
185.099991 0.090618 0.134827 0.744349 0.545709
185.199997 0.090709 0.136063 0.744393 0.548458
185.300003 0.090991 0.135586 0.750025 0.548945
185.399994 0.090691 0.134687 0.753825 0.548245
185.500000 0.090563 0.135595 0.753828 0.550585
185.599991 0.089763 0.136596 0.756229 0.552487
185.699997 0.089945 0.137269 0.752576 0.553277
185.800003 0.089863 0.136095 0.755629 0.556990
185.899994 0.089945 0.136468 0.756078 0.558279
186.000000 0.089637 0.137304 0.755871 0.556410
186.099991 0.089282 0.136673 0.756249 0.557988
186.199997 0.089309 0.135914 0.754375 0.557156
186.300003 0.088618 0.133727 0.751750 0.553311
186.399994 0.088309 0.134713 0.755976 0.552055
186.500000 0.088282 0.131474 0.759448 0.550390
186.599991 0.088409 0.132913 0.760376 0.551255
186.699997 0.088491 0.133687 0.763424 0.555544
186.800003 0.088856 0.134233 0.763118 0.557721
186.899994 0.088909 0.132613 0.766177 0.557356
187.000000 0.088309 0.133213 0.762176 0.557156
187.099991 0.088782 0.133973 0.761248 0.558288
187.199997 0.088009 0.134013 0.764276 0.556256
187.300003 0.088627 0.136641 0.763329 0.555667
187.399994 0.087791 0.137386 0.762924 0.558344
187.500000 0.088335 0.138856 0.766106 0.557923
187.599991 0.087856 0.140330 0.767916 0.555522
187.699997 0.088000 0.141800 0.767800 0.555100
187.800003 0.087391 0.142486 0.769223 0.552945
187.899994 0.088026 0.144743 0.768731 0.552866
188.000000 0.088573 0.142557 0.769069 0.551535
188.099991 0.088297 0.141355 0.768846 0.550606
188.199997 0.088174 0.143557 0.766470 0.549435
188.300003 0.088282 0.142871 0.769046 0.544991
188.399994 0.089327 0.143043 0.768130 0.541562
188.500000 0.090527 0.144443 0.773832 0.544663
188.599991 0.091409 0.145515 0.772477 0.546055
188.699997 0.091445 0.146112 0.774535 0.547272
188.800003 0.091227 0.146244 0.772732 0.542163
188.899994 0.090927 0.146844 0.774632 0.540162
189.000000 0.090809 0.145415 0.776378 0.538854
189.099991 0.091409 0.148115 0.778778 0.538354
189.199997 0.091791 0.146885 0.780022 0.539146
189.300003 0.090891 0.143586 0.781022 0.538046
189.399994 0.090164 0.142943 0.782987 0.534686
189.500000 0.090682 0.142471 0.786043 0.532793
189.599991 0.089991 0.141486 0.782922 0.534047
189.699997 0.088591 0.139586 0.785521 0.538846
189.800003 0.089218 0.137628 0.788558 0.538108
189.899994 0.089691 0.137186 0.787121 0.535546
190.000000 0.089382 0.135973 0.788542 0.540592
190.099991 0.088247 0.133420 0.787827 0.539876
190.199997 0.089000 0.133400 0.787800 0.538600
190.300003 0.087809 0.130913 0.788879 0.541454
190.399994 0.087591 0.130387 0.787421 0.542546
190.500000 0.088218 0.131926 0.786857 0.541208
190.599991 0.087826 0.132240 0.789837 0.544263
190.699997 0.087544 0.129165 0.789295 0.542471
190.800003 0.086935 0.130652 0.788615 0.547419
190.899994 0.086526 0.132940 0.788337 0.545164
191.000000 0.086417 0.133227 0.787557 0.545709
191.099991 0.085626 0.130839 0.788437 0.541763
191.199997 0.086066 0.132347 0.791184 0.540284
191.300003 0.084766 0.131048 0.789084 0.538984
191.399994 0.085400 0.131000 0.785800 0.538000
191.500000 0.086064 0.133053 0.788498 0.537822
191.599991 0.086226 0.133040 0.789837 0.538562
191.699997 0.087017 0.134027 0.791158 0.539608
191.800003 0.087109 0.133813 0.793179 0.543354
191.899994 0.086883 0.133273 0.792142 0.546991
192.000000 0.086109 0.131413 0.791879 0.544354
192.099991 0.086126 0.131139 0.790337 0.543963
192.199997 0.086478 0.132820 0.793214 0.546692
192.300003 0.086317 0.131826 0.792458 0.545209
192.399994 0.086591 0.132487 0.792621 0.544746
192.500000 0.085948 0.133320 0.791325 0.546472
192.599991 0.086574 0.134160 0.789463 0.544737
192.699997 0.086843 0.132566 0.788494 0.545273
192.800003 0.086891 0.133087 0.791321 0.544546
192.899994 0.087135 0.133153 0.792317 0.545218
193.000000 0.087509 0.134413 0.794179 0.542754
193.099991 0.087591 0.134986 0.792121 0.543546
193.199997 0.086983 0.135273 0.789442 0.544691
193.300003 0.086978 0.132419 0.790211 0.541087
193.399994 0.086691 0.132587 0.788321 0.542346
193.500000 0.087409 0.132513 0.789079 0.539754
193.599991 0.085691 0.130687 0.788621 0.541246
193.699997 0.086417 0.133227 0.785257 0.540608
193.800003 0.087309 0.134513 0.786779 0.538354
193.899994 0.087891 0.134087 0.786121 0.542846
194.000000 0.088391 0.133587 0.787421 0.541646
194.099991 0.088000 0.133500 0.785700 0.542600
194.199997 0.087600 0.131800 0.786400 0.539100
194.300003 0.088135 0.132153 0.783113 0.537015
194.399994 0.088518 0.131626 0.785457 0.534207
194.500000 0.088009 0.131213 0.782578 0.529953
194.599991 0.089009 0.133813 0.783578 0.530853
194.699997 0.089100 0.134100 0.784700 0.535400
194.800003 0.088409 0.133813 0.784478 0.531953
194.899994 0.089600 0.135100 0.781100 0.533100
195.000000 0.090155 0.135932 0.784408 0.533833
195.099991 0.089845 0.135868 0.782191 0.533067
195.199997 0.090173 0.135459 0.780866 0.535739
195.300003 0.089164 0.135546 0.783287 0.536485
195.399994 0.090409 0.136314 0.781778 0.534153
195.500000 0.090428 0.137790 0.783373 0.532174
195.599991 0.090964 0.137196 0.782248 0.533774
195.699997 0.090682 0.136922 0.781584 0.533407
195.800003 0.090291 0.136186 0.781222 0.532647
195.899994 0.090855 0.134281 0.784171 0.538223
196.000000 0.091100 0.132700 0.786200 0.538300
196.099991 0.091764 0.134594 0.783749 0.536676
196.199997 0.091064 0.133794 0.784449 0.536776
196.300003 0.090264 0.134446 0.783986 0.538585
196.399994 0.089500 0.135400 0.781600 0.541800
196.500000 0.089418 0.135827 0.781556 0.545009
196.599991 0.090191 0.137186 0.780222 0.543346
196.699997 0.090991 0.136986 0.779222 0.543846
196.800003 0.090809 0.135814 0.781678 0.543754
196.899994 0.090927 0.136941 0.782135 0.547064
197.000000 0.091518 0.135727 0.781756 0.546109
197.099991 0.090791 0.138486 0.782822 0.547145
197.199997 0.090909 0.139014 0.782078 0.546455
197.300003 0.089936 0.136655 0.784514 0.546719
197.399994 0.088991 0.136686 0.782822 0.550345
197.500000 0.089627 0.137341 0.779234 0.546364
197.599991 0.089727 0.138642 0.779934 0.548965
197.699997 0.088818 0.138628 0.776455 0.549410
197.800003 0.088818 0.137828 0.776955 0.550310
197.899994 0.088964 0.138345 0.774090 0.552679
198.000000 0.089873 0.139758 0.774368 0.557833
198.099991 0.089982 0.140872 0.771746 0.554389
198.199997 0.089389 0.141041 0.770270 0.551952
198.300003 0.088891 0.140586 0.770323 0.551945
198.399994 0.089045 0.141271 0.770185 0.552476
198.500000 0.088682 0.141872 0.769446 0.552390
198.599991 0.088300 0.143100 0.765700 0.550300
198.699997 0.087600 0.142200 0.762200 0.549100
198.800003 0.087979 0.141527 0.764488 0.551596
198.899994 0.087591 0.141286 0.763524 0.553045
199.000000 0.088153 0.140084 0.765059 0.549230
199.099991 0.089045 0.141171 0.762681 0.548374
199.199997 0.089282 0.141372 0.762148 0.551490
199.300003 0.088582 0.140072 0.764147 0.551790
199.399994 0.088297 0.137752 0.766443 0.552908
199.500000 0.088182 0.136873 0.767247 0.555089
199.599991 0.088018 0.136827 0.768254 0.553811
199.699997 0.087591 0.136986 0.769723 0.553245
199.800003 0.087452 0.136882 0.768861 0.550730
199.899994 0.086643 0.135968 0.767584 0.548774
