0.000000 1.000000 7.999800 1.000000 0.999900
0.100000 0.998300 7.991499 0.998500 0.999100
0.200000 0.997300 7.986501 0.997200 0.997800
0.300000 0.996599 7.979196 0.995999 0.996899
0.400000 0.995599 7.972294 0.995799 0.995899
0.500000 0.994199 7.959496 0.994099 0.993699
0.600000 0.994303 7.960920 0.993203 0.994003
0.700000 0.993403 7.958017 0.992003 0.993503
0.800000 0.992598 7.954587 0.991297 0.992698
0.900000 0.991297 7.949880 0.988796 0.990996
1.000000 0.990098 7.941388 0.988098 0.990298
1.100000 0.989799 7.943395 0.986899 0.989099
1.200000 0.988797 7.941382 0.985896 0.987296
1.300000 0.987799 7.940393 0.984598 0.985999
1.400000 0.986399 7.940495 0.984698 0.984598
1.500000 0.983998 7.923193 0.982298 0.981698
1.600000 0.983892 7.930065 0.982992 0.982691
1.700000 0.982398 7.926593 0.981098 0.981498
1.800000 0.981598 7.930694 0.979898 0.979098
1.900000 0.981106 7.927222 0.978806 0.978706
2.000000 0.980094 7.922876 0.976793 0.978093
2.100000 0.979300 7.925700 0.977600 0.977500
2.200000 0.977584 7.918042 0.976383 0.975583
2.300000 0.977798 7.921692 0.976398 0.975598
2.400000 0.976305 7.918216 0.975105 0.973205
2.500000 0.975898 7.919692 0.973097 0.973597
2.600000 0.975600 7.918200 0.973200 0.971800
2.700000 0.974595 7.916584 0.972594 0.970594
2.800000 0.973934 7.917108 0.972436 0.967942
2.900000 0.972697 7.917592 0.972597 0.968597
3.000000 0.971386 7.918559 0.971486 0.968184
3.100000 0.971303 7.918508 0.970503 0.966503
3.200000 0.968903 7.908710 0.968503 0.963404
3.300000 0.967587 7.908663 0.966787 0.960884
3.400000 0.968506 7.918516 0.966607 0.960608
3.500000 0.967216 7.919840 0.966717 0.961419
3.600000 0.965993 7.919784 0.965793 0.960692
3.700000 0.965190 7.918276 0.963689 0.958888
3.800000 0.963600 7.906000 0.961500 0.957300
3.900000 0.964089 7.913974 0.962289 0.956387
4.000000 0.962874 7.912438 0.960773 0.955569
4.100000 0.963968 7.919428 0.959363 0.953858
4.200000 0.963585 7.918168 0.958483 0.950780
4.300000 0.963207 7.916917 0.957009 0.949810
4.400000 0.960788 7.906572 0.954586 0.947584
4.500000 0.959184 7.903062 0.951881 0.946579
4.600000 0.959512 7.910327 0.952414 0.947716
4.700000 0.958300 7.910900 0.950600 0.946000
4.800000 0.957300 7.906000 0.946300 0.946800
4.900000 0.956796 7.910192 0.946395 0.946495
5.000000 0.956096 7.904390 0.946495 0.945395
5.100000 0.955796 7.909591 0.948195 0.944594
5.200000 0.955524 7.909246 0.947411 0.945608
5.300000 0.955182 7.912465 0.946078 0.942977
5.400000 0.954518 7.909836 0.943922 0.942023
5.500000 0.954100 7.911600 0.942900 0.941800
5.600000 0.954373 7.909946 0.940064 0.938363
5.700000 0.951581 7.893657 0.937175 0.935274
5.800000 0.953409 7.910518 0.937712 0.936713
5.900000 0.952805 7.909909 0.936106 0.937906
6.000000 0.949475 7.881541 0.931666 0.935368
6.100000 0.952405 7.909109 0.934707 0.937606
6.200000 0.950495 7.900791 0.930493 0.934393
6.300000 0.950795 7.904390 0.927893 0.932593
6.400000 0.951524 7.911244 0.925537 0.934533
6.500000 0.951400 7.910100 0.926700 0.932200
6.600000 0.950000 7.907700 0.926900 0.931900
6.700000 0.949215 7.906328 0.924123 0.930021
6.800000 0.949010 7.907218 0.923315 0.928814
6.900000 0.947700 7.900100 0.923800 0.928000
7.000000 0.948810 7.907918 0.923915 0.928014
7.100000 0.947705 7.901510 0.921608 0.927207
7.200000 0.947226 7.904548 0.922239 0.926137
7.300000 0.946505 7.901010 0.919808 0.925607
7.400000 0.946043 7.901679 0.915168 0.924560
7.500000 0.943894 7.881888 0.910991 0.923092
7.600000 0.945678 7.903762 0.910464 0.925270
7.700000 0.943400 7.890000 0.906400 0.922600
7.800000 0.944911 7.903419 0.906919 0.923915
7.900000 0.945100 7.903500 0.907600 0.920200
8.000000 0.944367 7.904543 0.908045 0.921253
8.099999 0.943260 7.904333 0.908236 0.919444
8.200000 0.943794 7.905490 0.905391 0.919892
8.300000 0.943349 7.904714 0.903713 0.921930
8.400000 0.942900 7.904000 0.903900 0.920000
8.500000 0.942877 7.904862 0.900260 0.917067
8.599999 0.940188 7.887677 0.897379 0.915883
8.700000 0.941423 7.903039 0.897841 0.917833
8.800000 0.940553 7.902688 0.895594 0.917874
8.900000 0.939245 7.894005 0.893304 0.917626
9.000000 0.939852 7.899519 0.892114 0.916133
9.099999 0.940076 7.899660 0.892757 0.912865
9.200000 0.938639 7.898899 0.892593 0.911912
9.300000 0.939318 7.901329 0.893132 0.909427
9.400000 0.936362 7.885431 0.889734 0.905243
9.500000 0.936756 7.890723 0.885020 0.904433
9.599999 0.937106 7.893711 0.882812 0.904310
9.700000 0.936387 7.894179 0.885177 0.904281
9.800000 0.936481 7.898570 0.884965 0.903271
9.900000 0.935668 7.898149 0.887444 0.901751
10.000000 0.934520 7.896331 0.883235 0.900830
10.099999 0.934387 7.898479 0.880876 0.899280
10.200000 0.933093 7.890889 0.877188 0.897790
10.300000 0.934461 7.898839 0.877727 0.901141
10.400000 0.934113 7.899220 0.876825 0.899720
10.500000 0.933700 7.898600 0.878700 0.897700
10.599999 0.934120 7.898630 0.878436 0.899730
10.700000 0.933200 7.899500 0.878600 0.901300
10.800000 0.933027 7.900239 0.875650 0.901939
10.900000 0.932307 7.899010 0.875312 0.902910
11.000000 0.931355 7.897882 0.875600 0.901379
11.099999 0.931121 7.895531 0.872738 0.899330
11.200000 0.930528 7.894742 0.872751 0.898341
11.300000 0.931341 7.897262 0.872177 0.898361
11.400000 0.926085 7.858272 0.867073 0.891178
11.500000 0.930100 7.895500 0.867800 0.895700
11.599999 0.929486 7.893779 0.868774 0.896079
11.700000 0.926700 7.874000 0.866700 0.895000
11.800000 0.928986 7.892278 0.868074 0.896679
11.900000 0.927407 7.890211 0.866013 0.895410
12.000000 0.927307 7.891110 0.865913 0.892011
12.099999 0.926659 7.890887 0.866906 0.891087
12.200000 0.926207 7.893211 0.866413 0.888311
12.300000 0.926352 7.891776 0.864095 0.887179
12.400000 0.925300 7.891901 0.861200 0.886300
12.500000 0.924792 7.889888 0.858886 0.883888
12.599999 0.924815 7.891222 0.855329 0.882723
12.700000 0.924345 7.891564 0.855387 0.879772
12.799999 0.923100 7.884000 0.852500 0.881400
12.900000 0.922700 7.880800 0.848600 0.880500
13.000000 0.923808 7.889411 0.850015 0.880412
13.099999 0.922615 7.887322 0.849430 0.881024
13.200000 0.922654 7.889277 0.848106 0.880484
13.299999 0.922423 7.889233 0.846046 0.881536
13.400000 0.921408 7.887211 0.843916 0.883512
13.500000 0.921939 7.887656 0.839980 0.883358
13.599999 0.921308 7.879912 0.837916 0.880912
13.700000 0.921168 7.886154 0.837035 0.881353
13.799999 0.919444 7.877113 0.837286 0.878215
13.900000 0.920100 7.879401 0.834600 0.877400
14.000000 0.918508 7.868514 0.832917 0.874813
14.099999 0.920448 7.883869 0.834000 0.874675
14.200000 0.919276 7.878764 0.833350 0.872562
14.299999 0.919932 7.883146 0.828868 0.872251
14.400000 0.919784 7.878675 0.828466 0.870774
14.500000 0.919068 7.883854 0.827131 0.870748
14.599999 0.919992 7.884688 0.826583 0.870487
14.700000 0.919900 7.887100 0.826900 0.866400
14.799999 0.919200 7.885900 0.826800 0.863900
14.900000 0.917884 7.875875 0.825265 0.857071
15.000000 0.918633 7.880848 0.825170 0.855158
15.099999 0.918333 7.881847 0.824970 0.853559
15.200000 0.918408 7.878012 0.825018 0.848115
15.299999 0.918192 7.882588 0.825182 0.845385
15.400000 0.918600 7.882300 0.825700 0.844200
15.500000 0.918157 7.881283 0.824423 0.843210
15.599999 0.917059 7.876238 0.823212 0.842921
15.700000 0.916950 7.881529 0.821493 0.840404
15.799999 0.915200 7.870400 0.821000 0.837600
15.900000 0.916300 7.880100 0.818900 0.838000
16.000000 0.916317 7.877824 0.820136 0.836633
16.100000 0.917167 7.878251 0.816927 0.832933
16.199999 0.917125 7.877437 0.816455 0.832150
16.299999 0.917250 7.876474 0.816710 0.828503
16.400000 0.917508 7.875613 0.817418 0.828917
16.500000 0.916608 7.876012 0.815318 0.829817
16.600000 0.915900 7.876800 0.812400 0.828200
16.699999 0.915492 7.875288 0.809481 0.828983
16.799999 0.914934 7.876449 0.805978 0.830268
16.900000 0.914483 7.868574 0.804461 0.827666
17.000000 0.914183 7.869574 0.802761 0.827065
17.100000 0.914609 7.877912 0.804919 0.832017
17.199999 0.914383 7.876975 0.803961 0.831666
17.299999 0.915608 7.875012 0.804020 0.832117
17.400000 0.915808 7.875012 0.802420 0.830417
17.500000 0.915500 7.875300 0.801200 0.830000
17.600000 0.914309 7.864113 0.799120 0.828017
17.699999 0.915217 7.873625 0.796041 0.828634
17.799999 0.915500 7.874800 0.799600 0.830000
17.900000 0.915500 7.874500 0.799300 0.828300
18.000000 0.914417 7.873526 0.795541 0.827235
18.100000 0.913591 7.868287 0.791779 0.827183
18.199999 0.913883 7.868073 0.793959 0.824965
18.299999 0.911891 7.858886 0.793379 0.822182
18.400000 0.913487 7.865435 0.793906 0.819780
18.500000 0.913283 7.862573 0.793059 0.819464
18.600000 0.913591 7.861986 0.793579 0.816582
18.699999 0.914800 7.867400 0.793100 0.817100
18.799999 0.914551 7.870178 0.790825 0.816210
18.900000 0.914791 7.871487 0.792679 0.812381
19.000000 0.915109 7.870812 0.790121 0.815718
19.100000 0.915192 7.868287 0.789779 0.816382
19.199999 0.915058 7.871836 0.789795 0.814607
19.299999 0.914866 7.870749 0.791517 0.812025
19.400000 0.914300 7.868600 0.787800 0.811300
19.500000 0.914400 7.867599 0.787200 0.807700
19.600000 0.913769 7.868305 0.786771 0.807154
19.699999 0.913191 7.867887 0.784678 0.804480
19.799999 0.911991 7.864387 0.787079 0.804680
19.900000 0.911491 7.867287 0.785979 0.803680
20.000000 0.911091 7.866687 0.785779 0.801680
20.100000 0.910154 7.866081 0.781831 0.802718
20.199999 0.909591 7.864886 0.781878 0.800380
20.299999 0.909382 7.862973 0.781556 0.798160
20.400000 0.908782 7.864272 0.776555 0.796059
20.500000 0.907181 7.853671 0.772154 0.794659
20.600000 0.908300 7.860800 0.770100 0.793300
20.699999 0.904881 7.837367 0.764653 0.789158
20.799999 0.905162 7.844438 0.765106 0.791116
20.900000 0.906363 7.863646 0.766907 0.789816
21.000000 0.905128 7.861141 0.764471 0.786864
21.100000 0.904771 7.861858 0.761528 0.785136
21.199999 0.904104 7.855756 0.758358 0.784785
21.299999 0.903590 7.858286 0.755776 0.784078
21.400000 0.903219 7.858128 0.752350 0.781044
21.500000 0.902590 7.857086 0.751575 0.780778
21.600000 0.901510 7.857414 0.748725 0.780422
21.699999 0.901500 7.859200 0.746900 0.782300
21.799999 0.901672 7.860018 0.747872 0.781216
21.900000 0.899970 7.848855 0.744223 0.779934
22.000000 0.900780 7.860972 0.743049 0.780456
22.100000 0.901361 7.861245 0.741497 0.780712
22.199999 0.901661 7.865646 0.742797 0.778711
22.299999 0.901270 7.865360 0.742323 0.779334
22.400000 0.901361 7.864846 0.743898 0.778711
22.500000 0.901710 7.867114 0.746925 0.777122
22.600000 0.902341 7.867521 0.745547 0.777466
22.699999 0.902320 7.867126 0.749050 0.777844
22.799999 0.901810 7.866713 0.750625 0.777622
22.900000 0.902200 7.864799 0.748400 0.776100
23.000000 0.902510 7.865913 0.745825 0.774922
23.100000 0.902180 7.862573 0.748350 0.774555
23.199999 0.902010 7.860214 0.747125 0.774123
23.299999 0.901820 7.861428 0.749350 0.776645
23.400000 0.901390 7.860386 0.750675 0.774377
23.500000 0.901790 7.858386 0.752075 0.771377
23.600000 0.899600 7.844900 0.750200 0.770600
23.699999 0.900710 7.855215 0.749725 0.770523
23.799999 0.898670 7.849555 0.751425 0.771131
23.900000 0.899300 7.853900 0.752400 0.768200
24.000000 0.899610 7.853014 0.753225 0.765123
24.100000 0.897890 7.839784 0.751675 0.764576
24.199999 0.900060 7.853541 0.749700 0.760404
24.299999 0.900000 7.852300 0.748700 0.759400
24.400000 0.894147 7.812606 0.741871 0.753277
24.500000 0.898149 7.846923 0.744872 0.755478
24.600000 0.898080 7.849270 0.743549 0.755851
24.699999 0.897369 7.847854 0.744723 0.754226
24.799999 0.896179 7.840168 0.741248 0.752751
24.900000 0.896021 7.846830 0.737552 0.750050
25.000000 0.896190 7.845085 0.738274 0.753475
25.100000 0.895990 7.841284 0.732673 0.749975
25.199999 0.896835 7.845753 0.731871 0.749900
25.299999 0.895010 7.832617 0.733327 0.748425
25.400000 0.895410 7.838816 0.732127 0.749825
25.500000 0.896810 7.847415 0.732627 0.750025
25.599998 0.897379 7.849170 0.729146 0.750850
25.699999 0.897007 7.847663 0.725653 0.749875
25.799999 0.896921 7.848431 0.726055 0.747251
25.900000 0.893900 7.830300 0.721000 0.743200
26.000000 0.894947 7.845823 0.722761 0.742371
26.099998 0.895600 7.849000 0.719900 0.738400
26.199999 0.894700 7.848001 0.717000 0.742900
26.299999 0.895010 7.844715 0.714029 0.740826
26.400000 0.895431 7.847246 0.717285 0.738079
26.500000 0.893915 7.838070 0.713371 0.734988
26.599998 0.894036 7.837402 0.712227 0.736242
26.699999 0.895285 7.848133 0.711583 0.738312
26.799999 0.895069 7.850855 0.709213 0.738922
26.900000 0.895279 7.851070 0.707341 0.734347
27.000000 0.895427 7.850195 0.708396 0.734614
27.099998 0.895690 7.850884 0.710371 0.731673
27.199999 0.895200 7.846000 0.708800 0.735000
27.299999 0.894289 7.844085 0.705371 0.734573
27.400000 0.892536 7.832599 0.705023 0.732339
27.500000 0.893868 7.845554 0.705412 0.727718
27.599998 0.893689 7.848485 0.705371 0.726273
27.699999 0.893974 7.849405 0.703108 0.725792
27.799999 0.892568 7.845154 0.701811 0.726618
27.900000 0.892100 7.834800 0.700000 0.724800
28.000000 0.892700 7.838600 0.699700 0.722700
28.099998 0.893464 7.842994 0.696582 0.719368
28.199999 0.894311 7.843616 0.693131 0.716828
28.299999 0.894868 7.843253 0.688006 0.713614
28.400000 0.894347 7.846924 0.689745 0.711956
28.500000 0.894789 7.849585 0.685769 0.710771
28.599998 0.894147 7.845122 0.684042 0.713257
28.699999 0.894311 7.848215 0.683032 0.715128
28.799999 0.896500 7.851500 0.681900 0.713700
28.900000 0.898090 7.851386 0.678668 0.713071
29.000000 0.898180 7.852371 0.675435 0.711342
29.099998 0.897579 7.848370 0.675935 0.710442
29.199999 0.898022 7.851478 0.674391 0.711346
29.299999 0.896810 7.850615 0.674033 0.712529
29.400000 0.896828 7.849794 0.671170 0.714800
29.500000 0.896879 7.851971 0.672234 0.713943
29.599998 0.895879 7.849970 0.671734 0.711142
29.699999 0.895848 7.847223 0.671736 0.708754
29.799999 0.893983 7.835218 0.668936 0.705576
29.900000 0.895763 7.847791 0.670698 0.708575
30.000000 0.895221 7.848330 0.671666 0.710058
30.099998 0.895842 7.846161 0.671331 0.711915
30.199999 0.895800 7.847500 0.670900 0.710500
30.299999 0.896058 7.842937 0.668167 0.706282
30.400000 0.895510 7.825918 0.669633 0.700530
30.500000 0.898080 7.848670 0.670634 0.700040
30.599998 0.895769 7.831350 0.666900 0.698710
30.699999 0.896790 7.839084 0.667167 0.697270
30.799999 0.898190 7.846084 0.670567 0.698370
30.900000 0.898339 7.848009 0.672203 0.698119
31.000000 0.898278 7.847517 0.674910 0.697437
31.099998 0.896679 7.838468 0.675135 0.695539
31.199999 0.896238 7.840605 0.669702 0.696418
31.299999 0.897410 7.844615 0.665433 0.698730
31.400000 0.895958 7.831432 0.665366 0.698179
31.500000 0.897482 7.842526 0.664968 0.698941
31.599998 0.899310 7.844816 0.661234 0.698630
31.699999 0.898900 7.845100 0.662500 0.698200
31.799999 0.899120 7.846231 0.659368 0.695661
31.900000 0.899110 7.844815 0.658134 0.695031
32.000000 0.899010 7.839616 0.652535 0.692931
32.099998 0.897100 7.821500 0.649500 0.689000
32.200001 0.897269 7.830750 0.649595 0.688307
32.299999 0.899720 7.845931 0.650870 0.688662
32.399998 0.898200 7.845400 0.651100 0.691700
32.500000 0.898570 7.844353 0.650195 0.690807
32.599998 0.897297 7.837438 0.647848 0.690390
32.700001 0.897700 7.839100 0.649700 0.690100
32.799999 0.899200 7.844500 0.649300 0.687100
32.899998 0.899650 7.843522 0.649525 0.686543
33.000000 0.899580 7.843869 0.649730 0.689438
33.099998 0.896838 7.819092 0.646288 0.684211
33.200001 0.896876 7.828695 0.647978 0.682819
33.299999 0.897759 7.833333 0.648159 0.680872
33.399998 0.896669 7.822247 0.643293 0.679404
33.500000 0.898970 7.839452 0.644393 0.678704
33.599998 0.899920 7.839633 0.645671 0.680664
33.700001 0.898780 7.827366 0.644629 0.680836
33.799999 0.901380 7.838468 0.641728 0.680836
33.899998 0.901130 7.839148 0.642207 0.680896
34.000000 0.900760 7.839136 0.638455 0.682573
34.099998 0.900980 7.842768 0.638428 0.683537
34.200001 0.901610 7.845215 0.636836 0.681132
34.299999 0.899970 7.837251 0.634590 0.676703
34.399998 0.901020 7.843131 0.633473 0.677864
34.500000 0.897700 7.820200 0.632000 0.672800
34.599998 0.899710 7.843515 0.629337 0.673833
34.700001 0.901290 7.845984 0.628363 0.675968
34.799999 0.902120 7.846931 0.627575 0.670566
34.899998 0.902839 7.848461 0.625150 0.670132
35.000000 0.903600 7.847400 0.625100 0.671300
35.099998 0.903858 7.848891 0.623826 0.671597
35.200001 0.901090 7.823782 0.622462 0.670467
35.299999 0.905181 7.847869 0.621524 0.674135
35.399998 0.905472 7.847154 0.620586 0.675903
35.500000 0.905981 7.849470 0.618524 0.679136
35.599998 0.906309 7.849415 0.615338 0.681532
35.700001 0.906709 7.851615 0.617238 0.683232
35.799999 0.904890 7.834883 0.616762 0.682168
35.899998 0.906519 7.852329 0.614177 0.683063
36.000000 0.904881 7.838768 0.609122 0.679436
36.099998 0.906600 7.851099 0.609500 0.679300
36.200001 0.906156 7.850190 0.604437 0.681191
36.299999 0.907100 7.851600 0.603400 0.683700
36.399998 0.906128 7.843947 0.603919 0.683695
36.500000 0.907219 7.848730 0.603379 0.682364
36.599998 0.906400 7.838600 0.606200 0.678500
36.700001 0.907081 7.850070 0.605821 0.681136
36.799999 0.905991 7.848384 0.602460 0.680468
36.899998 0.905219 7.849430 0.601780 0.681064
37.000000 0.904462 7.845838 0.598740 0.682673
37.099998 0.905253 7.852626 0.599700 0.684642
37.200001 0.904790 7.850884 0.600560 0.680968
37.299999 0.904590 7.854085 0.602060 0.683268
37.399998 0.906091 7.854186 0.603060 0.688869
37.500000 0.906863 7.854042 0.602241 0.692477
37.599998 0.908055 7.854887 0.599240 0.692385
37.700001 0.906087 7.840709 0.596316 0.688226
37.799999 0.908991 7.857385 0.599660 0.687169
37.899998 0.909846 7.856914 0.596558 0.686612
38.000000 0.909209 7.855914 0.597240 0.685631
38.099998 0.909718 7.857029 0.597081 0.686863
38.200001 0.910564 7.857243 0.593838 0.684474
38.299999 0.909482 7.851570 0.593519 0.683737
38.399998 0.911335 7.858956 0.593563 0.677629
38.500000 0.911309 7.857514 0.592341 0.677332
38.599998 0.909700 7.841800 0.592100 0.671000
38.700001 0.911365 7.855242 0.592637 0.671168
38.799999 0.909800 7.852600 0.587500 0.669000
38.899998 0.910591 7.856086 0.587459 0.668867
39.000000 0.911482 7.856671 0.588518 0.668034
39.099998 0.911774 7.857157 0.588477 0.666800
39.200001 0.910882 7.857371 0.586017 0.669534
39.299999 0.912012 7.858559 0.583483 0.672673
39.399998 0.910709 7.846416 0.585841 0.671733
39.500000 0.910882 7.847869 0.584017 0.673835
39.599998 0.910237 7.841690 0.580807 0.674472
39.700001 0.910782 7.848070 0.579816 0.672735
39.799999 0.911782 7.854471 0.582416 0.674735
39.899998 0.912382 7.853571 0.578116 0.677235
40.000000 0.912717 7.854429 0.575685 0.678264
40.099998 0.912626 7.855344 0.577427 0.679196
40.200001 0.913174 7.855456 0.577873 0.677803
40.299999 0.912565 7.852341 0.576030 0.674270
40.399998 0.912391 7.851885 0.575358 0.674868
40.500000 0.912600 7.853200 0.572100 0.671300
40.599998 0.912382 7.855371 0.570614 0.666433
40.700001 0.911709 7.853415 0.569143 0.667033
40.799999 0.911809 7.854815 0.566243 0.667533
40.899998 0.912291 7.857086 0.561556 0.669567
41.000000 0.912626 7.857543 0.559532 0.666500
41.099998 0.913061 7.858599 0.559508 0.662736
41.200001 0.912748 7.858015 0.555533 0.664699
41.299999 0.913309 7.858514 0.553545 0.664334
41.399998 0.912874 7.860859 0.553166 0.664099
41.500000 0.911897 7.860553 0.553591 0.663570
41.599998 0.913269 7.858713 0.554456 0.664269
41.700001 0.912656 7.856729 0.552176 0.668734
41.799999 0.909791 7.832283 0.550155 0.662966
41.899998 0.912991 7.855286 0.549655 0.664266
42.000000 0.912717 7.856929 0.549890 0.662368
42.099998 0.913017 7.856229 0.549590 0.659468
42.200001 0.913000 7.857300 0.550900 0.661500
42.299999 0.912774 7.856557 0.551966 0.665500
42.399998 0.911982 7.857371 0.551510 0.668334
42.500000 0.911982 7.856472 0.545909 0.663833
42.599998 0.912309 7.860014 0.543646 0.660134
42.700001 0.912326 7.858542 0.545336 0.660002
42.799999 0.912018 7.859628 0.543191 0.661568
42.899998 0.911518 7.859828 0.542791 0.662068
43.000000 0.912091 7.857386 0.544654 0.657866
43.099998 0.912009 7.857514 0.542846 0.658834
43.200001 0.910791 7.849284 0.543154 0.660666
43.299999 0.911591 7.856386 0.541154 0.663066
43.399998 0.911635 7.856758 0.545782 0.659436
43.500000 0.911800 7.857100 0.545200 0.659000
43.599998 0.910382 7.848569 0.544209 0.662432
43.700001 0.911227 7.855844 0.548136 0.661702
43.799999 0.910310 7.848949 0.549049 0.656356
43.899998 0.911635 7.854758 0.549580 0.656138
44.000000 0.911027 7.851445 0.551834 0.658403
44.099998 0.912144 7.857971 0.555622 0.659570
44.200001 0.911991 7.860586 0.557456 0.661466
44.299999 0.909073 7.845654 0.554166 0.657997
44.399998 0.911136 7.858357 0.558677 0.662435
44.500000 0.910419 7.855870 0.556201 0.662997
44.599998 0.908373 7.838552 0.557467 0.658097
44.700001 0.909055 7.846823 0.558980 0.657529
44.799999 0.909737 7.855499 0.560793 0.655459
44.899998 0.909709 7.853115 0.558544 0.655034
45.000000 0.908282 7.846270 0.558912 0.652530
45.099998 0.908282 7.848269 0.560012 0.650330
45.200001 0.907563 7.849840 0.560224 0.648159
45.299999 0.907700 7.848700 0.559500 0.650600
45.399998 0.905772 7.831349 0.558668 0.647694
45.500000 0.907618 7.845831 0.560688 0.646871
45.599998 0.907409 7.846815 0.565743 0.649635
45.700001 0.907918 7.846531 0.567586 0.650370
45.799999 0.908300 7.848500 0.568900 0.648500
45.899998 0.908663 7.852141 0.567027 0.652261
46.000000 0.909136 7.853059 0.564074 0.649740
46.099998 0.908936 7.854098 0.565996 0.651056
46.200001 0.908100 7.849100 0.564200 0.649600
46.299999 0.908400 7.851700 0.559200 0.647100
46.399998 0.908109 7.851215 0.558444 0.643336
46.500000 0.904790 7.834783 0.559156 0.639564
46.599998 0.905191 7.841984 0.560656 0.642364
46.700001 0.906553 7.847424 0.557979 0.638819
46.799999 0.906572 7.848455 0.555567 0.638592
46.899998 0.906181 7.838168 0.551710 0.638828
47.000000 0.907519 7.848431 0.551090 0.639372
47.099998 0.907609 7.847615 0.548945 0.640336
47.200001 0.905272 7.829849 0.548265 0.636191
47.299999 0.906000 7.843999 0.544300 0.637600
47.399998 0.905600 7.849400 0.543800 0.633600
47.500000 0.905147 7.849776 0.549025 0.632384
47.599998 0.899560 7.808423 0.549520 0.626651
47.700001 0.904924 7.849880 0.554444 0.627102
47.799999 0.904619 7.848630 0.555789 0.624675
47.899998 0.904081 7.850270 0.557011 0.621224
48.000000 0.903971 7.850855 0.554967 0.622887
48.099998 0.902480 7.845869 0.553211 0.623825
48.200001 0.901641 7.850410 0.551131 0.623674
48.299999 0.900130 7.846993 0.552887 0.617532
48.399998 0.900540 7.851459 0.547181 0.617753
48.500000 0.900170 7.848455 0.543163 0.618185
48.599998 0.898990 7.840884 0.541854 0.623062
48.700001 0.900130 7.837487 0.541179 0.620634
48.799999 0.901190 7.849285 0.540554 0.620262
48.899998 0.900710 7.842616 0.538946 0.618738
49.000000 0.900960 7.840837 0.537615 0.622449
49.099998 0.900670 7.845654 0.537661 0.618185
49.200001 0.900690 7.843184 0.536554 0.614962
49.299999 0.900400 7.849000 0.536800 0.611700
49.399998 0.900170 7.850056 0.536561 0.611583
49.500000 0.900900 7.846800 0.537900 0.613800
49.599998 0.900350 7.848724 0.537969 0.612106
49.700001 0.899400 7.841801 0.536000 0.614400
49.799999 0.899380 7.843369 0.534207 0.611822
49.899998 0.900760 7.848591 0.534679 0.614431
50.000000 0.899440 7.841705 0.530718 0.607865
50.099998 0.900250 7.850874 0.534633 0.608396
50.200001 0.899520 7.850430 0.534293 0.609478
50.299999 0.899310 7.850514 0.533647 0.609939
50.399998 0.900310 7.854315 0.535546 0.609739
50.500000 0.899820 7.851781 0.537430 0.612090
50.599998 0.899390 7.850585 0.536454 0.608861
50.700001 0.899200 7.853200 0.534100 0.608500
50.799999 0.899000 7.852900 0.534400 0.607300
50.899998 0.898880 7.851271 0.533907 0.610322
51.000000 0.899560 7.850740 0.534514 0.611044
51.099998 0.900400 7.848900 0.533500 0.610700
51.199997 0.900500 7.851900 0.531200 0.610000
51.299999 0.900830 7.852144 0.528142 0.610417
51.399998 0.899670 7.853655 0.528659 0.611583
51.500000 0.899680 7.852870 0.529506 0.607622
51.599998 0.900300 7.850900 0.525700 0.606400
51.699997 0.899790 7.852385 0.523352 0.604760
51.799999 0.897559 7.835934 0.523709 0.600540
51.899998 0.899630 7.852898 0.529070 0.600921
52.000000 0.899790 7.854986 0.528053 0.597760
52.099998 0.899410 7.853315 0.524648 0.598440
52.199997 0.900020 7.856029 0.526595 0.598480
52.299999 0.899460 7.847538 0.525210 0.593537
52.399998 0.900330 7.856599 0.522266 0.594016
52.500000 0.899960 7.856987 0.523086 0.593944
52.599998 0.896969 7.836951 0.517755 0.597079
52.699997 0.899091 7.856729 0.517235 0.597562
52.799999 0.899620 7.855629 0.518596 0.594081
52.899998 0.899910 7.855315 0.513549 0.593041
53.000000 0.898980 7.854871 0.513303 0.592919
53.099998 0.894700 7.828000 0.513200 0.593600
53.199997 0.897820 7.854629 0.513097 0.592881
53.299999 0.895990 7.837883 0.510951 0.593659
53.399998 0.897251 7.849575 0.511744 0.594003
53.500000 0.897469 7.848655 0.513454 0.589777
53.599998 0.897238 7.850110 0.511707 0.591455
53.699997 0.894289 7.832283 0.510651 0.588659
53.799999 0.896090 7.848784 0.515952 0.589459
53.899998 0.896490 7.848185 0.516452 0.587459
54.000000 0.895910 7.848915 0.520348 0.587341
54.099998 0.896669 7.846354 0.517655 0.587576
54.199997 0.897969 7.848555 0.515455 0.592078
54.299999 0.898090 7.850185 0.515852 0.590959
54.399998 0.898290 7.850785 0.515652 0.589259
54.500000 0.897790 7.849185 0.509551 0.590259
54.599998 0.898029 7.847794 0.510858 0.587111
54.699997 0.897579 7.841868 0.509002 0.588418
54.799999 0.892868 7.812944 0.505852 0.587176
54.899998 0.895690 7.846185 0.507251 0.586559
55.000000 0.895621 7.847531 0.506299 0.583683
55.099998 0.894300 7.838900 0.506600 0.579600
55.199997 0.894600 7.845100 0.505100 0.579400
55.299999 0.895194 7.845739 0.504446 0.583675
55.399998 0.894289 7.842585 0.498750 0.584058
55.500000 0.894637 7.843006 0.495497 0.581749
55.599998 0.892478 7.826965 0.489798 0.579816
55.699997 0.894900 7.841900 0.488500 0.583700
55.799999 0.895042 7.842263 0.488705 0.582067
55.899998 0.895337 7.843406 0.490294 0.581049
56.000000 0.894279 7.831066 0.491298 0.583017
56.099998 0.895473 7.843309 0.490956 0.582492
56.199997 0.895442 7.843363 0.491503 0.583367
56.299999 0.893289 7.833583 0.490549 0.581658
56.399998 0.892879 7.835767 0.489398 0.582516
56.500000 0.892621 7.841231 0.489102 0.579284
56.599998 0.892700 7.840100 0.488900 0.581400
56.699997 0.893043 7.838465 0.486206 0.578269
56.799999 0.893600 7.838600 0.488400 0.583600
56.899998 0.893200 7.836699 0.485500 0.582100
57.000000 0.894121 7.837633 0.487802 0.582983
57.099998 0.893547 7.838219 0.485543 0.580290
57.199997 0.893057 7.835835 0.488695 0.580432
57.299999 0.888867 7.802141 0.487146 0.580474
57.399998 0.892968 7.838351 0.486746 0.587176
57.500000 0.893511 7.838216 0.486251 0.584742
57.599998 0.893464 7.838597 0.482511 0.580951
57.699997 0.893411 7.840916 0.476652 0.577542
57.799999 0.893111 7.840516 0.475952 0.572143
57.899998 0.892579 7.840268 0.475195 0.568714
58.000000 0.890935 7.827297 0.472584 0.566440
58.099998 0.890935 7.834001 0.473184 0.568341
58.199997 0.891689 7.839684 0.472047 0.564656
58.299999 0.892232 7.840048 0.470759 0.565230
58.399998 0.891322 7.837132 0.471506 0.562687
58.500000 0.891211 7.837216 0.470953 0.567143
58.599998 0.890944 7.837665 0.470512 0.563575
58.699997 0.891257 7.839636 0.471188 0.559524
58.799999 0.888211 7.819356 0.472278 0.556645
58.899998 0.890522 7.837133 0.472605 0.557888
59.000000 0.889500 7.827300 0.469300 0.554500
59.099998 0.890689 7.837984 0.467047 0.558656
59.199997 0.891024 7.836085 0.467027 0.559792
59.299999 0.890400 7.828500 0.469500 0.558400
59.399998 0.891502 7.836453 0.468922 0.560204
59.500000 0.890844 7.835566 0.469612 0.557377
59.599998 0.891056 7.835634 0.465686 0.554622
59.699997 0.890478 7.837268 0.466193 0.554911
59.799999 0.890289 7.836483 0.469047 0.550655
59.899998 0.890244 7.836765 0.467213 0.550580
60.000000 0.891189 7.835984 0.463346 0.552755
60.099998 0.890089 7.838284 0.457146 0.553155
60.199997 0.890855 7.840280 0.457671 0.553024
60.299999 0.891178 7.841368 0.455591 0.554811
60.399998 0.887355 7.813125 0.455782 0.551721
60.500000 0.890434 7.839904 0.460676 0.552231
60.599998 0.891100 7.841300 0.458800 0.550600
60.699997 0.890676 7.841311 0.457979 0.552513
60.799999 0.889400 7.830500 0.456400 0.551000
60.899998 0.891109 7.839360 0.458142 0.553546
61.000000 0.891935 7.839903 0.458675 0.555333
61.099998 0.891689 7.840384 0.459546 0.559456
61.199997 0.892500 7.840500 0.455400 0.556000
61.299999 0.890600 7.830200 0.454600 0.557900
61.399998 0.890267 7.822546 0.453936 0.556467
61.500000 0.892089 7.839584 0.456546 0.552355
61.599998 0.891778 7.838367 0.458092 0.556011
61.699997 0.891100 7.836500 0.453800 0.557100
61.799999 0.892122 7.839032 0.453409 0.554289
61.899998 0.893000 7.839699 0.454500 0.555400
62.000000 0.893011 7.836616 0.450555 0.556944
62.099998 0.892979 7.837168 0.451990 0.559412
62.199997 0.892925 7.835085 0.452016 0.560392
62.299999 0.893832 7.836249 0.450665 0.560832
62.399998 0.893879 7.831266 0.449990 0.560412
62.500000 0.892725 7.831682 0.446813 0.560092
62.599998 0.893025 7.829881 0.445312 0.559992
62.699997 0.893789 7.829383 0.447545 0.560156
62.799999 0.893036 7.826896 0.444767 0.564539
62.899998 0.893014 7.831966 0.443054 0.563651
63.000000 0.893621 7.832833 0.441512 0.561988
63.099998 0.894111 7.834317 0.437056 0.559344
63.199997 0.893121 7.837433 0.436713 0.558388
63.299999 0.892122 7.838832 0.436113 0.557089
63.399998 0.891511 7.835816 0.433357 0.555444
63.500000 0.892468 7.838151 0.435731 0.555167
63.599998 0.891589 7.829483 0.435944 0.554455
63.699997 0.892764 7.839396 0.437038 0.554667
63.799999 0.894168 7.840252 0.434830 0.551766
63.899998 0.895190 7.840984 0.434343 0.549955
64.000000 0.896000 7.839000 0.432200 0.551300
64.099998 0.895700 7.834500 0.433600 0.552200
64.199997 0.895679 7.828465 0.431786 0.554611
64.299995 0.896710 7.838617 0.429857 0.551445
64.400002 0.896638 7.839204 0.431759 0.555834
64.500000 0.897241 7.839764 0.431727 0.553778
64.599998 0.897890 7.840284 0.427743 0.553455
64.699997 0.893979 7.811362 0.426385 0.549210
64.799995 0.896631 7.839248 0.422473 0.549235
64.900002 0.896890 7.840284 0.419442 0.548155
65.000000 0.895179 7.826165 0.423385 0.546709
65.099998 0.896493 7.839544 0.425417 0.549106
65.199997 0.896331 7.840847 0.423973 0.552634
65.299995 0.897179 7.839868 0.423885 0.552711
65.400002 0.895790 7.824883 0.419642 0.552455
65.500000 0.894858 7.825130 0.419268 0.555322
65.599998 0.895037 7.825295 0.419151 0.546228
65.699997 0.895800 7.829400 0.418600 0.546200
65.799995 0.897871 7.840511 0.418007 0.551614
65.900002 0.896500 7.839300 0.419800 0.555000
66.000000 0.897162 7.836398 0.418749 0.550770
66.099998 0.895969 7.823947 0.419026 0.546264
66.199997 0.894305 7.817135 0.419978 0.541587
66.299995 0.897118 7.837670 0.419335 0.539432
66.400002 0.897479 7.838868 0.420584 0.540708
66.500000 0.897362 7.836698 0.420048 0.539776
66.599998 0.898029 7.837286 0.421695 0.538377
66.699997 0.897820 7.837533 0.424015 0.536393
66.799995 0.899400 7.836200 0.427800 0.535400
66.900002 0.900140 7.838304 0.426856 0.539724
67.000000 0.901009 7.840476 0.425132 0.537808
67.099998 0.899790 7.839384 0.421842 0.536654
67.199997 0.900410 7.841774 0.420837 0.534612
67.299995 0.901459 7.842095 0.419448 0.533380
67.400002 0.901030 7.841848 0.420074 0.531840
67.500000 0.901020 7.839732 0.417217 0.536993
67.599998 0.898600 7.820800 0.414200 0.538000
67.699997 0.901200 7.839299 0.415700 0.536500
67.799995 0.901060 7.839235 0.416166 0.533513
67.900002 0.899760 7.835135 0.416867 0.532113
68.000000 0.898570 7.830650 0.418125 0.532460
68.099998 0.899200 7.838600 0.417900 0.532600
68.199997 0.900010 7.840916 0.416358 0.535346
68.299995 0.897090 7.828382 0.412741 0.537654
68.400002 0.898159 7.837635 0.408563 0.533013
68.500000 0.898710 7.841815 0.409759 0.530847
68.599998 0.897269 7.831850 0.412124 0.532560
68.699997 0.897510 7.837016 0.410059 0.534447
68.799995 0.897038 7.837802 0.408245 0.537322
68.900002 0.898220 7.839931 0.406119 0.539892
69.000000 0.897641 7.840264 0.411535 0.540784
69.099998 0.896831 7.839848 0.411077 0.539338
69.199997 0.896390 7.842684 0.409141 0.539954
69.299995 0.894158 7.820528 0.408363 0.537315
69.400002 0.895821 7.838933 0.408418 0.538392
69.500000 0.896100 7.839701 0.405900 0.541900
69.599998 0.893958 7.826731 0.405862 0.545918
69.699997 0.895721 7.838333 0.405019 0.545791
69.799995 0.895648 7.834517 0.407704 0.544372
69.900002 0.895090 7.821183 0.407141 0.544454
70.000000 0.895879 7.834867 0.407281 0.542809
70.099998 0.894237 7.820192 0.405243 0.537623
70.199997 0.896031 7.834849 0.408278 0.540638
70.299995 0.894879 7.825865 0.408082 0.541708
70.400002 0.896058 7.834834 0.407263 0.541617
70.500000 0.893821 7.822236 0.404719 0.540192
70.599998 0.894179 7.833067 0.402180 0.539208
70.699997 0.893589 7.831583 0.400840 0.536154
70.799995 0.894632 7.832950 0.405078 0.534440
70.900002 0.888900 7.795500 0.400800 0.531600
71.000000 0.892911 7.833516 0.402860 0.532447
71.099998 0.889789 7.815981 0.403840 0.530353
71.199997 0.892122 7.832334 0.398020 0.531794
71.299995 0.891722 7.830634 0.398520 0.527295
71.400002 0.891932 7.831450 0.397181 0.523943
71.500000 0.889756 7.814926 0.390056 0.523209
71.599998 0.891697 7.831252 0.387851 0.527026
71.699997 0.891954 7.831784 0.387806 0.527136
71.799995 0.891978 7.831966 0.385477 0.526705
71.900002 0.890744 7.829568 0.383247 0.522391
72.000000 0.889778 7.821264 0.382777 0.517003
72.099998 0.888944 7.824712 0.382491 0.517959
72.199997 0.889544 7.829967 0.379948 0.513894
72.299995 0.890167 7.827048 0.379014 0.511153
72.400002 0.888944 7.821311 0.376788 0.510355
72.500000 0.890245 7.830915 0.377889 0.514557
72.599998 0.889489 7.828183 0.377138 0.511751
72.699997 0.890356 7.823130 0.379452 0.512605
72.799995 0.892311 7.831117 0.377062 0.509149
72.900002 0.891178 7.827765 0.375975 0.508002
73.000000 0.891487 7.834733 0.377098 0.507694
73.099998 0.891289 7.835184 0.379438 0.508051
73.199997 0.891986 7.836930 0.378697 0.504796
73.299995 0.888633 7.815089 0.380028 0.502902
73.400002 0.891367 7.835951 0.383815 0.504951
73.500000 0.892400 7.837500 0.382100 0.504500
73.599998 0.893068 7.840152 0.381514 0.504051
73.699997 0.893379 7.839168 0.384777 0.502801
73.799995 0.893179 7.832767 0.384377 0.501800
73.900002 0.894289 7.838584 0.384738 0.499250
74.000000 0.893393 7.829930 0.381882 0.501101
74.099998 0.892178 7.825366 0.383977 0.497299
74.199997 0.893664 7.838197 0.382970 0.497002
74.299995 0.894189 7.840184 0.374637 0.497050
74.400002 0.894521 7.841132 0.373225 0.497900
74.500000 0.893932 7.840048 0.374788 0.497851
74.599998 0.894000 7.840600 0.370400 0.498900
74.699997 0.893257 7.841537 0.371349 0.498800
74.799995 0.892846 7.840921 0.371386 0.497749
74.900002 0.892832 7.840948 0.370889 0.502349
75.000000 0.892343 7.842263 0.369952 0.505798
75.099998 0.892511 7.840116 0.369963 0.506049
75.199997 0.892936 7.838103 0.368921 0.506004
75.299995 0.892868 7.835551 0.368511 0.503551
75.400002 0.893600 7.836400 0.367800 0.501000
75.500000 0.893300 7.839000 0.368400 0.502500
75.599998 0.893400 7.838900 0.368500 0.503600
75.699997 0.893879 7.840468 0.368874 0.499400
75.799995 0.892711 7.834116 0.365863 0.497150
75.900002 0.892536 7.842406 0.365819 0.497398
76.000000 0.894079 7.843469 0.366573 0.501800
76.099998 0.894511 7.844115 0.364664 0.498450
76.199997 0.895032 7.844447 0.362191 0.498351
76.299995 0.893953 7.842079 0.363018 0.495552
76.400002 0.896300 7.844100 0.362700 0.498500
76.500000 0.895869 7.844554 0.363409 0.496449
76.599998 0.895390 7.844884 0.358436 0.499250
76.699997 0.895669 7.842752 0.357607 0.498950
76.799995 0.896048 7.842922 0.354377 0.499250
76.900002 0.895879 7.840568 0.351870 0.502400
77.000000 0.895900 7.836600 0.353300 0.502300
77.099998 0.897279 7.842068 0.354071 0.508002
77.199997 0.898441 7.844162 0.354958 0.507097
77.299995 0.899800 7.844200 0.355400 0.506500
77.400002 0.899700 7.839500 0.354500 0.507700
77.500000 0.898300 7.834200 0.353100 0.507600
77.599998 0.895069 7.816545 0.349005 0.506852
77.699997 0.894437 7.819892 0.349610 0.506704
77.799995 0.897490 7.843285 0.349935 0.502950
77.900002 0.897998 7.843944 0.350150 0.500601
78.000000 0.897869 7.842853 0.348605 0.499250
78.099998 0.893836 7.814388 0.345107 0.500901
78.199997 0.898100 7.844299 0.348700 0.503600
78.299995 0.899090 7.845884 0.348135 0.506551
78.400002 0.900010 7.846215 0.348065 0.506649
78.500000 0.899770 7.845953 0.348605 0.511753
78.599998 0.901080 7.845469 0.346769 0.513303
78.699997 0.900890 7.845585 0.349035 0.510851
78.799995 0.901959 7.847192 0.343894 0.510294
78.900002 0.902390 7.846685 0.345035 0.506851
79.000000 0.901400 7.843000 0.348000 0.503600
79.099998 0.901980 7.846469 0.346269 0.502200
79.199997 0.900890 7.846185 0.346135 0.503750
79.299995 0.901500 7.848900 0.345700 0.503400
79.400002 0.901390 7.849285 0.345235 0.505651
79.500000 0.900900 7.847800 0.343800 0.503500
79.599998 0.901692 7.847132 0.344279 0.499850
79.699997 0.900700 7.845200 0.342700 0.503600
79.799995 0.900720 7.844131 0.343831 0.503899
79.900002 0.900750 7.844923 0.341271 0.505953
80.000000 0.900110 7.843316 0.343266 0.502650
80.099998 0.900250 7.845678 0.340930 0.499650
80.199997 0.900290 7.844484 0.339934 0.500750
80.299995 0.900410 7.848115 0.339966 0.505049
80.400002 0.900801 7.849649 0.338338 0.506306
80.500000 0.901270 7.848455 0.335201 0.510253
80.599998 0.902000 7.850500 0.331300 0.512300
80.699997 0.902229 7.852144 0.331301 0.513446
80.799995 0.901380 7.848470 0.329166 0.514703
80.900002 0.902180 7.848070 0.332166 0.513703
81.000000 0.902600 7.848801 0.328100 0.514900
81.099998 0.902290 7.847085 0.328433 0.519852
81.199997 0.902600 7.846400 0.330700 0.521600
81.299995 0.902290 7.847384 0.328033 0.527853
81.400002 0.902612 7.848263 0.329497 0.529376
81.500000 0.902329 7.845346 0.327902 0.531641
81.599998 0.898559 7.825931 0.325230 0.532213
81.699997 0.901180 7.844169 0.325765 0.532306
81.799995 0.897221 7.823735 0.328434 0.531794
81.900002 0.899450 7.842921 0.330765 0.532966
82.000000 0.898630 7.843747 0.329501 0.534840
82.099998 0.898751 7.843278 0.327436 0.537531
82.199997 0.899600 7.846200 0.325900 0.537900
82.299995 0.899380 7.847469 0.325665 0.537407
82.400002 0.899150 7.845277 0.320740 0.538031
82.500000 0.898749 7.842221 0.321561 0.534267
82.599998 0.893900 7.808100 0.321200 0.534200
82.699997 0.897328 7.838687 0.323426 0.535475
82.799995 0.896790 7.836484 0.320732 0.539154
82.900002 0.897479 7.841969 0.319964 0.542408
83.000000 0.897680 7.841768 0.319064 0.542709
83.099998 0.898298 7.842242 0.318018 0.543243
83.199997 0.897900 7.835600 0.319900 0.542000
83.299995 0.898710 7.844516 0.317168 0.543446
83.400002 0.897369 7.832650 0.312094 0.541763
83.500000 0.899119 7.841573 0.314552 0.546737
83.599998 0.899190 7.841084 0.315632 0.548555
83.699997 0.898490 7.841684 0.319832 0.545955
83.799995 0.897749 7.839720 0.324562 0.543172
83.900002 0.898790 7.842184 0.324632 0.541754
84.000000 0.897880 7.831266 0.326765 0.540408
84.099998 0.899800 7.842299 0.326800 0.541900
84.199997 0.900400 7.842200 0.323700 0.543000
84.299995 0.901790 7.844884 0.321232 0.542554
84.400002 0.900660 7.839736 0.320628 0.540416
84.500000 0.900750 7.842221 0.316358 0.536468
84.599998 0.898390 7.832283 0.315732 0.540154
84.699997 0.899260 7.840837 0.311625 0.539916
84.799995 0.899240 7.842763 0.310376 0.538485
84.900002 0.898830 7.840447 0.310307 0.537139
85.000000 0.899140 7.839964 0.308876 0.542583
85.099998 0.899289 7.841125 0.309440 0.543698
85.199997 0.898980 7.841068 0.311162 0.541308
85.299995 0.898700 7.841000 0.308700 0.540100
85.400002 0.898510 7.841616 0.307869 0.542546
85.500000 0.898200 7.842200 0.307400 0.539900
85.599998 0.897680 7.843869 0.302761 0.541208
85.699997 0.898600 7.842600 0.304400 0.539400
85.799995 0.899220 7.842432 0.304339 0.540092
85.900002 0.892289 7.791279 0.301630 0.536254
86.000000 0.893700 7.805200 0.305600 0.535600
86.099998 0.898259 7.841337 0.303621 0.537715
86.199997 0.899180 7.842069 0.301660 0.533807
86.299995 0.897400 7.829300 0.300900 0.531600
86.400002 0.897300 7.833200 0.302100 0.530600
86.500000 0.899200 7.846100 0.303900 0.534400
86.599998 0.899160 7.847339 0.306423 0.532413
86.699997 0.891868 7.788837 0.302591 0.529459
86.799995 0.894584 7.817800 0.303534 0.528481
86.900002 0.896569 7.842253 0.304291 0.534860
87.000000 0.896079 7.841168 0.301960 0.536807
87.099998 0.896241 7.842363 0.299480 0.540484
87.199997 0.897179 7.843669 0.299360 0.538808
87.299995 0.896369 7.832550 0.296589 0.538261
87.400002 0.898010 7.843116 0.295470 0.542246
87.500000 0.897572 7.840412 0.292595 0.541121
87.599998 0.898380 7.844669 0.291158 0.539308
87.699997 0.898581 7.843026 0.291067 0.543365
87.799995 0.898739 7.843206 0.294377 0.543326
87.900002 0.898092 7.843541 0.294435 0.543511
88.000000 0.897661 7.846392 0.290326 0.548571
88.099998 0.897910 7.847015 0.289271 0.548245
88.199997 0.898470 7.848755 0.289387 0.545564
88.299995 0.897500 7.839200 0.283400 0.545700
88.400002 0.899101 7.849550 0.283317 0.543357
88.500000 0.894958 7.825230 0.283413 0.540416
88.599998 0.897590 7.846785 0.284728 0.539154
88.699997 0.896990 7.844285 0.282428 0.532953
88.799995 0.897369 7.844254 0.277083 0.533660
88.900002 0.896548 7.841921 0.274037 0.532566
89.000000 0.893947 7.823612 0.271036 0.534067
89.099998 0.895416 7.837570 0.272218 0.539632
89.199997 0.896000 7.839100 0.273200 0.540000
89.299995 0.896359 7.840236 0.268307 0.540416
89.400002 0.896369 7.836751 0.267280 0.540562
89.500000 0.897700 7.838400 0.269800 0.542900
89.599998 0.899410 7.843416 0.267573 0.545345
89.699997 0.898139 7.838203 0.263958 0.544527
89.799995 0.898000 7.843100 0.265100 0.543500
89.900002 0.897690 7.843085 0.264026 0.544254
90.000000 0.899210 7.843616 0.261174 0.541946
90.099998 0.898090 7.837483 0.261126 0.541854
90.199997 0.897820 7.840931 0.260448 0.539192
90.299995 0.898320 7.841232 0.259048 0.542991
90.400002 0.897849 7.837518 0.257129 0.543072
90.500000 0.896386 7.835720 0.258284 0.545400
90.599998 0.897810 7.841316 0.258674 0.543746
90.699997 0.897462 7.839996 0.258945 0.545173
90.799995 0.896359 7.840336 0.254302 0.544618
90.900002 0.893736 7.832000 0.250951 0.542025
91.000000 0.894611 7.840116 0.251375 0.544246
91.099998 0.893879 7.836967 0.251250 0.543009
91.199997 0.895179 7.840968 0.251750 0.538908
91.299995 0.893668 7.832249 0.251375 0.534961
91.400002 0.894600 7.841400 0.253400 0.535600
91.500000 0.892403 7.827945 0.251226 0.534081
91.599998 0.893236 7.838003 0.249850 0.535221
91.699997 0.892489 7.838584 0.250525 0.534153
91.799995 0.892178 7.837567 0.250450 0.531906
91.900002 0.892796 7.838545 0.249575 0.532621
92.000000 0.893721 7.842031 0.247650 0.536493
92.099998 0.895500 7.840100 0.246200 0.535500
92.199997 0.894600 7.839800 0.246800 0.539600
92.299995 0.890367 7.804842 0.246074 0.538161
92.400002 0.894563 7.838097 0.245353 0.542175
92.500000 0.894000 7.840100 0.244700 0.544000
92.599998 0.895058 7.841736 0.244298 0.545418
92.699997 0.896379 7.842569 0.246349 0.541708
92.799995 0.897579 7.842468 0.246449 0.541608
92.900002 0.895506 7.826044 0.248323 0.537484
93.000000 0.896379 7.836267 0.251150 0.536907
93.099998 0.898090 7.843684 0.251425 0.536454
93.199997 0.897780 7.843069 0.248850 0.538908
93.299995 0.897700 7.844300 0.243900 0.542400
93.400002 0.896259 7.836034 0.240596 0.540716
93.500000 0.897410 7.844816 0.239676 0.533747
93.599998 0.898690 7.847085 0.242124 0.534953
93.699997 0.892289 7.803480 0.241624 0.531953
93.799995 0.892589 7.813281 0.241224 0.535053
93.900002 0.895810 7.845715 0.239876 0.537246
94.000000 0.895721 7.847031 0.242651 0.537293
94.099998 0.894779 7.836068 0.242849 0.540708
94.199997 0.896027 7.843290 0.242170 0.539978
94.299995 0.895521 7.839532 0.243251 0.539292
94.400002 0.896117 7.839972 0.244095 0.536729
94.500000 0.895931 7.839848 0.242327 0.535539
94.599998 0.895221 7.842631 0.241252 0.535393
94.699997 0.895421 7.845431 0.239252 0.537992
94.799995 0.894653 7.844778 0.235482 0.536432
94.900002 0.895710 7.846715 0.232477 0.537846
95.000000 0.895127 7.844191 0.232463 0.533574
95.099998 0.895310 7.849315 0.233977 0.531547
95.199997 0.894289 7.841383 0.234323 0.531253
95.299995 0.895490 7.847085 0.232823 0.527753
95.400002 0.895200 7.845000 0.232100 0.524300
95.500000 0.892146 7.822011 0.230015 0.523062
95.599998 0.893100 7.834599 0.231300 0.525500
95.699997 0.891367 7.822747 0.228369 0.521657
95.799995 0.893200 7.843600 0.229400 0.520800
95.900002 0.892457 7.843637 0.226991 0.519908
96.000000 0.891557 7.826331 0.225790 0.520708
96.099998 0.893489 7.842584 0.225723 0.521752
96.199997 0.893379 7.841168 0.226745 0.522404
96.299995 0.893500 7.840500 0.227200 0.520900
96.400002 0.894258 7.840636 0.227491 0.521309
96.500000 0.894147 7.840420 0.224012 0.523362
96.599998 0.894100 7.842500 0.225400 0.524600
96.699997 0.891735 7.824194 0.222133 0.522213
96.799995 0.893589 7.837183 0.221922 0.527053
96.900002 0.894837 7.841205 0.223434 0.525315
97.000000 0.895190 7.840785 0.225123 0.524652
97.099998 0.893079 7.824965 0.226245 0.524005
97.199997 0.895469 7.842353 0.226468 0.532860
97.299995 0.895610 7.843016 0.228477 0.534447
97.400002 0.890645 7.805502 0.224612 0.530565
97.500000 0.894747 7.838019 0.226013 0.531666
97.599998 0.893721 7.839532 0.224055 0.530894
97.699997 0.893257 7.827731 0.226591 0.527411
97.799995 0.894679 7.833867 0.226045 0.525305
97.900002 0.895642 7.840264 0.222611 0.521891
98.000000 0.895021 7.834233 0.218956 0.518596
98.099998 0.897279 7.839368 0.218744 0.520104
98.199997 0.896600 7.837500 0.218500 0.522400
98.299995 0.897049 7.839019 0.220310 0.523462
98.400002 0.897000 7.839100 0.220600 0.518100
98.500000 0.897090 7.836783 0.222422 0.519152
98.599998 0.897079 7.839067 0.223745 0.517003
98.699997 0.895821 7.839333 0.224455 0.516397
98.799995 0.896052 7.839480 0.223188 0.518541
98.900002 0.895006 7.835152 0.223501 0.511761
99.000000 0.896090 7.836884 0.224122 0.513751
99.099998 0.896293 7.839544 0.224098 0.511939
99.199997 0.896052 7.839780 0.223088 0.510445
99.299995 0.894589 7.834383 0.221622 0.511151
99.400002 0.894637 7.836202 0.220732 0.512908
99.500000 0.891692 7.817217 0.221121 0.515616
99.599998 0.892646 7.833217 0.220310 0.517859
99.699997 0.892246 7.834317 0.218609 0.518159
99.799995 0.891500 7.831600 0.215400 0.517700
99.900002 0.893111 7.841216 0.215278 0.516248
100.000000 0.893179 7.841568 0.215843 0.514003
100.099998 0.893164 7.839996 0.218069 0.512193
100.199997 0.893125 7.842489 0.215151 0.511258
100.299995 0.892946 7.844422 0.208904 0.510855
100.400002 0.893325 7.842990 0.206545 0.510657
100.500000 0.893143 7.843163 0.206218 0.511395
100.599998 0.893011 7.842416 0.206679 0.511749
100.699997 0.894058 7.841237 0.205682 0.508303
100.799995 0.892268 7.827548 0.205662 0.509853
100.900002 0.891946 7.833717 0.209105 0.512556
101.000000 0.893568 7.837752 0.209063 0.514454
101.099998 0.894789 7.841784 0.210521 0.519452
101.199997 0.894994 7.842941 0.212009 0.519233
101.299995 0.894379 7.841868 0.211142 0.517203
101.400002 0.894732 7.840848 0.211237 0.516745
101.500000 0.893500 7.840100 0.209900 0.517100
101.599998 0.894647 7.841521 0.209705 0.515158
101.699997 0.893832 7.839548 0.206038 0.511247
101.799995 0.893300 7.839700 0.203600 0.510900
101.900002 0.894421 7.842332 0.201360 0.506699
102.000000 0.894689 7.842784 0.201820 0.506451
102.099998 0.894289 7.841384 0.201320 0.507351
102.199997 0.892589 7.830583 0.200820 0.506151
102.299995 0.894000 7.841100 0.202900 0.505500
102.399994 0.894068 7.843253 0.201861 0.506552
102.500000 0.893800 7.845900 0.200800 0.503600
102.599998 0.893758 7.846038 0.200280 0.503201
102.699997 0.893689 7.844584 0.199220 0.507251
102.799995 0.893768 7.843253 0.199660 0.506852
102.899994 0.894879 7.843869 0.198640 0.507401
103.000000 0.893736 7.843806 0.199620 0.505603
103.099998 0.892721 7.844031 0.198660 0.507099
103.199997 0.893432 7.842847 0.200240 0.508447
103.299995 0.893253 7.840580 0.202299 0.507146
103.399994 0.890489 7.825183 0.201120 0.509451
103.500000 0.892254 7.838181 0.201499 0.509145
103.599998 0.892989 7.838184 0.202320 0.507451
103.699997 0.891589 7.828483 0.201320 0.506751
103.799995 0.892432 7.838249 0.201140 0.506048
103.899994 0.891746 7.831216 0.199200 0.505553
104.000000 0.892764 7.840096 0.200780 0.504897
104.099998 0.892589 7.840284 0.202020 0.502650
104.199997 0.892300 7.841300 0.200200 0.503200
104.299995 0.891311 7.840916 0.201580 0.500350
104.399994 0.891078 7.840268 0.200540 0.498500
104.500000 0.891167 7.840152 0.201560 0.498350
104.599998 0.892243 7.840964 0.199320 0.497101
104.699997 0.889000 7.819300 0.201800 0.494100
104.799995 0.891576 7.839112 0.204057 0.496552
104.899994 0.889778 7.835067 0.204041 0.499700
105.000000 0.889689 7.842084 0.203920 0.498050
105.099998 0.889977 7.842510 0.206855 0.498151
105.199997 0.891467 7.842853 0.201961 0.495049
105.299995 0.893000 7.842600 0.202000 0.496400
105.399994 0.892425 7.838387 0.201941 0.494446
105.500000 0.892889 7.841284 0.198720 0.495850
105.599998 0.892422 7.843231 0.201060 0.494601
105.699997 0.892989 7.841684 0.203620 0.496650
105.799995 0.892400 7.843700 0.202800 0.497300
105.899994 0.892511 7.844016 0.205179 0.496550
106.000000 0.890400 7.826301 0.201400 0.498600
106.099998 0.890978 7.836867 0.198440 0.499700
106.199997 0.891000 7.840800 0.197000 0.498800
106.299995 0.891689 7.842784 0.195520 0.502950
106.399994 0.890645 7.838820 0.195398 0.504152
106.500000 0.891489 7.841584 0.192519 0.504150
106.599998 0.890978 7.838468 0.192038 0.500800
106.699997 0.891635 7.841404 0.191515 0.501201
106.799995 0.892200 7.841800 0.193600 0.501100
106.899994 0.892357 7.840736 0.193177 0.503201
107.000000 0.888189 7.815782 0.191719 0.501350
107.099998 0.889578 7.831566 0.189538 0.503501
107.199997 0.889122 7.836085 0.192635 0.504453
107.299995 0.885766 7.812943 0.189657 0.503951
107.399994 0.889033 7.841447 0.189043 0.503049
107.500000 0.889888 7.840928 0.191547 0.503697
107.599998 0.886600 7.824700 0.194000 0.504900
107.699997 0.890022 7.844431 0.194761 0.500500
107.799995 0.890422 7.843031 0.196261 0.495601
107.899994 0.891757 7.845738 0.196579 0.496699
108.000000 0.891824 7.846092 0.196037 0.495947
108.099998 0.892489 7.847785 0.197620 0.496650
108.199997 0.892011 7.847916 0.198580 0.497950
108.299995 0.890711 7.832717 0.198280 0.496250
108.399994 0.894011 7.848915 0.198080 0.499350
108.500000 0.894621 7.847530 0.198060 0.495401
108.599998 0.894311 7.849315 0.198780 0.497250
108.699997 0.893511 7.848315 0.198580 0.495850
108.799995 0.893253 7.847876 0.197801 0.497051
108.899994 0.892411 7.847816 0.198080 0.498650
109.000000 0.891635 7.843606 0.199119 0.497298
109.099998 0.891178 7.840868 0.200540 0.497399
109.199997 0.889756 7.831933 0.199980 0.498599
109.299995 0.889989 7.842584 0.199020 0.500550
109.399994 0.890489 7.842684 0.197820 0.502650
109.500000 0.890123 7.841489 0.196838 0.501751
109.599998 0.889856 7.842837 0.197279 0.508904
109.699997 0.889600 7.842299 0.197200 0.509300
109.799995 0.888178 7.834867 0.197840 0.510102
109.899994 0.890100 7.840300 0.195000 0.516200
110.000000 0.889666 7.838996 0.191185 0.513992
110.099998 0.890011 7.839015 0.185481 0.510949
110.199997 0.889100 7.834000 0.188100 0.513800
110.299995 0.890100 7.837801 0.188000 0.513100
110.399994 0.887344 7.815608 0.187094 0.514957
110.500000 0.888811 7.836117 0.187081 0.515448
110.599998 0.888355 7.833233 0.188375 0.515306
110.699997 0.887899 7.832850 0.184766 0.514163
110.799995 0.888811 7.834867 0.185749 0.518615
110.899994 0.888500 7.835300 0.185400 0.517700
111.000000 0.888100 7.833700 0.181600 0.519600
111.099998 0.887500 7.829700 0.178600 0.519000
111.199997 0.889278 7.833666 0.179636 0.518504
111.299995 0.889867 7.834550 0.178954 0.517055
111.399994 0.889389 7.830383 0.175218 0.513651
111.500000 0.890211 7.834616 0.176182 0.515248
111.599998 0.891311 7.836417 0.174283 0.514649
111.699997 0.889489 7.826283 0.170917 0.513651
111.799995 0.891589 7.836483 0.174517 0.510851
111.899994 0.891968 7.838352 0.173452 0.508253
112.000000 0.891589 7.836884 0.175118 0.509151
112.099998 0.888300 7.817700 0.178400 0.509900
112.199997 0.891546 7.838919 0.178889 0.508954
112.299995 0.887277 7.808261 0.179536 0.505501
112.399994 0.890211 7.838916 0.182482 0.503550
112.500000 0.888589 7.830683 0.181018 0.500450
112.599998 0.890289 7.836884 0.184918 0.505150
112.699997 0.890222 7.838632 0.183163 0.507299
112.799995 0.890522 7.840632 0.184763 0.507099
112.899994 0.889311 7.838616 0.183082 0.507049
113.000000 0.890189 7.839484 0.180518 0.505150
113.099998 0.888133 7.830198 0.177206 0.500400
113.199997 0.890222 7.839232 0.178464 0.501000
113.299995 0.889756 7.836434 0.180172 0.501801
113.399994 0.890055 7.839280 0.175912 0.502349
113.500000 0.888033 7.827997 0.176406 0.504803
113.599998 0.889100 7.825699 0.177000 0.503900
113.699997 0.889089 7.829783 0.174417 0.502150
113.799995 0.889189 7.832783 0.175118 0.504250
113.899994 0.889800 7.836600 0.177500 0.502200
114.000000 0.885932 7.818992 0.177507 0.504203
114.099998 0.886753 7.820968 0.175728 0.501252
114.199997 0.886289 7.821983 0.176618 0.501550
114.299995 0.888089 7.837684 0.176118 0.500850
114.399994 0.889166 7.837098 0.176194 0.500200
114.500000 0.887866 7.834050 0.175653 0.506052
114.599998 0.887000 7.828000 0.174000 0.503600
114.699997 0.888533 7.838703 0.173004 0.505303
114.799995 0.886020 7.821875 0.169519 0.506555
114.899994 0.886477 7.837868 0.168834 0.508502
115.000000 0.885077 7.832867 0.168134 0.507101
115.099998 0.886189 7.839984 0.169517 0.507151
115.199997 0.885911 7.837316 0.170283 0.507849
115.299995 0.886489 7.836884 0.171017 0.506051
115.399994 0.887478 7.837368 0.169434 0.504801
115.500000 0.887622 7.838432 0.169266 0.506099
115.599998 0.886955 7.836935 0.169468 0.507603
115.699997 0.888500 7.839055 0.171354 0.508658
115.799995 0.886189 7.822883 0.171217 0.509351
115.899994 0.888356 7.837081 0.169815 0.511244
116.000000 0.889678 7.838568 0.169534 0.508802
116.099998 0.889867 7.836551 0.171351 0.510053
116.199997 0.889000 7.821239 0.171955 0.510459
116.299995 0.889978 7.828465 0.171034 0.509502
116.399994 0.888467 7.819246 0.170751 0.506952
116.500000 0.889811 7.836716 0.168783 0.510349
116.599998 0.888811 7.836116 0.166983 0.508249
116.699997 0.887744 7.828815 0.170685 0.510955
116.799995 0.886543 7.823212 0.170885 0.509355
116.899994 0.887756 7.837881 0.170415 0.509445
117.000000 0.888600 7.840000 0.170200 0.513100
117.099998 0.889200 7.841900 0.169700 0.512000
117.199997 0.890898 7.841642 0.171146 0.512039
117.299995 0.891822 7.840232 0.171966 0.513397
117.399994 0.889167 7.829649 0.172752 0.513854
117.500000 0.891222 7.837732 0.172665 0.516597
117.599998 0.891754 7.842879 0.172714 0.519640
117.699997 0.891711 7.843016 0.171883 0.519448
117.799995 0.891389 7.842185 0.174117 0.519952
117.899994 0.891446 7.840421 0.175988 0.520260
118.000000 0.890478 7.838668 0.176635 0.522605
118.099998 0.889745 7.838519 0.176288 0.522561
118.199997 0.889156 7.835534 0.176671 0.524910
118.299995 0.890367 7.844453 0.176253 0.523357
118.399994 0.890333 7.845246 0.174548 0.519444
118.500000 0.889267 7.834951 0.174352 0.518756
118.599998 0.889511 7.843915 0.175282 0.519648
118.699997 0.888722 7.842632 0.172765 0.520096
118.799995 0.889289 7.837983 0.172517 0.522652
118.899994 0.889689 7.839184 0.170117 0.525753
119.000000 0.889478 7.834867 0.172935 0.523605
119.099998 0.890279 7.840424 0.171489 0.523976
119.199997 0.889000 7.831500 0.171700 0.523800
119.299995 0.889078 7.834567 0.172935 0.520704
119.399994 0.888711 7.834317 0.173683 0.522048
119.500000 0.889556 7.839536 0.171969 0.522709
119.599998 0.889322 7.840232 0.171266 0.521496
119.699997 0.890089 7.837984 0.170617 0.523452
119.799995 0.890722 7.840132 0.172765 0.524795
119.899994 0.891013 7.842173 0.175040 0.522718
120.000000 0.890312 7.833667 0.170637 0.523118
120.099998 0.891822 7.840332 0.172865 0.522595
120.199997 0.892368 7.838451 0.172852 0.524457
120.299995 0.893321 7.839832 0.172266 0.521996
120.399994 0.892846 7.822011 0.170485 0.520360
120.500000 0.895442 7.839464 0.171831 0.522991
120.599998 0.896500 7.839900 0.170700 0.522800
120.699997 0.896731 7.840148 0.172048 0.522143
120.799995 0.897231 7.840348 0.173448 0.522843
120.899994 0.895531 7.831850 0.173548 0.519844
121.000000 0.896679 7.841568 0.172535 0.519704
121.099998 0.897677 7.840909 0.171606 0.520925
121.199997 0.897479 7.842068 0.171334 0.518904
121.299995 0.896918 7.835068 0.171037 0.521617
121.399994 0.897149 7.841921 0.171586 0.521861
121.500000 0.897628 7.843290 0.170019 0.520664
121.599998 0.896800 7.840800 0.171800 0.520200
121.699997 0.896759 7.839736 0.173669 0.517907
121.799995 0.895448 7.830515 0.175088 0.513757
121.899994 0.895800 7.837200 0.173600 0.513000
122.000000 0.895021 7.835433 0.174365 0.508098
122.099998 0.895006 7.837454 0.173656 0.508057
122.199997 0.895037 7.837202 0.175405 0.506504
122.299995 0.893611 7.833416 0.177382 0.508449
122.399994 0.894353 7.837881 0.180110 0.508646
122.500000 0.894079 7.837768 0.179736 0.508302
122.599998 0.894668 7.839452 0.178053 0.506252
122.699997 0.895658 7.838836 0.178471 0.505802
122.799995 0.895000 7.831800 0.176300 0.506500
122.899994 0.895110 7.835816 0.177082 0.505049
123.000000 0.895321 7.838133 0.177964 0.502899
123.099998 0.894579 7.829866 0.179036 0.504101
123.199997 0.895821 7.838333 0.177964 0.503499
123.299995 0.893789 7.826383 0.177318 0.500350
123.399994 0.894868 7.836851 0.178153 0.500150
123.500000 0.895621 7.840032 0.178164 0.500200
123.599998 0.894905 7.838955 0.180863 0.501051
123.699997 0.892968 7.827748 0.181654 0.498149
123.799995 0.894179 7.840168 0.179736 0.496799
123.899994 0.894589 7.843285 0.176718 0.493749
124.000000 0.894447 7.845023 0.175488 0.492446
124.099998 0.894011 7.842815 0.175882 0.493051
124.199997 0.894774 7.842410 0.176077 0.491056
124.299995 0.892300 7.829300 0.176700 0.491100
124.399994 0.894584 7.841127 0.178557 0.492606
124.500000 0.894089 7.843484 0.175618 0.492949
124.599998 0.893800 7.841599 0.175600 0.494300
124.699997 0.892157 7.824030 0.173569 0.489796
124.799995 0.893143 7.838165 0.173031 0.489804
124.899994 0.890589 7.820082 0.173017 0.490349
125.000000 0.890878 7.827065 0.175435 0.488398
125.099998 0.890989 7.825482 0.176318 0.486649
125.199997 0.893994 7.838038 0.176777 0.484384
125.299995 0.892943 7.838365 0.175530 0.485106
125.399994 0.893921 7.840532 0.174365 0.485603
125.500000 0.894021 7.839832 0.175565 0.488202
125.599998 0.891089 7.820582 0.174917 0.484448
125.699997 0.892679 7.838968 0.175535 0.484597
125.799995 0.890378 7.814963 0.175535 0.482997
125.899994 0.892100 7.837300 0.175300 0.482400
126.000000 0.890889 7.825182 0.176118 0.478048
126.099998 0.890745 7.825413 0.172886 0.479640
126.199997 0.892300 7.837900 0.175200 0.475200
126.299995 0.891722 7.835633 0.173465 0.476905
126.399994 0.892108 7.835664 0.173127 0.479520
126.500000 0.891989 7.834683 0.173917 0.476848
126.599998 0.892579 7.836767 0.174335 0.475195
126.699997 0.890924 7.824777 0.176223 0.472331
126.799995 0.889489 7.817418 0.173974 0.469570
126.899994 0.892332 7.833650 0.174448 0.466460
127.000000 0.892679 7.833467 0.176335 0.468094
127.099998 0.892836 7.833800 0.176606 0.468781
127.199997 0.890167 7.815345 0.177253 0.467240
127.299995 0.894079 7.836867 0.177135 0.465393
127.399994 0.893600 7.835500 0.174500 0.464700
127.500000 0.892689 7.827282 0.174317 0.467747
127.599998 0.892489 7.828982 0.175118 0.469847
127.699997 0.890389 7.816482 0.175318 0.468147
127.799995 0.891889 7.832883 0.174917 0.468447
127.899994 0.891778 7.829666 0.173635 0.467193
128.000000 0.889778 7.819365 0.174635 0.467193
128.099991 0.891100 7.827300 0.175800 0.470500
128.199997 0.891033 7.828951 0.173948 0.471259
128.300003 0.890767 7.830850 0.174352 0.473742
128.399994 0.889600 7.822200 0.172400 0.476100
128.500000 0.890734 7.833901 0.170802 0.478087
128.599991 0.890389 7.834983 0.172817 0.478848
128.699997 0.889745 7.829115 0.171786 0.479140
128.800003 0.891389 7.832383 0.169017 0.479148
128.899994 0.889934 7.825596 0.168301 0.478187
129.000000 0.890911 7.833417 0.168083 0.475552
129.099991 0.891311 7.834517 0.164484 0.473453
129.199997 0.891300 7.834100 0.164200 0.472000
129.300003 0.891122 7.831834 0.161768 0.474005
129.399994 0.891700 7.834300 0.163300 0.473300
129.500000 0.892411 7.835716 0.163284 0.468653
129.599991 0.891832 7.834450 0.161452 0.469759
129.699997 0.893332 7.836450 0.159152 0.468859
129.800003 0.892046 7.829315 0.158179 0.470835
129.899994 0.892921 7.834833 0.158768 0.470906
130.000000 0.893285 7.834633 0.156475 0.470324
130.099991 0.894889 7.834884 0.157016 0.474047
130.199997 0.894931 7.835150 0.157853 0.471758
130.300003 0.894379 7.836067 0.159032 0.475395
130.399994 0.894064 7.838297 0.155007 0.478313
130.500000 0.895010 7.841916 0.153285 0.475652
130.599991 0.894379 7.839768 0.152931 0.473095
130.699997 0.894189 7.840884 0.150715 0.472747
130.800003 0.893715 7.826061 0.148419 0.473779
130.899994 0.895090 7.837383 0.147015 0.473347
131.000000 0.895316 7.835869 0.147218 0.475480
131.099991 0.894800 7.834000 0.145700 0.477500
131.199997 0.892668 7.821847 0.145244 0.472542
131.300003 0.893396 7.832450 0.147467 0.474973
131.399994 0.892146 7.831515 0.147274 0.474437
131.500000 0.892325 7.831182 0.148104 0.471230
131.599991 0.892821 7.830934 0.145271 0.469506
131.699997 0.892300 7.830200 0.145300 0.472100
131.800003 0.892989 7.831383 0.148315 0.472447
131.899994 0.891978 7.820264 0.150330 0.469294
132.000000 0.893100 7.831200 0.148000 0.467700
132.099991 0.893479 7.830166 0.146329 0.468994
132.199997 0.894900 7.832100 0.145000 0.468700
132.300003 0.894300 7.829700 0.141200 0.468700
132.399994 0.894600 7.832200 0.143400 0.467500
132.500000 0.896090 7.832383 0.141014 0.467147
132.599991 0.895669 7.832450 0.139942 0.463239
132.699997 0.894979 7.824565 0.138128 0.463693
132.800003 0.896710 7.835716 0.135486 0.464454
132.899994 0.896190 7.837084 0.135314 0.463346
133.000000 0.897231 7.838948 0.134960 0.459762
133.099991 0.897431 7.841948 0.135259 0.460662
133.199997 0.898880 7.842368 0.134227 0.459592
133.300003 0.898659 7.844938 0.133854 0.456283
133.399994 0.899080 7.844369 0.132727 0.453391
133.500000 0.898018 7.830364 0.131906 0.453663
133.599991 0.899810 7.846215 0.131587 0.453555
133.699997 0.899660 7.847739 0.132853 0.452981
133.800003 0.897800 7.835300 0.128800 0.454100
133.899994 0.898990 7.843784 0.126813 0.455346
134.000000 0.899190 7.843084 0.128113 0.450645
134.099991 0.894579 7.811963 0.128226 0.448990
134.199997 0.897110 7.837616 0.127387 0.449655
134.300003 0.897710 7.839816 0.126487 0.450355
134.399994 0.892868 7.797740 0.126338 0.452736
134.500000 0.897610 7.835616 0.125887 0.456154
134.599991 0.897341 7.836665 0.124250 0.457217
134.699997 0.897600 7.836600 0.123700 0.460500
134.800003 0.897839 7.836302 0.124074 0.458675
134.899994 0.898761 7.836698 0.119828 0.458525
135.000000 0.900560 7.839136 0.118247 0.460584
135.099991 0.900710 7.839216 0.117988 0.462854
135.199997 0.900730 7.840648 0.117065 0.461861
135.300003 0.900690 7.840884 0.117112 0.464446
135.399994 0.901330 7.841147 0.114766 0.469659
135.500000 0.900780 7.841569 0.114223 0.468994
135.599991 0.898539 7.822894 0.115870 0.463578
135.699997 0.900000 7.838700 0.118300 0.464400
135.800003 0.899800 7.839000 0.118500 0.464800
135.899994 0.900320 7.841073 0.117394 0.462470
136.000000 0.901000 7.841100 0.117400 0.461300
136.099991 0.901330 7.839248 0.116765 0.460962
136.199997 0.899470 7.825547 0.115035 0.458638
136.300003 0.900160 7.837935 0.115446 0.456483
136.399994 0.900210 7.837816 0.114988 0.453855
136.500000 0.900540 7.837965 0.114054 0.457117
136.599991 0.900920 7.839132 0.114977 0.460808
136.699997 0.902639 7.841663 0.116853 0.457617
136.800003 0.902090 7.841485 0.117812 0.453945
136.899994 0.902961 7.843438 0.116246 0.456683
137.000000 0.902790 7.837684 0.115212 0.455346
137.099991 0.903981 7.843769 0.113723 0.456391
137.199997 0.903019 7.839532 0.112877 0.458308
137.300003 0.903210 7.842416 0.114689 0.455754
137.399994 0.903048 7.842479 0.114243 0.452774
137.500000 0.902919 7.840932 0.112877 0.455009
137.599991 0.903139 7.842363 0.111855 0.455218
137.699997 0.903129 7.842547 0.112466 0.453164
137.800003 0.898780 7.805261 0.109522 0.452591
137.899994 0.896817 7.800140 0.110288 0.449660
138.000000 0.901871 7.842052 0.111433 0.449535
138.099991 0.900900 7.842300 0.110400 0.450300
138.199997 0.900810 7.840916 0.111989 0.452455
138.300003 0.900510 7.840216 0.112689 0.453255
138.399994 0.901480 7.842368 0.114523 0.453591
138.500000 0.900350 7.836018 0.114457 0.453327
138.599991 0.900200 7.835200 0.115500 0.449000
138.699997 0.901671 7.845954 0.117435 0.453736
138.800003 0.901480 7.844469 0.117924 0.453391
138.899994 0.900790 7.845184 0.118712 0.455746
139.000000 0.901459 7.846092 0.117330 0.457925
139.099991 0.900430 7.838049 0.119664 0.459762
139.199997 0.901920 7.847331 0.120776 0.459108
139.300003 0.902259 7.848890 0.120528 0.460524
139.399994 0.901160 7.846439 0.120348 0.459184
139.500000 0.900980 7.840068 0.118024 0.460492
139.599991 0.901069 7.845808 0.119416 0.463675
139.699997 0.901020 7.845131 0.117177 0.463207
139.800003 0.902190 7.844285 0.116312 0.463546
139.899994 0.901839 7.847361 0.117953 0.465514
140.000000 0.901551 7.844723 0.116358 0.467634
140.099991 0.902639 7.845262 0.115754 0.464214
140.199997 0.902041 7.846608 0.114669 0.462678
140.300003 0.901280 7.844569 0.118024 0.458792
140.399994 0.900950 7.836519 0.114657 0.460530
140.500000 0.902758 7.845692 0.115731 0.456826
140.599991 0.902829 7.845046 0.116165 0.456063
140.699997 0.902971 7.843553 0.115135 0.457237
140.800003 0.903800 7.847500 0.111800 0.458600
140.899994 0.904171 7.847254 0.110433 0.459738
141.000000 0.902822 7.841174 0.112590 0.455765
141.099991 0.903071 7.847654 0.114134 0.452836
141.199997 0.903310 7.846115 0.111889 0.453455
141.300003 0.903890 7.847485 0.110311 0.453645
141.399994 0.904957 7.848391 0.111833 0.454028
141.500000 0.905081 7.847270 0.112923 0.458892
141.599991 0.904743 7.846508 0.112968 0.458275
141.699997 0.903190 7.833483 0.112611 0.461446
141.800003 0.901910 7.825518 0.112889 0.463154
141.899994 0.904571 7.844854 0.113734 0.461038
142.000000 0.905028 7.845546 0.111966 0.463661
142.099991 0.906309 7.848515 0.112389 0.462654
142.199997 0.906062 7.844738 0.112145 0.461084
142.300003 0.905500 7.845000 0.112900 0.461400
142.399994 0.904243 7.829298 0.112968 0.456374
142.500000 0.906247 7.846977 0.111644 0.456072
142.599991 0.907209 7.847116 0.112989 0.457054
142.699997 0.905953 7.842021 0.111456 0.455028
142.800003 0.906681 7.847169 0.110822 0.454391
142.899994 0.901190 7.806681 0.109411 0.449545
143.000000 0.905919 7.846931 0.110978 0.450810
143.099991 0.905809 7.847516 0.111089 0.452855
143.199997 0.902361 7.827631 0.110044 0.454582
143.300003 0.904919 7.849030 0.110278 0.459908
143.399994 0.904800 7.850801 0.111700 0.459200
143.500000 0.904219 7.849630 0.109978 0.460108
143.599991 0.904614 7.848964 0.113002 0.461215
143.699997 0.904081 7.849370 0.113323 0.456091
143.800003 0.904138 7.851159 0.114354 0.455018
143.899994 0.904671 7.851756 0.113534 0.457237
144.000000 0.903600 7.851700 0.109700 0.461600
144.099991 0.902783 7.839708 0.109932 0.459151
144.199997 0.903881 7.849570 0.107321 0.459092
144.300003 0.901712 7.831748 0.107196 0.458112
144.399994 0.903810 7.847015 0.108489 0.461654
144.500000 0.905200 7.849500 0.109900 0.463700
144.599991 0.904142 7.846107 0.110366 0.465880
144.699997 0.904010 7.848315 0.110889 0.465953
144.800003 0.901780 7.832467 0.109522 0.470594
144.899994 0.903210 7.845315 0.110889 0.470353
145.000000 0.902590 7.843484 0.107911 0.469347
145.099991 0.902810 7.843215 0.107289 0.474553
145.199997 0.902529 7.838449 0.107168 0.476157
145.300003 0.902810 7.844316 0.108489 0.474753
145.399994 0.902010 7.841116 0.107789 0.476152
145.500000 0.901260 7.836735 0.109044 0.473189
145.599991 0.900670 7.835251 0.109033 0.475043
145.699997 0.901580 7.840268 0.106321 0.478896
145.800003 0.901020 7.837933 0.105579 0.476705
145.899994 0.900480 7.837168 0.105321 0.477596
146.000000 0.901260 7.835434 0.105542 0.476491
146.099991 0.900670 7.839452 0.106532 0.478344
146.199997 0.897959 7.826331 0.106343 0.475890
146.300003 0.899070 7.839452 0.106532 0.473942
146.399994 0.897659 7.831533 0.104942 0.470988
146.500000 0.897090 7.822083 0.106411 0.469647
146.599991 0.899010 7.839917 0.106189 0.473253
146.699997 0.897400 7.820500 0.106400 0.468200
146.800003 0.898539 7.834701 0.107264 0.470082
146.899994 0.898067 7.839191 0.105838 0.465806
147.000000 0.896538 7.824995 0.104963 0.462778
147.099991 0.893315 7.806746 0.105184 0.462870
147.199997 0.890978 7.800860 0.104521 0.464093
147.300003 0.895852 7.838981 0.105747 0.467666
147.399994 0.896000 7.839400 0.105400 0.468400
147.500000 0.894958 7.831332 0.106042 0.466086
147.599991 0.895421 7.836833 0.105579 0.463307
147.699997 0.895290 7.837084 0.107211 0.461346
147.800003 0.892889 7.822482 0.107211 0.459046
147.899994 0.894453 7.836582 0.108746 0.460470
148.000000 0.895200 7.837500 0.108500 0.460400
148.099991 0.894200 7.833300 0.106600 0.459800
148.199997 0.894600 7.838900 0.106800 0.462400
148.300003 0.895410 7.839517 0.105489 0.460254
148.399994 0.895190 7.832384 0.105911 0.457846
148.500000 0.896110 7.838016 0.107389 0.454655
148.599991 0.894768 7.831749 0.106132 0.454136
148.699997 0.892157 7.815526 0.106243 0.451481
148.800003 0.894400 7.835800 0.106000 0.450800
148.899994 0.895252 7.835682 0.106347 0.451874
149.000000 0.896321 7.839333 0.104879 0.453109
149.099991 0.896610 7.841816 0.103690 0.456054
149.199997 0.892257 7.815327 0.104242 0.450680
149.300003 0.895510 7.841716 0.104989 0.453755
149.399994 0.895690 7.842084 0.104110 0.453345
149.500000 0.895148 7.837219 0.102351 0.452926
149.599991 0.893232 7.823953 0.104969 0.449065
149.699997 0.895016 7.837270 0.107486 0.448859
149.800003 0.896407 7.843459 0.110499 0.444500
149.899994 0.895700 7.835300 0.111500 0.443400
150.000000 0.898173 7.840970 0.111111 0.441350
150.099991 0.895179 7.817764 0.110322 0.441088
150.199997 0.897459 7.839736 0.109144 0.446479
150.300003 0.897620 7.838633 0.107079 0.450110
150.399994 0.896279 7.829066 0.105421 0.447189
150.500000 0.897010 7.836617 0.107089 0.443456
150.599991 0.896752 7.833583 0.107646 0.446377
150.699997 0.896259 7.832133 0.106743 0.449080
150.800003 0.894279 7.819464 0.108922 0.447490
150.899994 0.895621 7.834033 0.108878 0.449510
151.000000 0.895479 7.836267 0.107822 0.450990
151.099991 0.892135 7.813788 0.109666 0.446168
151.199997 0.891537 7.810516 0.107161 0.445468
151.300003 0.893932 7.835350 0.108068 0.446166
151.399994 0.894463 7.834899 0.105936 0.447332
151.500000 0.894026 7.834884 0.104373 0.448514
151.599991 0.893932 7.834849 0.104069 0.447666
151.699997 0.893889 7.834183 0.100310 0.445145
151.800003 0.894132 7.835849 0.100270 0.444567
151.899994 0.893100 7.824500 0.100700 0.444900
152.000000 0.894489 7.839084 0.101110 0.445645
152.099991 0.894931 7.836649 0.101470 0.447066
152.199997 0.894158 7.823830 0.100340 0.449780
152.300003 0.895500 7.834400 0.099900 0.449600
152.399994 0.895310 7.835616 0.098990 0.448855
152.500000 0.896179 7.836967 0.098420 0.451690
152.599991 0.895590 7.835683 0.097610 0.448645
152.699997 0.895896 7.837537 0.096697 0.447347
152.800003 0.894958 7.837135 0.095638 0.445878
152.899994 0.894632 7.836749 0.094172 0.444667
153.000000 0.892068 7.829949 0.093428 0.440932
153.099991 0.892857 7.836634 0.094138 0.438876
153.199997 0.893400 7.836400 0.091600 0.440400
153.300003 0.893800 7.829900 0.091800 0.435700
153.399994 0.895679 7.835867 0.092619 0.436587
153.500000 0.894300 7.831399 0.093700 0.435300
153.599991 0.895269 7.837551 0.093828 0.436031
153.699997 0.896990 7.840784 0.092309 0.433443
153.800003 0.897590 7.842484 0.093009 0.432143
153.899994 0.898990 7.843784 0.093509 0.432543
154.000000 0.899180 7.843968 0.091818 0.434487
154.099991 0.899139 7.842005 0.092355 0.435561
154.199997 0.899950 7.843778 0.090955 0.442579
154.300003 0.899720 7.840931 0.091582 0.439612
154.399994 0.899540 7.840064 0.092463 0.441024
154.500000 0.898380 7.828765 0.091018 0.440288
154.599991 0.900280 7.836968 0.090818 0.438188
154.699997 0.900150 7.834717 0.091446 0.438219
154.800003 0.897069 7.813744 0.089527 0.434330
154.899994 0.897990 7.829383 0.091609 0.430743
155.000000 0.898559 7.835234 0.090336 0.431673
155.099991 0.898329 7.834184 0.091164 0.433303
155.199997 0.898259 7.833034 0.090436 0.434674
155.300003 0.898449 7.830215 0.090445 0.432216
155.399994 0.898880 7.834267 0.090518 0.428986
155.500000 0.900070 7.838552 0.090927 0.426628
155.599991 0.898459 7.839736 0.088836 0.427571
155.699997 0.899630 7.841388 0.090263 0.430401
155.800003 0.900600 7.842400 0.089500 0.431000
155.899994 0.900910 7.842016 0.089991 0.429557
156.000000 0.901010 7.841015 0.090091 0.430357
156.099991 0.901010 7.842416 0.088191 0.435057
156.199997 0.901190 7.842284 0.088609 0.436144
156.300003 0.901710 7.842815 0.088491 0.436156
156.399994 0.902942 7.845407 0.085651 0.436862
156.500000 0.901461 7.844338 0.083433 0.434174
156.599991 0.896948 7.816208 0.083942 0.433117
156.699997 0.898490 7.830883 0.083308 0.432143
156.800003 0.898890 7.838484 0.081508 0.430443
156.899994 0.897900 7.832500 0.081300 0.428500
157.000000 0.899150 7.836319 0.080440 0.428214
157.099991 0.898990 7.834683 0.080708 0.426143
157.199997 0.898180 7.836468 0.078416 0.425085
157.300003 0.898310 7.837117 0.079492 0.423158
157.399994 0.898870 7.839152 0.080824 0.424027
157.500000 0.898590 7.838183 0.082308 0.423742
157.599991 0.899010 7.838616 0.082492 0.424658
157.699997 0.895579 7.811162 0.083017 0.424185
157.800003 0.898570 7.838352 0.083925 0.432630
157.899994 0.899180 7.834767 0.084017 0.434387
158.000000 0.898620 7.835533 0.080984 0.436913
158.099991 0.898870 7.835751 0.082425 0.439632
158.199997 0.899120 7.832533 0.082484 0.439712
158.300003 0.899610 7.832617 0.081592 0.440956
158.399994 0.899680 7.834067 0.082116 0.440488
158.500000 0.900680 7.836867 0.081616 0.443589
158.599991 0.900960 7.838436 0.081633 0.442177
158.699997 0.900930 7.837549 0.079776 0.441867
158.800003 0.900200 7.837299 0.080200 0.445900
158.899994 0.900780 7.836267 0.079616 0.446989
159.000000 0.901070 7.838651 0.081424 0.448835
159.099991 0.899960 7.835034 0.082333 0.448679
159.199997 0.900870 7.838552 0.081224 0.443633
159.300003 0.898700 7.828900 0.079800 0.446500
159.399994 0.899590 7.842484 0.079108 0.448645
159.500000 0.899090 7.839984 0.080608 0.450245
159.599991 0.897700 7.829900 0.082500 0.447900
159.699997 0.899210 7.844716 0.084892 0.449955
159.800003 0.900120 7.846631 0.087083 0.452310
159.899994 0.901090 7.847384 0.087809 0.452745
160.000000 0.901831 7.846693 0.086661 0.449815
160.099991 0.900880 7.843269 0.086517 0.447590
160.199997 0.901331 7.840088 0.087261 0.447713
160.300003 0.895727 7.801661 0.088262 0.447313
160.399994 0.901449 7.847177 0.088756 0.447376
160.500000 0.900930 7.849545 0.087174 0.444967
160.599991 0.899790 7.847885 0.089209 0.441444
160.699997 0.900550 7.847576 0.088556 0.444478
160.800003 0.900750 7.850775 0.087656 0.445377
160.899994 0.900200 7.843800 0.087000 0.448200
161.000000 0.900500 7.847700 0.086900 0.449900
161.099991 0.899900 7.846800 0.087800 0.452500
161.199997 0.900120 7.844687 0.087895 0.452757
161.300003 0.901099 7.848352 0.086913 0.453447
161.399994 0.901480 7.847370 0.085017 0.448190
161.500000 0.901420 7.847031 0.085183 0.446811
161.599991 0.902300 7.847300 0.084000 0.448000
161.699997 0.902010 7.845915 0.085791 0.446855
161.800003 0.901490 7.843585 0.086709 0.448745
161.899994 0.902029 7.845547 0.089173 0.448865
162.000000 0.902617 7.846284 0.088793 0.443268
162.099991 0.901600 7.842100 0.087600 0.440800
162.199997 0.902810 7.849215 0.088391 0.442556
162.300003 0.898449 7.822611 0.085343 0.439120
162.399994 0.901010 7.846015 0.084892 0.435656
162.500000 0.899300 7.840001 0.083200 0.433800
162.599991 0.900210 7.846915 0.083292 0.436656
162.699997 0.899390 7.847185 0.085309 0.437844
162.800003 0.899370 7.844353 0.083325 0.437431
162.899994 0.899720 7.847331 0.085083 0.437512
163.000000 0.899060 7.844838 0.083934 0.437675
163.099991 0.897539 7.834400 0.084651 0.432259
163.199997 0.898341 7.842763 0.085066 0.434926
163.300003 0.898620 7.841132 0.084783 0.435313
163.399994 0.900280 7.841067 0.083817 0.432286
163.500000 0.898449 7.829916 0.084042 0.432116
163.599991 0.897880 7.823965 0.085517 0.433487
163.699997 0.898790 7.827682 0.085709 0.435344
163.800003 0.899500 7.840700 0.087200 0.433600
163.899994 0.898590 7.834284 0.085709 0.432243
164.000000 0.898690 7.835584 0.087609 0.432843
164.099991 0.897769 7.823847 0.086226 0.433030
164.199997 0.898480 7.835167 0.084717 0.438488
164.300003 0.898231 7.834650 0.083675 0.439568
164.399994 0.898700 7.836200 0.082600 0.440700
164.500000 0.896100 7.819400 0.082000 0.439300
164.599991 0.897390 7.837283 0.082908 0.439744
164.699997 0.897790 7.840484 0.082708 0.438144
164.800003 0.898210 7.839716 0.082992 0.434357
164.899994 0.897880 7.840268 0.084517 0.435487
165.000000 0.896428 7.829180 0.085460 0.437907
165.099991 0.898000 7.837100 0.085400 0.435200
165.199997 0.897880 7.837067 0.087718 0.433687
165.300003 0.894979 7.819164 0.087517 0.434987
165.399994 0.897390 7.839584 0.087109 0.440144
165.500000 0.896679 7.834867 0.085717 0.438588
165.599991 0.894579 7.823464 0.085517 0.442088
165.699997 0.892589 7.808981 0.084808 0.446945
165.800003 0.893257 7.820928 0.087035 0.446178
165.899994 0.895469 7.838151 0.086226 0.446934
166.000000 0.896117 7.840273 0.086069 0.441453
166.099991 0.896417 7.840172 0.086469 0.441753
166.199997 0.898331 7.840548 0.086174 0.441767
166.300003 0.898110 7.838116 0.086291 0.443356
166.399994 0.898500 7.839000 0.087200 0.443600
166.500000 0.898880 7.834667 0.085217 0.437988
166.599991 0.899310 7.839816 0.086191 0.435756
166.699997 0.898950 7.832817 0.086343 0.436918
166.800003 0.899550 7.840420 0.085843 0.435918
166.899994 0.900090 7.839784 0.085209 0.437244
167.000000 0.899970 7.838952 0.084025 0.439832
167.099991 0.900000 7.839300 0.081500 0.437500
167.199997 0.900200 7.840200 0.081500 0.438100
167.300003 0.900750 7.841979 0.081959 0.440980
167.399994 0.900210 7.840116 0.083192 0.442256
167.500000 0.900600 7.840800 0.081400 0.438100
167.599991 0.898249 7.821711 0.079940 0.442721
167.699997 0.900891 7.840625 0.080489 0.445390
167.800003 0.901710 7.841716 0.078192 0.445555
167.899994 0.901120 7.842231 0.078384 0.447411
168.000000 0.900120 7.841232 0.076985 0.449310
168.099991 0.898510 7.842416 0.076692 0.449455
168.199997 0.900060 7.842995 0.077753 0.451529
168.300003 0.899570 7.843309 0.076446 0.452783
168.399994 0.897690 7.831483 0.077408 0.451945
168.500000 0.893457 7.802321 0.075430 0.446979
168.599991 0.894447 7.817609 0.076238 0.452026
168.699997 0.896910 7.840416 0.077092 0.452655
168.800003 0.896993 7.841443 0.075432 0.451594
168.899994 0.897520 7.843531 0.074685 0.452110
169.000000 0.897569 7.844254 0.074222 0.448635
169.099991 0.897093 7.843740 0.073534 0.452493
169.199997 0.897377 7.845314 0.074289 0.447537
169.300003 0.897272 7.843510 0.073349 0.446787
169.399994 0.897377 7.844313 0.073188 0.448138
169.500000 0.897400 7.843600 0.071900 0.449800
169.599991 0.898210 7.847215 0.071593 0.451555
169.699997 0.897190 7.839784 0.071507 0.453645
169.800003 0.898231 7.847645 0.073678 0.454164
169.899994 0.898970 7.846954 0.074722 0.454036
170.000000 0.899139 7.846808 0.073944 0.450570
170.099991 0.899030 7.846546 0.072778 0.449265
170.199997 0.899770 7.847806 0.071650 0.451284
170.300003 0.899920 7.848230 0.070686 0.450210
170.399994 0.898849 7.845823 0.070835 0.451726
170.500000 0.897910 7.846015 0.068893 0.453355
170.599991 0.897851 7.843878 0.069465 0.452074
170.699997 0.898851 7.844777 0.068366 0.451174
170.800003 0.898220 7.846431 0.070186 0.451110
170.899994 0.898149 7.843922 0.069935 0.449525
171.000000 0.898239 7.847208 0.069942 0.447468
171.099991 0.897990 7.843884 0.068607 0.447745
171.199997 0.895390 7.826483 0.066707 0.443144
171.300003 0.896900 7.847500 0.066200 0.443900
171.399994 0.896352 7.849575 0.065167 0.443878
171.500000 0.895821 7.843931 0.063587 0.443411
171.599991 0.895690 7.847284 0.064306 0.442244
171.699997 0.895663 7.848591 0.064861 0.442934
171.800003 0.895758 7.847039 0.064626 0.440976
171.899994 0.895610 7.847515 0.064594 0.442356
172.000000 0.896069 7.844353 0.066120 0.442633
172.099991 0.893979 7.828465 0.064113 0.440688
172.199997 0.895390 7.843684 0.064606 0.444344
172.300003 0.897049 7.846824 0.065033 0.441521
172.399994 0.895069 7.832749 0.064819 0.437031
172.500000 0.895700 7.845799 0.064000 0.440300
172.599991 0.896327 7.845992 0.062644 0.439808
172.699997 0.896441 7.846561 0.061375 0.438525
172.800003 0.894679 7.840268 0.061712 0.439088
172.899994 0.895395 7.841141 0.061662 0.440741
173.000000 0.896462 7.845592 0.059864 0.439936
173.099991 0.896528 7.846393 0.060442 0.442510
173.199997 0.896431 7.845147 0.058183 0.443067
173.300003 0.897190 7.846985 0.058606 0.442144
173.399994 0.897310 7.848815 0.058894 0.440856
173.500000 0.896600 7.847700 0.058500 0.443100
173.599991 0.896190 7.844285 0.059706 0.437044
173.699997 0.896410 7.847116 0.058194 0.438356
173.800003 0.897479 7.849070 0.057912 0.437588
173.899994 0.898970 7.849955 0.058317 0.439632
174.000000 0.899480 7.849871 0.057011 0.441288
174.099991 0.894226 7.825578 0.056239 0.439408
174.199997 0.897069 7.852555 0.055817 0.440632
174.300003 0.895590 7.841584 0.057006 0.443044
174.399994 0.895200 7.848500 0.059100 0.443200
174.500000 0.895221 7.848830 0.058788 0.445411
174.599991 0.894221 7.829934 0.058488 0.446711
174.699997 0.897059 7.847639 0.057323 0.450480
174.800003 0.898680 7.848770 0.055711 0.449190
174.899994 0.899560 7.849240 0.056323 0.447379
175.000000 0.899230 7.848346 0.055683 0.446066
175.099991 0.897800 7.839500 0.055300 0.446700
175.199997 0.899091 7.846038 0.055650 0.449695
175.300003 0.899670 7.846701 0.056073 0.454591
175.399994 0.900120 7.847730 0.056089 0.452509
175.500000 0.898839 7.844707 0.057935 0.449170
175.599991 0.899940 7.847014 0.057719 0.452467
175.699997 0.900190 7.846485 0.057906 0.454545
175.800003 0.902049 7.849075 0.055972 0.456672
175.899994 0.902022 7.851281 0.057146 0.456565
176.000000 0.902210 7.853215 0.058494 0.456254
176.099991 0.900980 7.842068 0.057912 0.453891
176.199997 0.902190 7.848585 0.057006 0.455045
176.300003 0.901170 7.839452 0.056917 0.454636
176.399994 0.902110 7.850915 0.057794 0.450755
176.500000 0.900040 7.842406 0.058635 0.450170
176.599991 0.900590 7.845684 0.057306 0.450045
176.699997 0.902280 7.848370 0.056411 0.446589
176.800003 0.899299 7.834635 0.056356 0.445846
176.899994 0.902320 7.848330 0.057688 0.448410
177.000000 0.901331 7.841889 0.059141 0.448314
177.099991 0.901980 7.850070 0.059512 0.448490
177.199997 0.901820 7.848930 0.057688 0.446011
177.300003 0.902429 7.853444 0.057483 0.446466
177.399994 0.902290 7.852885 0.058806 0.449845
177.500000 0.902229 7.851844 0.057483 0.450665
177.599991 0.902480 7.849470 0.058212 0.449890
177.699997 0.902461 7.848240 0.057523 0.453281
177.800003 0.903061 7.852641 0.057323 0.454282
177.899994 0.901011 7.844760 0.056951 0.453508
178.000000 0.900380 7.842568 0.057111 0.456391
178.099991 0.900820 7.852029 0.059288 0.459708
178.199997 0.902080 7.852371 0.060212 0.457191
178.300003 0.900850 7.835518 0.060330 0.455228
178.399994 0.901971 7.849055 0.059218 0.456137
178.500000 0.903032 7.850296 0.059342 0.457420
178.599991 0.903329 7.850245 0.058482 0.457763
178.699997 0.903919 7.851029 0.060088 0.453409
178.800003 0.902971 7.853656 0.060018 0.450835
178.899994 0.901700 7.844900 0.060500 0.447300
179.000000 0.903539 7.852359 0.060376 0.445422
179.099991 0.903381 7.851570 0.060512 0.445389
179.199997 0.901961 7.834234 0.062725 0.447179
179.300003 0.902990 7.850085 0.062506 0.449545
179.399994 0.902881 7.850470 0.062412 0.447189
179.500000 0.902471 7.848655 0.063319 0.448635
179.599991 0.901370 7.849355 0.063919 0.446434
179.699997 0.902100 7.849599 0.064100 0.444700
179.800003 0.902761 7.851440 0.062925 0.443177
179.899994 0.897269 7.816345 0.062719 0.438231
180.000000 0.900570 7.846554 0.064119 0.438932
180.099991 0.899810 7.845515 0.065193 0.441256
180.199997 0.899300 7.845700 0.065600 0.440700
180.300003 0.899380 7.846769 0.065313 0.437387
180.399994 0.899500 7.846700 0.066500 0.437000
180.500000 0.898529 7.842490 0.067547 0.436005
180.599991 0.900730 7.847193 0.068148 0.433103
180.699997 0.901010 7.844316 0.066693 0.432457
180.800003 0.901720 7.845931 0.066887 0.434013
180.899994 0.901400 7.845500 0.065700 0.431800
181.000000 0.900710 7.845616 0.065093 0.430757
181.099991 0.900530 7.847146 0.065180 0.430571
181.199997 0.899540 7.832399 0.065539 0.428757
181.300003 0.900590 7.838984 0.065207 0.431643
181.399994 0.899390 7.822983 0.063406 0.431343
181.500000 0.900080 7.830566 0.063113 0.429786
181.599991 0.898290 7.826182 0.064606 0.430643
181.699997 0.899640 7.841805 0.063238 0.431459
181.800003 0.900190 7.842584 0.062706 0.436844
181.899994 0.899090 7.835484 0.062406 0.438244
182.000000 0.899390 7.836783 0.061806 0.438544
182.099991 0.896869 7.819646 0.061919 0.437431
182.199997 0.900070 7.844854 0.060118 0.437131
182.300003 0.900260 7.846691 0.061163 0.440436
182.399994 0.899960 7.847039 0.060224 0.442477
182.500000 0.899590 7.846184 0.060306 0.441844
182.599991 0.898620 7.842731 0.061188 0.438712
182.699997 0.899860 7.845638 0.060124 0.439376
182.800003 0.897990 7.830583 0.060806 0.437644
182.899994 0.899490 7.847985 0.060306 0.442844
183.000000 0.898939 7.846709 0.060236 0.444267
183.099991 0.896779 7.833867 0.058812 0.441788
183.199997 0.897669 7.841753 0.059518 0.442333
183.300003 0.897410 7.841316 0.060894 0.442056
183.399994 0.897210 7.842515 0.059594 0.439856
183.500000 0.897062 7.841995 0.058365 0.439436
183.599991 0.896641 7.841464 0.057977 0.438225
183.699997 0.894789 7.832083 0.057606 0.440544
183.800003 0.896959 7.843137 0.057023 0.441977
183.899994 0.896390 7.843484 0.056306 0.442544
184.000000 0.896190 7.843584 0.058306 0.441244
184.099991 0.893357 7.821328 0.058323 0.442177
184.199997 0.896227 7.845692 0.058641 0.446913
184.300003 0.893568 7.829949 0.058718 0.445734
184.399994 0.895100 7.843100 0.059200 0.442700
184.500000 0.894311 7.842916 0.057494 0.443556
184.599991 0.893489 7.838184 0.057706 0.442644
184.699997 0.893136 7.839204 0.058535 0.443666
184.800003 0.893768 7.842652 0.058117 0.444333
184.899994 0.892014 7.835469 0.057246 0.444556
185.000000 0.893021 7.843631 0.057988 0.443911
185.099991 0.892411 7.844316 0.059294 0.443156
185.199997 0.892400 7.843300 0.058800 0.442600
185.300003 0.891646 7.828415 0.057129 0.440720
185.399994 0.892964 7.843094 0.057765 0.444833
185.500000 0.893921 7.844331 0.057888 0.446811
185.599991 0.895179 7.843268 0.058212 0.441788
185.699997 0.895369 7.845354 0.059418 0.444033
185.800003 0.895927 7.845192 0.060542 0.444711
185.899994 0.895710 7.843516 0.060894 0.448155
186.000000 0.896590 7.842984 0.062606 0.449945
186.099991 0.896090 7.841984 0.061706 0.449745
186.199997 0.895731 7.842147 0.063181 0.447366
186.300003 0.893589 7.825482 0.063306 0.444244
186.399994 0.895273 7.843610 0.062356 0.445288
186.500000 0.895510 7.841516 0.062194 0.445855
186.599991 0.895390 7.841184 0.061106 0.445245
186.699997 0.896369 7.843653 0.060118 0.443933
186.800003 0.895400 7.837000 0.059900 0.443800
186.899994 0.897690 7.842885 0.059706 0.444844
187.000000 0.897228 7.839087 0.062744 0.440909
187.099991 0.896400 7.841300 0.063700 0.440100
187.199997 0.896810 7.846615 0.064094 0.443856
187.300003 0.897251 7.846877 0.065667 0.444478
187.399994 0.897100 7.845400 0.064700 0.446400
187.500000 0.897038 7.844607 0.064839 0.446268
187.599991 0.897362 7.844493 0.064261 0.447332
187.699997 0.897841 7.845661 0.064174 0.445722
187.800003 0.898141 7.848460 0.060976 0.443723
187.899994 0.897200 7.846600 0.062100 0.444800
188.000000 0.897131 7.846046 0.062681 0.443867
188.099991 0.896000 7.842300 0.062100 0.444400
188.199997 0.895690 7.835683 0.063406 0.444644
188.300003 0.898480 7.850471 0.064613 0.445189
188.399994 0.897300 7.844500 0.065900 0.441700
188.500000 0.898069 7.850155 0.065620 0.437731
188.599991 0.898210 7.850115 0.063994 0.442056
188.699997 0.898359 7.851441 0.063225 0.441977
188.800003 0.897459 7.847039 0.062225 0.443377
188.899994 0.898420 7.854329 0.060188 0.442112
189.000000 0.899620 7.853630 0.059088 0.443511
189.099991 0.900260 7.855643 0.059324 0.441377
189.199997 0.901200 7.852099 0.060400 0.441400
189.300003 0.897387 7.826609 0.060366 0.437181
189.399994 0.900210 7.853014 0.062294 0.435856
189.500000 0.901490 7.852085 0.062406 0.437444
189.599991 0.902778 7.852318 0.063649 0.436851
189.699997 0.903129 7.851844 0.064481 0.438968
189.800003 0.903810 7.852314 0.064694 0.444256
189.899994 0.903200 7.855700 0.064700 0.441700
190.000000 0.902539 7.857557 0.062775 0.439724
190.099991 0.902190 7.858586 0.062706 0.441844
190.199997 0.902090 7.859586 0.060606 0.441244
190.300003 0.903010 7.859514 0.061794 0.440856
190.399994 0.903190 7.857585 0.062806 0.442644
190.500000 0.903681 7.855871 0.063413 0.440788
190.599991 0.903219 7.857429 0.063287 0.439212
190.699997 0.901800 7.850900 0.063300 0.437000
190.800003 0.901580 7.846569 0.062813 0.435887
190.899994 0.901910 7.852415 0.063894 0.436956
191.000000 0.901700 7.850500 0.065200 0.439100
191.099991 0.902410 7.852115 0.065293 0.436956
191.199997 0.902520 7.851429 0.064687 0.440712
191.300003 0.902719 7.851930 0.066287 0.438212
191.399994 0.902271 7.851056 0.065920 0.437131
191.500000 0.902490 7.852085 0.067407 0.439144
191.599991 0.902429 7.851045 0.068180 0.441767
191.699997 0.902371 7.852056 0.068521 0.441833
191.800003 0.903290 7.853385 0.067507 0.442044
191.899994 0.902210 7.844516 0.068293 0.445355
192.000000 0.903281 7.851970 0.067914 0.446789
192.099991 0.903039 7.852559 0.067873 0.443922
192.199997 0.904033 7.853798 0.066647 0.443711
192.300003 0.903500 7.852099 0.066900 0.443100
192.399994 0.902919 7.850130 0.066787 0.448010
192.500000 0.901910 7.836116 0.066993 0.446955
192.599991 0.904229 7.850045 0.069079 0.447266
192.699997 0.904952 7.850326 0.068434 0.449625
192.800003 0.905728 7.850545 0.067880 0.451165
192.899994 0.905091 7.849286 0.068807 0.451945
193.000000 0.905409 7.849815 0.070693 0.449455
193.099991 0.901990 7.827383 0.071707 0.451645
193.199997 0.898839 7.806885 0.072844 0.453572
193.300003 0.903881 7.844869 0.072615 0.452691
193.399994 0.904510 7.849415 0.073393 0.453755
193.500000 0.904810 7.847915 0.073993 0.451355
193.599991 0.905772 7.849655 0.072622 0.452836
193.699997 0.904200 7.837100 0.072200 0.452100
193.800003 0.905472 7.849555 0.073622 0.453136
193.899994 0.904552 7.843721 0.074437 0.452026
194.000000 0.904890 7.848585 0.074307 0.449345
194.099991 0.905157 7.850190 0.073956 0.451929
194.199997 0.905991 7.853886 0.074407 0.451245
194.300003 0.906488 7.854425 0.074990 0.449840
194.399994 0.906891 7.854586 0.074107 0.452645
194.500000 0.905881 7.855371 0.074315 0.453091
194.599991 0.905928 7.854644 0.076277 0.451964
194.699997 0.905662 7.854242 0.074530 0.452181
194.800003 0.906181 7.854371 0.073915 0.449790
194.899994 0.906000 7.853800 0.074100 0.452600
195.000000 0.905434 7.851496 0.074052 0.455419
195.099991 0.905909 7.856315 0.070793 0.455954
195.199997 0.906547 7.857272 0.069565 0.458971
195.300003 0.906291 7.856686 0.067707 0.461046
195.399994 0.905391 7.850485 0.067307 0.460646
195.500000 0.906119 7.857829 0.067087 0.464507
195.599991 0.904900 7.857400 0.067900 0.468200
195.699997 0.904781 7.854871 0.069514 0.470694
195.800003 0.906109 7.857415 0.071493 0.465753
195.899994 0.906400 7.856400 0.073100 0.461700
196.000000 0.906172 7.857358 0.074522 0.459638
196.099991 0.905881 7.855471 0.074115 0.457692
196.199997 0.906009 7.856915 0.074793 0.456754
196.300003 0.905728 7.856243 0.073478 0.454364
196.399994 0.905557 7.854687 0.072057 0.458125
196.500000 0.906291 7.853486 0.073507 0.457346
196.599991 0.905762 7.854342 0.074430 0.457683
196.699997 0.905747 7.854473 0.075562 0.459070
196.800003 0.902451 7.828314 0.075438 0.458029
196.899994 0.904610 7.851914 0.077292 0.459154
197.000000 0.904381 7.852170 0.079116 0.459592
197.099991 0.904710 7.852715 0.079292 0.459754
197.199997 0.904848 7.853473 0.079660 0.463168
197.300003 0.905209 7.851414 0.078292 0.462254
197.399994 0.905638 7.852059 0.078269 0.459816
197.500000 0.904481 7.853771 0.076315 0.460192
197.599991 0.904100 7.853800 0.076900 0.458500
197.699997 0.903681 7.850970 0.075415 0.457792
197.800003 0.902593 7.854240 0.076684 0.459405
197.899994 0.899840 7.829297 0.076546 0.458475
198.000000 0.903358 7.854987 0.077454 0.460824
198.099991 0.904067 7.857800 0.077146 0.456281
198.199997 0.903871 7.858158 0.079424 0.454436
198.300003 0.901700 7.854400 0.079600 0.452300
198.399994 0.901280 7.849970 0.080816 0.450190
198.500000 0.901100 7.854800 0.080600 0.451200
198.599991 0.900170 7.850055 0.080624 0.445934
198.699997 0.900780 7.856071 0.077916 0.445989
198.800003 0.901739 7.856757 0.079068 0.442823
198.899994 0.901180 7.858672 0.078916 0.445089
199.000000 0.901170 7.856957 0.079524 0.442633
199.099991 0.901361 7.855642 0.081232 0.440576
199.199997 0.898920 7.838632 0.079984 0.439612
199.300003 0.900390 7.853585 0.079208 0.439244
199.399994 0.900510 7.852614 0.079992 0.442156
199.500000 0.899700 7.847900 0.079500 0.442000
199.599991 0.897600 7.833400 0.081000 0.438800
199.699997 0.900140 7.850160 0.080368 0.443723
199.800003 0.900790 7.850185 0.080608 0.446145
199.899994 0.900310 7.844116 0.079092 0.441756
