0.000000 0.999200 7.992802 0.999100 0.999200
0.100000 0.998801 7.989809 0.999400 0.998701
0.200000 0.998201 7.983807 0.998301 0.997601
0.300000 0.997199 7.974590 0.997299 0.996098
0.400000 0.995497 7.963178 0.995197 0.994897
0.500000 0.995600 7.963804 0.994901 0.995000
0.600000 0.994399 7.960096 0.993499 0.995000
0.700000 0.993401 7.956209 0.993101 0.993801
0.800000 0.991799 7.947294 0.991599 0.991799
0.900000 0.991899 7.948495 0.990299 0.990699
1.000000 0.991004 7.947321 0.989304 0.989304
1.100000 0.990202 7.944311 0.987602 0.988702
1.200000 0.987699 7.927292 0.984698 0.986199
1.300000 0.988302 7.940312 0.985303 0.987103
1.400000 0.986595 7.929673 0.983393 0.984894
1.500000 0.986310 7.935245 0.982912 0.985110
1.600000 0.985197 7.933486 0.981896 0.984497
1.700000 0.982898 7.921892 0.978098 0.981298
1.800000 0.982100 7.927700 0.976900 0.981200
1.900000 0.981698 7.929093 0.975998 0.980498
2.000000 0.976900 7.896600 0.970000 0.973500
2.100000 0.979808 7.932227 0.973711 0.977709
2.200000 0.978900 7.931500 0.970600 0.975800
2.300000 0.976288 7.911155 0.966183 0.972286
2.400000 0.977996 7.928185 0.967493 0.973295
2.500000 0.976700 7.929600 0.967400 0.972800
2.600000 0.976312 7.931834 0.967516 0.970915
2.700000 0.973292 7.914074 0.964789 0.968891
2.800000 0.974700 7.928800 0.966500 0.970800
2.900000 0.973700 7.924000 0.966500 0.970700
3.000000 0.973803 7.926507 0.966703 0.970103
3.100000 0.973100 7.924000 0.965600 0.968400
3.200000 0.971997 7.919392 0.965297 0.967497
3.300000 0.969403 7.911609 0.961904 0.965703
3.400000 0.969694 7.921584 0.961492 0.966293
3.500000 0.968803 7.916708 0.959204 0.963204
3.600000 0.968794 7.919984 0.957692 0.962693
3.700000 0.967894 7.920984 0.957091 0.964693
3.800000 0.963589 7.892368 0.953986 0.960788
3.900000 0.967097 7.918492 0.956196 0.963896
4.000000 0.967584 7.918659 0.957079 0.962981
4.100000 0.964689 7.901171 0.953986 0.959488
4.200000 0.965910 7.920324 0.956213 0.961312
4.300000 0.964796 7.917692 0.955796 0.958596
4.400000 0.963986 7.916767 0.954182 0.958183
4.500000 0.962104 7.913309 0.952305 0.954705
4.600000 0.961608 7.917316 0.951810 0.953509
4.700000 0.961312 7.915025 0.950615 0.952114
4.800000 0.960708 7.915617 0.949910 0.951010
4.900000 0.959688 7.912274 0.949285 0.948685
5.000000 0.959728 7.914160 0.950734 0.948736
5.100000 0.958717 7.914034 0.950020 0.949120
5.200000 0.958521 7.916941 0.949225 0.948326
5.300000 0.957775 7.916950 0.950570 0.947969
5.400000 0.956387 7.915174 0.950685 0.946584
5.500000 0.953905 7.903310 0.947905 0.945205
5.600000 0.953791 7.905281 0.945989 0.942889
5.700000 0.954518 7.913335 0.945422 0.943722
5.800000 0.953009 7.913117 0.941612 0.944611
5.900000 0.950400 7.900101 0.939600 0.942200
6.000000 0.950390 7.905581 0.938688 0.941288
6.100000 0.949090 7.898880 0.937587 0.939488
6.200000 0.949795 7.908091 0.938294 0.936894
6.300000 0.947979 7.901761 0.936775 0.934274
6.400000 0.948905 7.909009 0.936006 0.934906
6.500000 0.948095 7.904591 0.933893 0.930793
6.600000 0.944789 7.884977 0.931286 0.927686
6.700000 0.946311 7.905719 0.931414 0.928214
6.800000 0.946611 7.906419 0.929214 0.927514
6.900000 0.941988 7.872875 0.923285 0.920784
7.000000 0.946316 7.906328 0.928421 0.923123
7.100000 0.945800 7.904100 0.927100 0.923400
7.200000 0.944589 7.905581 0.928186 0.923185
7.300000 0.944000 7.905000 0.926400 0.924400
7.400000 0.943494 7.902690 0.924092 0.924092
7.500000 0.942294 7.900990 0.923392 0.924192
7.600000 0.942094 7.902290 0.922492 0.922192
7.700000 0.941394 7.902390 0.919592 0.922992
7.800000 0.939000 7.888300 0.916800 0.920100
7.900000 0.940500 7.904600 0.917700 0.922200
8.000000 0.939964 7.903442 0.919652 0.918851
8.099999 0.939224 7.903139 0.915334 0.918733
8.200000 0.938394 7.903191 0.913691 0.916892
8.300000 0.937700 7.890500 0.912500 0.914800
8.400000 0.938332 7.899189 0.912404 0.915007
8.500000 0.937819 7.900330 0.911427 0.913626
8.599999 0.937106 7.899611 0.910109 0.913909
8.700000 0.935819 7.902029 0.909727 0.915525
8.800000 0.935087 7.900980 0.910082 0.916883
8.900000 0.934981 7.899270 0.910073 0.915375
9.000000 0.934680 7.896269 0.909773 0.915375
9.099999 0.934446 7.900469 0.909963 0.914160
9.200000 0.933767 7.898349 0.910155 0.913557
9.300000 0.932480 7.896669 0.911573 0.910473
9.400000 0.930593 7.882588 0.908491 0.907691
9.500000 0.931314 7.895521 0.910518 0.906919
9.599999 0.930772 7.894258 0.908964 0.907463
9.700000 0.931427 7.892643 0.908537 0.905238
9.800000 0.931814 7.894721 0.909918 0.905319
9.900000 0.930586 7.891678 0.908582 0.906181
10.000000 0.928393 7.884089 0.904790 0.902790
10.099999 0.927522 7.887333 0.904429 0.902029
10.200000 0.928386 7.895779 0.904881 0.903681
10.300000 0.928436 7.894553 0.905447 0.902249
10.400000 0.927236 7.893554 0.903248 0.900750
10.500000 0.925193 7.887088 0.902690 0.900590
10.599999 0.925893 7.893189 0.903390 0.899790
10.700000 0.925830 7.896641 0.902039 0.899040
10.800000 0.924277 7.889967 0.899170 0.897869
10.900000 0.924440 7.893715 0.899520 0.896417
11.000000 0.923923 7.890133 0.900530 0.895631
11.099999 0.924130 7.891543 0.900640 0.895642
11.200000 0.923392 7.890189 0.901190 0.896690
11.300000 0.923531 7.891044 0.899840 0.894142
11.400000 0.920200 7.867700 0.896700 0.890600
11.500000 0.921592 7.888689 0.900590 0.890889
11.599999 0.921516 7.890922 0.899920 0.891022
11.700000 0.921600 7.890600 0.896900 0.891300
11.800000 0.921616 7.889622 0.896021 0.891522
11.900000 0.921508 7.893511 0.895110 0.892511
12.000000 0.921369 7.891356 0.896859 0.890956
12.099999 0.921016 7.890922 0.896521 0.887822
12.200000 0.920955 7.889178 0.896373 0.885880
12.300000 0.916692 7.862186 0.889489 0.880188
12.400000 0.919352 7.889934 0.891235 0.879228
12.500000 0.919200 7.889501 0.890200 0.881200
12.599999 0.918449 7.889266 0.886668 0.877474
12.700000 0.918576 7.888967 0.884765 0.877863
12.799999 0.917851 7.889133 0.883230 0.879728
12.900000 0.915733 7.871897 0.879704 0.877902
13.000000 0.917375 7.887167 0.880164 0.881164
13.099999 0.914766 7.869648 0.876150 0.878752
13.200000 0.917392 7.888789 0.877888 0.880088
13.299999 0.916975 7.886966 0.874562 0.877263
13.400000 0.915808 7.886511 0.872813 0.877612
13.500000 0.915692 7.887188 0.871687 0.877088
13.599999 0.913331 7.870096 0.868595 0.874400
13.700000 0.914766 7.886655 0.868247 0.873049
13.799999 0.914874 7.885365 0.872262 0.872162
13.900000 0.915617 7.885023 0.870526 0.874025
14.000000 0.915541 7.884819 0.869909 0.874012
14.099999 0.914917 7.881124 0.867427 0.872526
14.200000 0.911338 7.850295 0.864205 0.868108
14.299999 0.914083 7.881076 0.868074 0.871174
14.400000 0.914109 7.880611 0.868613 0.866613
14.500000 0.913109 7.868214 0.864814 0.864014
14.599999 0.914417 7.879524 0.863527 0.867127
14.700000 0.911900 7.869600 0.862000 0.864200
14.799999 0.912700 7.876200 0.861600 0.863400
14.900000 0.911900 7.873900 0.860500 0.860800
15.000000 0.912074 7.876463 0.856557 0.859958
15.099999 0.911673 7.876863 0.854456 0.862759
15.200000 0.911109 7.876112 0.852815 0.860214
15.299999 0.910427 7.874638 0.851445 0.861442
15.400000 0.909773 7.870861 0.851055 0.860958
15.500000 0.909954 7.870478 0.849890 0.860883
15.599999 0.911309 7.872712 0.846515 0.859714
15.700000 0.910600 7.867400 0.847300 0.859700
15.799999 0.910600 7.873100 0.847800 0.858700
15.900000 0.910164 7.872249 0.846639 0.857743
16.000000 0.909546 7.872823 0.846008 0.854413
16.100000 0.909337 7.870008 0.846693 0.853798
16.199999 0.907563 7.864746 0.845738 0.854842
16.299999 0.908773 7.873363 0.846354 0.853956
16.400000 0.907672 7.867760 0.847154 0.851355
16.500000 0.909309 7.874712 0.849215 0.849515
16.600000 0.909600 7.873800 0.849000 0.848500
16.699999 0.906172 7.843953 0.842553 0.845954
16.799999 0.908591 7.869287 0.844784 0.849585
16.900000 0.908754 7.872236 0.848324 0.849025
17.000000 0.908082 7.871474 0.846669 0.846469
17.100000 0.908773 7.872602 0.850919 0.849321
17.199999 0.908854 7.872036 0.849325 0.848624
17.299999 0.905691 7.846785 0.844584 0.843684
17.400000 0.908827 7.871239 0.847046 0.844147
17.500000 0.909209 7.870713 0.845115 0.845016
17.600000 0.909564 7.874250 0.844638 0.844938
17.699999 0.909609 7.873413 0.843016 0.842616
17.799999 0.908172 7.865260 0.840252 0.838251
17.900000 0.908827 7.872438 0.841648 0.837949
18.000000 0.905162 7.845338 0.836935 0.837435
18.100000 0.905281 7.852870 0.832667 0.835667
18.199999 0.907418 7.870326 0.832533 0.837932
18.299999 0.904943 7.850811 0.829398 0.834501
18.400000 0.903781 7.845769 0.826165 0.832566
18.500000 0.902861 7.842337 0.823629 0.831833
18.600000 0.905772 7.866261 0.826248 0.835151
18.699999 0.905462 7.866446 0.822329 0.836535
18.799999 0.905420 7.865545 0.822563 0.834285
18.900000 0.904543 7.864519 0.818591 0.830999
19.000000 0.901690 7.837884 0.815682 0.829583
19.100000 0.905672 7.863759 0.817745 0.833250
19.199999 0.906653 7.862731 0.818909 0.833717
19.299999 0.905253 7.861731 0.819410 0.830715
19.400000 0.902580 7.843269 0.814163 0.830766
19.500000 0.905581 7.859472 0.817364 0.831366
19.600000 0.905500 7.859200 0.820000 0.829000
19.699999 0.905062 7.858543 0.822929 0.826931
19.799999 0.903890 7.858886 0.822282 0.827583
19.900000 0.904400 7.859500 0.822900 0.827500
20.000000 0.903500 7.858400 0.820400 0.830600
20.100000 0.902790 7.857386 0.819482 0.832783
20.199999 0.900570 7.837352 0.819046 0.830249
20.299999 0.903323 7.858187 0.823259 0.831265
20.400000 0.903290 7.856186 0.823582 0.829183
20.500000 0.901590 7.846985 0.819682 0.825583
20.600000 0.901890 7.849585 0.817982 0.829183
20.699999 0.899280 7.829466 0.815863 0.826165
20.799999 0.902139 7.855258 0.815874 0.829968
20.900000 0.902910 7.854914 0.815718 0.827417
21.000000 0.901160 7.846938 0.811725 0.826631
21.100000 0.901800 7.857000 0.813700 0.828900
21.199999 0.900530 7.840188 0.810167 0.826278
21.299999 0.902241 7.858415 0.810286 0.827997
21.400000 0.899450 7.843222 0.808504 0.824712
21.500000 0.900780 7.857972 0.808062 0.826165
21.600000 0.901520 7.857828 0.805039 0.824835
21.699999 0.901900 7.851200 0.805400 0.824800
21.799999 0.903010 7.857315 0.806519 0.822318
21.900000 0.904029 7.858143 0.808158 0.823253
22.000000 0.903032 7.858201 0.806164 0.825378
22.100000 0.903671 7.858158 0.804141 0.823247
22.199999 0.904329 7.861042 0.805258 0.822353
22.299999 0.904010 7.854315 0.804020 0.819918
22.400000 0.904652 7.859830 0.807504 0.821811
22.500000 0.903810 7.859614 0.808719 0.818718
22.600000 0.903671 7.859658 0.804841 0.818946
22.699999 0.901880 7.854371 0.804061 0.819164
22.799999 0.902661 7.859244 0.806423 0.816627
22.900000 0.901988 7.857228 0.807074 0.814867
23.000000 0.901630 7.855943 0.803659 0.816655
23.100000 0.901771 7.856557 0.803941 0.820046
23.199999 0.901230 7.852644 0.804959 0.818354
23.299999 0.900300 7.851399 0.807600 0.817800
23.400000 0.900340 7.849560 0.804878 0.816274
23.500000 0.898770 7.842053 0.800340 0.814344
23.600000 0.897700 7.842000 0.801800 0.812700
23.699999 0.898690 7.848785 0.799280 0.812881
23.799999 0.898269 7.848054 0.799240 0.815145
23.900000 0.898180 7.841568 0.798660 0.812362
24.000000 0.899319 7.848779 0.798439 0.811449
24.100000 0.897980 7.838368 0.797860 0.810762
24.199999 0.898080 7.844469 0.796359 0.811662
24.299999 0.897869 7.844254 0.796339 0.812244
24.400000 0.897937 7.844351 0.795974 0.807993
24.500000 0.897539 7.842005 0.795477 0.805183
24.600000 0.897190 7.841684 0.794879 0.806581
24.699999 0.897100 7.841800 0.790400 0.808600
24.799999 0.898449 7.845222 0.789995 0.806903
24.900000 0.898510 7.846115 0.787021 0.801120
25.000000 0.897620 7.844631 0.788042 0.798640
25.100000 0.896979 7.845369 0.784257 0.796159
25.199999 0.897628 7.843590 0.783448 0.796958
25.299999 0.896762 7.841595 0.783130 0.797222
25.400000 0.896872 7.842310 0.780554 0.799940
25.500000 0.898290 7.844885 0.778978 0.799680
25.599998 0.898900 7.842800 0.782000 0.798500
25.699999 0.899120 7.842432 0.784643 0.796641
25.799999 0.900890 7.845084 0.787779 0.792279
25.900000 0.901810 7.849015 0.785821 0.798220
26.000000 0.901480 7.846369 0.786557 0.797459
26.099998 0.901570 7.846854 0.783835 0.794538
26.199999 0.901521 7.849079 0.783427 0.795236
26.299999 0.899910 7.830917 0.779622 0.792321
26.400000 0.902549 7.848376 0.784708 0.795202
26.500000 0.902510 7.848814 0.783022 0.794421
26.599998 0.899590 7.833383 0.778978 0.794079
26.699999 0.901630 7.851944 0.779666 0.794162
26.799999 0.899890 7.843484 0.781478 0.793879
26.900000 0.900480 7.848469 0.781556 0.787858
27.000000 0.899990 7.849784 0.782278 0.786579
27.099998 0.900700 7.848599 0.780700 0.786500
27.199999 0.900810 7.851214 0.780622 0.788321
27.299999 0.899260 7.844137 0.779312 0.785614
27.400000 0.900610 7.850016 0.782222 0.786221
27.500000 0.900640 7.849460 0.779888 0.786685
27.599998 0.897780 7.833467 0.774055 0.784457
27.699999 0.899410 7.847315 0.774223 0.785521
27.799999 0.900490 7.850534 0.772605 0.784994
27.900000 0.901530 7.851545 0.772468 0.778167
28.000000 0.902122 7.852482 0.773819 0.776621
28.099998 0.901700 7.852800 0.772100 0.774800
28.199999 0.900290 7.843328 0.766844 0.771549
28.299999 0.900841 7.851211 0.765860 0.774064
28.400000 0.901100 7.852200 0.763800 0.774600
28.500000 0.900500 7.851000 0.763300 0.773000
28.599998 0.900370 7.844453 0.762029 0.775633
28.699999 0.901041 7.850811 0.763558 0.774565
28.799999 0.901820 7.853230 0.768546 0.772945
28.900000 0.901170 7.846253 0.766530 0.768731
29.000000 0.900800 7.848600 0.765000 0.768000
29.099998 0.901330 7.847446 0.766770 0.768270
29.199999 0.898010 7.827017 0.765224 0.761924
29.299999 0.900020 7.846131 0.763647 0.761648
29.400000 0.895569 7.809944 0.759528 0.757327
29.500000 0.900800 7.847600 0.761000 0.758700
29.599998 0.900720 7.846931 0.761448 0.758848
29.699999 0.899780 7.840468 0.758952 0.758152
29.799999 0.900240 7.843506 0.759456 0.760756
29.900000 0.900760 7.844038 0.756703 0.759304
30.000000 0.901000 7.843700 0.758200 0.760400
30.099998 0.901400 7.843400 0.758400 0.759300
30.199999 0.901000 7.844900 0.757900 0.757700
30.299999 0.901411 7.845961 0.756681 0.757882
30.400000 0.901179 7.847821 0.754396 0.754097
30.500000 0.901130 7.849245 0.753074 0.754874
30.599998 0.901521 7.848079 0.752702 0.755204
30.699999 0.903119 7.849630 0.753049 0.754949
30.799999 0.903510 7.849616 0.753325 0.753725
30.900000 0.904090 7.849885 0.752375 0.755276
31.000000 0.900680 7.826466 0.748550 0.753151
31.099998 0.902751 7.847924 0.746773 0.754277
31.199999 0.902180 7.848870 0.746949 0.754451
31.299999 0.900970 7.842052 0.747824 0.756027
31.400000 0.900890 7.846984 0.749675 0.755276
31.500000 0.900040 7.847208 0.748649 0.758255
31.599998 0.895979 7.822865 0.745049 0.756351
31.699999 0.898590 7.848785 0.748275 0.762176
31.799999 0.896810 7.839116 0.745825 0.761524
31.900000 0.897310 7.841716 0.746525 0.762524
32.000000 0.897259 7.844237 0.747199 0.759804
32.099998 0.896490 7.844085 0.744174 0.763776
32.200001 0.896469 7.845054 0.744523 0.761328
32.299999 0.896079 7.844269 0.741248 0.759152
32.399998 0.895900 7.843500 0.740000 0.759900
32.500000 0.895600 7.842600 0.740200 0.761900
32.599998 0.892600 7.820100 0.738600 0.760100
32.700001 0.895658 7.842637 0.738696 0.763605
32.799999 0.895879 7.844069 0.735547 0.761452
32.899998 0.896331 7.841948 0.735879 0.761272
33.000000 0.894379 7.828466 0.732547 0.758452
33.099998 0.895800 7.840900 0.733000 0.761300
33.200001 0.895342 7.842563 0.728808 0.761795
33.299999 0.895652 7.845877 0.732534 0.757321
33.399998 0.892700 7.829900 0.734000 0.754500
33.500000 0.894579 7.844269 0.734847 0.753351
33.599998 0.895211 7.846315 0.734127 0.754025
33.700001 0.895300 7.848900 0.734900 0.755600
33.799999 0.894805 7.846862 0.732759 0.753178
33.899998 0.895531 7.847846 0.733280 0.753474
34.000000 0.896121 7.849730 0.733953 0.752949
34.099998 0.896179 7.847870 0.733047 0.752751
34.200001 0.895300 7.847400 0.734200 0.752200
34.299999 0.893511 7.832817 0.734627 0.748125
34.399998 0.892825 7.829681 0.734314 0.744521
34.500000 0.894489 7.844285 0.734773 0.741074
34.599998 0.895817 7.844375 0.735088 0.739792
34.700001 0.893804 7.830847 0.731859 0.738765
34.799999 0.895827 7.841990 0.731812 0.739418
34.899998 0.896083 7.841627 0.734412 0.735312
35.000000 0.894289 7.829183 0.733173 0.734973
35.099998 0.895485 7.839223 0.732706 0.736710
35.200001 0.896138 7.840205 0.731339 0.733440
35.299999 0.895673 7.840412 0.731188 0.733886
35.399998 0.894789 7.834683 0.729473 0.731373
35.500000 0.894200 7.830100 0.730500 0.733600
35.599998 0.893700 7.822701 0.730800 0.732000
35.700001 0.896186 7.841225 0.730504 0.736010
35.799999 0.896090 7.839784 0.726473 0.733273
35.899998 0.896021 7.840631 0.727454 0.734153
36.000000 0.896390 7.839284 0.726273 0.734073
36.099998 0.896021 7.839832 0.731354 0.734753
36.200001 0.892478 7.813463 0.728946 0.730746
36.299999 0.895090 7.836184 0.732273 0.729473
36.399998 0.894068 7.834050 0.731419 0.729219
36.500000 0.894821 7.839233 0.731154 0.729754
36.599998 0.896038 7.841205 0.730738 0.728737
36.700001 0.896279 7.840468 0.731146 0.729746
36.799999 0.895596 7.842343 0.730030 0.728729
36.899998 0.896190 7.842284 0.726973 0.723572
37.000000 0.895669 7.843153 0.726518 0.723017
37.099998 0.892357 7.822029 0.719288 0.721589
37.200001 0.894679 7.843869 0.719944 0.723945
37.299999 0.895321 7.844431 0.718656 0.722755
37.399998 0.895742 7.846361 0.716513 0.719012
37.500000 0.896800 7.847300 0.714100 0.717000
37.599998 0.895021 7.834633 0.714457 0.717756
37.700001 0.895221 7.842331 0.720756 0.715457
37.799999 0.895331 7.842447 0.720784 0.714286
37.899998 0.895100 7.843100 0.718700 0.716200
38.000000 0.895248 7.838019 0.716858 0.715958
38.099998 0.897641 7.843463 0.715714 0.717313
38.200001 0.898400 7.842800 0.714300 0.716000
38.299999 0.898410 7.842516 0.710129 0.715128
38.399998 0.898020 7.838332 0.707458 0.711958
38.500000 0.898110 7.839216 0.707329 0.710729
38.599998 0.898920 7.839832 0.706159 0.709358
38.700001 0.897669 7.829449 0.703911 0.707312
38.799999 0.898241 7.840065 0.703718 0.707017
38.899998 0.897121 7.836232 0.703159 0.707359
39.000000 0.896379 7.830166 0.703241 0.706241
39.099998 0.894947 7.823211 0.698949 0.705153
39.200001 0.897110 7.836317 0.700030 0.708729
39.299999 0.896610 7.836616 0.699130 0.707829
39.399998 0.896100 7.830000 0.698200 0.705200
39.500000 0.895579 7.825766 0.697339 0.703041
39.599998 0.896100 7.833799 0.697100 0.703700
39.700001 0.894958 7.824029 0.694678 0.702781
39.799999 0.894068 7.823947 0.694108 0.702411
39.899998 0.892789 7.815582 0.694069 0.701270
40.000000 0.894679 7.832767 0.695739 0.703241
40.099998 0.894289 7.832784 0.696870 0.698870
40.200001 0.894647 7.832317 0.693447 0.697249
40.299999 0.894363 7.834899 0.693484 0.694883
40.399998 0.895063 7.835799 0.691185 0.693084
40.500000 0.894311 7.835516 0.691331 0.693631
40.599998 0.894653 7.833983 0.690055 0.693253
40.700001 0.893942 7.832267 0.685926 0.691024
40.799999 0.894200 7.831900 0.685300 0.691000
40.899998 0.894516 7.834367 0.681946 0.689452
41.000000 0.893189 7.826282 0.677668 0.684869
41.099998 0.894358 7.836335 0.678872 0.686975
41.200001 0.894684 7.833016 0.676845 0.685454
41.299999 0.893779 7.831666 0.676635 0.684437
41.399998 0.894889 7.834683 0.677868 0.684368
41.500000 0.894500 7.832600 0.679100 0.681700
41.599998 0.894289 7.833083 0.678368 0.680668
41.700001 0.894468 7.833150 0.681805 0.682105
41.799999 0.894574 7.832917 0.680923 0.680124
41.899998 0.893832 7.834549 0.679396 0.679996
42.000000 0.892979 7.826165 0.679936 0.679036
42.099998 0.891800 7.819400 0.678400 0.679400
42.200001 0.893511 7.831717 0.683232 0.677732
42.299999 0.894211 7.832217 0.682932 0.677232
42.399998 0.893689 7.827282 0.684268 0.673367
42.500000 0.893525 7.833283 0.686080 0.673471
42.599998 0.892178 7.824965 0.685737 0.673535
42.700001 0.892400 7.832400 0.685400 0.674300
42.799999 0.892914 7.832767 0.681345 0.672738
42.899998 0.892200 7.829300 0.678000 0.674100
43.000000 0.891022 7.830234 0.676965 0.669566
43.099998 0.890522 7.828134 0.674765 0.669466
43.200001 0.891367 7.829749 0.672802 0.672102
43.299999 0.890756 7.825030 0.664966 0.671469
43.399998 0.889489 7.823382 0.665467 0.672967
43.500000 0.889954 7.829739 0.663172 0.670761
43.599998 0.889078 7.823665 0.661532 0.667033
43.700001 0.890178 7.826365 0.657331 0.666533
43.799999 0.889522 7.825935 0.655569 0.664867
43.899998 0.888833 7.827052 0.653504 0.667000
44.000000 0.889167 7.826448 0.654896 0.668000
44.099998 0.888867 7.826848 0.659798 0.666700
44.200001 0.884396 7.801221 0.657592 0.658993
44.299999 0.887066 7.816945 0.657297 0.660398
44.399998 0.887911 7.826117 0.662534 0.662334
44.500000 0.887089 7.817282 0.663966 0.660066
44.599998 0.886377 7.812863 0.661532 0.660332
44.700001 0.888878 7.831067 0.662332 0.662833
44.799999 0.888122 7.830634 0.663967 0.664267
44.899998 0.888667 7.832201 0.663202 0.665301
45.000000 0.888200 7.832999 0.661100 0.663600
45.099998 0.889567 7.836251 0.663999 0.663199
45.200001 0.889200 7.827300 0.665300 0.659400
45.299999 0.892000 7.836400 0.661600 0.654100
45.399998 0.890845 7.830915 0.661931 0.654927
45.500000 0.890911 7.834416 0.664234 0.652335
45.599998 0.889267 7.825148 0.661999 0.650895
45.700001 0.891009 7.833666 0.659341 0.650949
45.799999 0.890689 7.834684 0.660466 0.652065
45.899998 0.891757 7.833233 0.657463 0.653561
46.000000 0.890345 7.825412 0.657028 0.652226
46.099998 0.892989 7.833083 0.655966 0.649165
46.200001 0.892789 7.831983 0.652965 0.650665
46.299999 0.891180 7.826109 0.653619 0.649014
46.399998 0.890558 7.824973 0.648042 0.649044
46.500000 0.889867 7.829549 0.644293 0.644393
46.599998 0.889289 7.823983 0.644164 0.644864
46.700001 0.890044 7.832966 0.643143 0.645642
46.799999 0.888278 7.829266 0.639628 0.644429
46.899998 0.887722 7.831933 0.637672 0.644671
47.000000 0.887901 7.833849 0.634029 0.643521
47.099998 0.888155 7.833734 0.631753 0.642457
47.200001 0.889456 7.832382 0.631221 0.638029
47.299999 0.889622 7.830833 0.628374 0.635173
47.399998 0.888889 7.827682 0.630563 0.634863
47.500000 0.889500 7.832400 0.631200 0.632500
47.599998 0.888511 7.831416 0.629137 0.632537
47.700001 0.888556 7.833583 0.625587 0.635482
47.799999 0.887589 7.833783 0.625863 0.635764
47.899998 0.888644 7.827013 0.625913 0.633117
48.000000 0.888044 7.828514 0.625913 0.635318
48.099998 0.889611 7.832616 0.629537 0.638536
48.200001 0.889856 7.830732 0.627751 0.640356
48.299999 0.890855 7.832284 0.625187 0.636582
48.399998 0.890578 7.830767 0.628926 0.640428
48.500000 0.891211 7.832617 0.625337 0.636436
48.599998 0.892200 7.832901 0.624500 0.635200
48.700001 0.892211 7.831117 0.624238 0.635036
48.799999 0.890900 7.828600 0.621800 0.634600
48.899998 0.891178 7.828766 0.623625 0.633527
49.000000 0.889678 7.815363 0.620524 0.634327
49.099998 0.891000 7.822900 0.620400 0.636400
49.200001 0.889178 7.809162 0.617724 0.637327
49.299999 0.891300 7.826200 0.621000 0.640000
49.399998 0.891611 7.828517 0.623638 0.636036
49.500000 0.890900 7.825201 0.625100 0.637600
49.599998 0.891111 7.831817 0.623238 0.638236
49.700001 0.889645 7.818209 0.623012 0.637819
49.799999 0.890722 7.830134 0.621576 0.639772
49.899998 0.890822 7.829834 0.620276 0.637672
50.000000 0.891989 7.826582 0.624562 0.633963
50.099998 0.893621 7.832334 0.627075 0.634573
50.200001 0.893121 7.833034 0.627575 0.632274
50.299999 0.893689 7.833483 0.624762 0.626263
50.399998 0.893140 7.828443 0.622634 0.627641
50.500000 0.893268 7.831649 0.622187 0.622587
50.599998 0.894132 7.831350 0.620114 0.622913
50.700001 0.893889 7.826982 0.620862 0.621062
50.799999 0.894211 7.832716 0.622438 0.620638
50.899998 0.894726 7.832082 0.622136 0.618433
51.000000 0.893089 7.819982 0.620462 0.616962
51.099998 0.895890 7.829483 0.619562 0.616562
51.199997 0.896510 7.831316 0.621038 0.616338
51.299999 0.895890 7.829683 0.619962 0.614461
51.399998 0.895821 7.831034 0.617377 0.619276
51.500000 0.895837 7.830998 0.615569 0.618771
51.599998 0.896200 7.830800 0.615200 0.618900
51.699997 0.896848 7.832016 0.619410 0.621911
51.799999 0.897610 7.833517 0.618538 0.625737
51.899998 0.897969 7.834951 0.616585 0.624387
52.000000 0.898259 7.835235 0.616247 0.622149
52.099998 0.898400 7.835501 0.617700 0.619300
52.199997 0.898190 7.835984 0.615962 0.617362
52.299999 0.897421 7.829535 0.615077 0.616477
52.399998 0.896269 7.829349 0.612484 0.614084
52.500000 0.896169 7.827448 0.607082 0.612484
52.599998 0.897249 7.837919 0.604402 0.609205
52.699997 0.897231 7.839249 0.604619 0.610917
52.799999 0.897551 7.839980 0.599100 0.608696
52.899998 0.897318 7.841774 0.592374 0.610488
53.000000 0.896517 7.841673 0.589772 0.608287
53.099998 0.897828 7.845092 0.591314 0.605924
53.199997 0.899030 7.845646 0.589723 0.606418
53.299999 0.898470 7.841352 0.589777 0.603781
53.399998 0.898780 7.842968 0.591918 0.602120
53.500000 0.898990 7.847684 0.594959 0.604060
53.599998 0.894300 7.817900 0.592100 0.606200
53.699997 0.895979 7.836968 0.592318 0.608822
53.799999 0.898510 7.847815 0.588541 0.610039
53.899998 0.899029 7.846893 0.585410 0.612028
54.000000 0.897790 7.847485 0.582958 0.608061
54.099998 0.896110 7.835417 0.580542 0.608539
54.199997 0.898020 7.846631 0.579484 0.609678
54.299999 0.897649 7.845323 0.576989 0.609205
54.399998 0.897802 7.845953 0.575125 0.610989
54.500000 0.897221 7.846231 0.575685 0.612977
54.599998 0.897123 7.844587 0.576608 0.613364
54.699997 0.896831 7.844947 0.577427 0.618914
54.799999 0.896510 7.843716 0.579542 0.618938
54.899998 0.896448 7.843122 0.576688 0.620010
55.000000 0.896069 7.842353 0.569571 0.624487
55.099998 0.895369 7.840752 0.568170 0.624587
55.199997 0.894000 7.835199 0.567400 0.623000
55.299999 0.894632 7.840048 0.566730 0.623313
55.399998 0.893289 7.830984 0.566757 0.620562
55.500000 0.894300 7.837700 0.567000 0.624200
55.599998 0.893779 7.828966 0.567113 0.618224
55.699997 0.895648 7.840720 0.565883 0.618509
55.799999 0.894000 7.829400 0.565800 0.617500
55.899998 0.894832 7.839649 0.569629 0.619914
56.000000 0.894305 7.838955 0.571715 0.619157
56.099998 0.889423 7.800060 0.569899 0.616832
56.199997 0.892057 7.826531 0.571629 0.620048
56.299999 0.892879 7.831866 0.567614 0.620524
56.399998 0.893132 7.837149 0.567330 0.617815
56.500000 0.892422 7.834133 0.564987 0.611078
56.599998 0.891724 7.836486 0.565096 0.610828
56.699997 0.892368 7.836351 0.567970 0.613184
56.799999 0.892500 7.836800 0.565700 0.612400
56.899998 0.890100 7.824700 0.561600 0.607200
57.000000 0.890300 7.827700 0.558100 0.608900
57.099998 0.891215 7.833317 0.561354 0.610538
57.199997 0.890567 7.830450 0.558367 0.610183
57.299999 0.891089 7.833683 0.561356 0.613761
57.399998 0.891289 7.834084 0.560556 0.610961
57.500000 0.890545 7.829314 0.563282 0.609805
57.599998 0.890378 7.826565 0.565913 0.611222
57.699997 0.888756 7.821929 0.565026 0.610344
57.799999 0.889367 7.828448 0.569171 0.612884
57.899998 0.888811 7.825418 0.571243 0.613839
58.000000 0.889689 7.830483 0.574257 0.611161
58.099998 0.888667 7.825347 0.575473 0.610883
58.199997 0.888700 7.832200 0.573300 0.611400
58.299999 0.889311 7.834117 0.576242 0.610439
58.399998 0.888000 7.830199 0.576700 0.611300
58.500000 0.888655 7.838035 0.575930 0.609844
58.599998 0.889111 7.839016 0.576542 0.609139
58.699997 0.888467 7.836151 0.576173 0.607482
58.799999 0.889300 7.835800 0.576400 0.604900
58.899998 0.888689 7.827883 0.574357 0.602260
59.000000 0.889100 7.834100 0.573300 0.605200
59.099998 0.889967 7.837051 0.573972 0.600980
59.199997 0.890445 7.838319 0.575088 0.603402
59.299999 0.889078 7.833866 0.579616 0.603321
59.399998 0.887878 7.819764 0.578116 0.603021
59.500000 0.889889 7.837684 0.582158 0.601360
59.599998 0.890622 7.837333 0.581484 0.603879
59.699997 0.891854 7.837282 0.581409 0.601899
59.799999 0.892489 7.838084 0.584758 0.598160
59.899998 0.892378 7.839068 0.582717 0.597319
60.000000 0.893229 7.839343 0.578726 0.599960
60.099998 0.893436 7.838803 0.579248 0.596658
60.199997 0.892557 7.834134 0.575630 0.592737
60.299999 0.892024 7.829881 0.580206 0.592315
60.399998 0.893111 7.837416 0.583642 0.593141
60.500000 0.893379 7.837567 0.582016 0.590718
60.599998 0.893400 7.837700 0.583600 0.588300
60.699997 0.894064 7.840495 0.582451 0.587248
60.799999 0.893021 7.841132 0.584783 0.589682
60.899998 0.891478 7.829465 0.586717 0.591718
61.000000 0.893011 7.842916 0.590941 0.590941
61.099998 0.892503 7.840857 0.592033 0.592733
61.199997 0.885777 7.794459 0.589718 0.587517
61.299999 0.891400 7.845301 0.593000 0.593900
61.399998 0.889400 7.836900 0.592700 0.594100
61.500000 0.890724 7.843190 0.594116 0.597118
61.599998 0.890556 7.829432 0.593737 0.592837
61.699997 0.892843 7.842263 0.596361 0.594062
61.799999 0.893200 7.843800 0.595600 0.589700
61.899998 0.890956 7.831333 0.595638 0.588235
62.000000 0.892689 7.841084 0.591659 0.588459
62.099998 0.890300 7.822900 0.593000 0.585500
62.199997 0.891357 7.834934 0.596939 0.586935
62.299999 0.892078 7.839168 0.596419 0.588718
62.399998 0.890478 7.824765 0.596619 0.589518
62.500000 0.892546 7.843222 0.594097 0.590495
62.599998 0.893926 7.842990 0.590413 0.587811
62.699997 0.893000 7.841499 0.589000 0.584900
62.799999 0.892625 7.840488 0.592215 0.584609
62.899998 0.891600 7.840500 0.590900 0.579900
63.000000 0.890356 7.831933 0.588736 0.578832
63.099998 0.891535 7.836102 0.587352 0.581049
63.199997 0.891489 7.831983 0.587159 0.581858
63.299999 0.892532 7.835649 0.583225 0.582825
63.399998 0.892271 7.835803 0.580396 0.584001
63.500000 0.892600 7.829100 0.578100 0.581600
63.599998 0.893804 7.837853 0.579321 0.583225
63.699997 0.893447 7.837118 0.579490 0.581691
63.799999 0.893864 7.838297 0.582451 0.579952
63.899998 0.893553 7.838380 0.582609 0.581309
64.000000 0.894379 7.836967 0.583117 0.579416
64.099998 0.892489 7.821482 0.582958 0.582158
64.199997 0.894053 7.837981 0.583408 0.581609
64.299995 0.895363 7.839996 0.582251 0.581051
64.400002 0.895690 7.840984 0.584658 0.583058
64.500000 0.895548 7.840120 0.584692 0.583592
64.599998 0.894189 7.835083 0.586459 0.583758
64.699997 0.892789 7.827883 0.587759 0.583758
64.799995 0.891900 7.823400 0.585100 0.582700
64.900002 0.893411 7.834517 0.581642 0.582342
65.000000 0.893300 7.825100 0.580100 0.580100
65.099998 0.894700 7.838000 0.580400 0.583400
65.199997 0.894295 7.840244 0.580777 0.586772
65.299995 0.893847 7.838719 0.579990 0.586493
65.400002 0.894053 7.836382 0.580310 0.583108
65.500000 0.893689 7.834583 0.577258 0.585359
65.599998 0.893443 7.835566 0.578968 0.585866
65.699997 0.893425 7.833583 0.578105 0.588912
65.799995 0.894232 7.833350 0.578426 0.590523
65.900002 0.894279 7.830766 0.580016 0.593519
66.000000 0.893836 7.822594 0.581049 0.588653
66.099998 0.893568 7.822847 0.580374 0.593578
66.199997 0.892857 7.822129 0.578631 0.596339
66.299995 0.893283 7.832316 0.577235 0.592051
66.400002 0.893400 7.831299 0.573800 0.592300
66.500000 0.893721 7.831334 0.572386 0.593381
66.599998 0.893200 7.831200 0.570400 0.595600
66.699997 0.892825 7.830482 0.565096 0.596918
66.799995 0.894563 7.831301 0.564761 0.593944
66.900002 0.894300 7.834000 0.570300 0.591700
67.000000 0.892389 7.819882 0.571257 0.589959
67.099998 0.895152 7.837582 0.570715 0.592504
67.199997 0.894611 7.837817 0.566243 0.592941
67.299995 0.894747 7.837827 0.561913 0.590274
67.400002 0.895679 7.837468 0.563913 0.593619
67.500000 0.894558 7.832533 0.562825 0.591136
67.599998 0.896786 7.838122 0.561117 0.589949
67.699997 0.897300 7.831800 0.560500 0.591600
67.799995 0.894758 7.821429 0.557123 0.594638
67.900002 0.895890 7.834884 0.556856 0.595160
68.000000 0.893436 7.824695 0.555033 0.592255
68.099998 0.893679 7.817463 0.551810 0.590518
68.199997 0.896700 7.837900 0.557600 0.591900
68.299995 0.896828 7.839188 0.555489 0.593115
68.400002 0.896790 7.838884 0.553355 0.595060
68.500000 0.897190 7.838483 0.553655 0.594259
68.599998 0.897910 7.840117 0.555044 0.595540
68.699997 0.895658 7.825830 0.553521 0.595938
68.799995 0.896869 7.841953 0.556767 0.597579
68.900002 0.896169 7.840952 0.558768 0.600580
69.000000 0.896769 7.839652 0.563269 0.597079
69.099998 0.895300 7.836000 0.559800 0.590100
69.199997 0.896334 7.841846 0.560497 0.585938
69.299995 0.896290 7.841284 0.557756 0.585959
69.400002 0.895817 7.838071 0.561849 0.584668
69.500000 0.894200 7.827101 0.563100 0.585000
69.599998 0.895800 7.837099 0.563900 0.587100
69.699997 0.897259 7.842537 0.564826 0.586335
69.799995 0.898331 7.844347 0.565330 0.586824
69.900002 0.899260 7.844593 0.568459 0.589246
70.000000 0.898520 7.844431 0.568686 0.588582
70.099998 0.898929 7.843590 0.566997 0.591114
70.199997 0.899260 7.844538 0.566827 0.590236
70.299995 0.899670 7.843410 0.565904 0.593485
70.400002 0.899250 7.842721 0.568084 0.590595
70.500000 0.900060 7.842794 0.565561 0.591345
70.599998 0.899460 7.843237 0.567127 0.592837
70.699997 0.899470 7.840812 0.564205 0.590886
70.799995 0.899020 7.837832 0.564387 0.590682
70.900002 0.899630 7.842047 0.559732 0.591423
71.000000 0.899570 7.842211 0.556211 0.589987
71.099998 0.900160 7.840696 0.549870 0.587448
71.199997 0.899620 7.839832 0.549090 0.587283
71.299995 0.898590 7.834483 0.551955 0.586059
71.400002 0.899170 7.837952 0.552366 0.589077
71.500000 0.898610 7.837116 0.547345 0.585141
71.599998 0.898910 7.835217 0.549145 0.584841
71.699997 0.897010 7.822317 0.543746 0.586641
71.799995 0.898520 7.836033 0.543891 0.587382
71.900002 0.896579 7.821364 0.544309 0.582516
72.000000 0.896638 7.827796 0.542826 0.581849
72.099998 0.897510 7.835017 0.541746 0.582142
72.199997 0.894289 7.812582 0.538954 0.581358
72.299995 0.897100 7.833499 0.539500 0.583300
72.400002 0.897749 7.833717 0.541171 0.586393
72.500000 0.895000 7.819600 0.540000 0.582000
72.599998 0.897010 7.832017 0.536546 0.585441
72.699997 0.893436 7.809586 0.534821 0.584351
72.799995 0.895737 7.833499 0.533620 0.587052
72.900002 0.895590 7.827483 0.528953 0.586559
73.000000 0.895942 7.836966 0.525390 0.585066
73.099998 0.896110 7.838316 0.524848 0.587541
73.199997 0.896879 7.837868 0.522505 0.583517
73.299995 0.896828 7.837387 0.523366 0.587211
73.400002 0.897118 7.837569 0.524219 0.591073
73.500000 0.897680 7.839468 0.523405 0.590418
73.599998 0.897859 7.839736 0.521509 0.590636
73.699997 0.897510 7.839216 0.524448 0.588641
73.799995 0.896600 7.837200 0.525500 0.589900
73.900002 0.896910 7.839016 0.526847 0.590741
74.000000 0.897479 7.840068 0.527906 0.592819
74.099998 0.897321 7.840232 0.528894 0.592282
74.199997 0.898449 7.840420 0.528164 0.590495
74.299995 0.898759 7.843438 0.526210 0.588035
74.400002 0.898710 7.846215 0.526247 0.593041
74.500000 0.899020 7.845031 0.528494 0.593781
74.599998 0.898310 7.846515 0.526347 0.590741
74.699997 0.898700 7.845800 0.520200 0.592500
74.799995 0.897400 7.837400 0.519000 0.591200
74.900002 0.898410 7.843716 0.520548 0.593541
75.000000 0.899229 7.844336 0.525694 0.592607
75.099998 0.899390 7.844884 0.525453 0.589759
75.199997 0.898190 7.837183 0.526953 0.589759
75.299995 0.898720 7.843231 0.525695 0.590582
75.400002 0.899160 7.845639 0.519408 0.591537
75.500000 0.899580 7.842068 0.517303 0.587017
75.599998 0.899110 7.843015 0.518148 0.593541
75.699997 0.899090 7.842784 0.518552 0.592459
75.799995 0.899510 7.843715 0.518448 0.591741
75.900002 0.899201 7.840759 0.515884 0.590410
76.000000 0.899370 7.840712 0.518937 0.590387
76.099998 0.897800 7.831100 0.516100 0.590500
76.199997 0.898331 7.836949 0.511647 0.591023
76.299995 0.898300 7.833200 0.509000 0.594400
76.400002 0.893147 7.797999 0.505053 0.586193
76.500000 0.897590 7.833583 0.507451 0.584858
76.599998 0.897400 7.835700 0.508100 0.584600
76.699997 0.897641 7.836465 0.508896 0.582467
76.799995 0.897469 7.834950 0.507852 0.583775
76.900002 0.897179 7.836167 0.505101 0.581816
77.000000 0.897710 7.835617 0.502050 0.581842
77.099998 0.898020 7.838132 0.497800 0.582084
77.199997 0.897321 7.837832 0.493901 0.576085
77.299995 0.897490 7.838883 0.492549 0.574557
77.400002 0.896079 7.833067 0.490798 0.573415
77.500000 0.895469 7.831950 0.490047 0.572872
77.599998 0.895938 7.835401 0.488293 0.569442
77.699997 0.894700 7.828000 0.486400 0.567400
77.799995 0.894611 7.833517 0.484951 0.569443
77.900002 0.893479 7.826965 0.484997 0.565913
78.000000 0.895000 7.835400 0.481700 0.565700
78.099998 0.891900 7.823900 0.480900 0.565600
78.199997 0.893621 7.835033 0.482304 0.564387
78.299995 0.891667 7.813844 0.480144 0.561769
78.400002 0.894179 7.828966 0.484197 0.561912
78.500000 0.896031 7.837849 0.484455 0.562231
78.599998 0.896290 7.836383 0.487049 0.561956
78.699997 0.896628 7.836286 0.483639 0.560692
78.799995 0.895810 7.836217 0.485651 0.558244
78.900002 0.897400 7.837100 0.485700 0.557200
79.000000 0.894479 7.822364 0.485097 0.555511
79.099998 0.895969 7.835451 0.486446 0.555267
79.199997 0.895016 7.830064 0.493695 0.556445
79.299995 0.895579 7.834767 0.492999 0.557712
79.400002 0.895321 7.834833 0.494401 0.556389
79.500000 0.894247 7.827514 0.495248 0.552776
79.599998 0.894737 7.833715 0.494257 0.551084
79.699997 0.894568 7.831749 0.491948 0.550865
79.799995 0.894989 7.831182 0.492649 0.550455
79.900002 0.894800 7.830000 0.493900 0.548500
80.000000 0.895227 7.830081 0.491644 0.546983
80.099998 0.892600 7.806700 0.486600 0.548000
80.199997 0.894931 7.828851 0.486154 0.546336
80.299995 0.896373 7.832617 0.483761 0.548116
80.400002 0.895531 7.832450 0.478556 0.546736
80.500000 0.895763 7.835399 0.477813 0.545773
80.599998 0.894136 7.827297 0.476086 0.541925
80.699997 0.890556 7.802321 0.476591 0.541817
80.799995 0.896179 7.838668 0.475395 0.540608
80.900002 0.896959 7.842137 0.474590 0.540816
81.000000 0.896900 7.841800 0.476100 0.541600
81.099998 0.897059 7.841937 0.469488 0.539416
81.199997 0.897600 7.841400 0.471400 0.541400
81.299995 0.897890 7.840984 0.474247 0.540454
81.400002 0.898500 7.840500 0.475900 0.542300
81.500000 0.897269 7.834550 0.474942 0.541262
81.599998 0.895938 7.831099 0.474785 0.540624
81.699997 0.897290 7.839384 0.472947 0.544454
81.799995 0.897751 7.841679 0.470965 0.542029
81.900002 0.895700 7.831400 0.471000 0.539900
82.000000 0.897079 7.839268 0.467393 0.538508
82.099998 0.898100 7.838000 0.466100 0.535100
82.199997 0.898120 7.838532 0.464107 0.533493
82.299995 0.897390 7.838284 0.465547 0.535053
82.400002 0.897169 7.840652 0.463839 0.534260
82.500000 0.896807 7.834352 0.460615 0.532980
82.599998 0.896100 7.832300 0.462100 0.533500
82.699997 0.896590 7.839684 0.460946 0.535454
82.799995 0.896590 7.838483 0.458546 0.533053
82.900002 0.895921 7.840632 0.456609 0.534393
83.000000 0.890900 7.802999 0.454300 0.534800
83.099998 0.894779 7.839068 0.452190 0.539408
83.199997 0.893179 7.830066 0.451890 0.538808
83.299995 0.893600 7.835600 0.452000 0.532600
83.400002 0.894679 7.836867 0.455591 0.533707
83.500000 0.894589 7.835784 0.453345 0.535354
83.599998 0.894526 7.835885 0.450315 0.536876
83.699997 0.892168 7.812244 0.446234 0.535461
83.799995 0.895173 7.835116 0.448086 0.534126
83.900002 0.893936 7.827697 0.448169 0.534521
84.000000 0.893589 7.825882 0.448545 0.533353
84.099998 0.895890 7.835484 0.450945 0.533353
84.199997 0.893157 7.818628 0.453081 0.537415
84.299995 0.895848 7.834017 0.456128 0.539670
84.400002 0.892904 7.816335 0.456811 0.537584
84.500000 0.892679 7.819564 0.458992 0.536407
84.599998 0.893311 7.830117 0.461454 0.540246
84.699997 0.892189 7.824482 0.458046 0.536754
84.799995 0.891778 7.824465 0.456591 0.537007
84.900002 0.892522 7.830534 0.461808 0.535893
85.000000 0.893421 7.831834 0.460908 0.535993
85.099998 0.892757 7.829031 0.460184 0.538115
85.199997 0.892611 7.833017 0.456554 0.535346
85.299995 0.892621 7.832333 0.455409 0.534893
85.400002 0.893228 7.833899 0.451258 0.532561
85.500000 0.894489 7.832183 0.450045 0.531553
85.599998 0.892103 7.816735 0.447703 0.529276
85.699997 0.894189 7.833883 0.446045 0.532753
85.799995 0.893700 7.833400 0.450100 0.532200
85.900002 0.890824 7.807566 0.446212 0.530571
86.000000 0.893336 7.830098 0.445968 0.533720
86.099998 0.890611 7.815618 0.441756 0.532847
86.199997 0.890322 7.828335 0.445611 0.533593
86.299995 0.890111 7.830217 0.442256 0.534647
86.400002 0.890111 7.829417 0.443556 0.540646
86.500000 0.891111 7.831817 0.439956 0.539046
86.599998 0.891778 7.829566 0.436587 0.537608
86.699997 0.891167 7.831450 0.431529 0.535661
86.799995 0.891478 7.830666 0.430086 0.536807
86.900002 0.891822 7.830134 0.428614 0.537093
87.000000 0.892089 7.832983 0.428343 0.537554
87.099998 0.891500 7.830600 0.423600 0.536200
87.199997 0.890600 7.830600 0.426300 0.534500
87.299995 0.889578 7.828566 0.425685 0.535807
87.400002 0.890789 7.827083 0.426643 0.534754
87.500000 0.890965 7.826604 0.426744 0.533180
87.599998 0.887666 7.801041 0.424927 0.527658
87.699997 0.890622 7.825535 0.424215 0.527295
87.799995 0.891202 7.826744 0.422480 0.525973
87.900002 0.891122 7.824335 0.421016 0.525095
88.000000 0.892389 7.829383 0.417142 0.528653
88.099998 0.892832 7.831351 0.417375 0.526342
88.199997 0.893551 7.832365 0.417284 0.526237
88.299995 0.894437 7.833200 0.416750 0.526116
88.400002 0.894911 7.830817 0.417158 0.525347
88.500000 0.894758 7.829132 0.415166 0.520308
88.599998 0.894732 7.829551 0.417975 0.518944
88.699997 0.894789 7.823082 0.416642 0.519152
88.799995 0.896131 7.829851 0.410977 0.517945
88.900002 0.896100 7.831000 0.407700 0.516600
89.000000 0.895652 7.829585 0.404298 0.516842
89.099998 0.895579 7.830066 0.404481 0.515003
89.199997 0.896200 7.830000 0.402900 0.512200
89.299995 0.896779 7.832566 0.401680 0.513303
89.400002 0.893489 7.814482 0.398640 0.508651
89.500000 0.895079 7.824565 0.398480 0.510402
89.599998 0.895958 7.830232 0.397659 0.512605
89.699997 0.896359 7.822029 0.397659 0.514606
89.799995 0.897810 7.830817 0.395260 0.512849
89.900002 0.896290 7.819082 0.393039 0.512851
90.000000 0.897549 7.825512 0.396198 0.510655
90.099998 0.897390 7.830283 0.397640 0.506051
90.199997 0.896390 7.824582 0.394639 0.505351
90.299995 0.897421 7.830234 0.392821 0.504399
90.400002 0.891989 7.794780 0.389939 0.504450
90.500000 0.896700 7.831200 0.389800 0.508700
90.599998 0.897010 7.832817 0.388661 0.506449
90.699997 0.897156 7.833968 0.388744 0.504606
90.799995 0.897179 7.834467 0.388778 0.503501
90.900002 0.896590 7.831883 0.388839 0.502550
91.000000 0.896938 7.834301 0.389334 0.504102
91.099998 0.896421 7.834533 0.386623 0.505999
91.199997 0.896293 7.834050 0.385653 0.504746
91.299995 0.896348 7.829615 0.387594 0.501851
91.400002 0.897680 7.836668 0.385177 0.502000
91.500000 0.897700 7.836901 0.384700 0.502600
91.599998 0.895300 7.821200 0.382700 0.499700
91.699997 0.896048 7.834918 0.381091 0.499150
91.799995 0.894689 7.830383 0.383938 0.498350
91.900002 0.894584 7.829836 0.383393 0.497802
92.000000 0.895631 7.830651 0.382085 0.494352
92.099998 0.893721 7.821035 0.380824 0.488202
92.199997 0.894579 7.831966 0.381776 0.485797
92.299995 0.894400 7.833400 0.380800 0.486000
92.400002 0.893547 7.827513 0.379390 0.487844
92.500000 0.895331 7.835649 0.375587 0.488753
92.599998 0.895342 7.834266 0.378649 0.484306
92.699997 0.896990 7.838483 0.377538 0.483848
92.799995 0.898010 7.840117 0.378362 0.482852
92.900002 0.897321 7.836933 0.380224 0.484503
93.000000 0.897590 7.840884 0.378938 0.484248
93.099998 0.897669 7.841153 0.380014 0.484045
93.199997 0.898549 7.840520 0.378789 0.485043
93.299995 0.899310 7.842116 0.374763 0.486851
93.400002 0.898630 7.840548 0.371189 0.486354
93.500000 0.898730 7.842447 0.371089 0.486554
93.599998 0.899740 7.841463 0.371451 0.488505
93.699997 0.897138 7.826196 0.372624 0.486492
93.799995 0.897990 7.839884 0.372637 0.484348
93.900002 0.898400 7.843200 0.372500 0.478900
94.000000 0.899270 7.843453 0.371311 0.481945
94.099998 0.899500 7.837700 0.367800 0.478400
94.199997 0.899890 7.843784 0.363536 0.482148
94.299995 0.900010 7.842673 0.365398 0.478773
94.400002 0.896528 7.822376 0.364255 0.477734
94.500000 0.899389 7.841526 0.361898 0.476925
94.599998 0.899000 7.837600 0.364600 0.474400
94.699997 0.899100 7.842000 0.361100 0.476400
94.799995 0.899610 7.841016 0.363664 0.474153
94.900002 0.899170 7.839352 0.364609 0.470841
95.000000 0.898269 7.833750 0.365110 0.467340
95.099998 0.898510 7.837616 0.362864 0.468253
95.199997 0.899010 7.838016 0.362364 0.470853
95.299995 0.897877 7.825290 0.361233 0.465659
95.400002 0.898710 7.839616 0.360764 0.465753
95.500000 0.897351 7.834283 0.359021 0.467966
95.599998 0.896690 7.829883 0.358136 0.466747
95.699997 0.896490 7.825683 0.356636 0.466847
95.799995 0.897820 7.837132 0.358928 0.470606
95.900002 0.897579 7.839068 0.361372 0.465693
96.000000 0.897490 7.836483 0.363436 0.466547
96.099998 0.898500 7.840100 0.363200 0.467200
96.199997 0.898420 7.841331 0.365027 0.468206
96.299995 0.898849 7.840820 0.363882 0.466633
96.400002 0.898449 7.840420 0.359480 0.466633
96.500000 0.898051 7.840779 0.359120 0.465867
96.599998 0.897831 7.840147 0.358492 0.461262
96.699997 0.894947 7.823212 0.358779 0.459830
96.799995 0.896652 7.841679 0.359021 0.463568
96.900002 0.896921 7.839732 0.357628 0.467806
97.000000 0.895827 7.832383 0.358151 0.465426
97.099998 0.895000 7.828200 0.357700 0.461600
97.199997 0.889434 7.801381 0.353212 0.457975
97.299995 0.893811 7.839116 0.353765 0.460954
97.400002 0.894632 7.839848 0.354993 0.460462
97.500000 0.894400 7.838000 0.352200 0.460900
97.599998 0.893689 7.837584 0.355436 0.458246
97.699997 0.891903 7.827545 0.357922 0.460014
97.799995 0.892468 7.833850 0.358307 0.461638
97.900002 0.892311 7.836117 0.355764 0.462354
98.000000 0.890300 7.814001 0.356000 0.460800
98.099998 0.892532 7.835849 0.356993 0.461961
98.199997 0.892700 7.836300 0.358300 0.458300
98.299995 0.893057 7.836734 0.356843 0.459284
98.400002 0.893568 7.835151 0.355907 0.457637
98.500000 0.893721 7.837132 0.356229 0.456009
98.599998 0.894100 7.839400 0.357900 0.455600
98.699997 0.893632 7.841248 0.360592 0.453664
98.799995 0.892700 7.836701 0.365700 0.453100
98.900002 0.892800 7.839400 0.365000 0.455600
99.000000 0.893289 7.837584 0.364836 0.455546
99.099998 0.891111 7.823618 0.365563 0.452755
99.199997 0.892579 7.837267 0.364673 0.451390
99.299995 0.886286 7.794495 0.365766 0.450951
99.400002 0.890567 7.834351 0.367310 0.449435
99.500000 0.891367 7.834550 0.367510 0.448535
99.599998 0.890600 7.829901 0.363100 0.449500
99.699997 0.890578 7.829566 0.364273 0.449890
99.799995 0.889067 7.818046 0.362309 0.451135
99.900002 0.890111 7.831117 0.361364 0.452755
100.000000 0.889822 7.830934 0.361828 0.451810
100.099998 0.889723 7.825078 0.363354 0.444911
100.199997 0.889911 7.824518 0.368763 0.446655
100.299995 0.890724 7.830281 0.366156 0.446713
100.400002 0.889467 7.824547 0.369011 0.451135
100.500000 0.889222 7.829481 0.367958 0.449515
100.599998 0.887755 7.818227 0.368447 0.447679
100.699997 0.889367 7.831950 0.368110 0.446334
100.799995 0.889733 7.831951 0.368689 0.441967
100.900002 0.885843 7.806804 0.366883 0.439820
101.000000 0.888189 7.830183 0.367337 0.439144
101.099998 0.885511 7.809319 0.365063 0.436056
101.199997 0.888378 7.831566 0.370174 0.436987
101.299995 0.889356 7.831532 0.372649 0.436074
101.400002 0.889089 7.830431 0.369169 0.431932
101.500000 0.885589 7.803280 0.370137 0.426843
101.599998 0.889289 7.832132 0.366867 0.427127
101.699997 0.890111 7.834517 0.366863 0.425957
101.799995 0.890245 7.835018 0.364182 0.424712
101.900002 0.889678 7.833267 0.364473 0.424485
102.000000 0.887844 7.824012 0.361381 0.422211
102.099998 0.889222 7.831234 0.362727 0.423915
102.199997 0.889145 7.821411 0.365083 0.421811
102.299995 0.889189 7.823382 0.364636 0.423642
102.399994 0.891776 7.833117 0.365144 0.423004
102.500000 0.891900 7.831100 0.363300 0.423700
102.599998 0.894221 7.834833 0.364227 0.422316
102.699997 0.894411 7.836816 0.361864 0.418558
102.799995 0.893783 7.833918 0.364000 0.418260
102.899994 0.891478 7.819464 0.367674 0.416983
103.000000 0.891735 7.827696 0.368921 0.421953
103.099998 0.892679 7.834567 0.369074 0.419984
103.199997 0.893468 7.838451 0.363909 0.420726
103.299995 0.893447 7.838820 0.364382 0.421611
103.399994 0.893979 7.836067 0.370374 0.418584
103.500000 0.894632 7.840648 0.369089 0.418275
103.599998 0.893947 7.836918 0.367784 0.420710
103.699997 0.892200 7.827100 0.364200 0.423800
103.799995 0.893779 7.837368 0.365573 0.428086
103.899994 0.893964 7.838897 0.364481 0.428343
104.000000 0.891868 7.827748 0.362309 0.425028
104.099998 0.893489 7.836284 0.360636 0.424342
104.199997 0.891792 7.828929 0.361261 0.426426
104.299995 0.892111 7.833817 0.364864 0.428857
104.399994 0.892178 7.829666 0.363473 0.432186
104.500000 0.893343 7.834765 0.363755 0.430728
104.599998 0.892135 7.835803 0.360016 0.433060
104.699997 0.892189 7.837684 0.359236 0.431043
104.799995 0.892100 7.838300 0.360500 0.430700
104.899994 0.891703 7.834051 0.358523 0.428486
105.000000 0.889167 7.818683 0.357229 0.431518
105.099998 0.892311 7.835717 0.357964 0.431957
105.199997 0.892100 7.834500 0.352800 0.434600
105.299995 0.891100 7.824601 0.350500 0.436500
105.399994 0.893086 7.834932 0.352918 0.434452
105.500000 0.892478 7.835567 0.354271 0.434487
105.599998 0.891878 7.831766 0.353871 0.433287
105.699997 0.892089 7.836783 0.349535 0.433843
105.799995 0.891889 7.836083 0.348435 0.432943
105.899994 0.892111 7.836616 0.350265 0.428457
106.000000 0.891346 7.827514 0.347274 0.424512
106.099998 0.892843 7.836165 0.344662 0.424430
106.199997 0.892300 7.825200 0.340400 0.426900
106.299995 0.893489 7.832584 0.337534 0.427543
106.399994 0.894195 7.836048 0.338196 0.426416
106.500000 0.893621 7.833133 0.341932 0.426015
106.599998 0.894100 7.834301 0.341000 0.425700
106.699997 0.893679 7.834767 0.338868 0.429486
106.799995 0.893079 7.833867 0.342368 0.427786
106.899994 0.891900 7.828701 0.341400 0.431400
107.000000 0.892154 7.833383 0.340730 0.433483
107.099998 0.890889 7.826482 0.343034 0.434643
107.199997 0.890500 7.829000 0.339500 0.433000
107.299995 0.890467 7.829349 0.341602 0.434130
107.399994 0.890200 7.819000 0.337500 0.427800
107.500000 0.890822 7.831233 0.335933 0.427514
107.599998 0.892322 7.836432 0.337832 0.429614
107.699997 0.893011 7.839216 0.333467 0.429857
107.799995 0.893243 7.838964 0.333667 0.431927
107.899994 0.892868 7.840952 0.335601 0.434530
108.000000 0.888800 7.814333 0.334901 0.433690
108.099998 0.891500 7.835000 0.335200 0.436100
108.199997 0.891578 7.838367 0.331166 0.436187
108.299995 0.891389 7.839284 0.333933 0.438044
108.399994 0.892100 7.838200 0.333300 0.430100
108.500000 0.891989 7.835384 0.332733 0.430043
108.599998 0.892889 7.837484 0.331633 0.429943
108.699997 0.893447 7.837319 0.333167 0.427114
108.799995 0.893257 7.836134 0.334534 0.426371
108.899994 0.893611 7.835917 0.336366 0.427257
109.000000 0.893347 7.836519 0.335168 0.429215
109.099998 0.892779 7.836168 0.337167 0.431386
109.199997 0.893025 7.833182 0.334934 0.434004
109.299995 0.892000 7.834199 0.333900 0.429900
109.399994 0.893747 7.835918 0.333567 0.427414
109.500000 0.891467 7.819046 0.332700 0.428328
109.599998 0.894074 7.837513 0.332967 0.429300
109.699997 0.894442 7.835954 0.330195 0.431748
109.799995 0.894421 7.835833 0.330134 0.431014
109.899994 0.894726 7.836986 0.328430 0.426298
110.000000 0.894089 7.836584 0.330933 0.425043
110.099998 0.892968 7.834550 0.333300 0.429529
110.199997 0.891489 7.831383 0.330033 0.430943
110.299995 0.890813 7.827262 0.330865 0.432746
110.399994 0.892143 7.833866 0.331567 0.432827
110.500000 0.892821 7.832633 0.327435 0.431014
110.599998 0.893468 7.833850 0.326398 0.428128
110.699997 0.893915 7.835769 0.321457 0.427942
110.799995 0.893800 7.836100 0.320600 0.429700
110.899994 0.895100 7.838400 0.318300 0.431300
111.000000 0.894810 7.837317 0.315768 0.428957
111.099998 0.894747 7.837219 0.317059 0.428614
111.199997 0.896000 7.838400 0.317300 0.430500
111.299995 0.894226 7.822376 0.318223 0.430501
111.399994 0.894931 7.835050 0.319204 0.431271
111.500000 0.893768 7.830649 0.320396 0.428829
111.599998 0.894789 7.838484 0.320632 0.431043
111.699997 0.893521 7.837632 0.320236 0.432014
111.799995 0.895211 7.840117 0.320568 0.434057
111.899994 0.894511 7.840916 0.319168 0.430957
112.000000 0.894600 7.834500 0.319200 0.425500
112.099998 0.894200 7.830201 0.317100 0.428500
112.199997 0.895852 7.840779 0.319940 0.426687
112.299995 0.895569 7.839652 0.323497 0.426328
112.399994 0.895300 7.837300 0.322300 0.425600
112.500000 0.894358 7.838336 0.321028 0.425470
112.599998 0.892189 7.821483 0.321532 0.425843
112.699997 0.890167 7.810243 0.323297 0.423227
112.799995 0.892600 7.828899 0.326700 0.424300
112.899994 0.893311 7.834017 0.331967 0.422158
113.000000 0.893900 7.834300 0.333300 0.417400
113.099998 0.893400 7.833700 0.331200 0.415200
113.199997 0.892668 7.834150 0.328799 0.411724
113.299995 0.892811 7.835516 0.333167 0.410959
113.399994 0.892668 7.835250 0.332100 0.410323
113.500000 0.890700 7.823200 0.335200 0.405100
113.599998 0.891889 7.835584 0.337434 0.404540
113.699997 0.890500 7.826600 0.340700 0.405200
113.799995 0.892589 7.828884 0.341134 0.405141
113.899994 0.894000 7.835600 0.340800 0.406600
114.000000 0.894489 7.838084 0.341634 0.408941
114.099998 0.894611 7.837616 0.344066 0.409059
114.199997 0.895179 7.839968 0.341068 0.409082
114.299995 0.895800 7.842800 0.338700 0.412300
114.399994 0.897159 7.842837 0.339336 0.409664
114.500000 0.897269 7.835551 0.337001 0.406822
114.599998 0.896900 7.832800 0.337600 0.408700
114.699997 0.899120 7.842032 0.337033 0.408718
114.799995 0.899800 7.843000 0.335500 0.409000
114.899994 0.900360 7.844238 0.335634 0.405962
115.000000 0.901479 7.846523 0.338629 0.405476
115.099998 0.900670 7.846954 0.332800 0.407922
115.199997 0.901121 7.847878 0.332966 0.409127
115.299995 0.901359 7.847491 0.331501 0.408455
115.399994 0.898799 7.826827 0.330531 0.405506
115.500000 0.901390 7.844484 0.330433 0.400440
115.599998 0.900680 7.844569 0.335267 0.402480
115.699997 0.901330 7.843847 0.336199 0.402779
115.799995 0.901490 7.841684 0.336934 0.400040
115.899994 0.900480 7.835167 0.340568 0.401980
116.000000 0.901649 7.844877 0.340330 0.401999
116.099998 0.901539 7.844762 0.342163 0.406637
116.199997 0.902102 7.845345 0.342042 0.404104
116.299995 0.901661 7.838936 0.340836 0.407863
116.399994 0.901922 7.843875 0.337670 0.409828
116.500000 0.902510 7.845015 0.337766 0.408259
116.599998 0.902639 7.845861 0.335566 0.407737
116.699997 0.902651 7.847124 0.336068 0.404302
116.799995 0.903652 7.847223 0.333567 0.403202
116.899994 0.903129 7.844747 0.336799 0.407978
117.000000 0.903377 7.844724 0.336431 0.409872
117.099998 0.903019 7.845131 0.337732 0.407918
117.199997 0.903471 7.847955 0.336501 0.406222
117.299995 0.903458 7.847991 0.338797 0.408055
117.399994 0.903952 7.847824 0.335868 0.407504
117.500000 0.903862 7.846438 0.339636 0.409264
117.599998 0.903933 7.842089 0.336335 0.406284
117.699997 0.904981 7.846970 0.336667 0.408582
117.799995 0.904857 7.845569 0.337306 0.407211
117.899994 0.904210 7.844815 0.340166 0.406059
118.000000 0.903529 7.845846 0.337399 0.406878
118.099998 0.903619 7.846731 0.338432 0.409318
118.199997 0.903510 7.845615 0.335266 0.410059
118.299995 0.903648 7.847477 0.332634 0.409995
118.399994 0.903429 7.846846 0.332200 0.408278
118.500000 0.903000 7.847000 0.332600 0.407000
118.599998 0.902283 7.847617 0.331498 0.402383
118.699997 0.902069 7.846607 0.333067 0.402019
118.799995 0.901720 7.846631 0.330434 0.404219
118.899994 0.900210 7.835217 0.330467 0.403760
119.000000 0.902732 7.845191 0.330732 0.402982
119.099998 0.902390 7.843285 0.329933 0.403840
119.199997 0.901590 7.831683 0.327333 0.403440
119.299995 0.902910 7.847015 0.326667 0.401660
119.399994 0.902749 7.849576 0.325037 0.398601
119.500000 0.902788 7.847937 0.325607 0.391148
119.599998 0.901990 7.842784 0.325833 0.394539
119.699997 0.903881 7.848170 0.324965 0.392378
119.799995 0.904410 7.848916 0.325667 0.395560
119.899994 0.903710 7.850515 0.327467 0.394761
120.000000 0.903139 7.847561 0.324470 0.392843
120.099998 0.902341 7.834701 0.324195 0.390434
120.199997 0.903300 7.847900 0.324300 0.388200
120.299995 0.903471 7.848555 0.323297 0.388517
120.399994 0.903719 7.848831 0.320536 0.389722
120.500000 0.902781 7.838768 0.317163 0.392078
120.599998 0.901620 7.835033 0.317337 0.393621
120.699997 0.899910 7.825843 0.316084 0.391853
120.799995 0.901641 7.843806 0.315890 0.394337
120.899994 0.901829 7.845747 0.314906 0.396581
121.000000 0.901480 7.845469 0.310462 0.400580
121.099998 0.902280 7.846570 0.313663 0.400180
121.199997 0.902280 7.842268 0.315263 0.399280
121.299995 0.904129 7.845846 0.314406 0.399780
121.399994 0.901961 7.834834 0.311925 0.400760
121.500000 0.902681 7.846569 0.315563 0.404281
121.599998 0.901400 7.838799 0.317000 0.405000
121.699997 0.903100 7.846700 0.320100 0.406400
121.799995 0.903452 7.847223 0.320060 0.408804
121.899994 0.904329 7.849445 0.321104 0.409977
122.000000 0.903738 7.847362 0.322571 0.413535
122.099998 0.903900 7.847000 0.322000 0.415900
122.199997 0.903942 7.849310 0.322994 0.418251
122.299995 0.904471 7.844553 0.322097 0.416425
122.399994 0.904981 7.849870 0.324965 0.418484
122.500000 0.902280 7.833467 0.321764 0.412282
122.599998 0.903867 7.849705 0.320476 0.408214
122.699997 0.903242 7.847408 0.318191 0.407344
122.799995 0.903548 7.851274 0.321239 0.408696
122.899994 0.902290 7.843684 0.326533 0.407441
123.000000 0.902883 7.848418 0.326091 0.406288
123.099998 0.903271 7.849355 0.327298 0.405522
123.199997 0.903300 7.845700 0.328400 0.406200
123.299995 0.903290 7.837483 0.327833 0.408441
123.399994 0.902051 7.834717 0.328664 0.405203
123.500000 0.903142 7.847308 0.327296 0.407845
123.599998 0.903938 7.847461 0.325670 0.405238
123.699997 0.904200 7.847799 0.328300 0.411900
123.799995 0.904662 7.848939 0.331433 0.411164
123.899994 0.904710 7.851515 0.326167 0.412159
124.000000 0.904510 7.854515 0.321568 0.409759
124.099998 0.904219 7.855329 0.318936 0.406619
124.199997 0.903410 7.855615 0.316968 0.404460
124.299995 0.903129 7.853745 0.320204 0.405278
124.399994 0.902080 7.854671 0.319364 0.399280
124.500000 0.901671 7.852056 0.316795 0.393818
124.599998 0.900480 7.844969 0.316163 0.394079
124.699997 0.900770 7.850955 0.317995 0.395719
124.799995 0.900510 7.849115 0.318768 0.391161
124.899994 0.898159 7.831933 0.317427 0.395258
125.000000 0.897739 7.833300 0.320792 0.394337
125.099998 0.899300 7.851000 0.320300 0.397100
125.199997 0.899210 7.852515 0.320568 0.394261
125.299995 0.899600 7.855299 0.321100 0.395900
125.399994 0.899160 7.846639 0.320628 0.396459
125.500000 0.900390 7.852885 0.323832 0.393939
125.599998 0.901220 7.854429 0.325035 0.390422
125.699997 0.901530 7.854244 0.326502 0.391982
125.799995 0.901600 7.853400 0.329700 0.393900
125.899994 0.901980 7.854471 0.332767 0.395379
126.000000 0.902561 7.856343 0.333633 0.393557
126.099998 0.902280 7.855271 0.334967 0.392879
126.199997 0.902300 7.853601 0.335700 0.389900
126.299995 0.902400 7.852400 0.335700 0.389100
126.399994 0.902100 7.852000 0.337600 0.388900
126.500000 0.902490 7.848985 0.337334 0.389239
126.599998 0.901963 7.845484 0.340076 0.388744
126.699997 0.901500 7.848900 0.340900 0.387300
126.799995 0.901590 7.850085 0.342234 0.389939
126.899994 0.901190 7.852386 0.344734 0.388439
127.000000 0.900920 7.854129 0.342731 0.386623
127.099998 0.901610 7.854715 0.338366 0.386161
127.199997 0.901780 7.855271 0.339068 0.386577
127.299995 0.902210 7.853415 0.341166 0.387761
127.399994 0.901900 7.854100 0.341800 0.386700
127.500000 0.899880 7.841969 0.341768 0.385877
127.599998 0.900930 7.854544 0.341098 0.386484
127.699997 0.900710 7.854614 0.340466 0.384262
127.799995 0.899090 7.845585 0.335034 0.381938
127.899994 0.899260 7.848139 0.337835 0.381553
128.000000 0.897379 7.833867 0.336967 0.383677
128.099991 0.899600 7.850100 0.337200 0.382400
128.199997 0.898269 7.843053 0.333700 0.384415
128.300003 0.900340 7.848561 0.335366 0.387545
128.399994 0.899960 7.847640 0.336134 0.385154
128.500000 0.900310 7.846715 0.339466 0.388661
128.599991 0.900220 7.846330 0.339932 0.387522
128.699997 0.900770 7.847654 0.341903 0.390717
128.800003 0.900600 7.842700 0.342700 0.391500
128.899994 0.900800 7.844100 0.342800 0.389300
129.000000 0.899890 7.833384 0.340734 0.389239
129.099991 0.901310 7.846415 0.342066 0.387461
129.199997 0.901100 7.846100 0.341700 0.385900
129.300003 0.901500 7.848200 0.341900 0.389900
129.399994 0.901690 7.849985 0.342334 0.389839
129.500000 0.901810 7.849915 0.341966 0.391161
129.599991 0.902351 7.850825 0.340870 0.392296
129.699997 0.901331 7.843991 0.341439 0.393976
129.800003 0.902500 7.856600 0.341400 0.392200
129.899994 0.902671 7.855456 0.336801 0.393718
130.000000 0.902742 7.852411 0.337903 0.396038
130.099991 0.903029 7.853844 0.337799 0.393482
130.199997 0.904048 7.853673 0.335832 0.395302
130.300003 0.903723 7.855185 0.337270 0.395416
130.399994 0.903639 7.855758 0.342063 0.399940
130.500000 0.903481 7.854071 0.341368 0.402881
130.599991 0.902842 7.855012 0.339704 0.400340
130.699997 0.903710 7.856714 0.340866 0.401360
130.800003 0.903252 7.851326 0.337769 0.398099
130.899994 0.904281 7.853971 0.339068 0.396979
131.000000 0.903481 7.847069 0.340468 0.395679
131.099991 0.904200 7.854899 0.340000 0.396800
131.199997 0.903610 7.855115 0.343766 0.395160
131.300003 0.903500 7.853900 0.342600 0.391500
131.399994 0.900390 7.832483 0.340334 0.390339
131.500000 0.901690 7.844785 0.339134 0.388139
131.599991 0.902590 7.849685 0.339134 0.392039
131.699997 0.903210 7.853115 0.338766 0.388861
131.800003 0.899870 7.828448 0.338602 0.387116
131.899994 0.902819 7.852130 0.340432 0.389722
132.000000 0.902900 7.852200 0.340000 0.388800
132.099991 0.902610 7.851315 0.338566 0.386861
132.199997 0.902190 7.850785 0.336434 0.388439
132.300003 0.901390 7.848985 0.336434 0.389239
132.399994 0.901380 7.846969 0.333967 0.388778
132.500000 0.901861 7.847339 0.332733 0.387455
132.599991 0.899810 7.832117 0.331667 0.387561
132.699997 0.900510 7.844915 0.334367 0.389061
132.800003 0.901011 7.844260 0.333901 0.388450
132.899994 0.901149 7.845878 0.332434 0.386007
133.000000 0.901710 7.848515 0.330867 0.385062
133.099991 0.901630 7.849345 0.332800 0.384585
133.199997 0.899060 7.833233 0.334634 0.386455
133.300003 0.899830 7.844747 0.334900 0.389183
133.399994 0.898369 7.839551 0.334900 0.388016
133.500000 0.897969 7.843453 0.336001 0.391117
133.599991 0.896800 7.840900 0.333900 0.388800
133.699997 0.896900 7.842600 0.331700 0.388500
133.800003 0.896800 7.840001 0.330400 0.388300
133.899994 0.896990 7.839684 0.335934 0.389239
134.000000 0.897290 7.841784 0.336234 0.386839
134.099991 0.897551 7.843179 0.335232 0.385807
134.199997 0.896610 7.841016 0.336066 0.386361
134.300003 0.896659 7.844038 0.336234 0.387655
134.399994 0.895969 7.829749 0.335001 0.388016
134.500000 0.896528 7.843591 0.337736 0.390974
134.599991 0.898190 7.847984 0.340234 0.390539
134.699997 0.897072 7.847707 0.346457 0.385230
134.800003 0.897021 7.846830 0.348130 0.382923
134.899994 0.897146 7.845568 0.350025 0.383976
135.000000 0.894289 7.823883 0.352935 0.384438
135.099991 0.896500 7.844100 0.352800 0.386700
135.199997 0.896941 7.845362 0.353359 0.387345
135.300003 0.897331 7.846746 0.353894 0.386584
135.399994 0.897600 7.846399 0.356400 0.383000
135.500000 0.898231 7.846945 0.355993 0.384984
135.599991 0.900870 7.849555 0.354406 0.385116
135.699997 0.901390 7.848885 0.352635 0.378738
135.800003 0.901910 7.849815 0.352065 0.381362
135.899994 0.901451 7.847424 0.352476 0.383892
136.000000 0.901831 7.848594 0.358351 0.387471
136.099991 0.900700 7.848800 0.357400 0.385100
136.199997 0.900780 7.852271 0.361172 0.386377
136.300003 0.900810 7.852115 0.359964 0.392461
136.399994 0.901330 7.852344 0.357993 0.391183
136.500000 0.902210 7.853815 0.355964 0.395760
136.599991 0.900270 7.836551 0.352806 0.396719
136.699997 0.901990 7.853186 0.354935 0.396540
136.800003 0.903323 7.854484 0.354283 0.397518
136.899994 0.902681 7.840968 0.356171 0.397480
137.000000 0.903900 7.856400 0.354700 0.396400
137.099991 0.903890 7.855085 0.354535 0.400140
137.199997 0.904710 7.855215 0.348365 0.403660
137.300003 0.904700 7.853800 0.352700 0.405300
137.399994 0.905362 7.855242 0.353141 0.408263
137.500000 0.906453 7.852926 0.352476 0.407604
137.599991 0.905428 7.852544 0.353594 0.408278
137.699997 0.905062 7.850940 0.351541 0.407863
137.800003 0.905409 7.851215 0.351465 0.407859
137.899994 0.903690 7.839283 0.349435 0.407841
138.000000 0.901541 7.833400 0.351011 0.407444
138.099991 0.902490 7.837684 0.351835 0.408741
138.199997 0.903519 7.850930 0.354329 0.411218
138.300003 0.903671 7.846254 0.350005 0.406722
138.399994 0.900921 7.830564 0.348579 0.405925
138.500000 0.904333 7.855899 0.349745 0.404983
138.599991 0.903500 7.845000 0.350800 0.405200
138.699997 0.904410 7.855114 0.348065 0.400860
138.800003 0.903990 7.854285 0.346935 0.401540
138.899994 0.903519 7.854829 0.347031 0.402320
139.000000 0.902612 7.841858 0.345811 0.401661
139.099991 0.900980 7.830466 0.343369 0.399680
139.199997 0.903719 7.854630 0.346731 0.403919
139.300003 0.902190 7.845485 0.343234 0.401940
139.399994 0.903539 7.852459 0.344362 0.397841
139.500000 0.904271 7.852155 0.347004 0.402421
139.599991 0.902881 7.845970 0.347069 0.407682
139.699997 0.903900 7.848300 0.352300 0.409700
139.800003 0.904262 7.848939 0.350540 0.407663
139.899994 0.903619 7.847330 0.348130 0.410918
140.000000 0.904448 7.850275 0.344128 0.412194
140.099991 0.905119 7.852529 0.342631 0.413917
140.199997 0.904129 7.851045 0.341298 0.411277
140.300003 0.902771 7.848655 0.339302 0.409623
140.399994 0.902580 7.852870 0.336567 0.408882
140.500000 0.902271 7.852156 0.336001 0.408022
140.599991 0.901500 7.852099 0.336600 0.407800
140.699997 0.899570 7.836251 0.334200 0.406022
140.800003 0.900820 7.852829 0.333533 0.408218
140.899994 0.901260 7.851940 0.335034 0.413165
141.000000 0.901630 7.853644 0.336799 0.414276
141.099991 0.902578 7.854316 0.333133 0.411771
141.199997 0.903181 7.853271 0.329866 0.413183
141.300003 0.903490 7.853985 0.328833 0.411441
141.399994 0.901631 7.843991 0.327129 0.411788
141.500000 0.902400 7.848100 0.326400 0.413100
141.599991 0.902029 7.850545 0.327502 0.409977
141.699997 0.899760 7.828231 0.330032 0.406863
141.800003 0.902361 7.848239 0.331633 0.404262
141.899994 0.902059 7.847592 0.330502 0.407156
142.000000 0.901729 7.848945 0.329101 0.407178
142.099991 0.901080 7.850171 0.328566 0.406281
142.199997 0.898900 7.833200 0.325200 0.408400
142.300003 0.899750 7.849825 0.325263 0.410505
142.399994 0.898780 7.849570 0.322665 0.407181
142.500000 0.899300 7.842600 0.322400 0.407200
142.599991 0.899060 7.848939 0.322429 0.408363
142.699997 0.898490 7.849785 0.322132 0.405041
142.800003 0.896759 7.834934 0.322929 0.403161
142.899994 0.899020 7.847631 0.321336 0.405319
143.000000 0.898759 7.846639 0.322129 0.403161
143.099991 0.899890 7.847085 0.322032 0.401340
143.199997 0.900220 7.849830 0.318036 0.401220
143.300003 0.899200 7.847600 0.319000 0.398100
143.399994 0.898820 7.846830 0.317736 0.398720
143.500000 0.897790 7.840284 0.318532 0.398840
143.599991 0.898730 7.845546 0.319504 0.401280
143.699997 0.898780 7.845569 0.319264 0.397680
143.800003 0.897790 7.845385 0.319832 0.396340
143.899994 0.897282 7.844125 0.319544 0.398581
144.000000 0.894089 7.817482 0.317132 0.394939
144.099991 0.895248 7.827814 0.317959 0.394998
144.199997 0.895448 7.839720 0.315858 0.394197
144.300003 0.895600 7.841799 0.312600 0.397100
144.399994 0.895169 7.836651 0.312194 0.397119
144.500000 0.896438 7.841305 0.314989 0.398939
144.599991 0.896469 7.842353 0.314794 0.399920
144.699997 0.896641 7.843262 0.313974 0.399240
144.800003 0.896321 7.842632 0.309038 0.398220
144.899994 0.895448 7.836518 0.305153 0.399000
145.000000 0.897680 7.839868 0.305961 0.400480
145.099991 0.898930 7.845447 0.306808 0.402479
145.199997 0.897290 7.836083 0.305931 0.398440
145.300003 0.897680 7.847970 0.305961 0.394179
145.399994 0.897569 7.848755 0.304091 0.394918
145.500000 0.897000 7.848800 0.304100 0.396400
145.599991 0.895990 7.839684 0.306331 0.393439
145.699997 0.897100 7.847300 0.305000 0.396000
145.800003 0.895658 7.836535 0.304822 0.393757
145.899994 0.896990 7.846984 0.303930 0.395340
146.000000 0.896010 7.845815 0.305269 0.398360
146.099991 0.896621 7.847631 0.304639 0.396921
146.199997 0.897269 7.846954 0.304491 0.394918
146.300003 0.897421 7.845831 0.303339 0.394021
146.399994 0.896290 7.838484 0.304730 0.389739
146.500000 0.896431 7.843746 0.304609 0.392482
146.599991 0.896500 7.844900 0.306300 0.392700
146.699997 0.896810 7.844415 0.306369 0.394561
146.800003 0.896000 7.841900 0.308700 0.396300
146.899994 0.897321 7.843532 0.307838 0.395721
147.000000 0.897041 7.843863 0.307777 0.394042
147.099991 0.895710 7.836716 0.306969 0.392961
147.199997 0.896590 7.843985 0.305231 0.392639
147.300003 0.896100 7.839600 0.304000 0.396500
147.399994 0.896862 7.846392 0.303518 0.394863
147.500000 0.893915 7.827462 0.301741 0.394315
147.599991 0.895321 7.841732 0.302839 0.398120
147.699997 0.894847 7.840720 0.301351 0.395898
147.800003 0.895690 7.847585 0.303230 0.395740
147.899994 0.894969 7.837051 0.303891 0.397819
148.000000 0.894789 7.835984 0.303030 0.398840
148.099991 0.896090 7.842484 0.308431 0.397340
148.199997 0.896279 7.844969 0.310262 0.394579
148.300003 0.896521 7.845031 0.306839 0.390322
148.399994 0.896462 7.844593 0.307915 0.391465
148.500000 0.896500 7.840400 0.304500 0.391600
148.599991 0.897210 7.846615 0.307369 0.391161
148.699997 0.897390 7.845385 0.305731 0.390439
148.800003 0.893479 7.817564 0.306361 0.390378
148.899994 0.896038 7.839804 0.305283 0.394437
149.000000 0.896169 7.840252 0.304991 0.393318
149.099991 0.895300 7.843000 0.303200 0.391500
149.199997 0.895421 7.843331 0.303639 0.389922
149.300003 0.894558 7.838635 0.304622 0.388355
149.399994 0.895710 7.844016 0.305869 0.387061
149.500000 0.896490 7.843384 0.308131 0.390439
149.599991 0.895879 7.841969 0.308862 0.389078
149.699997 0.889367 7.798940 0.304191 0.383615
149.800003 0.888199 7.798819 0.304674 0.385547
149.899994 0.892700 7.841701 0.305600 0.390300
150.000000 0.892864 7.841095 0.307316 0.392365
150.099991 0.892439 7.840561 0.306660 0.389284
150.199997 0.893057 7.840636 0.302721 0.390356
150.300003 0.893179 7.842168 0.300660 0.388178
150.399994 0.894684 7.843925 0.299760 0.382694
150.500000 0.893889 7.843285 0.300430 0.380638
150.599991 0.893911 7.844116 0.298470 0.383362
150.699997 0.893689 7.843884 0.299630 0.381038
150.800003 0.892611 7.843616 0.299670 0.380962
150.899994 0.892278 7.838868 0.298260 0.380176
151.000000 0.893046 7.842721 0.297649 0.382091
151.099991 0.893643 7.842863 0.295182 0.382547
151.199997 0.893157 7.828531 0.294418 0.384254
151.300003 0.895990 7.846585 0.293729 0.385739
151.399994 0.895873 7.845408 0.293295 0.384231
151.500000 0.894789 7.834983 0.294329 0.384038
151.599991 0.896610 7.849515 0.292971 0.383962
151.699997 0.898320 7.850030 0.289242 0.385523
151.800003 0.898870 7.848555 0.284285 0.387116
151.899994 0.898390 7.849085 0.282928 0.387539
152.000000 0.898430 7.847846 0.282015 0.384984
152.099991 0.899390 7.848685 0.281928 0.387439
152.199997 0.898100 7.841600 0.279800 0.384800
152.300003 0.897769 7.840852 0.276783 0.385516
152.399994 0.898871 7.850704 0.277206 0.387829
152.500000 0.899360 7.849740 0.273910 0.389356
152.599991 0.899120 7.849030 0.272545 0.388822
152.699997 0.899150 7.845122 0.271936 0.389395
152.800003 0.898990 7.848685 0.272827 0.391639
152.899994 0.899840 7.848661 0.272191 0.391343
153.000000 0.899970 7.848254 0.272382 0.392818
153.099991 0.899900 7.847400 0.275800 0.393300
153.199997 0.900300 7.847300 0.272000 0.392600
153.300003 0.898169 7.831249 0.268681 0.392318
153.399994 0.900370 7.848155 0.269181 0.390217
153.500000 0.899120 7.850430 0.266147 0.389722
153.599991 0.898940 7.849060 0.267593 0.388745
153.699997 0.897069 7.835551 0.267180 0.389517
153.800003 0.899030 7.847946 0.263521 0.388983
153.899994 0.899300 7.848800 0.259800 0.387800
154.000000 0.898490 7.847985 0.258126 0.388239
154.099991 0.899110 7.847816 0.258274 0.387661
154.199997 0.898680 7.847469 0.259852 0.385577
154.300003 0.899010 7.845816 0.261174 0.388261
154.399994 0.897990 7.846485 0.257726 0.388739
154.500000 0.894158 7.813726 0.256102 0.386154
154.599991 0.897321 7.843032 0.252250 0.386623
154.699997 0.895948 7.836318 0.253227 0.385093
154.800003 0.896921 7.845231 0.252949 0.383523
154.899994 0.897249 7.846824 0.255428 0.387894
155.000000 0.897949 7.846523 0.256028 0.388094
155.099991 0.895990 7.831883 0.256926 0.390439
155.199997 0.897210 7.847015 0.260674 0.388761
155.300003 0.898751 7.849775 0.262969 0.387806
155.399994 0.898910 7.848115 0.263074 0.388661
155.500000 0.897990 7.842685 0.260926 0.386139
155.599991 0.895979 7.833766 0.258752 0.385377
155.699997 0.898180 7.845269 0.262352 0.386377
155.800003 0.897510 7.845416 0.263374 0.382862
155.899994 0.898069 7.847054 0.260278 0.380914
156.000000 0.895616 7.831665 0.258307 0.379103
156.099991 0.896951 7.846477 0.253573 0.378211
156.199997 0.895469 7.834650 0.252776 0.379614
156.300003 0.894979 7.836067 0.251450 0.382176
156.399994 0.894674 7.846008 0.251024 0.384331
156.500000 0.893611 7.838916 0.251475 0.383462
156.599991 0.893368 7.841152 0.251676 0.386316
156.699997 0.894511 7.847115 0.253275 0.388061
156.800003 0.894879 7.846069 0.248350 0.384177
156.899994 0.894074 7.845908 0.247527 0.386829
157.000000 0.892500 7.832500 0.248100 0.388300
157.099991 0.893779 7.844869 0.244449 0.390378
157.199997 0.894147 7.842722 0.243622 0.387694
157.300003 0.893979 7.843669 0.242549 0.383677
157.399994 0.894158 7.842337 0.240496 0.385454
157.500000 0.895163 7.843694 0.242754 0.383570
157.599991 0.895369 7.844353 0.243173 0.384015
157.699997 0.894647 7.838819 0.239720 0.387794
157.800003 0.893621 7.828734 0.240552 0.389822
157.899994 0.895490 7.844185 0.237124 0.390639
158.000000 0.896438 7.844707 0.235441 0.389133
158.099991 0.895579 7.836767 0.233747 0.389878
158.199997 0.896290 7.848185 0.230923 0.387639
158.300003 0.896890 7.848885 0.226323 0.386139
158.399994 0.897620 7.847630 0.225855 0.385323
158.500000 0.897751 7.847076 0.224488 0.386507
158.599991 0.897210 7.845716 0.226877 0.387061
158.699997 0.896431 7.845446 0.227432 0.384285
158.800003 0.897069 7.847054 0.226768 0.386116
158.899994 0.896338 7.840404 0.220532 0.385631
159.000000 0.896721 7.844031 0.221056 0.383823
159.099991 0.895969 7.841853 0.221466 0.382815
159.199997 0.896790 7.844285 0.222722 0.384038
159.300003 0.895921 7.845131 0.221356 0.388522
159.399994 0.896379 7.844269 0.222144 0.386077
159.500000 0.896641 7.847761 0.221411 0.386046
159.599991 0.897341 7.846761 0.219812 0.388145
159.699997 0.898010 7.847216 0.218978 0.385361
159.800003 0.896890 7.836683 0.218822 0.383538
159.899994 0.897718 7.846777 0.219776 0.386409
160.000000 0.896679 7.842468 0.221644 0.386977
160.099991 0.897421 7.846430 0.219256 0.385623
160.199997 0.898490 7.845885 0.219122 0.383638
160.300003 0.898690 7.844984 0.217722 0.384638
160.399994 0.898980 7.842669 0.216343 0.384177
160.500000 0.895379 7.819464 0.217443 0.379576
160.599991 0.896117 7.831165 0.217774 0.379303
160.699997 0.897421 7.842731 0.221556 0.382324
160.800003 0.898380 7.844069 0.218644 0.383177
160.899994 0.898810 7.843816 0.220978 0.383262
161.000000 0.898490 7.843884 0.222422 0.382438
161.099991 0.898889 7.845330 0.222945 0.381119
161.199997 0.896879 7.826866 0.220644 0.384077
161.300003 0.898620 7.837233 0.220256 0.384323
161.399994 0.899610 7.843316 0.217078 0.387061
161.500000 0.899290 7.841285 0.217622 0.388539
161.599991 0.897920 7.831434 0.217057 0.385923
161.699997 0.900320 7.845676 0.217474 0.384508
161.800003 0.900890 7.846385 0.213821 0.384838
161.899994 0.901279 7.847822 0.213729 0.386691
162.000000 0.901339 7.847661 0.214714 0.386445
162.099991 0.901280 7.845869 0.218644 0.385077
162.199997 0.901941 7.846108 0.214729 0.389834
162.300003 0.901779 7.848022 0.210831 0.389488
162.399994 0.901400 7.840600 0.213800 0.386600
162.500000 0.901090 7.841384 0.210021 0.387839
162.599991 0.901700 7.844200 0.209700 0.387400
162.699997 0.901900 7.847100 0.208000 0.383400
162.800003 0.902819 7.846631 0.207159 0.383623
162.899994 0.902761 7.846739 0.207183 0.386254
163.000000 0.900470 7.837251 0.206962 0.386516
163.099991 0.898600 7.832200 0.207000 0.381300
163.199997 0.900580 7.847270 0.206641 0.378976
163.300003 0.899790 7.846085 0.205821 0.373637
163.399994 0.898590 7.842784 0.205121 0.374537
163.500000 0.899489 7.845229 0.203824 0.374612
163.599991 0.900010 7.846116 0.203980 0.375962
163.699997 0.899890 7.843484 0.206421 0.376838
163.800003 0.899250 7.845123 0.205503 0.377989
163.899994 0.899520 7.847631 0.208058 0.376625
164.000000 0.899720 7.849330 0.209958 0.374525
164.099991 0.900510 7.850315 0.209179 0.374363
164.199997 0.898629 7.843890 0.209847 0.370459
164.300003 0.899560 7.849091 0.209974 0.368579
164.399994 0.901230 7.849445 0.208637 0.370489
164.500000 0.902422 7.848879 0.210268 0.368795
164.599991 0.900380 7.837667 0.211042 0.368474
164.699997 0.901420 7.847230 0.211658 0.369426
164.800003 0.901380 7.845769 0.212442 0.366473
164.899994 0.896879 7.811162 0.209242 0.363873
165.000000 0.899119 7.833167 0.205064 0.369195
165.099991 0.899860 7.843294 0.209075 0.369179
165.199997 0.899760 7.842738 0.209984 0.365946
165.300003 0.897669 7.823647 0.207462 0.366710
165.399994 0.899460 7.844294 0.204677 0.364281
165.500000 0.899740 7.844662 0.202719 0.369752
165.599991 0.899420 7.843431 0.202959 0.369226
165.699997 0.899080 7.843268 0.203641 0.365473
165.800003 0.899650 7.841421 0.202201 0.364982
165.899994 0.899380 7.841369 0.200840 0.366273
166.000000 0.900100 7.840500 0.199200 0.364700
166.099991 0.899720 7.840332 0.198560 0.363627
166.199997 0.898620 7.832833 0.199360 0.365927
166.300003 0.899350 7.839920 0.197599 0.364582
166.399994 0.900170 7.837351 0.196159 0.363509
166.500000 0.895900 7.810600 0.195000 0.365500
166.599991 0.897728 7.827579 0.195037 0.366857
166.699997 0.898280 7.836468 0.196739 0.365573
166.800003 0.898020 7.839732 0.196061 0.364827
166.899994 0.897900 7.842400 0.194400 0.367500
167.000000 0.897969 7.841653 0.194658 0.367010
167.099991 0.893589 7.811481 0.194319 0.367137
167.199997 0.896038 7.836101 0.198619 0.367821
167.300003 0.896700 7.841800 0.197500 0.365200
167.399994 0.897200 7.843400 0.200700 0.367400
167.500000 0.897190 7.842985 0.200220 0.370637
167.599991 0.897659 7.842937 0.202381 0.371849
167.699997 0.897680 7.841868 0.203041 0.373475
167.800003 0.898241 7.843363 0.204418 0.371651
167.899994 0.898730 7.845347 0.209037 0.371389
168.000000 0.897359 7.843037 0.206383 0.373549
168.099991 0.897000 7.836200 0.207600 0.372200
168.199997 0.895879 7.831066 0.205541 0.371774
168.300003 0.897231 7.842447 0.205838 0.370789
168.399994 0.897021 7.842731 0.204959 0.368326
168.500000 0.896259 7.841737 0.206082 0.367747
168.599991 0.896790 7.842484 0.208321 0.371737
168.699997 0.897193 7.842342 0.207613 0.372065
168.800003 0.897221 7.841832 0.205859 0.369426
168.899994 0.897869 7.843353 0.202661 0.368811
169.000000 0.897238 7.839704 0.198819 0.370923
169.099991 0.897880 7.842969 0.195139 0.373675
169.199997 0.897871 7.842510 0.195363 0.373039
169.300003 0.897218 7.841173 0.193355 0.373299
169.399994 0.899000 7.843800 0.193900 0.369100
169.500000 0.898139 7.842906 0.192415 0.366720
169.599991 0.895800 7.823201 0.188000 0.365600
169.699997 0.896290 7.827282 0.191719 0.365237
169.800003 0.895495 7.822623 0.189289 0.366166
169.899994 0.896590 7.838284 0.189919 0.368537
170.000000 0.896100 7.838200 0.191400 0.370200
170.099991 0.896162 7.837098 0.190186 0.369478
170.199997 0.894368 7.824647 0.188357 0.367610
170.300003 0.895704 7.837663 0.191109 0.369231
170.399994 0.895673 7.837713 0.189667 0.369641
170.500000 0.895948 7.837319 0.187694 0.371886
170.599991 0.893536 7.823494 0.188213 0.372423
170.699997 0.894711 7.836916 0.189081 0.371163
170.800003 0.894842 7.837465 0.192723 0.368852
170.899994 0.893679 7.824965 0.189838 0.366173
171.000000 0.895769 7.835051 0.192358 0.365410
171.099991 0.896359 7.840936 0.190976 0.367247
171.199997 0.894679 7.825665 0.188338 0.366773
171.300003 0.896390 7.836084 0.189019 0.367137
171.399994 0.893679 7.817664 0.190738 0.369474
171.500000 0.897400 7.840100 0.193200 0.370600
171.599991 0.898280 7.841368 0.195039 0.368374
171.699997 0.898400 7.841900 0.193800 0.365500
171.800003 0.898890 7.842384 0.195820 0.365937
171.899994 0.898018 7.836570 0.196357 0.370997
172.000000 0.898710 7.844115 0.200080 0.373063
172.099991 0.895948 7.824012 0.196798 0.370685
172.199997 0.897141 7.840863 0.197921 0.372151
172.300003 0.897908 7.841858 0.196177 0.365329
172.399994 0.898080 7.843168 0.196339 0.362673
172.500000 0.897231 7.843847 0.194742 0.361891
172.599991 0.897980 7.841669 0.193839 0.358572
172.699997 0.896069 7.833950 0.194658 0.360708
172.800003 0.897059 7.839535 0.195978 0.358643
172.899994 0.897490 7.845184 0.195220 0.363136
173.000000 0.896910 7.844915 0.196980 0.359964
173.099991 0.897259 7.844138 0.199480 0.356643
173.199997 0.898629 7.845792 0.199840 0.354048
173.300003 0.897218 7.843275 0.196057 0.357486
173.399994 0.897300 7.843800 0.199400 0.355600
173.500000 0.897479 7.846270 0.198840 0.352771
173.599991 0.896869 7.846654 0.197659 0.353106
173.699997 0.896790 7.843685 0.196620 0.355736
173.800003 0.896700 7.848200 0.198900 0.356500
173.899994 0.897510 7.846715 0.198480 0.358364
174.000000 0.894969 7.837351 0.197759 0.360108
174.099991 0.895385 7.848634 0.195615 0.360497
174.199997 0.895921 7.849130 0.194961 0.364627
174.300003 0.895558 7.846138 0.197279 0.365446
174.399994 0.893879 7.840968 0.199440 0.367774
174.500000 0.895200 7.846100 0.197800 0.368800
174.599991 0.895600 7.846700 0.198600 0.368700
174.699997 0.895079 7.834467 0.196439 0.371574
174.800003 0.896748 7.848224 0.199200 0.371086
174.899994 0.897079 7.848070 0.199540 0.372474
175.000000 0.897469 7.851755 0.199460 0.375213
175.099991 0.896810 7.851614 0.200580 0.370063
175.199997 0.897131 7.850445 0.199940 0.370389
175.300003 0.898791 7.852633 0.201718 0.368069
175.399994 0.899319 7.853483 0.202762 0.369696
175.500000 0.897200 7.839700 0.201200 0.372400
175.599991 0.898080 7.852270 0.200240 0.374075
175.699997 0.897831 7.853744 0.201040 0.373088
175.800003 0.897200 7.849800 0.200200 0.374500
175.899994 0.896707 7.852366 0.200781 0.375438
176.000000 0.897151 7.850675 0.198401 0.375012
176.099991 0.896869 7.851055 0.200460 0.374612
176.199997 0.897121 7.849430 0.199660 0.373125
176.300003 0.896710 7.848615 0.197580 0.375462
176.399994 0.897179 7.848370 0.194439 0.376775
176.500000 0.897372 7.849705 0.195063 0.374738
176.599991 0.897449 7.849324 0.196298 0.373587
176.699997 0.898161 7.851789 0.192085 0.375575
176.800003 0.898110 7.853215 0.192781 0.374763
176.899994 0.898690 7.852285 0.190819 0.371137
177.000000 0.899300 7.851301 0.190400 0.370600
177.099991 0.898570 7.848754 0.192258 0.374812
177.199997 0.899550 7.851674 0.188906 0.375512
177.300003 0.901310 7.853714 0.189381 0.376262
177.399994 0.901570 7.851456 0.188357 0.374712
177.500000 0.902022 7.850980 0.188351 0.376201
177.599991 0.901910 7.853115 0.187381 0.373363
177.699997 0.901510 7.852614 0.186981 0.375162
177.800003 0.901751 7.850326 0.185393 0.375988
177.899994 0.901570 7.853256 0.186856 0.374412
178.000000 0.901400 7.853300 0.185800 0.375700
178.099991 0.902878 7.852918 0.185252 0.379596
178.199997 0.901890 7.851585 0.190619 0.377438
178.300003 0.902429 7.853744 0.189343 0.380286
178.399994 0.902232 7.851696 0.189232 0.383368
178.500000 0.902241 7.850511 0.192215 0.382329
178.599991 0.901900 7.848300 0.193700 0.378100
178.699997 0.900370 7.838652 0.191557 0.380014
178.800003 0.900580 7.844869 0.189938 0.377175
178.899994 0.900190 7.844585 0.191219 0.377438
179.000000 0.901260 7.845038 0.190776 0.377451
179.099991 0.900510 7.842716 0.191881 0.377062
179.199997 0.899880 7.840168 0.192138 0.377375
179.300003 0.900450 7.842422 0.190595 0.375988
179.399994 0.900420 7.842074 0.188851 0.375300
179.500000 0.899890 7.845084 0.185619 0.370937
179.599991 0.898510 7.843415 0.188281 0.366463
179.699997 0.898699 7.846045 0.187688 0.363864
179.800003 0.898200 7.846500 0.186900 0.360300
179.899994 0.896490 7.846585 0.186819 0.358336
180.000000 0.896579 7.846369 0.186237 0.361972
180.099991 0.896321 7.847431 0.185663 0.362028
180.199997 0.895300 7.831600 0.183000 0.362300
180.300003 0.896569 7.843753 0.181154 0.364909
180.399994 0.896772 7.844309 0.183072 0.362746
180.500000 0.896290 7.842984 0.180518 0.362836
180.599991 0.895579 7.841969 0.180736 0.361772
180.699997 0.896058 7.846338 0.180472 0.360244
180.800003 0.896038 7.846508 0.176506 0.358715
180.899994 0.893436 7.825895 0.174605 0.361517
181.000000 0.896400 7.846200 0.173300 0.360800
181.099991 0.896148 7.846523 0.173387 0.356978
181.199997 0.896062 7.845892 0.169998 0.354887
181.300003 0.895600 7.847001 0.170700 0.362600
181.399994 0.895790 7.845885 0.171417 0.359836
181.500000 0.896138 7.847508 0.168401 0.358115
181.599991 0.895910 7.845116 0.166383 0.358064
181.699997 0.896800 7.845900 0.166700 0.361400
181.800003 0.897249 7.844022 0.166483 0.359680
181.899994 0.894768 7.830249 0.168250 0.358307
182.000000 0.896069 7.843353 0.168851 0.356407
182.099991 0.896142 7.845062 0.167633 0.354258
182.199997 0.896759 7.843738 0.166867 0.355542
182.300003 0.897369 7.838151 0.167150 0.354706
182.399994 0.898000 7.842100 0.168900 0.352400
182.500000 0.897900 7.841400 0.167600 0.354400
182.599991 0.897500 7.842900 0.165300 0.356900
182.699997 0.896769 7.835651 0.164249 0.357307
182.800003 0.898090 7.842084 0.165717 0.357136
182.899994 0.898410 7.844416 0.167683 0.354865
183.000000 0.898491 7.843840 0.166350 0.356379
183.099991 0.896490 7.833184 0.164916 0.357836
183.199997 0.893057 7.810124 0.164366 0.355342
183.300003 0.896038 7.844507 0.164999 0.357515
183.399994 0.895231 7.844446 0.164851 0.363591
183.500000 0.895569 7.843053 0.163949 0.365410
183.599991 0.896158 7.845037 0.165566 0.364746
183.699997 0.895258 7.842037 0.168467 0.364646
183.800003 0.896200 7.846400 0.169200 0.363400
183.899994 0.896890 7.844884 0.169617 0.363036
184.000000 0.898180 7.844170 0.169234 0.358972
184.099991 0.896248 7.835217 0.168584 0.356678
184.199997 0.896279 7.844269 0.168634 0.357672
184.300003 0.897190 7.843785 0.168117 0.358736
184.399994 0.897669 7.844053 0.168651 0.359608
184.500000 0.893500 7.821199 0.171100 0.360800
184.599991 0.896559 7.844838 0.169568 0.361244
184.699997 0.895448 7.834517 0.167484 0.361181
184.800003 0.896679 7.845570 0.164433 0.361272
184.899994 0.896521 7.846831 0.165267 0.360028
185.000000 0.896910 7.848115 0.164084 0.361164
185.099991 0.897151 7.848276 0.162919 0.359120
185.199997 0.897369 7.838151 0.164249 0.359508
185.300003 0.898120 7.846231 0.163067 0.358628
185.399994 0.898551 7.846577 0.162819 0.363018
185.500000 0.898901 7.849650 0.160839 0.361239
185.599991 0.898930 7.848246 0.159152 0.361692
185.699997 0.898990 7.848285 0.161216 0.364236
185.800003 0.899030 7.846745 0.162751 0.363391
185.899994 0.898940 7.847162 0.161935 0.361655
186.000000 0.898690 7.846585 0.163416 0.359836
186.099991 0.898120 7.845331 0.160568 0.362128
186.199997 0.896969 7.844853 0.160348 0.361809
186.300003 0.897179 7.844869 0.160132 0.363273
186.399994 0.896759 7.843537 0.156263 0.362845
186.500000 0.897579 7.841368 0.155831 0.360872
186.599991 0.897929 7.842990 0.153708 0.359352
186.699997 0.897110 7.839416 0.154085 0.356964
186.800003 0.896100 7.831200 0.153100 0.358700
186.899994 0.898118 7.840973 0.149119 0.359087
187.000000 0.897890 7.841884 0.148815 0.361436
187.099991 0.897049 7.840620 0.148974 0.360080
187.199997 0.897041 7.843363 0.149040 0.353858
187.300003 0.897269 7.843453 0.146844 0.352406
187.399994 0.896800 7.841800 0.144900 0.354500
187.500000 0.895690 7.841784 0.145315 0.355036
187.599991 0.896179 7.844869 0.146229 0.356971
187.699997 0.897118 7.845777 0.147918 0.356685
187.800003 0.897110 7.844916 0.148385 0.353765
187.899994 0.896210 7.831717 0.147685 0.351865
188.000000 0.898080 7.846670 0.147730 0.354971
188.099991 0.898131 7.846446 0.147556 0.352394
188.199997 0.894689 7.820882 0.148815 0.350035
188.300003 0.897980 7.845969 0.149030 0.349570
188.399994 0.897259 7.843737 0.146859 0.348940
188.500000 0.897820 7.843332 0.146671 0.348530
188.599991 0.897669 7.840752 0.144543 0.350205
188.699997 0.897510 7.842216 0.145285 0.349565
188.800003 0.897400 7.830400 0.145100 0.351400
188.899994 0.897690 7.833583 0.144214 0.351735
189.000000 0.898790 7.843184 0.145615 0.353235
189.099991 0.899680 7.844170 0.146529 0.351670
189.199997 0.896369 7.813444 0.146044 0.355407
189.300003 0.900340 7.842863 0.144842 0.354958
189.399994 0.898790 7.828583 0.143314 0.348635
189.500000 0.900290 7.841384 0.144514 0.347135
189.599991 0.901500 7.842500 0.144700 0.344500
189.699997 0.898018 7.824460 0.143715 0.346878
189.800003 0.896158 7.805622 0.141156 0.347839
189.899994 0.895127 7.804063 0.142300 0.345442
190.000000 0.899300 7.838900 0.141700 0.347800
190.099991 0.899560 7.839636 0.138355 0.347039
190.199997 0.899790 7.839284 0.137614 0.344934
190.300003 0.899410 7.835016 0.137886 0.344066
190.399994 0.899510 7.830517 0.137086 0.342866
190.500000 0.898369 7.820546 0.137641 0.342003
190.599991 0.900770 7.846354 0.137541 0.345704
190.699997 0.899160 7.836034 0.136855 0.344938
190.800003 0.899950 7.845577 0.138931 0.346327
190.899994 0.899940 7.845407 0.138583 0.342506
191.000000 0.900510 7.846016 0.139686 0.341166
191.099991 0.897828 7.830081 0.143200 0.337736
191.199997 0.896369 7.829649 0.143143 0.337001
191.300003 0.898290 7.845784 0.143114 0.334933
191.399994 0.896700 7.837500 0.140300 0.336100
191.500000 0.897221 7.846831 0.141272 0.333733
191.599991 0.896721 7.848131 0.141472 0.330334
191.699997 0.896221 7.848630 0.138872 0.329734
191.800003 0.894779 7.837067 0.134727 0.328866
191.899994 0.896569 7.846754 0.133440 0.330799
192.000000 0.891732 7.814355 0.133160 0.328202
192.099991 0.896021 7.844131 0.130374 0.328234
192.199997 0.897162 7.846093 0.130822 0.328103
192.300003 0.897500 7.845700 0.129200 0.327100
192.399994 0.897069 7.846955 0.128839 0.329099
192.500000 0.897608 7.842958 0.127014 0.330598
192.599991 0.896127 7.834684 0.127689 0.330631
192.699997 0.897700 7.846600 0.127900 0.330600
192.800003 0.896000 7.835100 0.124700 0.328000
192.899994 0.896528 7.844691 0.123587 0.329331
193.000000 0.896569 7.845253 0.122537 0.329199
193.099991 0.895000 7.835700 0.124500 0.331100
193.199997 0.896290 7.845385 0.126213 0.330233
193.300003 0.894916 7.843875 0.125100 0.330164
193.399994 0.894321 7.843132 0.123675 0.330134
193.500000 0.894032 7.841348 0.124363 0.330101
193.599991 0.893974 7.840412 0.122614 0.328870
193.699997 0.892900 7.834600 0.122000 0.333100
193.800003 0.892946 7.835118 0.120360 0.330965
193.899994 0.894189 7.839384 0.121312 0.330133
194.000000 0.893225 7.834384 0.120985 0.333133
194.099991 0.894442 7.840264 0.120652 0.335966
194.199997 0.893889 7.837184 0.122612 0.331233
194.300003 0.895010 7.841216 0.120888 0.330867
194.399994 0.893189 7.832084 0.122112 0.333233
194.500000 0.893947 7.841321 0.122061 0.334567
194.599991 0.894568 7.841853 0.119536 0.334800
194.699997 0.894189 7.839784 0.118312 0.336434
194.800003 0.894579 7.841268 0.119924 0.334167
194.899994 0.894568 7.839552 0.116135 0.331900
195.000000 0.892889 7.827583 0.115712 0.330333
195.099991 0.887865 7.790249 0.114237 0.326692
195.199997 0.893389 7.842084 0.114211 0.331333
195.300003 0.893200 7.841700 0.112700 0.332100
195.399994 0.891700 7.825600 0.114000 0.330500
195.500000 0.893343 7.835865 0.115454 0.336066
195.599991 0.893389 7.836884 0.115612 0.334033
195.699997 0.893000 7.834500 0.117300 0.329500
195.800003 0.891778 7.826765 0.117423 0.330066
195.899994 0.892857 7.830732 0.117747 0.333033
196.000000 0.889856 7.810924 0.116347 0.329232
196.099991 0.893100 7.840899 0.117100 0.327400
196.199997 0.893600 7.841400 0.116600 0.331200
196.300003 0.893689 7.843684 0.117112 0.328733
196.399994 0.893847 7.841521 0.118859 0.330765
196.500000 0.894000 7.843200 0.118800 0.331800
196.599991 0.894568 7.843153 0.117335 0.330899
196.699997 0.893247 7.829414 0.115458 0.326563
196.800003 0.895521 7.843331 0.117576 0.327834
196.899994 0.895211 7.844915 0.118588 0.329967
197.000000 0.895779 7.843069 0.118924 0.328966
197.099991 0.890789 7.808481 0.120012 0.328033
197.199997 0.892192 7.828228 0.122022 0.328529
197.300003 0.893525 7.840788 0.123787 0.330832
197.399994 0.894642 7.839864 0.121551 0.331567
197.500000 0.895173 7.838213 0.121215 0.327771
197.599991 0.895090 7.837984 0.118212 0.328633
197.699997 0.895679 7.839468 0.118124 0.330766
197.800003 0.896600 7.839200 0.116900 0.331900
197.899994 0.895990 7.837084 0.114511 0.333433
198.000000 0.896748 7.837619 0.113257 0.333767
198.099991 0.897269 7.839552 0.114734 0.333100
198.199997 0.897031 7.838748 0.114366 0.329101
198.300003 0.896979 7.837768 0.114623 0.331466
198.399994 0.895700 7.831800 0.113900 0.334900
198.500000 0.895869 7.834350 0.114234 0.331800
198.599991 0.893889 7.822582 0.114711 0.329333
198.699997 0.895821 7.838133 0.109078 0.331534
198.800003 0.896300 7.838600 0.109000 0.331200
198.899994 0.895390 7.834384 0.107711 0.330733
199.000000 0.895579 7.837368 0.108522 0.326865
199.099991 0.896079 7.834167 0.106221 0.323465
199.199997 0.897661 7.838897 0.107735 0.322706
199.300003 0.898002 7.841858 0.107393 0.321878
199.399994 0.897690 7.842184 0.107511 0.319632
199.500000 0.897720 7.844331 0.106979 0.323235
199.599991 0.898659 7.845339 0.108043 0.321529
199.699997 0.898500 7.843100 0.105800 0.322800
199.800003 0.898359 7.839436 0.104942 0.320828
199.899994 0.899190 7.840984 0.105911 0.321032
