0.000000 0.999700 7.999100 0.999900 0.999900
0.100000 0.998800 7.992402 0.999300 0.999100
0.200000 0.997902 7.986311 0.998501 0.997802
0.300000 0.997300 7.979400 0.996900 0.996100
0.400000 0.996200 7.973997 0.996100 0.994900
0.500000 0.995199 7.968394 0.995299 0.993899
0.600000 0.993699 7.964092 0.993299 0.992699
0.700000 0.992500 7.958599 0.991400 0.992100
0.800000 0.991801 7.954504 0.989901 0.990401
0.900000 0.990504 7.952219 0.989104 0.989004
1.000000 0.989799 7.948095 0.988199 0.987499
1.100000 0.988798 7.946790 0.986197 0.987197
1.200000 0.987793 7.939563 0.983690 0.984090
1.300000 0.987405 7.942623 0.983607 0.984506
1.400000 0.986801 7.941905 0.982602 0.984302
1.500000 0.985804 7.938718 0.981306 0.982305
1.600000 0.985187 7.935441 0.982284 0.981183
1.700000 0.983900 7.933300 0.980600 0.980200
1.800000 0.982879 7.932118 0.979275 0.979175
1.900000 0.980898 7.925193 0.978298 0.976798
2.000000 0.981321 7.929378 0.978224 0.975327
2.100000 0.979692 7.923369 0.976591 0.972889
2.200000 0.979606 7.930121 0.976707 0.973808
2.300000 0.979306 7.930721 0.977507 0.973008
2.400000 0.977907 7.930021 0.976507 0.972308
2.500000 0.975898 7.923792 0.976498 0.970497
2.600000 0.975617 7.925353 0.975517 0.970820
2.700000 0.974097 7.925093 0.973997 0.968897
2.800000 0.973703 7.925007 0.973003 0.968003
2.900000 0.972094 7.924585 0.973295 0.967393
3.000000 0.970600 7.919100 0.971600 0.965000
3.100000 0.970700 7.924799 0.971700 0.963100
3.200000 0.969072 7.920828 0.969272 0.960164
3.300000 0.967080 7.909446 0.966080 0.957875
3.400000 0.968513 7.922831 0.967713 0.960516
3.500000 0.968400 7.920400 0.967500 0.959200
3.600000 0.965990 7.913374 0.965790 0.958588
3.700000 0.964997 7.917492 0.965697 0.957996
3.800000 0.964100 7.914700 0.964600 0.955000
3.900000 0.961796 7.904691 0.963496 0.954095
4.000000 0.962796 7.916091 0.965697 0.954895
4.100000 0.962285 7.914366 0.963886 0.953481
4.200000 0.962604 7.914009 0.964404 0.952705
4.300000 0.962415 7.913734 0.964514 0.951719
4.400000 0.962019 7.913943 0.965117 0.949325
4.500000 0.961004 7.911509 0.964704 0.948305
4.600000 0.960300 7.912900 0.966100 0.947300
4.700000 0.955778 7.884142 0.960480 0.944172
4.800000 0.957596 7.902790 0.960596 0.947095
4.900000 0.958300 7.912900 0.962600 0.947300
5.000000 0.957704 7.916108 0.960704 0.945105
5.100000 0.956796 7.910791 0.958996 0.942694
5.200000 0.954891 7.896480 0.955691 0.939888
5.300000 0.955800 7.907000 0.957000 0.938000
5.400000 0.955600 7.910700 0.956400 0.935400
5.500000 0.954205 7.911809 0.957204 0.934906
5.600000 0.954205 7.914208 0.955604 0.934607
5.700000 0.954009 7.912817 0.954209 0.935213
5.800000 0.953614 7.912426 0.953214 0.933820
5.900000 0.952891 7.912983 0.952791 0.932687
6.000000 0.952176 7.911956 0.951876 0.931466
6.100000 0.951300 7.910000 0.950900 0.930700
6.200000 0.950600 7.910000 0.951400 0.929200
6.300000 0.950195 7.910292 0.949695 0.928393
6.400000 0.947969 7.897939 0.947569 0.926556
6.500000 0.949220 7.910436 0.949220 0.928329
6.600000 0.946768 7.903542 0.947268 0.926556
6.700000 0.946879 7.908963 0.947479 0.928171
6.800000 0.946027 7.909745 0.947026 0.926637
6.900000 0.945245 7.909209 0.945946 0.925926
7.000000 0.944517 7.910327 0.943617 0.924223
7.100000 0.944628 7.909945 0.942229 0.922639
7.200000 0.941400 7.893401 0.938900 0.919200
7.300000 0.943417 7.910227 0.939018 0.918325
7.400000 0.941588 7.902081 0.937387 0.916083
7.500000 0.941683 7.907272 0.938181 0.913374
7.600000 0.937394 7.877488 0.935594 0.909591
7.700000 0.940018 7.904229 0.937419 0.911826
7.800000 0.938537 7.901359 0.935139 0.911753
7.900000 0.937794 7.901190 0.935394 0.910591
8.000000 0.937206 7.902410 0.933507 0.908109
8.099999 0.936600 7.902800 0.931900 0.907800
8.200000 0.936126 7.903139 0.929528 0.907037
8.300000 0.936262 7.905044 0.928157 0.906844
8.400000 0.935500 7.906500 0.926100 0.907600
8.500000 0.935000 7.902400 0.924800 0.906700
8.599999 0.934807 7.902610 0.925207 0.905909
8.700000 0.934107 7.901210 0.923908 0.903810
8.800000 0.933313 7.899420 0.924515 0.903219
8.900000 0.933360 7.900941 0.925655 0.902041
9.000000 0.932366 7.901350 0.923662 0.902051
9.099999 0.931873 7.897859 0.923770 0.900560
9.200000 0.932873 7.897658 0.921969 0.899260
9.300000 0.933407 7.897511 0.920308 0.898910
9.400000 0.933013 7.897521 0.919216 0.898520
9.500000 0.932894 7.896545 0.916816 0.898043
9.599999 0.932441 7.897262 0.916250 0.898361
9.700000 0.931300 7.896199 0.914700 0.894600
9.800000 0.930779 7.897470 0.912274 0.894168
9.900000 0.929993 7.893690 0.910591 0.894589
10.000000 0.930200 7.894401 0.909700 0.890700
10.099999 0.929493 7.890189 0.908591 0.889289
10.200000 0.931079 7.893667 0.906972 0.886466
10.300000 0.931593 7.894490 0.905891 0.884788
10.400000 0.928757 7.878027 0.903742 0.880828
10.500000 0.930407 7.891710 0.904909 0.880312
10.599999 0.928814 7.879424 0.902819 0.878624
10.700000 0.930286 7.890378 0.902480 0.880276
10.800000 0.929793 7.889189 0.900590 0.877188
10.900000 0.929665 7.890846 0.900550 0.875638
11.000000 0.928300 7.888600 0.901000 0.875200
11.099999 0.927878 7.890167 0.898770 0.872962
11.200000 0.926363 7.878139 0.895248 0.870535
11.300000 0.927614 7.890322 0.896221 0.869026
11.400000 0.927500 7.890100 0.895600 0.868500
11.500000 0.927543 7.888567 0.892964 0.867579
11.599999 0.926956 7.882930 0.889534 0.866520
11.700000 0.926500 7.883000 0.887200 0.865500
11.800000 0.926456 7.885531 0.888033 0.867020
11.900000 0.923870 7.865047 0.884054 0.863345
12.000000 0.925378 7.884265 0.882265 0.861158
12.099999 0.924715 7.882523 0.881524 0.861628
12.200000 0.924400 7.883800 0.883900 0.861700
12.300000 0.921769 7.867547 0.879952 0.859944
12.400000 0.924092 7.882288 0.879988 0.860486
12.500000 0.924815 7.884823 0.878724 0.860628
12.599999 0.924308 7.885612 0.877912 0.858914
12.700000 0.923985 7.879776 0.876975 0.856471
12.799999 0.924993 7.886588 0.877088 0.857486
12.900000 0.924685 7.889078 0.875075 0.853571
13.000000 0.924070 7.877851 0.870748 0.851341
13.099999 0.925348 7.887721 0.870409 0.852096
13.200000 0.925893 7.885388 0.868087 0.850485
13.299999 0.925200 7.882900 0.868200 0.850600
13.400000 0.925870 7.887655 0.867947 0.852241
13.500000 0.923985 7.877275 0.864373 0.851570
13.599999 0.925633 7.886798 0.864478 0.852968
13.700000 0.925733 7.888000 0.862076 0.850966
13.799999 0.925207 7.889711 0.858814 0.847915
13.900000 0.924947 7.891724 0.854198 0.846392
14.000000 0.926000 7.892000 0.856200 0.845300
14.099999 0.925415 7.891522 0.855629 0.846031
14.200000 0.925578 7.890367 0.853156 0.845053
14.299999 0.923600 7.873400 0.851000 0.839100
14.400000 0.925600 7.891600 0.850700 0.842400
14.500000 0.927200 7.890900 0.850700 0.839900
14.599999 0.926907 7.890110 0.849215 0.836816
14.700000 0.926026 7.888188 0.848248 0.834234
14.799999 0.925870 7.880952 0.843137 0.829732
14.900000 0.926471 7.886654 0.841737 0.830432
15.000000 0.925970 7.886855 0.843237 0.828431
15.099999 0.925645 7.886768 0.843294 0.826904
15.200000 0.926215 7.888523 0.839332 0.826735
15.299999 0.925978 7.887065 0.838251 0.826448
15.400000 0.925422 7.887033 0.838948 0.824753
15.500000 0.923654 7.875926 0.836402 0.822293
15.599999 0.924708 7.884312 0.838116 0.823618
15.700000 0.923477 7.878463 0.835351 0.822647
15.799999 0.919552 7.852112 0.830098 0.817791
15.900000 0.921953 7.876726 0.830298 0.819592
16.000000 0.921992 7.876587 0.827183 0.819582
16.100000 0.921208 7.877012 0.827217 0.817518
16.199999 0.916783 7.846169 0.824165 0.810262
16.299999 0.920752 7.874024 0.825896 0.813888
16.400000 0.921300 7.875000 0.825200 0.811500
16.500000 0.919392 7.861386 0.819582 0.808981
16.600000 0.921663 7.875399 0.818245 0.810552
16.699999 0.921571 7.877710 0.814567 0.809272
16.799999 0.921200 7.876200 0.813300 0.809800
16.900000 0.920600 7.875900 0.813800 0.810600
17.000000 0.920947 7.875674 0.812113 0.811413
17.100000 0.911965 7.799520 0.802021 0.805422
17.199999 0.918692 7.861186 0.802480 0.808681
17.299999 0.920392 7.871087 0.802480 0.810081
17.400000 0.920016 7.871825 0.802939 0.809938
17.500000 0.920408 7.872213 0.798020 0.807219
17.600000 0.920284 7.871174 0.794259 0.807962
17.699999 0.918500 7.865700 0.794100 0.807700
17.799999 0.917242 7.866507 0.792955 0.806465
17.900000 0.916842 7.869308 0.793055 0.806565
18.000000 0.916200 7.869300 0.796800 0.804400
18.100000 0.914517 7.855129 0.797940 0.799540
18.199999 0.913100 7.847000 0.797900 0.800200
18.299999 0.914349 7.862317 0.796478 0.802481
18.400000 0.914083 7.861672 0.797159 0.803461
18.500000 0.914726 7.872638 0.794662 0.803059
18.600000 0.914500 7.872900 0.793000 0.803100
18.699999 0.913957 7.871235 0.789795 0.803202
18.799999 0.913491 7.871187 0.790079 0.805180
18.900000 0.913617 7.870626 0.792342 0.807638
19.000000 0.913457 7.870736 0.791096 0.802501
19.100000 0.914200 7.871800 0.788100 0.804500
19.199999 0.913617 7.870026 0.790442 0.804439
19.299999 0.911673 7.856857 0.790737 0.805041
19.400000 0.912917 7.868526 0.792242 0.806639
19.500000 0.912639 7.866607 0.791754 0.805964
19.600000 0.912774 7.867661 0.790037 0.804841
19.699999 0.912535 7.867352 0.792383 0.802879
19.799999 0.912700 7.868000 0.789300 0.800100
19.900000 0.910927 7.860842 0.790263 0.797961
20.000000 0.911721 7.868581 0.790111 0.797718
20.100000 0.909873 7.856957 0.790837 0.800540
20.199999 0.910482 7.864973 0.792358 0.798860
20.299999 0.910436 7.866754 0.791983 0.799180
20.400000 0.911726 7.869040 0.791263 0.795561
20.500000 0.912130 7.869195 0.792234 0.793935
20.600000 0.910319 7.861876 0.790612 0.793814
20.699999 0.911218 7.870426 0.792042 0.794241
20.799999 0.908599 7.844428 0.787767 0.788668
20.900000 0.911091 7.868886 0.789979 0.793079
21.000000 0.911191 7.860786 0.785979 0.794980
21.100000 0.912082 7.863573 0.787257 0.792659
21.199999 0.909064 7.844638 0.787415 0.789316
21.299999 0.910082 7.857371 0.790158 0.792458
21.400000 0.906772 7.837451 0.790037 0.792538
21.500000 0.909881 7.865121 0.791288 0.797982
21.600000 0.909890 7.865535 0.789810 0.797303
21.699999 0.910509 7.868814 0.790821 0.793621
21.799999 0.911291 7.870287 0.787479 0.796880
21.900000 0.910182 7.855871 0.784157 0.793259
22.000000 0.911000 7.869599 0.784800 0.792100
22.100000 0.909700 7.862400 0.783700 0.792600
22.199999 0.906781 7.849970 0.779556 0.791658
22.299999 0.908282 7.864073 0.778956 0.790458
22.400000 0.908600 7.866500 0.781000 0.792700
22.500000 0.908663 7.866647 0.778411 0.794418
22.600000 0.908509 7.858814 0.776722 0.792121
22.699999 0.907609 7.857314 0.778822 0.794221
22.799999 0.906191 7.848885 0.776278 0.791479
22.900000 0.907945 7.863118 0.775765 0.791575
23.000000 0.907709 7.861214 0.774123 0.790321
23.100000 0.906391 7.852285 0.774577 0.787179
23.199999 0.907337 7.862855 0.772391 0.783287
23.299999 0.904319 7.846930 0.771046 0.780644
23.400000 0.905328 7.861942 0.771968 0.781666
23.500000 0.905643 7.860716 0.773064 0.778767
23.600000 0.906172 7.860458 0.770931 0.781234
23.699999 0.905134 7.853998 0.764535 0.779446
23.799999 0.907181 7.861272 0.763153 0.777255
23.900000 0.907519 7.861527 0.763947 0.774045
24.000000 0.906791 7.861087 0.761776 0.774277
24.100000 0.906228 7.861541 0.763171 0.776867
24.199999 0.905509 7.862813 0.763624 0.776322
24.299999 0.905481 7.861973 0.761152 0.776055
24.400000 0.904000 7.858399 0.760400 0.773600
24.500000 0.904752 7.859130 0.758379 0.773487
24.600000 0.903900 7.852500 0.757700 0.771400
24.699999 0.904562 7.861144 0.756803 0.770808
24.799999 0.904010 7.861614 0.755624 0.770623
24.900000 0.903875 7.860819 0.754981 0.767598
25.000000 0.900970 7.844754 0.752426 0.767830
25.100000 0.901731 7.851997 0.752227 0.765236
25.199999 0.902271 7.857257 0.751425 0.763629
25.299999 0.900790 7.849685 0.750675 0.761776
25.400000 0.901449 7.855972 0.750525 0.759620
25.500000 0.901580 7.855271 0.750850 0.758552
25.599998 0.900560 7.852541 0.749900 0.759204
25.699999 0.900440 7.855158 0.752099 0.761895
25.799999 0.898439 7.843606 0.748549 0.759656
25.900000 0.899101 7.854146 0.749151 0.760839
26.000000 0.900210 7.855771 0.749875 0.757081
26.099998 0.901339 7.856557 0.747101 0.757097
26.199999 0.902661 7.856443 0.744598 0.756903
26.299999 0.902020 7.854730 0.744951 0.755049
26.400000 0.900760 7.851841 0.740696 0.753702
26.500000 0.900490 7.847584 0.737474 0.750275
26.599998 0.902420 7.851729 0.737453 0.747351
26.699999 0.902429 7.853244 0.734480 0.746476
26.799999 0.902100 7.855500 0.732900 0.748900
26.900000 0.903358 7.855986 0.733060 0.749250
27.000000 0.902800 7.855300 0.730600 0.749200
27.099998 0.901561 7.840636 0.731793 0.745598
27.199999 0.903490 7.856586 0.731473 0.749075
27.299999 0.903429 7.853844 0.728182 0.748076
27.400000 0.903090 7.852686 0.728873 0.745975
27.500000 0.901380 7.846069 0.727145 0.745549
27.599998 0.902180 7.850870 0.727245 0.743249
27.699999 0.902929 7.854544 0.724383 0.744477
27.799999 0.899770 7.836551 0.720216 0.742123
27.900000 0.901741 7.851611 0.719832 0.740945
28.000000 0.900990 7.846284 0.720572 0.738874
28.099998 0.899670 7.846654 0.719316 0.738522
28.199999 0.900910 7.853015 0.719128 0.737826
28.299999 0.900580 7.852871 0.717043 0.733347
28.400000 0.901080 7.853170 0.718744 0.736547
28.500000 0.900400 7.852200 0.714600 0.733200
28.599998 0.897800 7.837700 0.710100 0.730600
28.699999 0.900960 7.851440 0.708884 0.730892
28.799999 0.900410 7.849865 0.707337 0.727455
28.900000 0.900470 7.850055 0.706712 0.728619
29.000000 0.899110 7.842416 0.703230 0.724628
29.099998 0.900180 7.849470 0.702841 0.723845
29.199999 0.899970 7.848506 0.703907 0.724993
29.299999 0.899790 7.846484 0.701970 0.724872
29.400000 0.899920 7.846177 0.701862 0.723979
29.500000 0.897300 7.826600 0.697600 0.718600
29.599998 0.897390 7.831083 0.699870 0.717372
29.699999 0.898020 7.843231 0.700460 0.718256
29.799999 0.897871 7.841711 0.701209 0.717698
29.900000 0.898220 7.840732 0.698060 0.716357
30.000000 0.897559 7.838736 0.697579 0.717087
30.099998 0.897269 7.838952 0.697909 0.717815
30.199999 0.896379 7.840369 0.700440 0.719644
30.299999 0.896090 7.840284 0.698970 0.720472
30.400000 0.894768 7.831349 0.698109 0.720916
30.500000 0.894979 7.839468 0.694139 0.721644
30.599998 0.891889 7.816482 0.692169 0.723872
30.699999 0.893947 7.834918 0.693947 0.724062
30.799999 0.893668 7.835150 0.696809 0.723817
30.900000 0.893532 7.837849 0.697391 0.719984
31.000000 0.893279 7.834967 0.698540 0.720044
31.099998 0.893858 7.840235 0.699180 0.720788
31.199999 0.893900 7.839200 0.694900 0.718900
31.299999 0.892979 7.825365 0.694439 0.716943
31.400000 0.894668 7.839551 0.694708 0.716615
31.500000 0.891189 7.814281 0.693269 0.715672
31.599998 0.894268 7.835951 0.695009 0.718415
31.699999 0.893215 7.830665 0.695957 0.715572
31.799999 0.892911 7.836716 0.696130 0.717428
31.900000 0.891768 7.832350 0.695109 0.717615
32.000000 0.891378 7.833667 0.695939 0.716543
32.099998 0.891465 7.837398 0.693984 0.715771
32.200001 0.889978 7.834267 0.691238 0.716543
32.299999 0.889478 7.836667 0.691238 0.712242
32.399998 0.889589 7.836183 0.693869 0.710371
32.500000 0.889967 7.835551 0.692208 0.708112
32.599998 0.889789 7.835983 0.692269 0.710471
32.700001 0.889011 7.831617 0.693031 0.709929
32.799999 0.890700 7.836800 0.692500 0.708100
32.899998 0.890367 7.837651 0.693508 0.708012
33.000000 0.888278 7.830367 0.688338 0.705241
33.099998 0.888099 7.831148 0.684416 0.704634
33.200001 0.887800 7.835100 0.682000 0.705700
33.299999 0.887766 7.833350 0.681104 0.705712
33.399998 0.887021 7.830181 0.683278 0.702692
33.500000 0.887811 7.835517 0.680232 0.701030
33.599998 0.887266 7.831949 0.676503 0.698610
33.700001 0.888889 7.839384 0.678168 0.698070
33.799999 0.888700 7.838900 0.678000 0.698900
33.899998 0.889566 7.836298 0.675695 0.701679
34.000000 0.889778 7.836068 0.676135 0.698940
34.099998 0.887000 7.809800 0.674800 0.697900
34.200001 0.890078 7.835567 0.676635 0.699240
34.299999 0.889100 7.825800 0.676200 0.698000
34.399998 0.890166 7.837798 0.676394 0.693684
34.500000 0.888667 7.834150 0.672402 0.693108
34.599998 0.888967 7.836951 0.673902 0.692208
34.700001 0.887389 7.823383 0.669167 0.686469
34.799999 0.888944 7.827514 0.668534 0.686143
34.899998 0.889122 7.832933 0.668866 0.685963
35.000000 0.889089 7.834084 0.665967 0.686869
35.099998 0.889489 7.834084 0.666167 0.685669
35.200001 0.889045 7.834718 0.663932 0.684442
35.299999 0.888589 7.824082 0.667567 0.681668
35.399998 0.888778 7.828465 0.665233 0.679936
35.500000 0.889100 7.835599 0.662500 0.681600
35.599998 0.888689 7.823682 0.658166 0.677468
35.700001 0.886409 7.811850 0.654824 0.673639
35.799999 0.889501 7.837053 0.655390 0.678310
35.899998 0.890600 7.837400 0.657800 0.674400
36.000000 0.891897 7.837247 0.658507 0.671296
36.099998 0.891565 7.836198 0.656806 0.669998
36.200001 0.891257 7.838135 0.658663 0.669968
36.299999 0.889678 7.829267 0.658532 0.669834
36.399998 0.889945 7.836618 0.655828 0.666233
36.500000 0.885277 7.802960 0.653731 0.663033
36.599998 0.889178 7.829966 0.652230 0.663433
36.700001 0.890111 7.839316 0.653935 0.661534
36.799999 0.890687 7.840127 0.651779 0.662670
36.899998 0.891154 7.840879 0.652974 0.657071
37.000000 0.890589 7.834183 0.651065 0.655766
37.099998 0.890455 7.835482 0.652374 0.655772
37.200001 0.890044 7.834566 0.651539 0.654938
37.299999 0.888689 7.828283 0.653065 0.651865
37.399998 0.890089 7.833084 0.653865 0.651465
37.500000 0.888589 7.822482 0.653765 0.648165
37.599998 0.889356 7.830432 0.651761 0.646459
37.700001 0.887878 7.822965 0.649330 0.643329
37.799999 0.888389 7.832983 0.646965 0.643264
37.899998 0.887411 7.834416 0.646635 0.643736
38.000000 0.887523 7.833733 0.643871 0.642771
38.099998 0.887578 7.834267 0.642829 0.644029
38.200001 0.886134 7.831650 0.642707 0.645106
38.299999 0.883830 7.813988 0.643386 0.643486
38.399998 0.885389 7.827382 0.643664 0.645965
38.500000 0.884754 7.816126 0.640056 0.644758
38.599998 0.885823 7.826235 0.635973 0.645371
38.700001 0.886134 7.827252 0.634110 0.646806
38.799999 0.886377 7.825565 0.628426 0.647429
38.899998 0.887176 7.822906 0.622885 0.651016
39.000000 0.887510 7.823359 0.625200 0.651121
39.099998 0.887421 7.824477 0.624937 0.652157
39.200001 0.887189 7.824683 0.624862 0.652665
39.299999 0.886945 7.823771 0.623950 0.655338
39.399998 0.883342 7.799901 0.619510 0.648524
39.500000 0.886623 7.823035 0.623375 0.646471
39.599998 0.885077 7.815663 0.620724 0.643829
39.700001 0.886934 7.826252 0.621913 0.643707
39.799999 0.886143 7.822311 0.623212 0.644522
39.899998 0.886089 7.818282 0.625963 0.641464
40.000000 0.885500 7.810000 0.630500 0.641600
40.099998 0.884777 7.808762 0.626625 0.636827
40.200001 0.887356 7.824988 0.629985 0.638881
40.299999 0.887456 7.825288 0.625987 0.642479
40.399998 0.887211 7.826117 0.626537 0.643536
40.500000 0.886911 7.827218 0.621938 0.640936
40.599998 0.886566 7.823748 0.619986 0.643493
40.700001 0.888111 7.827617 0.621138 0.644336
40.799999 0.887066 7.819246 0.622287 0.639692
40.899998 0.888522 7.823735 0.623575 0.639172
41.000000 0.888633 7.822392 0.622774 0.636182
41.099998 0.888189 7.812781 0.618962 0.637164
41.200001 0.888544 7.822351 0.619267 0.640096
41.299999 0.889045 7.830315 0.619510 0.640320
41.399998 0.889256 7.832533 0.621549 0.638455
41.500000 0.888567 7.825848 0.621787 0.639692
41.599998 0.890311 7.832717 0.620138 0.639236
41.700001 0.889334 7.830298 0.617871 0.637783
41.799999 0.889422 7.829834 0.620476 0.638872
41.899998 0.890611 7.832417 0.621838 0.638936
42.000000 0.890878 7.833367 0.623925 0.637528
42.099998 0.888744 7.826014 0.624312 0.636818
42.200001 0.887478 7.809562 0.621824 0.633927
42.299999 0.891411 7.833217 0.624138 0.633637
42.399998 0.891100 7.833700 0.624200 0.629500
42.500000 0.891581 7.833517 0.626789 0.628792
42.599998 0.891346 7.835618 0.626413 0.630215
42.700001 0.889789 7.825983 0.620962 0.627963
42.799999 0.891189 7.838584 0.622662 0.629563
42.899998 0.889700 7.834700 0.623900 0.631200
43.000000 0.887989 7.822682 0.617462 0.632763
43.099998 0.888911 7.835217 0.616938 0.635237
43.200001 0.888645 7.836365 0.614354 0.632347
43.299999 0.889311 7.837016 0.610639 0.636636
43.399998 0.890500 7.838500 0.614800 0.634000
43.500000 0.890078 7.837267 0.614923 0.631326
43.599998 0.890478 7.837568 0.613923 0.627025
43.700001 0.891711 7.839816 0.613039 0.625337
43.799999 0.891881 7.840724 0.611673 0.620483
43.899998 0.891989 7.839784 0.612661 0.618662
44.000000 0.891067 7.839452 0.610683 0.616485
44.099998 0.891911 7.839416 0.610439 0.614938
44.200001 0.890789 7.834484 0.607161 0.617562
44.299999 0.889978 7.836267 0.602921 0.616323
44.399998 0.886743 7.812407 0.602601 0.615708
44.500000 0.888911 7.833516 0.602540 0.615039
44.599998 0.888278 7.831767 0.604921 0.610922
44.700001 0.887700 7.830900 0.607600 0.613200
44.799999 0.887789 7.831983 0.608461 0.613961
44.899998 0.887621 7.831983 0.609327 0.610327
45.000000 0.886366 7.822947 0.607582 0.610383
45.099998 0.887089 7.830082 0.604860 0.610561
45.200001 0.882588 7.797280 0.602160 0.610061
45.299999 0.886777 7.830966 0.603721 0.610522
45.399998 0.886034 7.831750 0.605418 0.609417
45.500000 0.885277 7.828466 0.605821 0.608022
45.599998 0.885946 7.832767 0.605058 0.605258
45.700001 0.882677 7.811462 0.604821 0.601720
45.799999 0.884688 7.829383 0.606161 0.599060
45.899998 0.884677 7.830166 0.607622 0.599220
46.000000 0.884854 7.831533 0.608043 0.599240
46.099998 0.885246 7.832367 0.607657 0.600960
46.200001 0.883788 7.816381 0.604360 0.599660
46.299999 0.881976 7.807262 0.602421 0.599620
46.399998 0.882577 7.821164 0.600320 0.599020
46.500000 0.884550 7.830179 0.604386 0.601182
46.599998 0.884000 7.829800 0.603700 0.604300
46.700001 0.884600 7.828000 0.605200 0.602000
46.799999 0.883900 7.823200 0.602400 0.598100
46.899998 0.884777 7.827665 0.603221 0.596719
47.000000 0.885677 7.826865 0.601520 0.595519
47.099998 0.886468 7.827904 0.600340 0.596942
47.200001 0.886745 7.827469 0.598960 0.596561
47.299999 0.887355 7.827631 0.598940 0.598940
47.399998 0.887722 7.827734 0.603279 0.598480
47.500000 0.887534 7.827052 0.601719 0.600220
47.599998 0.887911 7.826218 0.599840 0.603540
47.700001 0.887889 7.824583 0.599160 0.599860
47.799999 0.887555 7.823529 0.599240 0.601841
47.899998 0.884965 7.807942 0.597579 0.603381
48.000000 0.884531 7.812288 0.600360 0.599860
48.099998 0.886411 7.821618 0.599740 0.600440
48.200001 0.884865 7.814845 0.594979 0.599880
48.299999 0.885146 7.820572 0.595762 0.595862
48.399998 0.885123 7.819636 0.594181 0.595281
48.500000 0.882777 7.805561 0.587818 0.595919
48.599998 0.882218 7.814070 0.584609 0.594016
48.700001 0.884588 7.823183 0.583558 0.593259
48.799999 0.884088 7.819282 0.581658 0.593959
48.899998 0.882853 7.811625 0.582633 0.590536
49.000000 0.884100 7.813800 0.581600 0.588200
49.099998 0.881888 7.804381 0.580158 0.587859
49.200001 0.883218 7.813670 0.577204 0.586410
49.299999 0.884512 7.818018 0.578042 0.587941
49.399998 0.884088 7.815882 0.578158 0.587559
49.500000 0.884100 7.814800 0.575600 0.585000
49.599998 0.882912 7.814219 0.573943 0.586641
49.700001 0.883558 7.817891 0.573713 0.582809
49.799999 0.880392 7.799619 0.572015 0.578921
49.899998 0.883347 7.818772 0.574470 0.580068
50.000000 0.883077 7.817463 0.576115 0.584217
50.099998 0.883030 7.815890 0.570943 0.578747
50.200001 0.883577 7.816663 0.574515 0.579116
50.299999 0.882988 7.814181 0.572157 0.578358
50.399998 0.881112 7.800920 0.567343 0.572343
50.500000 0.882912 7.816518 0.566143 0.573043
50.599998 0.882212 7.817318 0.566243 0.572343
50.700001 0.882429 7.816390 0.566240 0.572043
50.799999 0.882188 7.817382 0.559356 0.573557
50.899998 0.883365 7.817846 0.557167 0.573572
51.000000 0.881700 7.798700 0.554100 0.572800
51.099998 0.875238 7.757078 0.550375 0.569085
51.199997 0.881500 7.820600 0.551700 0.574300
51.299999 0.882088 7.817982 0.551455 0.573957
51.399998 0.880952 7.817627 0.550820 0.573830
51.500000 0.881976 7.820165 0.551610 0.572014
51.599998 0.881088 7.812481 0.551655 0.569057
51.699997 0.881541 7.811506 0.548975 0.568584
51.799999 0.882770 7.826304 0.552169 0.571357
51.899998 0.881700 7.811500 0.552400 0.565800
52.000000 0.883600 7.824200 0.556500 0.567100
52.099998 0.881400 7.817800 0.553200 0.563200
52.199997 0.881536 7.820454 0.553434 0.564331
52.299999 0.882035 7.820354 0.550535 0.564131
52.399998 0.882488 7.818182 0.551855 0.562256
52.500000 0.883388 7.820382 0.551555 0.561156
52.599998 0.883188 7.818582 0.546555 0.561356
52.699997 0.880628 7.804783 0.545928 0.564138
52.799999 0.881164 7.810443 0.545464 0.566070
52.899998 0.882000 7.818400 0.546300 0.565800
53.000000 0.879720 7.803205 0.544617 0.562844
53.099998 0.882288 7.817682 0.542354 0.562556
53.199997 0.883488 7.817782 0.541154 0.564356
53.299999 0.883312 7.816218 0.544646 0.563644
53.399998 0.883153 7.816226 0.543117 0.565426
53.500000 0.881665 7.807843 0.544663 0.565470
53.599998 0.881500 7.814500 0.542900 0.565600
53.699997 0.880440 7.812506 0.539870 0.565983
53.799999 0.880817 7.815572 0.539378 0.566096
53.899998 0.881324 7.815937 0.534093 0.565687
54.000000 0.880252 7.815426 0.535314 0.561325
54.099998 0.881547 7.818373 0.538185 0.561575
54.199997 0.881976 7.819064 0.538808 0.560512
54.299999 0.882188 7.818282 0.538054 0.559456
54.399998 0.882300 7.817201 0.539800 0.557800
54.500000 0.883305 7.816665 0.540014 0.551703
54.599998 0.881188 7.801480 0.538554 0.550955
54.699997 0.882977 7.813163 0.539108 0.548810
54.799999 0.883000 7.815600 0.537900 0.548900
54.899998 0.883123 7.818037 0.541392 0.546991
55.000000 0.882500 7.818500 0.542300 0.549000
55.099998 0.881988 7.820082 0.541754 0.553255
55.199997 0.881124 7.816236 0.542092 0.551690
55.299999 0.881800 7.820200 0.539700 0.552200
55.399998 0.880588 7.819383 0.539254 0.552955
55.500000 0.882112 7.824418 0.537146 0.556744
55.599998 0.882553 7.827130 0.538815 0.551521
55.699997 0.882088 7.826882 0.541354 0.550355
55.799999 0.881847 7.826270 0.539884 0.550880
55.899998 0.881429 7.825395 0.543226 0.547529
56.000000 0.882365 7.825347 0.543063 0.549965
56.099998 0.880840 7.815207 0.540971 0.550475
56.199997 0.881300 7.824700 0.541100 0.550800
56.299999 0.881976 7.827765 0.544309 0.551010
56.399998 0.879255 7.807068 0.545154 0.551061
56.500000 0.879479 7.809609 0.547848 0.552352
56.599998 0.880188 7.818181 0.549655 0.552155
56.699997 0.881564 7.824147 0.553166 0.552466
56.799999 0.880512 7.821218 0.552645 0.553945
56.899998 0.882112 7.824518 0.550745 0.553945
57.000000 0.881988 7.817282 0.549155 0.554055
57.099998 0.883065 7.822447 0.548865 0.552966
57.199997 0.881976 7.812462 0.548410 0.550910
57.299999 0.884000 7.820600 0.545800 0.554400
57.399998 0.882612 7.809719 0.544546 0.553745
57.500000 0.884058 7.823789 0.541829 0.555022
57.599998 0.885211 7.823418 0.540246 0.558044
57.699997 0.884619 7.818974 0.536776 0.557490
57.799999 0.884688 7.821982 0.539354 0.559856
57.899998 0.883970 7.819708 0.537577 0.561063
58.000000 0.883500 7.818600 0.536000 0.559600
58.099998 0.884112 7.819918 0.537346 0.560544
58.199997 0.885035 7.819254 0.534240 0.562231
58.299999 0.883188 7.803981 0.530953 0.560956
58.399998 0.881741 7.799500 0.529165 0.558079
58.500000 0.885211 7.819518 0.531847 0.558144
58.599998 0.884665 7.822046 0.536661 0.554466
58.699997 0.885369 7.823706 0.537877 0.553668
58.799999 0.885157 7.825287 0.537631 0.549325
58.899998 0.886232 7.828697 0.536722 0.550030
59.000000 0.885500 7.825700 0.538200 0.546800
59.099998 0.884842 7.825212 0.534967 0.541771
59.199997 0.885857 7.824888 0.533733 0.540330
59.299999 0.886700 7.812100 0.527600 0.537700
59.399998 0.889489 7.824482 0.524452 0.535454
59.500000 0.890866 7.827403 0.519788 0.535679
59.599998 0.890255 7.829185 0.517941 0.536932
59.699997 0.890733 7.831151 0.519144 0.537239
59.799999 0.892100 7.833001 0.516500 0.533800
59.899998 0.893611 7.833517 0.515948 0.531047
60.000000 0.891578 7.820364 0.514403 0.531406
60.099998 0.892821 7.832034 0.511998 0.530594
60.199997 0.892500 7.830699 0.511500 0.531000
60.299999 0.893911 7.829417 0.514249 0.528847
60.399998 0.894458 7.828231 0.509704 0.526511
60.500000 0.893747 7.824812 0.506153 0.524162
60.599998 0.894911 7.829717 0.504650 0.525647
60.699997 0.894511 7.829017 0.503250 0.525747
60.799999 0.894600 7.823200 0.504700 0.525900
60.899998 0.894926 7.827479 0.505254 0.523566
61.000000 0.895221 7.827334 0.507399 0.521696
61.099998 0.894642 7.827269 0.510496 0.523491
61.199997 0.895300 7.828900 0.510100 0.523300
61.299999 0.895190 7.827582 0.509051 0.525453
61.399998 0.895221 7.829834 0.509898 0.523795
61.500000 0.894931 7.828351 0.510947 0.523943
61.599998 0.894732 7.831650 0.506848 0.520644
61.699997 0.891846 7.813306 0.504952 0.516758
61.799999 0.892489 7.822382 0.506951 0.516152
61.899998 0.893343 7.829369 0.507197 0.517493
62.000000 0.892157 7.825330 0.507203 0.516407
62.099998 0.892636 7.827197 0.509105 0.518511
62.199997 0.892378 7.829766 0.507201 0.518104
62.299999 0.891800 7.829401 0.503700 0.517100
62.399998 0.889089 7.808581 0.500250 0.515752
62.500000 0.888767 7.806768 0.500501 0.516920
62.599998 0.890711 7.825118 0.501250 0.516748
62.699997 0.890300 7.822900 0.500900 0.517000
62.799999 0.891244 7.824571 0.498701 0.515894
62.899998 0.890611 7.823918 0.498450 0.513849
63.000000 0.890867 7.823447 0.497549 0.511653
63.099998 0.890567 7.822547 0.498650 0.511753
63.199997 0.888089 7.801080 0.494349 0.509851
63.299999 0.891011 7.819118 0.492951 0.511049
63.399998 0.892300 7.819700 0.494000 0.512500
63.500000 0.890378 7.810262 0.488898 0.512302
63.599998 0.890611 7.818418 0.489551 0.510749
63.699997 0.891978 7.822764 0.491498 0.508202
63.799999 0.892400 7.824400 0.490700 0.507800
63.899998 0.891968 7.825848 0.487146 0.511353
64.000000 0.892100 7.826200 0.488000 0.508200
64.099998 0.890956 7.819027 0.488996 0.507203
64.199997 0.891989 7.824082 0.488849 0.506451
64.299995 0.892122 7.825434 0.488002 0.508498
64.400002 0.891511 7.822918 0.485151 0.510449
64.500000 0.892030 7.824910 0.484618 0.510587
64.599998 0.891322 7.823835 0.478104 0.513297
64.699997 0.891643 7.826169 0.478009 0.512495
64.799995 0.890700 7.814300 0.473900 0.511100
64.900002 0.892489 7.816682 0.473547 0.513851
65.000000 0.891646 7.818109 0.474037 0.511356
65.099998 0.891156 7.815426 0.468788 0.514106
65.199997 0.886109 7.781325 0.460869 0.513811
65.299995 0.890078 7.818364 0.462593 0.516203
65.400002 0.889400 7.816801 0.460200 0.516700
65.500000 0.889389 7.818082 0.454845 0.519652
65.599998 0.889367 7.818946 0.455037 0.520156
65.699997 0.888978 7.819526 0.449685 0.521135
65.799995 0.887989 7.820582 0.448245 0.523152
65.900002 0.888433 7.821354 0.448865 0.526142
66.000000 0.889178 7.822764 0.445289 0.528206
66.099998 0.888700 7.822000 0.445500 0.528300
66.199997 0.887189 7.819082 0.438844 0.528553
66.299995 0.888689 7.824482 0.442044 0.530353
66.400002 0.888600 7.822500 0.439100 0.529400
66.500000 0.889712 7.825761 0.439552 0.527822
66.599998 0.891011 7.825717 0.439156 0.526647
66.699997 0.891443 7.826669 0.436925 0.521391
66.799995 0.891000 7.828700 0.439500 0.525600
66.900002 0.892289 7.828584 0.437844 0.520152
67.000000 0.892403 7.828846 0.436893 0.521569
67.099998 0.893000 7.829400 0.440100 0.520900
67.199997 0.892568 7.816745 0.437831 0.521556
67.299995 0.893100 7.827900 0.438100 0.520600
67.400002 0.890600 7.814200 0.433800 0.514100
67.500000 0.891013 7.811950 0.433947 0.514412
67.599998 0.892022 7.824835 0.433713 0.517297
67.699997 0.892579 7.823765 0.431686 0.520204
67.799995 0.890644 7.814974 0.429528 0.516393
67.900002 0.891178 7.824265 0.430186 0.518604
68.000000 0.891978 7.826265 0.426785 0.521104
68.099998 0.892046 7.822811 0.427514 0.520260
68.199997 0.890611 7.813619 0.423958 0.514149
68.299995 0.890909 7.826174 0.426474 0.513187
68.400002 0.890822 7.824935 0.423915 0.513797
68.500000 0.890256 7.822829 0.423569 0.514506
68.599998 0.890222 7.824435 0.420616 0.517796
68.699997 0.889078 7.814963 0.418584 0.516003
68.799995 0.891267 7.826148 0.421326 0.515455
68.900002 0.891800 7.827001 0.423300 0.512500
69.000000 0.890422 7.819336 0.423915 0.512398
69.099998 0.890900 7.827700 0.421800 0.509300
69.199997 0.890300 7.822100 0.419000 0.510000
69.299995 0.889411 7.821518 0.417358 0.508949
69.400002 0.890379 7.827610 0.417559 0.511262
69.500000 0.890200 7.825400 0.420800 0.508700
69.599998 0.888822 7.824834 0.421516 0.507199
69.699997 0.889378 7.825465 0.419284 0.505601
69.799995 0.889666 7.825604 0.423546 0.506696
69.900002 0.890634 7.825795 0.424355 0.506504
70.000000 0.890744 7.826669 0.425430 0.507497
70.099998 0.891022 7.825735 0.424815 0.506299
70.199997 0.891122 7.826735 0.423015 0.506199
70.299995 0.891200 7.826900 0.425000 0.503300
70.400002 0.890355 7.827486 0.427386 0.505048
70.500000 0.888733 7.818992 0.428957 0.507204
70.599998 0.887066 7.811644 0.425828 0.508553
70.699997 0.889333 7.826952 0.425672 0.506948
70.799995 0.886000 7.802500 0.425800 0.507600
70.900002 0.888044 7.825512 0.427614 0.510655
71.000000 0.888055 7.823329 0.423669 0.507903
71.099998 0.889011 7.823617 0.418558 0.512049
71.199997 0.887834 7.821254 0.417775 0.512846
71.299995 0.888100 7.822900 0.416900 0.518800
71.400002 0.888856 7.824730 0.411565 0.522909
71.500000 0.888511 7.817518 0.408659 0.517848
71.599998 0.888811 7.829817 0.406059 0.517448
71.699997 0.888600 7.830299 0.404900 0.518900
71.799995 0.889333 7.832251 0.408577 0.520144
71.900002 0.889289 7.832483 0.407141 0.522952
72.000000 0.890122 7.833633 0.410118 0.521796
72.099998 0.890445 7.833417 0.407304 0.520961
72.199997 0.889667 7.830749 0.403821 0.518055
72.299995 0.889745 7.832817 0.403402 0.517959
72.400002 0.891033 7.833251 0.403479 0.518844
72.500000 0.891722 7.833833 0.405619 0.520996
72.599998 0.891454 7.833283 0.402799 0.524438
72.699997 0.891311 7.833017 0.400260 0.524548
72.799995 0.891689 7.831783 0.400640 0.524052
72.900002 0.891354 7.833283 0.399400 0.525237
73.000000 0.892668 7.834350 0.398620 0.523257
73.099998 0.892779 7.833166 0.399280 0.524005
73.199997 0.892721 7.833734 0.401720 0.520896
73.299995 0.893300 7.831699 0.396100 0.526000
73.400002 0.893611 7.832917 0.392161 0.527847
73.500000 0.894800 7.835001 0.390400 0.527700
73.599998 0.895052 7.834883 0.390005 0.524638
73.699997 0.894558 7.829132 0.390556 0.522609
73.799995 0.895258 7.832533 0.390556 0.525010
73.900002 0.894942 7.833766 0.391144 0.523790
74.000000 0.894558 7.829332 0.389156 0.524910
74.099998 0.896000 7.836200 0.390000 0.523800
74.199997 0.896410 7.835417 0.387361 0.521148
74.299995 0.896341 7.834666 0.391643 0.520592
74.400002 0.896669 7.838151 0.393718 0.521556
74.500000 0.897010 7.838016 0.392361 0.519348
74.599998 0.895969 7.830649 0.395119 0.518255
74.699997 0.896310 7.838916 0.394761 0.518148
74.799995 0.896700 7.835700 0.394800 0.520200
74.900002 0.897841 7.840663 0.393443 0.519492
75.000000 0.899080 7.841068 0.394779 0.517303
75.099998 0.898800 7.843400 0.394000 0.517200
75.199997 0.899190 7.843384 0.394439 0.514451
75.299995 0.898800 7.841200 0.393300 0.509600
75.400002 0.899070 7.842953 0.392218 0.510653
75.500000 0.898600 7.844100 0.390000 0.512000
75.599998 0.897951 7.844778 0.389105 0.511344
75.699997 0.894315 7.818955 0.386009 0.508006
75.799995 0.896341 7.844462 0.383846 0.505698
75.900002 0.897079 7.844769 0.384977 0.504701
76.000000 0.897210 7.843816 0.386661 0.501050
76.099998 0.897249 7.842921 0.390095 0.501651
76.199997 0.898131 7.844647 0.388483 0.500550
76.299995 0.898791 7.848237 0.388850 0.500350
76.400002 0.898920 7.847830 0.389922 0.499100
76.500000 0.898520 7.848330 0.389922 0.499500
76.599998 0.898590 7.848886 0.388839 0.495750
76.699997 0.899170 7.848454 0.385216 0.500050
76.799995 0.899690 7.846885 0.382138 0.501850
76.900002 0.900300 7.849350 0.380120 0.500999
77.000000 0.900190 7.849585 0.378838 0.499550
77.099998 0.900210 7.841516 0.375762 0.498850
77.199997 0.900930 7.846946 0.374188 0.495051
77.299995 0.901380 7.849170 0.376275 0.492298
77.400002 0.899720 7.835033 0.375125 0.489802
77.500000 0.901888 7.850135 0.374663 0.491657
77.599998 0.900791 7.839924 0.375613 0.494043
77.699997 0.901720 7.846130 0.378024 0.492901
77.799995 0.900670 7.840252 0.380014 0.491848
77.900002 0.900980 7.847569 0.378376 0.492699
78.000000 0.901020 7.845631 0.380424 0.492601
78.099998 0.901200 7.845000 0.379000 0.490100
78.199997 0.897690 7.820182 0.377038 0.489349
78.299995 0.900910 7.842716 0.379162 0.495750
78.400002 0.901579 7.842126 0.379297 0.495803
78.500000 0.901710 7.844816 0.378962 0.492951
78.599998 0.902561 7.842637 0.375350 0.490196
78.699997 0.902642 7.843606 0.374725 0.486292
78.799995 0.903229 7.843247 0.377387 0.487454
78.900002 0.903419 7.844831 0.379824 0.483403
79.000000 0.902600 7.833800 0.382900 0.482200
79.099998 0.903410 7.844516 0.385062 0.478952
79.199997 0.901771 7.833350 0.384915 0.478444
79.299995 0.901880 7.825565 0.385777 0.478996
79.400002 0.902858 7.844193 0.388567 0.478613
79.500000 0.902029 7.843448 0.387884 0.478556
79.599998 0.901100 7.839000 0.383900 0.483300
79.699997 0.901100 7.843100 0.384900 0.481500
79.799995 0.896679 7.816463 0.383777 0.475095
79.900002 0.899880 7.842469 0.383777 0.478896
80.000000 0.899530 7.844846 0.383885 0.478956
80.099998 0.898780 7.843468 0.386777 0.472795
80.199997 0.898110 7.844415 0.381262 0.469353
80.299995 0.897069 7.841152 0.380614 0.465540
80.400002 0.897849 7.844422 0.376688 0.469935
80.500000 0.898200 7.844100 0.371700 0.470200
80.599998 0.894579 7.822464 0.371574 0.471794
80.699997 0.898269 7.841853 0.370511 0.473142
80.799995 0.897400 7.838300 0.370100 0.468600
80.900002 0.898400 7.838500 0.370900 0.470400
81.000000 0.898810 7.840716 0.371863 0.468753
81.099998 0.899710 7.841716 0.371263 0.467753
81.199997 0.899061 7.842094 0.371377 0.464421
81.299995 0.900360 7.844838 0.369548 0.462485
81.400002 0.901969 7.846608 0.372739 0.458679
81.500000 0.900450 7.833917 0.374687 0.458729
81.599998 0.901149 7.844177 0.373913 0.460670
81.699997 0.900740 7.843463 0.371651 0.460416
81.799995 0.900300 7.839600 0.370300 0.461100
81.900002 0.901321 7.847377 0.370797 0.459267
82.000000 0.901600 7.848300 0.370200 0.463300
82.099998 0.900530 7.844491 0.368858 0.462724
82.199997 0.901461 7.847539 0.371849 0.463485
82.299995 0.902080 7.847769 0.374875 0.463193
82.400002 0.902390 7.846685 0.373437 0.459446
82.500000 0.903310 7.846516 0.369663 0.457954
82.599998 0.903010 7.845615 0.372363 0.459354
82.699997 0.901771 7.836651 0.370611 0.456037
82.799995 0.902300 7.845000 0.372500 0.459400
82.900002 0.901480 7.843369 0.372775 0.462993
83.000000 0.901480 7.843769 0.372875 0.463093
83.099998 0.901200 7.844500 0.377500 0.464300
83.199997 0.900300 7.834200 0.378600 0.465600
83.299995 0.902210 7.847415 0.377362 0.465753
83.400002 0.902439 7.845761 0.376849 0.463914
83.500000 0.901080 7.836368 0.376875 0.465693
83.599998 0.902159 7.844093 0.377474 0.461223
83.699997 0.902420 7.844431 0.376825 0.460308
83.799995 0.901290 7.844784 0.379938 0.457646
83.900002 0.900710 7.844416 0.380462 0.455654
84.000000 0.900540 7.846162 0.379948 0.454718
84.099998 0.898520 7.828535 0.384523 0.450710
84.199997 0.900110 7.843415 0.382462 0.447655
84.299995 0.899090 7.842384 0.379338 0.442144
84.400002 0.899580 7.843769 0.379476 0.445189
84.500000 0.900710 7.843016 0.378262 0.446655
84.599998 0.900090 7.841884 0.378038 0.447445
84.699997 0.900450 7.842121 0.376388 0.448124
84.799995 0.900070 7.839653 0.375713 0.445034
84.900002 0.900520 7.841732 0.378424 0.444311
85.000000 0.900540 7.841705 0.379828 0.446368
85.099998 0.900710 7.840415 0.380262 0.448755
85.199997 0.899860 7.837735 0.377751 0.451180
85.299995 0.899420 7.839032 0.380924 0.453609
85.400002 0.899400 7.836000 0.382500 0.452700
85.500000 0.899210 7.834917 0.381962 0.451255
85.599998 0.898090 7.831083 0.380638 0.450145
85.699997 0.897600 7.832200 0.381600 0.454500
85.799995 0.897510 7.835016 0.384462 0.456454
85.900002 0.897569 7.831349 0.383215 0.453236
86.000000 0.898090 7.836384 0.383238 0.450745
86.099998 0.898950 7.837419 0.384592 0.448224
86.199997 0.899720 7.839432 0.385523 0.449010
86.299995 0.900610 7.839916 0.382262 0.449755
86.400002 0.900550 7.838719 0.384292 0.448324
86.500000 0.901031 7.842790 0.380066 0.445912
86.599998 0.901070 7.841352 0.376213 0.444233
86.699997 0.901400 7.839400 0.375300 0.441500
86.799995 0.900880 7.839968 0.368874 0.437187
86.900002 0.902000 7.842700 0.368800 0.434700
87.000000 0.901810 7.841316 0.366363 0.432057
87.099998 0.899429 7.832415 0.367725 0.429230
87.199997 0.900020 7.832566 0.373899 0.431645
87.299995 0.901020 7.838432 0.368826 0.430414
87.400002 0.897710 7.823718 0.364064 0.430757
87.500000 0.899820 7.838632 0.370226 0.433513
87.599998 0.898830 7.837049 0.366890 0.433470
87.699997 0.899310 7.838116 0.368263 0.434357
87.799995 0.898890 7.838483 0.367937 0.431443
87.900002 0.898459 7.839636 0.370448 0.429972
88.000000 0.897731 7.839748 0.369489 0.428371
88.099998 0.897839 7.838403 0.365619 0.426356
88.199997 0.898920 7.839832 0.367427 0.430614
88.299995 0.897287 7.829112 0.365302 0.426970
88.400002 0.898980 7.840168 0.363673 0.424385
88.500000 0.899209 7.841458 0.369232 0.425083
88.599998 0.899090 7.843384 0.368237 0.429643
88.699997 0.899340 7.842206 0.370022 0.430258
88.799995 0.898820 7.842731 0.365327 0.428914
88.900002 0.899050 7.844178 0.364818 0.428386
89.000000 0.895800 7.815400 0.362100 0.425300
89.099998 0.897279 7.827265 0.364273 0.427586
89.199997 0.897590 7.829382 0.366937 0.427243
89.299995 0.899410 7.836517 0.364464 0.426657
89.400002 0.899150 7.834618 0.360680 0.426813
89.500000 0.898960 7.834434 0.359544 0.429472
89.599998 0.898799 7.836837 0.362362 0.424324
89.699997 0.898600 7.836000 0.363300 0.422900
89.799995 0.900320 7.838033 0.362727 0.425215
89.900002 0.900000 7.837300 0.361400 0.420700
90.000000 0.898649 7.833117 0.366083 0.422711
90.099998 0.898430 7.837149 0.367590 0.423973
90.199997 0.895979 7.818364 0.366273 0.421384
90.299995 0.898220 7.838633 0.363327 0.421016
90.400002 0.897790 7.840584 0.362336 0.423242
90.500000 0.897231 7.840347 0.364291 0.421274
90.599998 0.896548 7.840020 0.364182 0.421511
90.699997 0.896741 7.841064 0.361655 0.422331
90.799995 0.896469 7.839752 0.359808 0.424227
90.900002 0.897000 7.841001 0.360200 0.423700
91.000000 0.895090 7.825382 0.357536 0.426043
91.099998 0.893647 7.822511 0.356078 0.428414
91.199997 0.896196 7.842342 0.353654 0.428328
91.299995 0.895000 7.836900 0.351600 0.424700
91.400002 0.896314 7.842673 0.352412 0.424333
91.500000 0.896559 7.842837 0.351841 0.426170
91.599998 0.895990 7.837284 0.351135 0.428043
91.699997 0.896831 7.841548 0.353894 0.428371
91.799995 0.896169 7.835251 0.352406 0.429829
91.900002 0.896931 7.845247 0.353194 0.429471
92.000000 0.897418 7.841673 0.349079 0.430144
92.099998 0.898000 7.845800 0.348400 0.432500
92.199997 0.899590 7.845784 0.349535 0.431843
92.299995 0.900000 7.844744 0.350050 0.427528
92.400002 0.901080 7.846469 0.352370 0.426985
92.500000 0.899139 7.833000 0.351811 0.422253
92.599998 0.900080 7.844269 0.349570 0.421984
92.699997 0.897290 7.824983 0.348335 0.421342
92.799995 0.899620 7.842632 0.348330 0.426915
92.900002 0.898880 7.836567 0.349570 0.425085
93.000000 0.899209 7.843159 0.345911 0.429086
93.099998 0.898990 7.841484 0.344534 0.426543
93.199997 0.900130 7.845491 0.346242 0.426599
93.299995 0.901060 7.844738 0.344238 0.427571
93.400002 0.900500 7.842800 0.345300 0.431600
93.500000 0.900831 7.842590 0.344441 0.430001
93.599998 0.901949 7.843678 0.343528 0.428386
93.699997 0.903790 7.845085 0.342134 0.426943
93.799995 0.902971 7.843153 0.342503 0.423427
93.900002 0.903481 7.845069 0.344069 0.426985
94.000000 0.904019 7.843832 0.343831 0.428114
94.099998 0.903081 7.831266 0.341868 0.426585
94.199997 0.903900 7.845400 0.344100 0.427400
94.299995 0.903410 7.844816 0.342966 0.428757
94.400002 0.902890 7.840584 0.340834 0.427143
94.500000 0.903010 7.843115 0.340066 0.428957
94.599998 0.901990 7.834184 0.341734 0.429843
94.699997 0.902490 7.842384 0.340334 0.431443
94.799995 0.902471 7.834250 0.337201 0.427828
94.900002 0.904529 7.844347 0.335499 0.431670
95.000000 0.904857 7.844193 0.333600 0.433840
95.099998 0.903300 7.836300 0.334300 0.432200
95.199997 0.904571 7.847354 0.335601 0.430329
95.299995 0.901720 7.825735 0.335933 0.425915
95.400002 0.903733 7.842990 0.335435 0.429000
95.500000 0.904110 7.846416 0.335766 0.429257
95.599998 0.903748 7.845577 0.333533 0.428786
95.699997 0.902180 7.843068 0.335467 0.426785
95.799995 0.898880 7.814763 0.331666 0.428486
95.900002 0.902590 7.847985 0.334033 0.431543
96.000000 0.902661 7.848039 0.331733 0.432573
96.099998 0.902690 7.846484 0.331033 0.432343
96.199997 0.902593 7.850235 0.330964 0.433777
96.299995 0.902658 7.847692 0.331501 0.433340
96.400002 0.902480 7.846169 0.330466 0.431086
96.500000 0.904019 7.850430 0.330934 0.427514
96.599998 0.905091 7.850085 0.330033 0.428443
96.699997 0.904790 7.848485 0.324032 0.426843
96.799995 0.904810 7.848215 0.325667 0.424958
96.900002 0.903371 7.843853 0.326498 0.427428
97.000000 0.903490 7.848285 0.325233 0.424442
97.099998 0.903290 7.848084 0.321732 0.425543
97.199997 0.902580 7.836467 0.321564 0.422484
97.299995 0.903429 7.847146 0.319204 0.422273
97.400002 0.902800 7.848800 0.318000 0.422700
97.500000 0.903081 7.845769 0.317463 0.419184
97.599998 0.900891 7.831014 0.317649 0.425668
97.699997 0.904052 7.845122 0.318359 0.423712
97.799995 0.903781 7.844369 0.319964 0.425485
97.900002 0.901800 7.827400 0.320000 0.425600
98.000000 0.902910 7.843116 0.321068 0.427657
98.099998 0.901890 7.845885 0.322132 0.425443
98.199997 0.901390 7.844084 0.323832 0.427143
98.299995 0.901290 7.845985 0.323032 0.427043
98.400002 0.900810 7.845116 0.321468 0.427757
98.500000 0.901220 7.844931 0.321936 0.428714
98.599998 0.895727 7.805564 0.319924 0.426699
98.699997 0.897569 7.827649 0.314494 0.429729
98.799995 0.898390 7.836884 0.316232 0.428543
98.900002 0.895690 7.816082 0.315232 0.427443
99.000000 0.899140 7.843563 0.315674 0.427929
99.099998 0.898771 7.845208 0.315079 0.429300
99.199997 0.897780 7.842269 0.315763 0.429086
99.299995 0.898290 7.840684 0.315332 0.426243
99.400002 0.899210 7.840616 0.314869 0.424158
99.500000 0.898519 7.841273 0.312550 0.425040
99.599998 0.897579 7.842068 0.310462 0.424885
99.699997 0.896690 7.836984 0.307331 0.424342
99.799995 0.897390 7.842585 0.307431 0.424542
99.900002 0.896400 7.829700 0.306000 0.422200
100.000000 0.897490 7.842184 0.307831 0.421942
100.099998 0.898069 7.844253 0.306192 0.422227
100.199997 0.898000 7.843600 0.303700 0.419000
100.299995 0.899180 7.845669 0.300460 0.419584
100.400002 0.898861 7.844693 0.301419 0.422746
100.500000 0.899490 7.842984 0.297730 0.424042
100.599998 0.899960 7.847039 0.295018 0.422569
100.699997 0.899710 7.847262 0.295666 0.422180
100.799995 0.900380 7.848070 0.295459 0.421684
100.900002 0.901320 7.848930 0.293141 0.422915
101.000000 0.898080 7.833567 0.296759 0.421784
101.099998 0.900120 7.845831 0.298240 0.419516
101.199997 0.900250 7.844567 0.297146 0.419830
101.299995 0.900610 7.846815 0.298170 0.414559
101.400002 0.899560 7.847839 0.296319 0.413365
101.500000 0.897218 7.824360 0.295436 0.410929
101.599998 0.900630 7.848946 0.295311 0.411676
101.699997 0.900400 7.847948 0.296497 0.412212
101.799995 0.899500 7.845400 0.296800 0.412900
101.900002 0.899219 7.838771 0.297938 0.412830
102.000000 0.899940 7.841605 0.296378 0.413448
102.099998 0.902229 7.846146 0.297411 0.413876
102.199997 0.901700 7.846800 0.298200 0.414100
102.299995 0.901180 7.844869 0.296259 0.412483
102.399994 0.901441 7.846007 0.298679 0.411947
102.500000 0.899680 7.834667 0.295459 0.410982
102.599998 0.895079 7.805861 0.294359 0.415083
102.699997 0.899640 7.841763 0.295182 0.418033
102.799995 0.899090 7.839484 0.300630 0.416042
102.899994 0.899420 7.837933 0.303339 0.413117
103.000000 0.899570 7.839013 0.307485 0.412611
103.099998 0.898049 7.833217 0.305953 0.408704
103.199997 0.897290 7.835584 0.304130 0.407741
103.299995 0.898020 7.837533 0.305439 0.410918
103.399994 0.898581 7.840328 0.306755 0.412570
103.500000 0.898149 7.842822 0.309555 0.411506
103.599998 0.897820 7.841131 0.311038 0.415917
103.699997 0.897600 7.838700 0.308900 0.418600
103.799995 0.898570 7.844954 0.307592 0.418626
103.899994 0.897980 7.845169 0.307662 0.415883
104.000000 0.896728 7.837987 0.307315 0.416492
104.099998 0.895248 7.826013 0.305153 0.417109
104.199997 0.897661 7.847292 0.308015 0.419049
104.299995 0.897510 7.847915 0.311669 0.418658
104.399994 0.896900 7.848300 0.313800 0.418900
104.500000 0.897290 7.848885 0.313831 0.422542
104.599998 0.895248 7.833017 0.317259 0.420810
104.699997 0.895590 7.842084 0.316932 0.421742
104.799995 0.895548 7.842722 0.320960 0.422911
104.899994 0.895321 7.841531 0.318536 0.420216
105.000000 0.894500 7.840000 0.316000 0.423900
105.099998 0.894711 7.841115 0.315468 0.424558
105.199997 0.896500 7.844600 0.314100 0.425500
105.299995 0.898090 7.845385 0.313731 0.424242
105.399994 0.897818 7.841272 0.314652 0.421938
105.500000 0.899150 7.845323 0.317359 0.420810
105.599998 0.898510 7.843216 0.316168 0.422958
105.699997 0.898039 7.844007 0.314589 0.422453
105.799995 0.898529 7.844791 0.313620 0.422496
105.899994 0.894416 7.806545 0.312150 0.418135
106.000000 0.897939 7.838603 0.311387 0.424555
106.099998 0.898210 7.842815 0.313069 0.425757
106.199997 0.898069 7.844753 0.316695 0.422027
106.299995 0.898249 7.845323 0.316458 0.420410
106.399994 0.898520 7.848031 0.311838 0.421616
106.500000 0.898069 7.847354 0.307992 0.421226
106.599998 0.896700 7.837800 0.305000 0.419800
106.699997 0.896900 7.841000 0.305300 0.421600
106.799995 0.897531 7.844347 0.306308 0.418175
106.899994 0.897541 7.844562 0.307077 0.414734
107.000000 0.897549 7.845823 0.306953 0.410405
107.099998 0.896541 7.845461 0.309076 0.409836
107.199997 0.897382 7.847821 0.309952 0.408773
107.299995 0.894979 7.826365 0.309962 0.408582
107.399994 0.895900 7.833400 0.312400 0.409300
107.500000 0.896962 7.844093 0.314311 0.408755
107.599998 0.897559 7.844337 0.313926 0.410964
107.699997 0.897539 7.841905 0.310586 0.410546
107.799995 0.897490 7.843585 0.307731 0.411341
107.899994 0.897128 7.843790 0.310417 0.409387
108.000000 0.896790 7.845084 0.309031 0.410841
108.099998 0.897279 7.846769 0.302861 0.406581
108.199997 0.898600 7.846400 0.300200 0.407900
108.299995 0.898471 7.846108 0.301589 0.408214
108.399994 0.899350 7.846124 0.305553 0.408704
108.500000 0.900300 7.848200 0.305400 0.411200
108.599998 0.900859 7.847291 0.303118 0.410054
108.699997 0.901539 7.848161 0.301080 0.406937
108.799995 0.899880 7.829866 0.298960 0.403781
108.899994 0.901610 7.844515 0.300070 0.403960
109.000000 0.902800 7.844900 0.300500 0.401100
109.099998 0.903429 7.846846 0.299010 0.400380
109.199997 0.903329 7.846246 0.296011 0.399480
109.299995 0.902090 7.834884 0.292529 0.400540
109.399994 0.902932 7.844791 0.292605 0.405984
109.500000 0.902578 7.845823 0.291867 0.404277
109.599998 0.901490 7.833083 0.291829 0.404940
109.699997 0.902881 7.845169 0.291558 0.403681
109.799995 0.902971 7.846054 0.293488 0.403621
109.899994 0.903152 7.846323 0.291246 0.410005
110.000000 0.903910 7.848315 0.285771 0.408359
110.099998 0.902400 7.837000 0.290700 0.406100
110.199997 0.903819 7.850530 0.290442 0.407119
110.299995 0.902690 7.845584 0.290429 0.405841
110.399994 0.902881 7.848670 0.287758 0.405681
110.500000 0.903471 7.848555 0.289787 0.408022
110.599998 0.903819 7.850130 0.290542 0.410018
110.699997 0.904352 7.850825 0.291146 0.408104
110.799995 0.904243 7.850910 0.288073 0.411747
110.899994 0.904481 7.852571 0.290658 0.414083
111.000000 0.905224 7.852182 0.286729 0.415833
111.099998 0.905115 7.854469 0.284356 0.415774
111.199997 0.905181 7.855671 0.283457 0.416083
111.299995 0.903852 7.848524 0.282741 0.416508
111.399994 0.904100 7.851400 0.281400 0.418300
111.500000 0.905119 7.853229 0.280844 0.415517
111.599998 0.905181 7.852171 0.282156 0.418884
111.699997 0.902761 7.838435 0.279012 0.418467
111.799995 0.904990 7.851085 0.277928 0.417942
111.899994 0.904314 7.849864 0.278651 0.420478
112.000000 0.903610 7.850615 0.278772 0.423058
112.099998 0.903371 7.850255 0.276583 0.422927
112.199997 0.902480 7.843869 0.275955 0.421384
112.299995 0.900190 7.836884 0.269627 0.423242
112.399994 0.901449 7.846877 0.264568 0.419790
112.500000 0.901410 7.846416 0.263574 0.420358
112.599998 0.901710 7.848114 0.265473 0.423858
112.699997 0.901400 7.847600 0.264400 0.420500
112.799995 0.901200 7.848600 0.262700 0.421400
112.899994 0.901410 7.845016 0.263574 0.421658
113.000000 0.901121 7.848079 0.261109 0.423239
113.099998 0.900600 7.849900 0.261500 0.425400
113.199997 0.899409 7.848864 0.262736 0.427084
113.299995 0.899271 7.847207 0.260618 0.426601
113.399994 0.899190 7.846785 0.258926 0.427943
113.500000 0.895148 7.820511 0.261431 0.426513
113.599998 0.896821 7.847430 0.263447 0.429214
113.699997 0.897138 7.848009 0.263758 0.430458
113.799995 0.894026 7.832582 0.261083 0.429701
113.899994 0.895321 7.846331 0.258748 0.429814
114.000000 0.894600 7.846500 0.258700 0.434900
114.099998 0.893779 7.844269 0.262552 0.431186
114.199997 0.893257 7.831233 0.265506 0.435674
114.299995 0.895938 7.845007 0.267561 0.433560
114.399994 0.895631 7.845146 0.265020 0.431571
114.500000 0.896321 7.845931 0.262547 0.433813
114.599998 0.896404 7.847852 0.264735 0.432068
114.699997 0.895221 7.850830 0.263647 0.435013
114.799995 0.895348 7.848624 0.260830 0.434717
114.899994 0.896221 7.847931 0.258048 0.435613
115.000000 0.895652 7.849976 0.257371 0.431984
115.099998 0.895090 7.848986 0.256126 0.433143
115.199997 0.895211 7.847215 0.256174 0.434557
115.299995 0.893500 7.838800 0.254400 0.433400
115.399994 0.894689 7.845284 0.255326 0.434343
115.500000 0.893147 7.839320 0.252926 0.434717
115.599998 0.894779 7.845469 0.254751 0.437588
115.699997 0.894800 7.844700 0.254600 0.441200
115.799995 0.891778 7.822364 0.254851 0.441688
115.899994 0.892625 7.835184 0.254078 0.442510
116.000000 0.892457 7.836635 0.256202 0.443177
116.099998 0.894242 7.842363 0.253998 0.444022
116.199997 0.892068 7.830949 0.254776 0.441933
116.299995 0.893543 7.840764 0.253099 0.442123
116.399994 0.894232 7.841747 0.254824 0.441168
116.500000 0.894000 7.841900 0.254900 0.438200
116.599998 0.894689 7.840284 0.256926 0.438644
116.699997 0.894600 7.840400 0.254400 0.438200
116.799995 0.893643 7.838664 0.253099 0.436126
116.899994 0.892435 7.830699 0.251651 0.433360
117.000000 0.892911 7.838516 0.251575 0.432857
117.099998 0.892979 7.839668 0.250550 0.429286
117.199997 0.893800 7.842700 0.249800 0.431600
117.299995 0.895021 7.843731 0.247950 0.431714
117.399994 0.895969 7.845153 0.252376 0.433430
117.500000 0.895400 7.841100 0.251100 0.435900
117.599998 0.893268 7.830949 0.252676 0.434430
117.699997 0.894379 7.845569 0.251150 0.434487
117.799995 0.896296 7.847247 0.248749 0.436136
117.899994 0.896738 7.848809 0.250050 0.437462
118.000000 0.897190 7.848585 0.247925 0.436244
118.099998 0.897110 7.846115 0.246975 0.436456
118.199997 0.896700 7.842500 0.245100 0.434300
118.299995 0.897410 7.845416 0.244776 0.436256
118.399994 0.895590 7.829683 0.244824 0.434643
118.500000 0.897110 7.844215 0.242176 0.434657
118.599998 0.897110 7.841116 0.240976 0.435656
118.699997 0.897869 7.846654 0.240072 0.433330
118.799995 0.897341 7.844962 0.240804 0.435026
118.899994 0.897421 7.849430 0.240652 0.432114
119.000000 0.897451 7.849375 0.242579 0.430785
119.099998 0.899150 7.851375 0.241679 0.429785
119.199997 0.895700 7.824200 0.240800 0.429100
119.299995 0.899190 7.849085 0.243624 0.428643
119.399994 0.898900 7.848300 0.245800 0.428700
119.500000 0.897438 7.837302 0.243146 0.427857
119.599998 0.898590 7.847984 0.245425 0.430543
119.699997 0.898180 7.848069 0.244349 0.429786
119.799995 0.898141 7.848561 0.246202 0.431128
119.899994 0.897929 7.848494 0.244971 0.429901
120.000000 0.898090 7.848485 0.245525 0.429843
120.099998 0.898120 7.850330 0.244351 0.426215
120.199997 0.896110 7.838016 0.245275 0.425857
120.299995 0.897680 7.849370 0.245249 0.427485
120.399994 0.897620 7.848130 0.243151 0.428514
120.500000 0.897810 7.849315 0.247375 0.431557
120.599998 0.896500 7.848600 0.246800 0.430400
120.699997 0.896210 7.845216 0.245675 0.429257
120.799995 0.895890 7.840784 0.245125 0.428043
120.899994 0.895211 7.841816 0.244276 0.426157
121.000000 0.894189 7.839984 0.244324 0.429043
121.099998 0.894521 7.841032 0.244151 0.427514
121.199997 0.894168 7.842153 0.245874 0.428228
121.299995 0.893157 7.829432 0.239796 0.425470
121.399994 0.894358 7.843037 0.242697 0.422069
121.500000 0.893400 7.834100 0.242300 0.418900
121.599998 0.893896 7.839744 0.242781 0.420222
121.699997 0.893668 7.837552 0.238972 0.425128
121.799995 0.892646 7.836819 0.237319 0.422011
121.899994 0.891357 7.827331 0.234894 0.420268
122.000000 0.891878 7.831266 0.233447 0.423385
122.099998 0.893311 7.840016 0.233877 0.419658
122.199997 0.894742 7.841063 0.236405 0.423731
122.299995 0.894511 7.840216 0.235476 0.423558
122.399994 0.892057 7.819529 0.235894 0.424470
122.500000 0.894389 7.842185 0.239124 0.430143
122.599998 0.892168 7.820946 0.238472 0.430929
122.699997 0.893879 7.840868 0.239248 0.427485
122.799995 0.894200 7.840100 0.240700 0.429100
122.899994 0.892911 7.840816 0.242776 0.429557
123.000000 0.894447 7.840721 0.239020 0.433417
123.099998 0.895700 7.840000 0.237100 0.434800
123.199997 0.895900 7.839000 0.237800 0.433000
123.299995 0.895710 7.839316 0.237576 0.431957
123.399994 0.896148 7.840820 0.236118 0.429315
123.500000 0.894816 7.824359 0.238891 0.432546
123.599998 0.897338 7.839304 0.241745 0.431059
123.699997 0.897710 7.840116 0.241776 0.433057
123.799995 0.896290 7.833984 0.241324 0.432543
123.899994 0.896931 7.841147 0.240828 0.427272
124.000000 0.898092 7.843141 0.241283 0.427315
124.099998 0.899510 7.845915 0.241376 0.427257
124.199997 0.898790 7.845284 0.239424 0.427343
124.299995 0.899171 7.844509 0.238933 0.424103
124.399994 0.898549 7.843122 0.240220 0.424912
124.500000 0.897700 7.836100 0.242700 0.424600
124.599998 0.897820 7.838432 0.243251 0.425815
124.699997 0.897820 7.840632 0.240252 0.424515
124.799995 0.897859 7.840536 0.238695 0.422769
124.899994 0.897421 7.838332 0.235653 0.423215
125.000000 0.896869 7.831749 0.234070 0.422727
125.099998 0.893958 7.814325 0.235394 0.422569
125.199997 0.896669 7.834450 0.235471 0.424627
125.299995 0.897359 7.837935 0.232593 0.423770
125.399994 0.898410 7.838516 0.232177 0.423658
125.500000 0.898851 7.840380 0.233583 0.426387
125.599998 0.899930 7.842147 0.235429 0.427172
125.699997 0.899510 7.842816 0.234677 0.433057
125.799995 0.899570 7.835651 0.238472 0.433030
125.899994 0.900970 7.840752 0.232770 0.435231
126.000000 0.901480 7.841369 0.233347 0.438788
126.099998 0.901580 7.843269 0.232446 0.438888
126.199997 0.901912 7.842358 0.235612 0.439395
126.299995 0.903161 7.843837 0.235994 0.437075
126.399994 0.901771 7.837351 0.232370 0.431629
126.500000 0.903261 7.846838 0.229192 0.433273
126.599998 0.902410 7.846216 0.228977 0.428257
126.699997 0.899530 7.832983 0.223857 0.428100
126.799995 0.901289 7.850534 0.222400 0.428714
126.899994 0.901751 7.851826 0.222011 0.427214
127.000000 0.903119 7.851430 0.221156 0.424615
127.099998 0.903952 7.851126 0.221411 0.425413
127.199997 0.903090 7.847285 0.223022 0.427243
127.299995 0.903619 7.850430 0.224555 0.426815
127.399994 0.902681 7.849570 0.223445 0.430086
127.500000 0.901600 7.850299 0.226200 0.430300
127.599998 0.901520 7.852329 0.225555 0.430014
127.699997 0.901880 7.853271 0.225845 0.432386
127.799995 0.899390 7.840184 0.225123 0.428343
127.899994 0.900600 7.850400 0.221400 0.428000
128.000000 0.901201 7.849250 0.223824 0.423624
128.099991 0.900740 7.850611 0.222634 0.419652
128.199997 0.900500 7.847400 0.222200 0.415800
128.300003 0.900710 7.850115 0.222378 0.413659
128.399994 0.900560 7.851841 0.224990 0.413265
128.500000 0.899250 7.839319 0.226113 0.422711
128.599991 0.900670 7.849354 0.227268 0.421727
128.699997 0.899580 7.843169 0.227445 0.421084
128.800003 0.899370 7.848406 0.227940 0.423004
128.899994 0.899750 7.849024 0.228514 0.420610
129.000000 0.899970 7.846454 0.229269 0.421827
129.099991 0.899139 7.842505 0.230839 0.422854
129.199997 0.899980 7.849770 0.230946 0.422284
129.300003 0.899670 7.848454 0.233370 0.426128
129.399994 0.898090 7.842984 0.234123 0.425343
129.500000 0.897690 7.847485 0.231423 0.424942
129.599991 0.898290 7.847085 0.230723 0.422542
129.699997 0.898571 7.845308 0.231438 0.420406
129.800003 0.897469 7.837651 0.229669 0.419026
129.899994 0.898910 7.846215 0.231577 0.419258
130.000000 0.896290 7.825882 0.230523 0.419642
130.099991 0.898292 7.844340 0.232890 0.422320
130.199997 0.898039 7.844707 0.230538 0.425355
130.300003 0.896479 7.832567 0.229246 0.422985
130.399994 0.897379 7.841469 0.230846 0.427185
130.500000 0.897190 7.839284 0.230923 0.426343
130.599991 0.896341 7.838365 0.229208 0.428729
130.699997 0.895921 7.838732 0.230754 0.427714
130.800003 0.896383 7.840029 0.230815 0.426459
130.899994 0.895837 7.841105 0.229638 0.430058
131.000000 0.896086 7.842827 0.227150 0.432676
131.099991 0.897500 7.843200 0.228700 0.431500
131.199997 0.897287 7.843527 0.230654 0.435779
131.300003 0.897390 7.839484 0.232223 0.431943
131.399994 0.896290 7.839284 0.233423 0.430543
131.500000 0.897400 7.844200 0.232300 0.431400
131.599991 0.897810 7.843216 0.235476 0.437256
131.699997 0.892135 7.799079 0.233040 0.434661
131.800003 0.896410 7.840816 0.232877 0.436456
131.899994 0.897049 7.841021 0.232216 0.434617
132.000000 0.897331 7.842448 0.234330 0.435769
132.099991 0.897069 7.841453 0.233470 0.437431
132.199997 0.895958 7.842137 0.234494 0.439376
132.300003 0.896190 7.842484 0.235224 0.439044
132.399994 0.895005 7.843256 0.234266 0.439660
132.500000 0.894058 7.845939 0.231993 0.440576
132.599991 0.891800 7.830299 0.228500 0.438100
132.699997 0.893479 7.845569 0.232747 0.436587
132.800003 0.893089 7.843084 0.232823 0.434743
132.899994 0.891557 7.829131 0.231993 0.434174
133.000000 0.893500 7.841500 0.232000 0.435700
133.099991 0.893589 7.842984 0.234023 0.438644
133.199997 0.893489 7.843185 0.232523 0.439144
133.300003 0.893011 7.841516 0.235376 0.441056
133.399994 0.889589 7.825983 0.235524 0.442344
133.500000 0.891992 7.843344 0.238438 0.444244
133.599991 0.891135 7.842605 0.240344 0.446668
133.699997 0.893211 7.843616 0.240476 0.445855
133.800003 0.893279 7.842669 0.240248 0.444989
133.899994 0.893343 7.843463 0.235706 0.444322
134.000000 0.893457 7.842937 0.234394 0.446379
134.099991 0.891678 7.828866 0.232847 0.446989
134.199997 0.893989 7.844284 0.232223 0.447945
134.300003 0.894200 7.840000 0.233200 0.448200
134.399994 0.893200 7.837000 0.233500 0.444100
134.500000 0.895427 7.846092 0.234564 0.441009
134.599991 0.895021 7.840132 0.231354 0.440112
134.699997 0.895694 7.844640 0.233890 0.439704
134.800003 0.895962 7.845992 0.234359 0.440136
134.899994 0.895637 7.844106 0.234341 0.439964
135.000000 0.895221 7.842731 0.234253 0.442112
135.099991 0.895531 7.841847 0.235029 0.443167
135.199997 0.891868 7.810943 0.232570 0.436431
135.300003 0.895679 7.839169 0.235147 0.438988
135.399994 0.894600 7.837000 0.232300 0.438700
135.500000 0.894995 7.842242 0.234234 0.436637
135.599991 0.896352 7.839980 0.233083 0.436182
135.699997 0.897028 7.839788 0.229761 0.432503
135.800003 0.896538 7.840604 0.232840 0.434261
135.899994 0.896972 7.837413 0.233037 0.433397
136.000000 0.896479 7.836768 0.232446 0.430286
136.099991 0.897890 7.840184 0.232723 0.426543
136.199997 0.898680 7.841568 0.229746 0.428286
136.300003 0.898159 7.838135 0.226491 0.427971
136.399994 0.899730 7.844191 0.227359 0.431102
136.500000 0.899960 7.844038 0.227091 0.430072
136.599991 0.898590 7.825683 0.224322 0.430143
136.699997 0.900400 7.839439 0.225826 0.436837
136.800003 0.900420 7.842732 0.225155 0.436413
136.899994 0.898880 7.830866 0.224945 0.439688
137.000000 0.900140 7.839964 0.224410 0.440124
137.099991 0.898700 7.830300 0.224400 0.438000
137.199997 0.895479 7.805661 0.226445 0.437988
137.300003 0.899390 7.837684 0.228423 0.439944
137.399994 0.899010 7.839116 0.229977 0.441456
137.500000 0.901130 7.838048 0.230231 0.440868
137.599991 0.900050 7.831015 0.230615 0.440820
137.699997 0.900110 7.837279 0.230147 0.440016
137.800003 0.898980 7.831866 0.226745 0.441088
137.899994 0.900190 7.840544 0.226996 0.442202
138.000000 0.898219 7.827061 0.229784 0.441353
138.099991 0.897749 7.823611 0.229715 0.441521
138.199997 0.900220 7.837732 0.230754 0.442911
138.300003 0.901051 7.839720 0.230415 0.437119
138.399994 0.901729 7.840747 0.233430 0.434470
138.500000 0.901829 7.841147 0.234430 0.433070
138.599991 0.900700 7.828300 0.235500 0.434200
138.699997 0.902300 7.840500 0.237600 0.433500
138.800003 0.903326 7.840607 0.237791 0.428443
138.899994 0.904281 7.841168 0.235847 0.430086
139.000000 0.904810 7.843016 0.230577 0.430957
139.099991 0.904590 7.843484 0.230723 0.431343
139.199997 0.905109 7.844215 0.230077 0.431757
139.300003 0.905353 7.847824 0.227414 0.430915
139.399994 0.904909 7.846415 0.229077 0.431157
139.500000 0.905881 7.847469 0.230246 0.433587
139.599991 0.905400 7.847900 0.229100 0.436100
139.699997 0.905191 7.847985 0.228823 0.436144
139.800003 0.905891 7.848585 0.231323 0.440544
139.899994 0.905000 7.850100 0.229400 0.438000
140.000000 0.905000 7.849000 0.227800 0.438700
140.099991 0.904481 7.843569 0.225945 0.436587
140.199997 0.904200 7.844500 0.224800 0.435400
140.300003 0.905791 7.847585 0.225223 0.435744
140.399994 0.902080 7.817863 0.222845 0.429286
140.500000 0.903981 7.843669 0.223945 0.432587
140.599991 0.901330 7.832150 0.223233 0.428871
140.699997 0.903100 7.843600 0.224700 0.430500
140.800003 0.904252 7.844422 0.223012 0.432016
140.899994 0.902510 7.836516 0.218178 0.432757
141.000000 0.902600 7.843101 0.217300 0.433100
141.099991 0.903800 7.846900 0.218700 0.435200
141.199997 0.901980 7.840768 0.215243 0.431386
141.300003 0.902790 7.847585 0.213721 0.431143
141.399994 0.903158 7.851289 0.214371 0.432341
141.500000 0.903400 7.849700 0.212400 0.435300
141.599991 0.901931 7.840288 0.216251 0.435905
141.699997 0.902681 7.844669 0.213143 0.433787
141.800003 0.903619 7.843331 0.213557 0.434513
141.899994 0.902232 7.838787 0.212249 0.433003
142.000000 0.901841 7.827897 0.212628 0.427857
142.099991 0.903900 7.843300 0.206400 0.428100
142.199997 0.903290 7.842984 0.205021 0.428743
142.300003 0.901260 7.828832 0.203782 0.430472
142.399994 0.902839 7.841763 0.202719 0.429228
142.500000 0.899900 7.825400 0.202800 0.426700
142.599991 0.900890 7.838484 0.205021 0.427143
142.699997 0.901120 7.842232 0.202260 0.428214
142.800003 0.899090 7.828983 0.201420 0.428543
142.899994 0.900110 7.842216 0.199080 0.427557
143.000000 0.902149 7.842978 0.199000 0.427586
143.099991 0.901990 7.841984 0.199320 0.421842
143.199997 0.898839 7.823294 0.196718 0.424555
143.300003 0.901749 7.844778 0.195902 0.427686
143.399994 0.901120 7.841232 0.197860 0.427315
143.500000 0.901270 7.843053 0.193858 0.423727
143.599991 0.900670 7.840652 0.192358 0.421927
143.699997 0.900880 7.832566 0.191138 0.417484
143.800003 0.902500 7.842300 0.189300 0.420800
143.899994 0.903500 7.842400 0.187800 0.422400
144.000000 0.896138 7.790274 0.185912 0.420752
144.099991 0.901380 7.831566 0.187037 0.423685
144.199997 0.901969 7.840711 0.188568 0.421705
144.300003 0.901590 7.841384 0.186519 0.423842
144.399994 0.901639 7.843662 0.185526 0.424930
144.500000 0.900300 7.841701 0.189200 0.425500
144.599991 0.900440 7.841464 0.191423 0.424030
144.699997 0.900340 7.840264 0.191723 0.421531
144.800003 0.899990 7.830783 0.192319 0.418842
144.899994 0.902329 7.842047 0.191043 0.421074
145.000000 0.901400 7.838200 0.193500 0.421700
145.099991 0.899580 7.825766 0.195339 0.422184
145.199997 0.900831 7.842089 0.192535 0.424998
145.300003 0.897990 7.821482 0.191119 0.426843
145.399994 0.900800 7.842800 0.187500 0.428600
145.500000 0.901040 7.844862 0.187725 0.426929
145.599991 0.901060 7.845438 0.190476 0.428671
145.699997 0.901549 7.845077 0.190605 0.430385
145.800003 0.901379 7.844025 0.192346 0.431055
145.899994 0.900560 7.841837 0.195078 0.433874
146.000000 0.900680 7.841768 0.194139 0.432487
146.099991 0.901140 7.841763 0.192123 0.432127
146.199997 0.901380 7.841469 0.194539 0.434287
146.300003 0.902220 7.843731 0.195361 0.433713
146.399994 0.900470 7.837252 0.193858 0.432530
146.500000 0.901061 7.844782 0.194272 0.431003
146.599991 0.900040 7.842963 0.194222 0.431228
146.699997 0.898259 7.829933 0.194578 0.429172
146.800003 0.900110 7.841616 0.192781 0.427857
146.899994 0.898559 7.834333 0.192377 0.428571
147.000000 0.900350 7.843378 0.192804 0.428086
147.099991 0.899530 7.841847 0.190443 0.425172
147.199997 0.899520 7.841931 0.188462 0.418816
147.300003 0.898059 7.832934 0.189176 0.415766
147.399994 0.899870 7.841352 0.190257 0.412124
147.500000 0.899289 7.834318 0.188007 0.408249
147.599991 0.899510 7.841316 0.189881 0.408759
147.699997 0.899040 7.842063 0.188525 0.407937
147.800003 0.899360 7.844093 0.187987 0.409155
147.899994 0.898390 7.840284 0.187219 0.408041
148.000000 0.899820 7.847930 0.184563 0.408918
148.099991 0.901341 7.850710 0.182910 0.406244
148.199997 0.901761 7.851240 0.183173 0.407163
148.300003 0.901390 7.851885 0.181818 0.406641
148.399994 0.901931 7.853197 0.181027 0.403182
148.500000 0.903681 7.853971 0.182336 0.400580
148.599991 0.903519 7.853829 0.180964 0.398420
148.699997 0.903110 7.852715 0.181782 0.398960
148.800003 0.903100 7.851200 0.182400 0.399000
148.899994 0.902971 7.849254 0.179254 0.396719
149.000000 0.903500 7.849200 0.180200 0.396900
149.099991 0.904029 7.848346 0.181146 0.396281
149.199997 0.904490 7.848385 0.178818 0.400440
149.300003 0.900460 7.817527 0.175870 0.402161
149.399994 0.904114 7.846762 0.174757 0.402162
149.500000 0.904062 7.845338 0.174170 0.401060
149.599991 0.903200 7.841800 0.176100 0.399700
149.699997 0.903110 7.842815 0.176182 0.401060
149.800003 0.903071 7.842752 0.173252 0.401420
149.899994 0.903767 7.845209 0.172679 0.400320
150.000000 0.904400 7.846600 0.173500 0.400200
150.099991 0.903429 7.846746 0.173248 0.401480
150.199997 0.901200 7.826700 0.173700 0.399700
150.300003 0.901010 7.830217 0.172883 0.402360
150.399994 0.902710 7.842516 0.173683 0.402860
150.500000 0.903371 7.842653 0.173252 0.401520
150.599991 0.902661 7.844338 0.173469 0.399160
150.699997 0.902010 7.841916 0.170383 0.403360
150.800003 0.902159 7.842695 0.170897 0.402858
150.899994 0.901500 7.838200 0.170800 0.403900
151.000000 0.902522 7.843775 0.173939 0.404724
151.099991 0.899560 7.822129 0.174970 0.403862
151.199997 0.903290 7.847185 0.176218 0.406841
151.300003 0.902761 7.847539 0.176371 0.408163
151.399994 0.901400 7.841500 0.177200 0.406600
151.500000 0.901929 7.850245 0.180446 0.407578
151.599991 0.901780 7.842869 0.178736 0.402681
151.699997 0.902222 7.849180 0.179444 0.404424
151.800003 0.901880 7.850070 0.182837 0.401980
151.899994 0.901812 7.849865 0.186268 0.398759
152.000000 0.901839 7.849660 0.183227 0.398840
152.099991 0.901910 7.849115 0.182182 0.398260
152.199997 0.901810 7.848215 0.179282 0.399960
152.300003 0.902459 7.847591 0.180392 0.396562
152.399994 0.901741 7.845007 0.178807 0.396538
152.500000 0.900500 7.844645 0.176977 0.394795
152.599991 0.900920 7.848030 0.177564 0.394821
152.699997 0.901291 7.846231 0.177896 0.392832
152.800003 0.900990 7.840984 0.177018 0.393139
152.899994 0.902031 7.846393 0.178425 0.395277
153.000000 0.900030 7.832083 0.177925 0.395377
153.099991 0.901610 7.846715 0.176882 0.396160
153.199997 0.897669 7.827048 0.179054 0.397219
153.300003 0.899920 7.845076 0.176441 0.401721
153.399994 0.900160 7.847039 0.174370 0.401661
153.500000 0.898910 7.839016 0.173183 0.405459
153.599991 0.899440 7.845962 0.171431 0.405238
153.699997 0.899280 7.845269 0.173035 0.406681
153.800003 0.899160 7.844939 0.174270 0.404862
153.899994 0.900030 7.845946 0.173448 0.400680
154.000000 0.901251 7.848424 0.171986 0.400000
154.099991 0.900750 7.842021 0.170985 0.397899
154.199997 0.900100 7.838000 0.170300 0.398300
154.300003 0.899850 7.833217 0.170685 0.402201
154.399994 0.901949 7.847676 0.170115 0.405497
154.500000 0.901920 7.847430 0.170266 0.404119
154.599991 0.900660 7.845939 0.169368 0.403361
154.699997 0.902090 7.847685 0.169217 0.403940
154.800003 0.901671 7.845353 0.168751 0.401921
154.899994 0.901400 7.839700 0.166500 0.400900
155.000000 0.902600 7.846300 0.164200 0.396600
155.099991 0.902968 7.848906 0.164685 0.398321
155.199997 0.904229 7.848646 0.164951 0.398680
155.300003 0.903729 7.846146 0.166250 0.399080
155.399994 0.903633 7.845092 0.164715 0.400881
155.500000 0.903719 7.846231 0.165867 0.399420
155.599991 0.902910 7.843615 0.163784 0.398660
155.699997 0.901690 7.839284 0.166317 0.397040
155.800003 0.903039 7.845262 0.165334 0.396941
155.899994 0.903590 7.844884 0.166117 0.395940
156.000000 0.903890 7.845284 0.163416 0.394439
156.099991 0.903952 7.843122 0.162781 0.392696
156.199997 0.904062 7.846239 0.163766 0.389156
156.300003 0.903610 7.845915 0.165783 0.388461
156.399994 0.901270 7.823047 0.164849 0.385116
156.500000 0.903200 7.845100 0.165600 0.383200
156.599991 0.903229 7.848145 0.167150 0.381785
156.699997 0.901500 7.837300 0.163700 0.378500
156.800003 0.903290 7.848084 0.163516 0.375938
156.899994 0.902887 7.850335 0.165151 0.375362
157.000000 0.901780 7.840367 0.164333 0.373875
157.099991 0.902681 7.850270 0.166733 0.375375
157.199997 0.902520 7.850230 0.165067 0.376225
157.300003 0.903833 7.851295 0.163114 0.379766
157.399994 0.902819 7.849230 0.165667 0.382723
157.500000 0.902520 7.849330 0.166767 0.383023
157.599991 0.902290 7.851185 0.166417 0.386039
157.699997 0.902061 7.851341 0.168868 0.390256
157.800003 0.902539 7.851859 0.172131 0.391343
157.899994 0.901929 7.848746 0.170849 0.390283
158.000000 0.900360 7.842137 0.170168 0.390656
158.099991 0.901280 7.850870 0.170034 0.387578
158.199997 0.901020 7.850530 0.170866 0.391122
158.300003 0.901010 7.853815 0.172183 0.391261
158.399994 0.901120 7.855629 0.173365 0.392621
158.500000 0.901729 7.857742 0.172048 0.395781
158.599991 0.902619 7.858328 0.170566 0.398620
158.699997 0.902542 7.859316 0.173204 0.399340
158.800003 0.902490 7.858985 0.174817 0.397340
158.899994 0.902349 7.856572 0.176912 0.397701
159.000000 0.902842 7.856114 0.174705 0.399240
159.099991 0.903061 7.856542 0.173770 0.401160
159.199997 0.903219 7.856929 0.177065 0.403419
159.300003 0.903400 7.856300 0.176800 0.406700
159.399994 0.902961 7.855943 0.177771 0.408563
159.500000 0.902271 7.854957 0.178153 0.409823
159.599991 0.902510 7.846715 0.174883 0.407359
159.699997 0.903110 7.855415 0.172383 0.408959
159.800003 0.902710 7.853915 0.177082 0.409159
159.899994 0.903390 7.853486 0.175418 0.410141
160.000000 0.903400 7.854900 0.175500 0.411700
160.099991 0.900860 7.840136 0.174870 0.409364
160.199997 0.902619 7.853129 0.175465 0.407918
160.300003 0.901871 7.851756 0.177353 0.405522
160.399994 0.902339 7.854258 0.178229 0.409536
160.500000 0.901900 7.855300 0.181400 0.408400
160.599991 0.902490 7.856286 0.182218 0.409941
160.699997 0.902080 7.856171 0.183137 0.407882
160.800003 0.901931 7.854798 0.184229 0.411188
160.899994 0.903281 7.856771 0.180936 0.406581
161.000000 0.902161 7.856442 0.181673 0.404462
161.099991 0.902071 7.858357 0.183755 0.404621
161.199997 0.902671 7.857957 0.183055 0.400720
161.300003 0.901390 7.843685 0.180318 0.395740
161.399994 0.902749 7.856671 0.180210 0.391204
161.500000 0.901710 7.845016 0.177782 0.389561
161.599991 0.902190 7.847485 0.180118 0.390939
161.699997 0.903661 7.853041 0.183673 0.393257
161.800003 0.903729 7.853444 0.183145 0.390783
161.899994 0.903790 7.851285 0.180518 0.387439
162.000000 0.904219 7.850430 0.178764 0.384423
162.099991 0.901011 7.832950 0.175958 0.380943
162.199997 0.903371 7.853456 0.176653 0.381014
162.300003 0.903219 7.855229 0.177165 0.383623
162.399994 0.902971 7.857457 0.177853 0.380914
162.500000 0.904090 7.856485 0.177518 0.379538
162.599991 0.901851 7.839319 0.173287 0.378489
162.699997 0.903990 7.857585 0.173817 0.377338
162.800003 0.904119 7.856829 0.174665 0.373725
162.899994 0.905181 7.856672 0.177636 0.373475
163.000000 0.904490 7.850585 0.179618 0.375738
163.099991 0.905391 7.858586 0.178818 0.372837
163.199997 0.904671 7.856357 0.180554 0.369611
163.300003 0.905619 7.854729 0.179064 0.372525
163.399994 0.904181 7.838668 0.174635 0.371474
163.500000 0.906337 7.856657 0.171531 0.373551
163.599991 0.904900 7.848899 0.170500 0.371300
163.699997 0.901251 7.825713 0.170185 0.372386
163.800003 0.903390 7.841184 0.170317 0.373937
163.899994 0.905257 7.855186 0.167699 0.373676
164.000000 0.905572 7.854657 0.167750 0.374812
164.099991 0.906600 7.852200 0.169800 0.374700
164.199997 0.907084 7.854930 0.168648 0.377860
164.300003 0.907972 7.856057 0.171151 0.377813
164.399994 0.908164 7.855501 0.168482 0.376437
164.500000 0.908764 7.854742 0.165866 0.378251
164.599991 0.908945 7.855613 0.163998 0.377527
164.699997 0.907882 7.852770 0.166533 0.383277
164.800003 0.907691 7.854085 0.166717 0.384238
164.899994 0.907854 7.854227 0.167684 0.384292
165.000000 0.903390 7.817682 0.165017 0.384038
165.099991 0.905772 7.842853 0.163449 0.385316
165.199997 0.906591 7.853185 0.164016 0.390239
165.300003 0.906263 7.852541 0.164266 0.389856
165.399994 0.906053 7.850625 0.167284 0.390295
165.500000 0.907037 7.858356 0.166433 0.392443
165.599991 0.906300 7.855000 0.164900 0.390700
165.699997 0.904552 7.841120 0.165283 0.390295
165.800003 0.905162 7.849540 0.165866 0.390256
165.899994 0.906865 7.856001 0.163985 0.387329
166.000000 0.906231 7.856401 0.160875 0.386858
166.099991 0.906028 7.855243 0.162151 0.389783
166.199997 0.905615 7.851266 0.157242 0.392653
166.300003 0.905500 7.859000 0.155400 0.394900
166.399994 0.904300 7.849700 0.154900 0.396400
166.500000 0.905366 7.859399 0.155891 0.399520
166.599991 0.905319 7.858529 0.156569 0.399920
166.699997 0.905738 7.856857 0.155438 0.402939
166.800003 0.905681 7.855671 0.155531 0.402480
166.899994 0.905419 7.857928 0.154369 0.401320
167.000000 0.906100 7.857200 0.154800 0.401500
167.099991 0.905434 7.859001 0.154108 0.404183
167.199997 0.905362 7.860445 0.155762 0.406162
167.300003 0.906300 7.860600 0.155300 0.405800
167.399994 0.903500 7.841500 0.152800 0.404600
167.500000 0.905781 7.857372 0.151630 0.404781
167.599991 0.905800 7.857100 0.151000 0.406000
167.699997 0.905772 7.856657 0.150945 0.403921
167.800003 0.906091 7.853685 0.148315 0.401040
167.899994 0.905772 7.854056 0.149445 0.400620
168.000000 0.904624 7.846177 0.150520 0.400420
168.099991 0.903800 7.836100 0.151800 0.395100
168.199997 0.905485 7.850834 0.151164 0.393246
168.300003 0.903890 7.842584 0.150715 0.390739
168.399994 0.904795 7.850035 0.151867 0.393132
168.500000 0.901080 7.823465 0.151830 0.388078
168.599991 0.904400 7.848200 0.149800 0.387400
168.699997 0.906044 7.851311 0.150590 0.385131
168.800003 0.905700 7.850100 0.152400 0.387800
168.899994 0.904390 7.836484 0.154315 0.385139
169.000000 0.906281 7.850770 0.157531 0.386677
169.099991 0.905391 7.847185 0.156816 0.383138
169.199997 0.906247 7.850574 0.153623 0.383808
169.300003 0.905800 7.848600 0.153800 0.383200
169.399994 0.905904 7.854560 0.155129 0.385576
169.500000 0.904890 7.844584 0.153215 0.384338
169.599991 0.904171 7.839652 0.151746 0.382215
169.699997 0.905972 7.855056 0.148845 0.382915
169.800003 0.904600 7.850800 0.148800 0.382500
169.899994 0.905381 7.852271 0.148230 0.381776
170.000000 0.905872 7.854156 0.144943 0.380014
170.099991 0.906681 7.854071 0.143029 0.379076
170.199997 0.905719 7.855129 0.140172 0.377624
170.300003 0.906419 7.856529 0.140072 0.374625
170.399994 0.905134 7.847593 0.140498 0.371760
170.500000 0.904600 7.850200 0.140500 0.371200
170.599991 0.906028 7.857743 0.141358 0.375587
170.699997 0.906372 7.856557 0.136241 0.375513
170.800003 0.905981 7.856271 0.134727 0.375775
170.899994 0.905591 7.858185 0.135414 0.375338
171.000000 0.904810 7.855915 0.131987 0.374163
171.099991 0.906247 7.860970 0.129835 0.374013
171.199997 0.906700 7.859900 0.128700 0.374800
171.300003 0.905800 7.856300 0.130600 0.373800
171.399994 0.905500 7.857300 0.131400 0.372800
171.500000 0.902671 7.840452 0.132240 0.369211
171.599991 0.903242 7.852711 0.131579 0.368521
171.699997 0.902732 7.853397 0.131692 0.367357
171.800003 0.902929 7.856543 0.131760 0.368589
171.899994 0.904733 7.857600 0.129891 0.367657
172.000000 0.905309 7.856514 0.129587 0.370763
172.099991 0.905381 7.854571 0.130926 0.372875
172.199997 0.904890 7.854785 0.128613 0.370937
172.300003 0.904862 7.854342 0.130052 0.369348
172.399994 0.903710 7.853615 0.130787 0.370863
172.500000 0.903700 7.854099 0.130800 0.367600
172.599991 0.904371 7.855857 0.131940 0.369911
172.699997 0.904719 7.859328 0.130274 0.367726
172.800003 0.904938 7.858757 0.129948 0.366154
172.899994 0.904919 7.859328 0.129774 0.365227
173.000000 0.904762 7.859243 0.131453 0.364346
173.099991 0.902790 7.845485 0.131013 0.363436
173.199997 0.904371 7.858958 0.128839 0.363609
173.300003 0.902890 7.846185 0.125613 0.363136
173.399994 0.904219 7.860428 0.125975 0.364927
173.500000 0.904381 7.860672 0.124325 0.365373
173.599991 0.903671 7.857257 0.124037 0.367210
173.699997 0.905838 7.862355 0.125050 0.365854
173.800003 0.905600 7.859500 0.126700 0.364200
173.899994 0.905124 7.859688 0.126801 0.363791
174.000000 0.905691 7.860085 0.126713 0.361936
174.099991 0.906100 7.859400 0.125100 0.365500
174.199997 0.905909 7.857214 0.125487 0.366863
174.300003 0.900910 7.822018 0.126187 0.363164
174.399994 0.905119 7.853030 0.125975 0.363827
174.500000 0.905338 7.854758 0.126349 0.361955
174.599991 0.903561 7.840736 0.123950 0.359144
174.699997 0.905481 7.852870 0.124125 0.357672
174.800003 0.906116 7.851767 0.123611 0.354919
174.899994 0.906472 7.852356 0.124237 0.355007
175.000000 0.906647 7.852274 0.126037 0.356922
175.099991 0.906691 7.855886 0.122512 0.355036
175.199997 0.906159 7.856084 0.121482 0.352529
175.300003 0.906347 7.858271 0.122539 0.352224
175.399994 0.905685 7.854731 0.119492 0.350584
175.500000 0.904829 7.853045 0.120964 0.348595
175.599991 0.904643 7.850110 0.120973 0.348509
175.699997 0.905162 7.849340 0.121649 0.348039
175.800003 0.905000 7.847900 0.117400 0.345300
175.899994 0.905491 7.849285 0.119012 0.347135
176.000000 0.902380 7.825665 0.117423 0.343569
176.099991 0.905491 7.848485 0.115912 0.343534
176.199997 0.906481 7.848170 0.119324 0.350370
176.300003 0.906847 7.849975 0.118841 0.348626
176.399994 0.906809 7.849715 0.119588 0.350565
176.500000 0.906381 7.847769 0.122725 0.353871
176.599991 0.904433 7.832083 0.119884 0.356049
176.699997 0.906009 7.846715 0.117588 0.356564
176.800003 0.906119 7.848431 0.116677 0.354429
176.899994 0.905909 7.846515 0.115488 0.352165
177.000000 0.903461 7.830533 0.114946 0.350440
177.099991 0.906644 7.849310 0.117370 0.346508
177.199997 0.906209 7.849216 0.118088 0.348565
177.300003 0.905262 7.844438 0.117347 0.347639
177.399994 0.905519 7.850730 0.117177 0.346231
177.500000 0.904490 7.850285 0.118912 0.348535
177.599991 0.904148 7.848476 0.118441 0.347026
177.699997 0.902061 7.832333 0.119548 0.347639
177.800003 0.903000 7.848000 0.119300 0.349300
177.899994 0.901841 7.842605 0.119972 0.348909
178.000000 0.902700 7.843699 0.119700 0.349200
178.099991 0.902710 7.841516 0.120688 0.349665
178.199997 0.900890 7.829583 0.123412 0.347635
178.300003 0.896928 7.805564 0.122085 0.346042
178.399994 0.901300 7.844300 0.123200 0.343000
178.500000 0.901361 7.844038 0.122749 0.343938
178.599991 0.901000 7.846200 0.123500 0.344500
178.699997 0.900390 7.847285 0.123912 0.341934
178.800003 0.900570 7.847754 0.122137 0.343503
178.899994 0.901010 7.851315 0.122488 0.343966
179.000000 0.900370 7.850355 0.122837 0.340102
179.099991 0.898970 7.841252 0.123137 0.338001
179.199997 0.899370 7.846354 0.121536 0.341402
179.300003 0.899970 7.853856 0.120736 0.337401
179.399994 0.900520 7.853529 0.119076 0.334133
179.500000 0.900970 7.853656 0.120536 0.332600
179.599991 0.900480 7.847970 0.121424 0.330266
179.699997 0.900941 7.853612 0.119972 0.325295
179.800003 0.899450 7.839420 0.120160 0.323762
179.899994 0.897680 7.828566 0.116523 0.323465
180.000000 0.900700 7.845099 0.115200 0.326200
180.099991 0.900810 7.853115 0.114789 0.326667
180.199997 0.900690 7.850685 0.114711 0.324832
180.300003 0.901361 7.851541 0.114546 0.324930
180.399994 0.903042 7.853712 0.113368 0.322493
180.500000 0.902380 7.849670 0.112322 0.319464
180.599991 0.900050 7.834117 0.112656 0.321461
180.699997 0.902310 7.852314 0.114689 0.319568
180.800003 0.902919 7.851430 0.115177 0.325335
180.899994 0.901630 7.837449 0.115965 0.327302
181.000000 0.900080 7.832399 0.117040 0.330497
181.099991 0.903471 7.854756 0.117735 0.330899
181.199997 0.901260 7.837735 0.118748 0.332233
181.300003 0.900050 7.837819 0.117459 0.329665
181.399994 0.901829 7.854244 0.119264 0.335099
181.500000 0.901390 7.853185 0.119112 0.336634
181.599991 0.900980 7.853070 0.119824 0.334867
181.699997 0.901220 7.852129 0.119476 0.337133
181.800003 0.899710 7.843516 0.118488 0.335566
181.899994 0.901530 7.854544 0.121564 0.337199
182.000000 0.901272 7.850706 0.121258 0.332632
182.099991 0.899790 7.842184 0.121112 0.336234
182.199997 0.898280 7.830066 0.119924 0.338068
182.300003 0.900060 7.844882 0.119868 0.342279
182.399994 0.897728 7.829881 0.118483 0.335035
182.500000 0.897690 7.835584 0.118812 0.337434
182.599991 0.898180 7.839568 0.118624 0.340268
182.699997 0.897659 7.844738 0.118247 0.346138
182.800003 0.897690 7.843385 0.120812 0.346035
182.899994 0.894705 7.830448 0.119808 0.345211
183.000000 0.895921 7.841532 0.119676 0.347231
183.099991 0.896359 7.840837 0.120348 0.346238
183.199997 0.896579 7.842068 0.124125 0.349570
183.300003 0.896290 7.844385 0.122112 0.349135
183.399994 0.897182 7.845424 0.122202 0.347122
183.500000 0.897500 7.848500 0.121100 0.345800
183.599991 0.897110 7.844316 0.122088 0.346365
183.699997 0.897051 7.841979 0.122439 0.345427
183.800003 0.898880 7.843069 0.124325 0.344369
183.899994 0.898369 7.840753 0.124337 0.345304
184.000000 0.896569 7.827949 0.125538 0.345704
184.099991 0.899139 7.839904 0.126076 0.347308
184.199997 0.898759 7.839436 0.127651 0.346739
184.300003 0.899499 7.841542 0.126126 0.346246
184.399994 0.900330 7.845547 0.126462 0.349295
184.500000 0.898980 7.841369 0.127025 0.346469
184.599991 0.899240 7.842105 0.127677 0.344707
184.699997 0.900680 7.844169 0.125225 0.340468
184.800003 0.898800 7.832900 0.126100 0.339100
184.899994 0.901461 7.847339 0.122849 0.343037
185.000000 0.899890 7.837883 0.120812 0.342334
185.099991 0.900590 7.848885 0.119612 0.343034
185.199997 0.900980 7.849070 0.119224 0.345869
185.300003 0.900730 7.847445 0.120164 0.348895
185.399994 0.900580 7.846669 0.118324 0.351670
185.500000 0.900410 7.838717 0.119288 0.355664
185.599991 0.899080 7.831866 0.121624 0.356571
185.699997 0.895637 7.816090 0.118571 0.355213
185.800003 0.895969 7.823347 0.118936 0.355107
185.899994 0.898200 7.842700 0.118700 0.357600
186.000000 0.898198 7.843043 0.119620 0.355656
186.099991 0.898500 7.842300 0.120800 0.358000
186.199997 0.897959 7.842937 0.120548 0.359344
186.300003 0.899470 7.844153 0.120336 0.356407
186.399994 0.900290 7.846185 0.120412 0.353235
186.500000 0.899630 7.838948 0.121164 0.352894
186.599991 0.900140 7.842763 0.120752 0.353359
186.699997 0.900210 7.843816 0.122388 0.357164
186.800003 0.900150 7.846677 0.121439 0.360520
186.899994 0.901180 7.846570 0.119824 0.361472
187.000000 0.899770 7.839652 0.119136 0.360808
187.099991 0.898880 7.833967 0.122024 0.364173
187.199997 0.900110 7.843515 0.120688 0.365463
187.300003 0.895727 7.815070 0.120384 0.364355
187.399994 0.895969 7.816545 0.117035 0.360908
187.500000 0.898840 7.841364 0.115654 0.366653
187.599991 0.898180 7.841168 0.116023 0.371074
187.699997 0.897479 7.838668 0.116723 0.374375
187.800003 0.897400 7.838100 0.117200 0.373600
187.899994 0.897731 7.838148 0.117165 0.372388
188.000000 0.898471 7.841012 0.117118 0.371340
188.099991 0.899560 7.843437 0.115946 0.371349
188.199997 0.898639 7.844206 0.113668 0.371623
188.300003 0.898790 7.838184 0.114011 0.373837
188.399994 0.900110 7.842316 0.113189 0.373463
188.500000 0.899810 7.841316 0.115488 0.374063
188.599991 0.898980 7.830865 0.115523 0.375675
188.699997 0.900300 7.841400 0.112900 0.377100
188.800003 0.899490 7.837784 0.111811 0.375037
188.899994 0.899390 7.838584 0.110211 0.375938
189.000000 0.898190 7.832683 0.107511 0.373937
189.099991 0.896890 7.827483 0.109611 0.374938
189.199997 0.897269 7.835151 0.109433 0.371311
189.300003 0.896100 7.837100 0.106200 0.369700
189.399994 0.896610 7.840516 0.106689 0.370863
189.500000 0.896100 7.836000 0.105200 0.365000
189.599991 0.897079 7.843469 0.103521 0.368574
189.699997 0.894900 7.830000 0.103200 0.365700
189.800003 0.896058 7.839236 0.104542 0.364846
189.899994 0.895769 7.841352 0.104531 0.361709
190.000000 0.895890 7.839984 0.104210 0.363436
190.099991 0.894589 7.829583 0.105111 0.366837
190.199997 0.895369 7.840252 0.103631 0.366610
190.300003 0.895600 7.836600 0.103200 0.365400
190.399994 0.894958 7.837435 0.103441 0.367747
190.500000 0.895752 7.840680 0.100150 0.366317
190.599991 0.895431 7.840448 0.100370 0.365790
190.699997 0.895373 7.841910 0.101129 0.368942
190.800003 0.893621 7.825935 0.100780 0.368826
190.899994 0.896048 7.843922 0.103652 0.371986
191.000000 0.892403 7.814133 0.106696 0.369533
191.099991 0.896531 7.844147 0.107968 0.372088
191.199997 0.895637 7.845307 0.108565 0.376526
191.300003 0.896841 7.846961 0.108557 0.376649
191.399994 0.896790 7.839484 0.108711 0.375138
191.500000 0.898010 7.846915 0.110889 0.375962
191.599991 0.897649 7.836918 0.114157 0.381091
191.699997 0.899840 7.847208 0.114769 0.380228
191.800003 0.900280 7.847370 0.114723 0.381876
191.899994 0.899620 7.841232 0.115377 0.383023
192.000000 0.898159 7.833133 0.116947 0.380652
192.099991 0.900070 7.848054 0.117035 0.381715
192.199997 0.900510 7.850715 0.116788 0.379562
192.300003 0.900030 7.850645 0.116765 0.380486
192.399994 0.900570 7.851156 0.116035 0.377813
192.500000 0.900070 7.850955 0.117635 0.382215
192.599991 0.899040 7.847861 0.118053 0.383946
192.699997 0.899990 7.849236 0.115496 0.383855
192.800003 0.900370 7.850104 0.117518 0.386829
192.899994 0.901010 7.851415 0.116388 0.385161
193.000000 0.902139 7.853158 0.116054 0.381148
193.099991 0.901361 7.853141 0.115546 0.380152
193.199997 0.901220 7.852930 0.115777 0.378524
193.300003 0.902010 7.852915 0.114589 0.377862
193.399994 0.902710 7.851714 0.112889 0.380662
193.500000 0.902432 7.850095 0.110778 0.385770
193.599991 0.901961 7.851040 0.109544 0.385654
193.699997 0.901851 7.850125 0.110655 0.386493
193.800003 0.902668 7.849405 0.110523 0.386729
193.899994 0.901551 7.843122 0.109855 0.390295
194.000000 0.901490 7.846285 0.109711 0.395540
194.099991 0.900780 7.840968 0.110422 0.394679
194.199997 0.900490 7.842084 0.110311 0.397740
194.300003 0.902551 7.852026 0.112256 0.397799
194.399994 0.901900 7.843500 0.112800 0.399900
194.500000 0.902210 7.853715 0.116688 0.400960
194.599991 0.900270 7.830049 0.117635 0.402521
194.699997 0.902220 7.851530 0.119576 0.402919
194.800003 0.903290 7.854185 0.120712 0.406141
194.899994 0.899400 7.827100 0.120200 0.405100
195.000000 0.902610 7.851315 0.122388 0.402260
195.099991 0.903490 7.849885 0.124512 0.405141
195.199997 0.903158 7.850590 0.125725 0.403358
195.300003 0.903100 7.851200 0.126600 0.404800
195.399994 0.901861 7.841436 0.126351 0.404362
195.500000 0.900960 7.832533 0.125750 0.401260
195.599991 0.903958 7.850490 0.127623 0.406356
195.699997 0.903419 7.850430 0.128574 0.406319
195.800003 0.903681 7.849170 0.125825 0.401680
195.899994 0.900460 7.826031 0.125350 0.400760
196.000000 0.903600 7.849500 0.124900 0.400000
196.099991 0.904776 7.851019 0.124400 0.400879
196.199997 0.904857 7.852589 0.123026 0.397761
196.300003 0.903600 7.853200 0.123800 0.398500
196.399994 0.904419 7.853230 0.125175 0.399120
196.500000 0.901561 7.830933 0.123950 0.403661
196.599991 0.904000 7.849900 0.123100 0.404200
196.699997 0.903933 7.848794 0.123086 0.406284
196.800003 0.903052 7.845323 0.120960 0.404402
196.899994 0.903252 7.846623 0.118759 0.401501
197.000000 0.902810 7.847915 0.119288 0.401860
197.099991 0.902978 7.846422 0.121003 0.403577
197.199997 0.903007 7.846869 0.120268 0.403556
197.300003 0.904181 7.848070 0.119524 0.399780
197.399994 0.904229 7.848546 0.117965 0.397981
197.500000 0.903161 7.844037 0.116146 0.397659
197.599991 0.903885 7.846116 0.116239 0.399680
197.699997 0.904371 7.847654 0.116335 0.405122
197.800003 0.900300 7.813200 0.113800 0.402900
197.899994 0.904738 7.845062 0.114454 0.406337
198.000000 0.905147 7.848975 0.114943 0.410195
198.099991 0.902813 7.828246 0.116505 0.412171
198.199997 0.904514 7.850266 0.115704 0.414273
198.300003 0.904010 7.848815 0.116688 0.412459
198.399994 0.904281 7.849070 0.113923 0.410582
198.500000 0.904862 7.847539 0.114346 0.409964
198.599991 0.899359 7.808232 0.113859 0.408272
198.699997 0.903900 7.846100 0.113400 0.410400
198.800003 0.902800 7.828300 0.113700 0.410600
198.899994 0.903733 7.840789 0.111978 0.413890
199.000000 0.904457 7.841895 0.112433 0.411753
199.099991 0.904000 7.838000 0.114600 0.410700
199.199997 0.900640 7.819992 0.113568 0.412047
199.300003 0.902071 7.834150 0.112234 0.412324
199.399994 0.902041 7.831599 0.112868 0.410847
199.500000 0.901900 7.827700 0.113900 0.413200
199.599991 0.902871 7.841352 0.114534 0.416725
199.699997 0.899640 7.818491 0.115669 0.413848
199.800003 0.901990 7.839484 0.117112 0.413741
199.899994 0.901569 7.838413 0.115419 0.412411
