0.000000 0.999800 7.998999 0.999600 0.999900
0.100000 0.997999 7.989896 0.997599 0.998499
0.200000 0.997101 7.983407 0.996701 0.996301
0.300000 0.995902 7.976512 0.995502 0.995003
0.400000 0.993601 7.969706 0.994701 0.993601
0.500000 0.992999 7.964097 0.994099 0.991999
0.600000 0.992197 7.961685 0.993197 0.992297
0.700000 0.991205 7.957226 0.992005 0.989806
0.800000 0.990397 7.952886 0.990997 0.988897
0.900000 0.988794 7.948474 0.989295 0.988194
1.000000 0.987896 7.945884 0.987896 0.987296
1.100000 0.986799 7.943895 0.987299 0.985899
1.200000 0.985714 7.941558 0.986713 0.983816
1.300000 0.985291 7.939864 0.986092 0.981189
1.400000 0.984598 7.938793 0.984498 0.980798
1.500000 0.983405 7.936219 0.982905 0.978906
1.600000 0.982489 7.936262 0.981189 0.977687
1.700000 0.981004 7.933713 0.980704 0.976805
1.800000 0.979386 7.930051 0.978485 0.977084
1.900000 0.976698 7.914792 0.976298 0.974797
2.000000 0.977809 7.926929 0.978309 0.974810
2.100000 0.977389 7.926063 0.977789 0.973887
2.200000 0.976995 7.925585 0.977896 0.971494
2.300000 0.975907 7.924523 0.977307 0.971109
2.400000 0.974800 7.924700 0.977800 0.969200
2.500000 0.973300 7.924000 0.976900 0.968100
2.600000 0.972795 7.923285 0.976595 0.968694
2.700000 0.972297 7.924493 0.976198 0.969397
2.800000 0.971188 7.925270 0.975190 0.966787
2.900000 0.969003 7.917208 0.972703 0.965303
3.000000 0.969194 7.918484 0.972094 0.963293
3.100000 0.965497 7.899590 0.968397 0.960596
3.200000 0.966493 7.908281 0.968694 0.960792
3.300000 0.967290 7.918476 0.970491 0.959488
3.400000 0.966300 7.919600 0.969200 0.959200
3.500000 0.965486 7.918568 0.968087 0.958884
3.600000 0.964665 7.914715 0.968669 0.956857
3.700000 0.962600 7.897400 0.965500 0.955200
3.800000 0.963896 7.911391 0.966097 0.957296
3.900000 0.964807 7.914417 0.965907 0.956909
4.000000 0.962833 7.906933 0.964536 0.953316
4.100000 0.963318 7.913143 0.964818 0.952924
4.200000 0.962530 7.911971 0.963229 0.951339
4.300000 0.959184 7.894058 0.959784 0.947479
4.400000 0.960920 7.913343 0.960720 0.948926
4.500000 0.960080 7.912056 0.960480 0.948174
4.600000 0.955591 7.877875 0.955691 0.943489
4.700000 0.958717 7.906538 0.958916 0.947321
4.800000 0.957683 7.906962 0.957583 0.946979
4.900000 0.954591 7.886977 0.954191 0.942188
5.000000 0.957196 7.910491 0.954495 0.941794
5.100000 0.956726 7.910654 0.956326 0.940636
5.200000 0.954105 7.901810 0.954605 0.939306
5.300000 0.952572 7.895837 0.954673 0.937162
5.400000 0.954323 7.910245 0.954623 0.938431
5.500000 0.952595 7.904891 0.953395 0.936494
5.600000 0.953495 7.910991 0.954996 0.936394
5.700000 0.952505 7.912709 0.954605 0.935206
5.800000 0.952200 7.912700 0.951600 0.936600
5.900000 0.951210 7.911317 0.950010 0.936413
6.000000 0.948490 7.897679 0.948090 0.933687
6.100000 0.949115 7.911526 0.949615 0.934720
6.200000 0.949366 7.912214 0.947868 0.932488
6.300000 0.948695 7.910192 0.945795 0.930493
6.400000 0.948200 7.911000 0.946400 0.929800
6.500000 0.946395 7.898390 0.943294 0.926593
6.600000 0.946100 7.899000 0.941700 0.925600
6.700000 0.946989 7.910782 0.942188 0.926885
6.800000 0.946311 7.910518 0.943811 0.924715
6.900000 0.945800 7.911201 0.944600 0.922200
7.000000 0.944872 7.910255 0.942471 0.923062
7.100000 0.945089 7.908782 0.939988 0.921284
7.200000 0.943794 7.904191 0.935794 0.919692
7.300000 0.943000 7.907000 0.935300 0.916800
7.400000 0.940776 7.895558 0.932373 0.912565
7.500000 0.939700 7.887100 0.930100 0.909800
7.600000 0.937600 7.877300 0.927000 0.906600
7.700000 0.938794 7.894089 0.930493 0.908791
7.800000 0.938882 7.900570 0.929179 0.908973
7.900000 0.938618 7.898631 0.929621 0.910427
8.000000 0.939236 7.898261 0.929342 0.909554
8.099999 0.938175 7.893658 0.928271 0.907263
8.200000 0.939224 7.899140 0.929028 0.909136
8.300000 0.938976 7.903461 0.928071 0.909564
8.400000 0.938612 7.904919 0.929114 0.907019
8.500000 0.938794 7.904390 0.929593 0.906191
8.599999 0.938876 7.906162 0.928271 0.906363
8.700000 0.939382 7.908372 0.926978 0.904671
8.800000 0.937781 7.902471 0.925178 0.900370
8.900000 0.937688 7.908182 0.924185 0.899080
9.000000 0.934393 7.890689 0.921092 0.896290
9.099999 0.934480 7.893569 0.921276 0.895669
9.200000 0.935894 7.905591 0.921192 0.895890
9.300000 0.936006 7.905710 0.918908 0.893211
9.400000 0.936000 7.905700 0.918500 0.893000
9.500000 0.931946 7.875600 0.913131 0.885508
9.599999 0.935107 7.901310 0.912809 0.888611
9.700000 0.935171 7.900010 0.911697 0.886824
9.800000 0.934713 7.898220 0.907718 0.882823
9.900000 0.933793 7.898090 0.906791 0.884688
10.000000 0.931100 7.883700 0.903600 0.880900
10.099999 0.930879 7.890267 0.905172 0.881064
10.200000 0.931072 7.892257 0.904462 0.878952
10.300000 0.930900 7.888000 0.902000 0.879100
10.400000 0.930793 7.892089 0.900290 0.878488
10.500000 0.929100 7.883600 0.897300 0.876400
10.599999 0.929565 7.893047 0.895248 0.878439
10.700000 0.927478 7.878463 0.893568 0.876263
10.800000 0.929371 7.895905 0.895904 0.879121
10.900000 0.929900 7.895400 0.894000 0.877600
11.000000 0.930414 7.893821 0.893521 0.878324
11.099999 0.930286 7.893779 0.893479 0.876975
11.200000 0.927342 7.879203 0.893815 0.874099
11.300000 0.928914 7.893421 0.892222 0.875125
11.400000 0.928693 7.891889 0.890989 0.873987
11.500000 0.928486 7.892078 0.888878 0.872074
11.599999 0.927686 7.890178 0.889778 0.869474
11.700000 0.927293 7.891189 0.889189 0.869587
11.800000 0.927664 7.893046 0.887544 0.866133
11.900000 0.926656 7.894136 0.887633 0.869121
12.000000 0.925385 7.888177 0.886977 0.869974
12.099999 0.926500 7.895200 0.885100 0.869500
12.200000 0.925793 7.894389 0.884588 0.867687
12.300000 0.925874 7.897003 0.882717 0.868831
12.400000 0.924762 7.892946 0.880940 0.869435
12.500000 0.925593 7.895790 0.878588 0.868487
12.599999 0.924492 7.890688 0.874687 0.866387
12.700000 0.925008 7.895410 0.874613 0.867313
12.799999 0.924830 7.893743 0.875150 0.866953
12.900000 0.925752 7.894374 0.872889 0.863995
13.000000 0.925970 7.893257 0.871248 0.863445
13.099999 0.926170 7.891456 0.868848 0.865246
13.200000 0.925093 7.886989 0.865687 0.864386
13.299999 0.925000 7.888500 0.864400 0.863100
13.400000 0.924308 7.886811 0.861914 0.861514
13.500000 0.923385 7.884277 0.858472 0.857572
13.599999 0.923631 7.883347 0.854858 0.856457
13.700000 0.922692 7.880989 0.854285 0.855686
13.799999 0.923462 7.883342 0.854327 0.854727
13.900000 0.923508 7.879412 0.852115 0.854815
14.000000 0.924185 7.886477 0.852571 0.855471
14.099999 0.921600 7.869200 0.849300 0.854700
14.200000 0.923454 7.886979 0.847807 0.857100
14.299999 0.924023 7.888034 0.846646 0.854244
14.400000 0.923323 7.888834 0.847946 0.852944
14.500000 0.920968 7.866646 0.844038 0.849640
14.599999 0.922923 7.887034 0.844847 0.850745
14.700000 0.923577 7.885665 0.841753 0.850055
14.799999 0.922992 7.884089 0.841784 0.850085
14.900000 0.923569 7.883153 0.840436 0.850640
15.000000 0.923485 7.884277 0.839568 0.851670
15.099999 0.919500 7.859700 0.838600 0.847200
15.200000 0.922300 7.884400 0.841500 0.849000
15.299999 0.922508 7.885211 0.840916 0.846015
15.400000 0.922231 7.884646 0.841863 0.843962
15.500000 0.921061 7.874938 0.839520 0.840420
15.599999 0.922161 7.882941 0.839820 0.841421
15.700000 0.922277 7.883365 0.834050 0.840452
15.799999 0.922362 7.884392 0.833433 0.842226
15.900000 0.922277 7.883965 0.832050 0.841252
16.000000 0.922700 7.886300 0.831000 0.839800
16.100000 0.919984 7.869073 0.828266 0.836767
16.199999 0.921576 7.882565 0.831149 0.836051
16.299999 0.921900 7.883300 0.829300 0.833600
16.400000 0.921461 7.879440 0.826913 0.832816
16.500000 0.921390 7.876527 0.826958 0.830463
16.600000 0.920892 7.877288 0.824482 0.828483
16.699999 0.921008 7.879412 0.824718 0.828617
16.799999 0.920892 7.880288 0.823282 0.828583
16.900000 0.920308 7.879212 0.822518 0.829617
17.000000 0.919892 7.879288 0.821082 0.831483
17.100000 0.919916 7.881923 0.819536 0.833533
17.199999 0.920116 7.876925 0.819236 0.831634
17.299999 0.919568 7.876450 0.818928 0.835034
17.400000 0.919084 7.874875 0.816463 0.833967
17.500000 0.919948 7.881671 0.813712 0.832401
17.600000 0.919608 7.880312 0.812019 0.831517
17.699999 0.916800 7.863900 0.810500 0.830100
17.799999 0.919076 7.881265 0.809043 0.828949
17.900000 0.919208 7.880912 0.809119 0.827817
18.000000 0.919700 7.880300 0.806300 0.829000
18.100000 0.918816 7.880024 0.806039 0.827934
18.199999 0.917784 7.879176 0.805061 0.825765
18.299999 0.918249 7.878773 0.801319 0.828503
18.400000 0.917450 7.874424 0.802582 0.825896
18.500000 0.918000 7.876400 0.802000 0.823200
18.600000 0.916450 7.863555 0.799639 0.821679
18.699999 0.917943 7.869609 0.797758 0.820975
18.799999 0.918143 7.876413 0.799660 0.821775
18.900000 0.918549 7.877973 0.797821 0.821807
19.000000 0.918600 7.876900 0.799600 0.825000
19.100000 0.917949 7.875375 0.798921 0.823606
19.199999 0.916967 7.872449 0.797419 0.825130
19.299999 0.916600 7.867400 0.795700 0.824500
19.400000 0.916217 7.870026 0.797441 0.822336
19.500000 0.916433 7.868896 0.794536 0.821858
19.600000 0.916142 7.867466 0.790205 0.824788
19.699999 0.917684 7.868774 0.788258 0.823465
19.799999 0.917549 7.869578 0.789626 0.823906
19.900000 0.917584 7.868374 0.785857 0.825965
20.000000 0.917308 7.868513 0.785521 0.827017
20.100000 0.917333 7.869253 0.788585 0.825070
20.199999 0.917167 7.869748 0.789316 0.822229
20.299999 0.917825 7.870239 0.788263 0.820354
20.400000 0.915575 7.856557 0.786636 0.821146
20.500000 0.918567 7.868948 0.788115 0.818527
20.600000 0.917733 7.858957 0.785586 0.818573
20.699999 0.916383 7.850370 0.783557 0.816263
20.799999 0.915100 7.841300 0.781800 0.820100
20.900000 0.917475 7.868061 0.780234 0.823147
21.000000 0.918233 7.871951 0.779288 0.822571
21.100000 0.918151 7.870423 0.776666 0.821093
21.199999 0.918316 7.869826 0.779944 0.821536
21.299999 0.918816 7.872926 0.777444 0.819236
21.400000 0.918476 7.870661 0.773632 0.818045
21.500000 0.917951 7.869422 0.770362 0.818591
21.600000 0.918000 7.870200 0.768500 0.819100
21.699999 0.918706 7.868671 0.768900 0.819535
21.799999 0.919157 7.869891 0.767563 0.818627
21.900000 0.918559 7.868434 0.764882 0.816308
22.000000 0.919576 7.871262 0.763329 0.814444
22.100000 0.916983 7.858771 0.758352 0.811062
22.199999 0.917808 7.869213 0.758024 0.811219
22.299999 0.917584 7.870474 0.756651 0.810662
22.400000 0.917408 7.873713 0.754425 0.811019
22.500000 0.916217 7.874225 0.748950 0.811838
22.600000 0.914100 7.865401 0.746500 0.809400
22.699999 0.914083 7.870874 0.748950 0.809562
22.799999 0.913291 7.862186 0.745775 0.806481
22.900000 0.914783 7.869874 0.749050 0.806761
23.000000 0.913022 7.862476 0.749675 0.807427
23.100000 0.913391 7.870387 0.749975 0.810181
23.199999 0.914000 7.871000 0.747800 0.812100
23.299999 0.913552 7.869678 0.748451 0.811713
23.400000 0.912809 7.867913 0.745525 0.807819
23.500000 0.912809 7.866213 0.745026 0.807819
23.600000 0.912291 7.863586 0.745775 0.808081
23.699999 0.912309 7.865813 0.743826 0.808919
23.799999 0.910464 7.851140 0.742297 0.802121
23.900000 0.912182 7.865873 0.740348 0.800360
24.000000 0.911865 7.864245 0.738095 0.798820
24.100000 0.913017 7.867027 0.741852 0.799240
24.199999 0.913183 7.865773 0.740648 0.796359
24.299999 0.912491 7.859986 0.739174 0.793279
24.400000 0.910582 7.846769 0.734947 0.788658
24.500000 0.912374 7.866160 0.739422 0.790137
24.600000 0.910000 7.848200 0.738100 0.787600
24.699999 0.911835 7.865754 0.737505 0.786186
24.799999 0.911344 7.865967 0.735732 0.787206
24.900000 0.910300 7.866800 0.733200 0.786600
25.000000 0.908200 7.847700 0.730900 0.782900
25.100000 0.909018 7.857629 0.730154 0.783743
25.199999 0.909918 7.862727 0.726655 0.784443
25.299999 0.908900 7.863100 0.726900 0.783000
25.400000 0.908491 7.860386 0.724272 0.778378
25.500000 0.907791 7.864486 0.725373 0.777978
25.599998 0.907500 7.863200 0.723200 0.778700
25.699999 0.906819 7.860828 0.719656 0.775845
25.799999 0.907037 7.858756 0.717513 0.773691
25.900000 0.904543 7.841205 0.715829 0.773964
26.000000 0.905291 7.855685 0.713171 0.775178
26.099998 0.905709 7.856014 0.711329 0.775422
26.199999 0.905791 7.851585 0.707471 0.775578
26.299999 0.905181 7.844969 0.703841 0.775255
26.400000 0.905404 7.855659 0.702827 0.775747
26.500000 0.904790 7.854085 0.703170 0.773777
26.599998 0.904481 7.854772 0.705341 0.770554
26.699999 0.904481 7.854971 0.705841 0.768354
26.799999 0.904290 7.855285 0.703770 0.766077
26.900000 0.903748 7.855373 0.703248 0.771714
27.000000 0.903468 7.855401 0.705806 0.773159
27.099998 0.903468 7.854301 0.701209 0.773858
27.199999 0.904462 7.855042 0.699780 0.775110
27.299999 0.904090 7.853586 0.700170 0.776478
27.400000 0.904138 7.852560 0.701819 0.776389
27.500000 0.906628 7.855543 0.703789 0.776067
27.599998 0.906725 7.856986 0.703963 0.775220
27.699999 0.906162 7.851040 0.704182 0.775410
27.799999 0.906109 7.853614 0.702630 0.773723
27.900000 0.906565 7.853302 0.701009 0.771160
28.000000 0.905291 7.849085 0.698670 0.772777
28.099998 0.905825 7.856686 0.698159 0.773619
28.199999 0.906493 7.856443 0.698002 0.771628
28.299999 0.906500 7.857100 0.698200 0.771000
28.400000 0.906791 7.857386 0.696870 0.768777
28.500000 0.906181 7.856171 0.694639 0.767854
28.599998 0.905400 7.855700 0.693800 0.765500
28.699999 0.905157 7.856386 0.694283 0.765241
28.799999 0.903232 7.850195 0.692285 0.765536
28.900000 0.901580 7.841868 0.687337 0.767153
29.000000 0.904552 7.859529 0.693247 0.770585
29.099998 0.904190 7.857786 0.693369 0.771677
29.199999 0.903048 7.857572 0.693753 0.772714
29.299999 0.903022 7.854984 0.694255 0.770717
29.400000 0.904110 7.854714 0.693431 0.771723
29.500000 0.905472 7.855757 0.693108 0.772032
29.599998 0.905585 7.856429 0.688780 0.772205
29.699999 0.904729 7.857643 0.686394 0.768769
29.799999 0.901771 7.833250 0.679304 0.762429
29.900000 0.904705 7.856957 0.677177 0.765065
30.000000 0.905909 7.855814 0.673233 0.763324
30.099998 0.905781 7.842769 0.669234 0.763153
30.199999 0.906763 7.855442 0.666967 0.761405
30.299999 0.906472 7.856557 0.666300 0.761228
30.400000 0.905700 7.858900 0.664700 0.762400
30.500000 0.904504 7.849650 0.661261 0.758158
30.599998 0.906209 7.858514 0.661034 0.758924
30.699999 0.906147 7.857971 0.658471 0.759021
30.799999 0.906353 7.854827 0.658529 0.760780
30.900000 0.907200 7.861800 0.659100 0.761800
31.000000 0.906656 7.859884 0.658005 0.759744
31.099998 0.907600 7.859400 0.660000 0.760200
31.199999 0.907900 7.860900 0.658000 0.759200
31.299999 0.907672 7.860958 0.657397 0.759528
31.400000 0.907172 7.857357 0.655997 0.752526
31.500000 0.904981 7.846169 0.656931 0.752250
31.599998 0.906519 7.858328 0.657569 0.752250
31.699999 0.906609 7.857513 0.655234 0.752725
31.799999 0.906728 7.857043 0.654004 0.755173
31.900000 0.906437 7.853959 0.652339 0.755198
32.000000 0.906637 7.855358 0.650340 0.754398
32.099998 0.907146 7.855272 0.651374 0.754023
32.200001 0.906209 7.853115 0.653235 0.753025
32.299999 0.906309 7.851715 0.652835 0.753425
32.399998 0.906200 7.851000 0.652200 0.752100
32.500000 0.903281 7.830466 0.646429 0.749050
32.599998 0.905347 7.850475 0.647776 0.751724
32.700001 0.904481 7.845769 0.650030 0.748250
32.799999 0.903571 7.847354 0.646794 0.746724
32.899998 0.903239 7.848461 0.648341 0.743503
33.000000 0.902790 7.849385 0.650665 0.743374
33.099998 0.903648 7.851574 0.654972 0.740230
33.200001 0.904700 7.848700 0.654200 0.739100
33.299999 0.904714 7.847763 0.653288 0.739666
33.399998 0.904962 7.848339 0.655962 0.741897
33.500000 0.901590 7.820083 0.654165 0.737774
33.599998 0.902890 7.832583 0.653965 0.740074
33.700001 0.904610 7.840415 0.654435 0.741326
33.799999 0.905291 7.843684 0.651365 0.740874
33.899998 0.902090 7.828983 0.648465 0.740174
34.000000 0.904390 7.847185 0.649465 0.742474
34.099998 0.904433 7.847993 0.647553 0.742920
34.200001 0.904219 7.850030 0.645871 0.741052
34.299999 0.903381 7.849670 0.647029 0.738448
34.399998 0.903358 7.848990 0.644014 0.732660
34.500000 0.902790 7.848285 0.643664 0.733773
34.599998 0.902480 7.848369 0.644029 0.732647
34.700001 0.900470 7.840052 0.644393 0.731019
34.799999 0.900990 7.848085 0.642164 0.735174
34.899998 0.900340 7.848761 0.644942 0.737605
35.000000 0.898570 7.836451 0.637891 0.735721
35.099998 0.899790 7.846285 0.640964 0.736474
35.200001 0.899560 7.846939 0.639256 0.732193
35.299999 0.899090 7.845284 0.640064 0.732373
35.399998 0.898590 7.840684 0.637564 0.732673
35.500000 0.899890 7.845785 0.635564 0.731473
35.599998 0.900930 7.846345 0.636009 0.730481
35.700001 0.901220 7.846331 0.632074 0.728554
35.799999 0.901159 7.844093 0.631621 0.726964
35.899998 0.901510 7.844416 0.632037 0.724528
36.000000 0.900720 7.844731 0.629374 0.721056
36.099998 0.898190 7.827082 0.626563 0.717772
36.200001 0.900790 7.848085 0.625262 0.715672
36.299999 0.900850 7.847324 0.623612 0.714157
36.399998 0.899350 7.836218 0.620410 0.712256
36.500000 0.900580 7.848269 0.618424 0.713343
36.599998 0.899990 7.847485 0.614561 0.710671
36.700001 0.899830 7.845646 0.616015 0.707288
36.799999 0.899690 7.844285 0.616762 0.705371
36.899998 0.899600 7.844700 0.613400 0.704700
37.000000 0.899040 7.844862 0.610656 0.703119
37.099998 0.898349 7.844122 0.610705 0.702951
37.200001 0.898680 7.842768 0.609522 0.704341
37.299999 0.898708 7.839896 0.608456 0.703437
37.399998 0.899230 7.839948 0.606818 0.704689
37.500000 0.900300 7.845800 0.606300 0.701300
37.599998 0.897780 7.830866 0.601420 0.698340
37.700001 0.898459 7.837635 0.604342 0.699280
37.799999 0.899570 7.846954 0.601581 0.696709
37.899998 0.898780 7.846870 0.602421 0.698340
38.000000 0.898690 7.844285 0.602760 0.696670
38.099998 0.898190 7.845485 0.607061 0.695670
38.200001 0.897669 7.839052 0.605582 0.695009
38.299999 0.898000 7.838000 0.601000 0.694700
38.399998 0.898860 7.847239 0.599840 0.692877
38.500000 0.898359 7.846239 0.598539 0.692177
38.599998 0.899000 7.845800 0.593400 0.695100
38.700001 0.898380 7.840668 0.592118 0.690538
38.799999 0.896690 7.833483 0.591459 0.688069
38.899998 0.896348 7.829115 0.589695 0.688644
39.000000 0.898359 7.840837 0.590936 0.690576
39.099998 0.898870 7.842353 0.585576 0.686506
39.200001 0.896169 7.826848 0.586476 0.685706
39.299999 0.897949 7.843822 0.590495 0.688144
39.399998 0.897780 7.845870 0.588318 0.685337
39.500000 0.898870 7.847854 0.585676 0.684705
39.599998 0.899680 7.849570 0.585117 0.687237
39.700001 0.898049 7.841121 0.582491 0.687444
39.799999 0.899680 7.847670 0.582016 0.685437
39.899998 0.898670 7.845354 0.580274 0.687106
40.000000 0.899470 7.847754 0.577673 0.690507
40.099998 0.899800 7.850100 0.571000 0.687700
40.200001 0.900410 7.849615 0.568543 0.688431
40.299999 0.900910 7.851015 0.565743 0.685131
40.399998 0.900490 7.851885 0.566257 0.685269
40.500000 0.900680 7.853570 0.570014 0.686837
40.599998 0.901090 7.848385 0.563856 0.686169
40.700001 0.900120 7.842031 0.559788 0.686763
40.799999 0.898390 7.833983 0.556756 0.684768
40.899998 0.899039 7.847309 0.558535 0.684711
41.000000 0.899260 7.849840 0.554922 0.686675
41.099998 0.897949 7.845223 0.555878 0.686343
41.200001 0.897010 7.838716 0.557044 0.683932
41.299999 0.897238 7.846008 0.558935 0.684211
41.399998 0.897967 7.850906 0.561530 0.684790
41.500000 0.899119 7.850981 0.561349 0.686549
41.599998 0.899730 7.849845 0.561032 0.686494
41.700001 0.899700 7.848600 0.557900 0.689400
41.799999 0.898710 7.845716 0.557344 0.687231
41.899998 0.897200 7.839100 0.558600 0.688500
42.000000 0.898261 7.849790 0.557166 0.683690
42.099998 0.898680 7.851070 0.558212 0.680836
42.200001 0.899409 7.850266 0.554099 0.680613
42.299999 0.895379 7.825865 0.547509 0.681836
42.399998 0.898710 7.848516 0.546545 0.684732
42.500000 0.898441 7.851859 0.542383 0.686325
42.599998 0.899120 7.853030 0.541892 0.685563
42.700001 0.897190 7.838484 0.541154 0.684869
42.799999 0.897200 7.844399 0.541100 0.686600
42.899998 0.896586 7.848433 0.542597 0.685154
43.000000 0.896400 7.851100 0.541800 0.684600
43.099998 0.896310 7.853615 0.539546 0.683132
43.200001 0.894989 7.845184 0.541754 0.683468
43.299999 0.893579 7.842869 0.542008 0.680136
43.399998 0.892679 7.839568 0.543209 0.686637
43.500000 0.893689 7.850485 0.542154 0.687969
43.599998 0.892200 7.838600 0.536700 0.686300
43.700001 0.894021 7.849530 0.537193 0.688962
43.799999 0.893236 7.849810 0.538123 0.689314
43.899998 0.892757 7.848339 0.536815 0.687875
44.000000 0.889856 7.829832 0.536915 0.687375
44.099998 0.891600 7.848000 0.536800 0.688100
44.200001 0.890734 7.842105 0.537222 0.685711
44.299999 0.890933 7.849045 0.537839 0.683195
44.399998 0.891311 7.847015 0.536146 0.680132
44.500000 0.891300 7.846300 0.538700 0.679300
44.599998 0.890644 7.846362 0.538285 0.679328
44.700001 0.891100 7.845200 0.534700 0.679300
44.799999 0.890122 7.841232 0.535593 0.678664
44.899998 0.889056 7.833433 0.535514 0.680372
45.000000 0.892057 7.850541 0.537215 0.680372
45.099998 0.887699 7.817135 0.535782 0.674907
45.200001 0.891778 7.846669 0.531206 0.674135
45.299999 0.889989 7.838584 0.529953 0.678068
45.399998 0.888411 7.825961 0.523018 0.678142
45.500000 0.890100 7.842500 0.523000 0.677900
45.599998 0.886543 7.825613 0.520860 0.674037
45.700001 0.888533 7.839804 0.522914 0.679608
45.799999 0.888600 7.838900 0.517300 0.680100
45.899998 0.888978 7.840368 0.520104 0.679836
46.000000 0.886811 7.830017 0.519048 0.677932
46.099998 0.888178 7.839968 0.521304 0.677536
46.200001 0.888933 7.835050 0.520544 0.676897
46.299999 0.889156 7.827331 0.519708 0.673970
46.399998 0.890078 7.837167 0.517303 0.674735
46.500000 0.891557 7.843738 0.513906 0.675170
46.599998 0.892022 7.844631 0.515197 0.676165
46.700001 0.891056 7.833033 0.515106 0.673669
46.799999 0.891943 7.841663 0.518593 0.671831
46.899998 0.889489 7.825583 0.515852 0.669667
47.000000 0.890067 7.836951 0.512554 0.671301
47.099998 0.891581 7.842027 0.511563 0.670538
47.200001 0.892186 7.842426 0.506795 0.670663
47.299999 0.892200 7.841900 0.507600 0.668700
47.399998 0.892921 7.841232 0.506599 0.665067
47.500000 0.892235 7.837203 0.506604 0.667100
47.599998 0.892300 7.835300 0.506000 0.668200
47.700001 0.892278 7.839968 0.505501 0.667934
47.799999 0.891968 7.835951 0.501050 0.664499
47.899998 0.892943 7.841963 0.498501 0.660136
48.000000 0.890656 7.829932 0.497599 0.659564
48.099998 0.889678 7.832066 0.500100 0.656531
48.200001 0.891211 7.840716 0.500350 0.656734
48.299999 0.891470 7.840408 0.500801 0.658390
48.399998 0.890144 7.831468 0.503299 0.658537
48.500000 0.891878 7.836867 0.500900 0.660332
48.599998 0.892189 7.837584 0.498250 0.659766
48.700001 0.892779 7.837467 0.496899 0.660032
48.799999 0.893057 7.837435 0.496999 0.656463
48.899998 0.892557 7.838235 0.497099 0.657063
49.000000 0.891989 7.839483 0.495850 0.655866
49.099998 0.892836 7.836802 0.497499 0.655493
49.200001 0.892522 7.834233 0.497401 0.656469
49.299999 0.892443 7.829968 0.497701 0.655538
49.399998 0.892522 7.832434 0.498300 0.656169
49.500000 0.889878 7.816763 0.493999 0.654931
49.599998 0.892178 7.834767 0.494999 0.653731
49.700001 0.892124 7.829881 0.495147 0.654058
49.799999 0.887566 7.801240 0.493848 0.651695
49.899998 0.891557 7.831633 0.494198 0.655262
50.000000 0.891446 7.833117 0.493347 0.654027
50.099998 0.892111 7.832216 0.487751 0.653435
50.200001 0.891822 7.831333 0.484403 0.652070
50.299999 0.892322 7.832533 0.482903 0.654969
50.399998 0.891557 7.829132 0.481693 0.651461
50.500000 0.888433 7.808085 0.481189 0.650190
50.599998 0.890900 7.828899 0.482300 0.651100
50.700001 0.891743 7.830567 0.482507 0.646641
50.799999 0.892143 7.828769 0.488405 0.649040
50.899998 0.891768 7.829349 0.487646 0.647694
51.000000 0.891768 7.828548 0.489847 0.644693
51.099998 0.891357 7.827731 0.486295 0.646459
51.199997 0.889900 7.829700 0.484200 0.646800
51.299999 0.890755 7.832084 0.483858 0.647376
51.399998 0.890733 7.831351 0.483255 0.645906
51.500000 0.890800 7.831200 0.484400 0.647000
51.599998 0.891757 7.831633 0.485294 0.646659
51.699997 0.891935 7.824594 0.485091 0.644987
51.799999 0.892879 7.829866 0.486697 0.646129
51.899998 0.892135 7.833000 0.482690 0.644987
52.000000 0.890267 7.822547 0.479244 0.641492
52.099998 0.891689 7.827383 0.476048 0.639664
52.199997 0.894332 7.835050 0.473358 0.640608
52.299999 0.893911 7.834716 0.469353 0.642136
52.399998 0.894737 7.835802 0.468081 0.644387
52.500000 0.893989 7.836483 0.465046 0.641264
52.599998 0.892189 7.823782 0.465147 0.636664
52.699997 0.893689 7.829783 0.465747 0.641364
52.799999 0.894495 7.836946 0.467080 0.641323
52.899998 0.894526 7.832083 0.466026 0.638947
53.000000 0.895369 7.835751 0.465540 0.641392
53.099998 0.895685 7.833417 0.467915 0.639103
53.199997 0.895200 7.823999 0.468800 0.635500
53.299999 0.895079 7.826466 0.471994 0.633127
53.399998 0.895090 7.829884 0.469547 0.630963
53.500000 0.894847 7.832216 0.468834 0.631116
53.599998 0.895721 7.833233 0.470606 0.629874
53.699997 0.892900 7.817901 0.465300 0.624000
53.799999 0.895148 7.835318 0.466433 0.630615
53.899998 0.894584 7.835531 0.465128 0.631595
54.000000 0.892511 7.822418 0.460254 0.627837
54.099998 0.893489 7.836184 0.457446 0.629463
54.199997 0.893168 7.834950 0.453736 0.629089
54.299999 0.891600 7.824000 0.450600 0.624500
54.399998 0.893411 7.834716 0.451555 0.625737
54.500000 0.893979 7.834667 0.452891 0.624425
54.599998 0.894779 7.834767 0.453291 0.627626
54.699997 0.894642 7.835166 0.454718 0.624750
54.799999 0.894621 7.834733 0.452310 0.625875
54.899998 0.893989 7.834084 0.449845 0.622562
55.000000 0.894468 7.833251 0.449735 0.624387
55.099998 0.894142 7.833167 0.447621 0.626050
55.199997 0.894111 7.832916 0.448555 0.625537
55.299999 0.894158 7.833233 0.446078 0.627751
55.399998 0.895579 7.833067 0.440688 0.625425
55.500000 0.896327 7.833083 0.439808 0.623637
55.599998 0.895958 7.833033 0.440976 0.626351
55.699997 0.896100 7.834700 0.440000 0.625000
55.799999 0.895431 7.835349 0.438169 0.626112
55.899998 0.893779 7.833866 0.436787 0.625125
56.000000 0.894079 7.835767 0.434987 0.625825
56.099998 0.894068 7.834550 0.431830 0.626288
56.199997 0.895032 7.835650 0.434270 0.622713
56.299999 0.896000 7.832700 0.434100 0.622700
56.399998 0.897221 7.834833 0.433113 0.623775
56.500000 0.897349 7.834918 0.432716 0.623012
56.599998 0.897980 7.834267 0.433587 0.623025
56.699997 0.897690 7.834284 0.431543 0.621062
56.799999 0.896890 7.827183 0.427943 0.618962
56.899998 0.898090 7.837584 0.429443 0.614861
57.000000 0.898051 7.837282 0.427586 0.614093
57.099998 0.899110 7.839316 0.425557 0.618038
57.199997 0.899210 7.838416 0.420658 0.615638
57.299999 0.899610 7.838616 0.415558 0.618138
57.399998 0.899590 7.834084 0.412841 0.619662
57.500000 0.899390 7.837183 0.415842 0.621662
57.599998 0.898610 7.831316 0.414059 0.624238
57.699997 0.897980 7.835267 0.410782 0.626025
57.799999 0.896848 7.826113 0.412706 0.618509
57.899998 0.897600 7.824900 0.411000 0.617200
58.000000 0.898939 7.837102 0.409646 0.612868
58.099998 0.900420 7.840532 0.412617 0.610678
58.199997 0.901620 7.841132 0.406019 0.608878
58.299999 0.902329 7.843847 0.406678 0.612616
58.399998 0.902400 7.842900 0.402700 0.608400
58.500000 0.901951 7.837219 0.401801 0.604202
58.599998 0.903710 7.840116 0.403060 0.602740
58.699997 0.903581 7.837868 0.401480 0.603921
58.799999 0.903481 7.838268 0.403081 0.605121
58.899998 0.904048 7.840180 0.400999 0.600600
59.000000 0.903913 7.836953 0.401661 0.593234
59.099998 0.904210 7.844915 0.401160 0.593841
59.199997 0.904300 7.845800 0.402600 0.593000
59.299999 0.903619 7.845331 0.403019 0.592382
59.399998 0.903152 7.844723 0.401201 0.594197
59.500000 0.902781 7.842568 0.403281 0.593119
59.599998 0.900480 7.830566 0.400580 0.596119
59.699997 0.902615 7.845005 0.400561 0.598838
59.799999 0.902742 7.843606 0.399440 0.597659
59.899998 0.901890 7.836383 0.401040 0.597160
60.000000 0.902000 7.840500 0.399400 0.597600
60.099998 0.901110 7.840216 0.399260 0.598840
60.199997 0.901240 7.840464 0.402539 0.596361
60.299999 0.901120 7.840832 0.397421 0.592182
60.399998 0.900810 7.841016 0.399160 0.588141
60.500000 0.899430 7.838187 0.398779 0.589913
60.599998 0.900500 7.844600 0.395300 0.590800
60.699997 0.897149 7.822911 0.395298 0.591596
60.799999 0.898900 7.833400 0.396200 0.591900
60.899998 0.898890 7.840584 0.397740 0.590259
61.000000 0.899840 7.840364 0.395242 0.590964
61.099998 0.899100 7.838900 0.395900 0.589900
61.199997 0.896900 7.829900 0.394000 0.593400
61.299999 0.897300 7.838100 0.394100 0.595300
61.399998 0.897090 7.838284 0.396040 0.594859
61.500000 0.896731 7.837548 0.397781 0.597521
61.599998 0.897331 7.839848 0.399680 0.595721
61.699997 0.896507 7.839255 0.397658 0.596637
61.799999 0.896659 7.840036 0.397259 0.595538
61.899998 0.894279 7.825165 0.394379 0.595519
62.000000 0.895448 7.834817 0.393497 0.600000
62.099998 0.893679 7.827966 0.395579 0.601020
62.199997 0.895290 7.838284 0.397240 0.602760
62.299999 0.895090 7.835083 0.398040 0.598560
62.399998 0.896552 7.836882 0.397201 0.597801
62.500000 0.896590 7.836284 0.395039 0.597960
62.599998 0.897608 7.837053 0.392553 0.595836
62.699997 0.897531 7.837349 0.392582 0.594022
62.799999 0.897661 7.837297 0.390666 0.590646
62.899998 0.897300 7.837400 0.388400 0.591600
63.000000 0.895069 7.824347 0.388817 0.589377
63.099998 0.896717 7.833266 0.389912 0.590973
63.199997 0.896900 7.829300 0.386400 0.594500
63.299999 0.897210 7.832517 0.381662 0.597840
63.399998 0.895569 7.820947 0.380314 0.597479
63.500000 0.896190 7.829683 0.381238 0.592859
63.599998 0.895575 7.826993 0.377653 0.597317
63.699997 0.896990 7.837584 0.375638 0.599860
63.799999 0.897107 7.839355 0.371134 0.600040
63.899998 0.897400 7.838700 0.368900 0.601300
64.000000 0.897710 7.839316 0.368263 0.600140
64.099998 0.899000 7.840200 0.365700 0.598800
64.199997 0.898470 7.833450 0.367310 0.601981
64.299995 0.897700 7.833000 0.367000 0.601200
64.400002 0.899330 7.839348 0.367390 0.597821
64.500000 0.898331 7.838748 0.367990 0.597721
64.599998 0.899190 7.838584 0.370137 0.596160
64.699997 0.898580 7.830266 0.369174 0.595419
64.799995 0.897700 7.830699 0.367300 0.596000
64.900002 0.897828 7.828680 0.363054 0.591514
65.000000 0.897569 7.829148 0.365310 0.592078
65.099998 0.898000 7.836700 0.367700 0.590700
65.199997 0.900120 7.841191 0.367559 0.586796
65.299995 0.900170 7.841911 0.367343 0.585490
65.400002 0.900110 7.841016 0.368663 0.580542
65.500000 0.896290 7.809180 0.367337 0.579758
65.599998 0.898790 7.831583 0.371637 0.577458
65.699997 0.895990 7.816982 0.368437 0.577558
65.799995 0.899150 7.838019 0.371486 0.578990
65.900002 0.899450 7.837819 0.371386 0.580490
66.000000 0.895569 7.810843 0.370111 0.578373
66.099998 0.898600 7.838800 0.366400 0.578900
66.199997 0.895669 7.821947 0.368811 0.576073
66.299995 0.895490 7.828783 0.366537 0.577658
66.400002 0.896310 7.836717 0.361964 0.577842
66.500000 0.896583 7.836132 0.361311 0.580036
66.599998 0.898610 7.836616 0.364364 0.581342
66.699997 0.898400 7.837600 0.366200 0.580400
66.799995 0.898369 7.836551 0.366910 0.582275
66.900002 0.897118 7.827563 0.370797 0.578863
67.000000 0.895754 7.822351 0.369517 0.576107
67.099998 0.896979 7.834767 0.366173 0.575715
67.199997 0.897279 7.838768 0.364573 0.574515
67.299995 0.898190 7.839584 0.361436 0.574957
67.400002 0.897790 7.840884 0.363236 0.574257
67.500000 0.896521 7.839632 0.360728 0.573885
67.599998 0.896600 7.838601 0.359300 0.569700
67.699997 0.896600 7.837900 0.358600 0.564900
67.799995 0.895248 7.829615 0.365183 0.565983
67.900002 0.896252 7.838081 0.364818 0.567816
68.000000 0.895921 7.837732 0.362128 0.569586
68.099998 0.895969 7.837251 0.359508 0.570771
68.199997 0.895752 7.838081 0.360820 0.573913
68.299995 0.895810 7.836916 0.359964 0.577542
68.400002 0.894289 7.822783 0.362036 0.579958
68.500000 0.895100 7.833600 0.360100 0.582700
68.599998 0.894111 7.832517 0.359164 0.580042
68.699997 0.892989 7.827983 0.357736 0.578658
68.799995 0.894089 7.834084 0.360136 0.579458
68.900002 0.894905 7.835351 0.360024 0.580923
69.000000 0.895032 7.833750 0.359192 0.584825
69.099998 0.895310 7.834417 0.360064 0.583642
69.199997 0.895548 7.836519 0.357679 0.582491
69.299995 0.895231 7.837849 0.356493 0.583525
69.400002 0.895610 7.841416 0.356564 0.581942
69.500000 0.895337 7.839705 0.354413 0.582049
69.599998 0.895921 7.841232 0.355129 0.581984
69.699997 0.896231 7.839248 0.357193 0.581725
69.799995 0.896010 7.839116 0.358164 0.585941
69.900002 0.895900 7.838500 0.360800 0.588100
70.000000 0.894168 7.826148 0.358808 0.585376
70.099998 0.892057 7.811825 0.355942 0.583333
70.199997 0.893989 7.833783 0.358236 0.588459
70.299995 0.891457 7.819828 0.356943 0.587335
70.400002 0.892300 7.829800 0.357200 0.591000
70.500000 0.889678 7.818964 0.355871 0.592919
70.599998 0.891322 7.830134 0.357029 0.588282
70.699997 0.890289 7.813581 0.356436 0.587559
70.799995 0.892679 7.832366 0.357672 0.590818
70.900002 0.892597 7.830952 0.355280 0.591667
71.000000 0.893111 7.831017 0.354765 0.587641
71.099998 0.889578 7.804161 0.354471 0.583817
71.199997 0.893900 7.833800 0.357400 0.588400
71.299995 0.894489 7.834283 0.356536 0.588859
71.400002 0.893842 7.834766 0.355058 0.587765
71.500000 0.895310 7.836316 0.350865 0.587041
71.599998 0.895211 7.837216 0.349265 0.587141
71.699997 0.895211 7.838216 0.350165 0.588441
71.799995 0.895990 7.838783 0.347735 0.587859
71.900002 0.897138 7.837202 0.347408 0.587052
72.000000 0.896421 7.838733 0.347231 0.591682
72.099998 0.896600 7.838000 0.344500 0.585700
72.199997 0.897490 7.837184 0.341734 0.588659
72.299995 0.897090 7.836084 0.341134 0.588859
72.400002 0.896400 7.834800 0.338900 0.587100
72.500000 0.895790 7.832583 0.336434 0.585259
72.599998 0.894789 7.821582 0.329633 0.587259
72.699997 0.897490 7.834883 0.327333 0.588359
72.799995 0.898510 7.837017 0.329467 0.593241
72.900002 0.899060 7.838135 0.326331 0.594338
73.000000 0.898710 7.837316 0.328567 0.593241
73.099998 0.899330 7.836149 0.330401 0.590323
73.199997 0.898780 7.836067 0.328566 0.585017
73.299995 0.898400 7.831600 0.326800 0.584500
73.400002 0.899590 7.838684 0.323832 0.584458
73.500000 0.899620 7.836733 0.324235 0.586383
73.599998 0.898780 7.830966 0.322164 0.586017
73.699997 0.899130 7.839648 0.320604 0.584125
73.799995 0.898890 7.841683 0.317732 0.582658
73.900002 0.898610 7.839617 0.315368 0.578142
74.000000 0.898561 7.844293 0.315910 0.576654
74.099998 0.898880 7.845769 0.317864 0.575215
74.199997 0.898480 7.832566 0.315163 0.575415
74.299995 0.900400 7.844855 0.312787 0.573826
74.400002 0.899200 7.843700 0.311100 0.572400
74.500000 0.898810 7.843816 0.316568 0.567443
74.599998 0.898830 7.845446 0.318205 0.564731
74.699997 0.898890 7.844584 0.317832 0.565657
74.799995 0.898339 7.837602 0.317691 0.560836
74.900002 0.901100 7.845700 0.316300 0.562600
75.000000 0.901011 7.839955 0.311881 0.557802
75.099998 0.897777 7.821386 0.310873 0.558871
75.199997 0.899500 7.838400 0.310100 0.560500
75.299995 0.899670 7.842510 0.310882 0.562606
75.400002 0.899060 7.842537 0.313125 0.564226
75.500000 0.897769 7.835250 0.310893 0.562369
75.599998 0.900370 7.842853 0.308192 0.560968
75.699997 0.898220 7.820036 0.303839 0.559988
75.799995 0.900770 7.841753 0.306292 0.563369
75.900002 0.897010 7.811519 0.303370 0.558844
76.000000 0.900260 7.841336 0.304122 0.556323
76.099998 0.901140 7.842563 0.302979 0.552479
76.199997 0.900560 7.840236 0.303421 0.550520
76.299995 0.900730 7.840589 0.303012 0.552587
76.400002 0.901349 7.845378 0.303548 0.551824
76.500000 0.901141 7.845908 0.304182 0.553532
76.599998 0.899570 7.835951 0.302191 0.550565
76.699997 0.901190 7.846284 0.301330 0.548655
76.799995 0.901751 7.845823 0.300850 0.548874
76.900002 0.901859 7.847591 0.299320 0.552868
77.000000 0.900310 7.838516 0.297970 0.554445
77.099998 0.897369 7.817645 0.297089 0.553366
77.199997 0.899490 7.835583 0.299830 0.554255
77.299995 0.897259 7.822129 0.295118 0.552321
77.400002 0.899271 7.840112 0.298691 0.553812
77.500000 0.896969 7.822447 0.299690 0.552066
77.599998 0.898200 7.837400 0.301200 0.554300
77.699997 0.898480 7.836668 0.301460 0.551910
77.799995 0.897720 7.835933 0.301840 0.552090
77.900002 0.898610 7.836516 0.302570 0.554445
78.000000 0.899510 7.837317 0.302170 0.554145
78.099998 0.898761 7.839396 0.303118 0.553268
78.199997 0.898720 7.837832 0.298640 0.552090
78.299995 0.899280 7.837567 0.297059 0.552210
78.400002 0.898681 7.836631 0.296263 0.551559
78.500000 0.898950 7.838519 0.296748 0.549675
78.599998 0.898269 7.838551 0.293888 0.548765
78.699997 0.898829 7.841189 0.296608 0.548884
78.799995 0.899910 7.840616 0.296570 0.547745
78.900002 0.900300 7.841500 0.293300 0.547000
79.000000 0.899039 7.832500 0.295377 0.547529
79.099998 0.898950 7.841221 0.295248 0.543372
79.199997 0.896179 7.815463 0.291358 0.541308
79.299995 0.899070 7.840353 0.294988 0.544263
79.400002 0.894158 7.806823 0.295818 0.538015
79.500000 0.898090 7.838084 0.296430 0.539954
79.599998 0.897920 7.836732 0.296241 0.534693
79.699997 0.897438 7.836001 0.296078 0.530218
79.799995 0.897379 7.832467 0.293359 0.524405
79.900002 0.897159 7.830432 0.292417 0.523810
80.000000 0.898131 7.837149 0.290413 0.518544
80.099998 0.898020 7.838132 0.286743 0.517197
80.199997 0.898300 7.834500 0.285900 0.512900
80.299995 0.899000 7.837700 0.285000 0.513400
80.400002 0.899040 7.838964 0.286186 0.514194
80.500000 0.897390 7.822382 0.286529 0.515152
80.599998 0.899050 7.833817 0.286543 0.519460
80.699997 0.900650 7.837519 0.285943 0.519260
80.799995 0.901120 7.837832 0.287443 0.518996
80.900002 0.901430 7.838449 0.288613 0.517245
81.000000 0.901241 7.837202 0.290875 0.513108
81.099998 0.899990 7.836083 0.293529 0.514651
81.199997 0.898820 7.821136 0.293941 0.512497
81.299995 0.899870 7.834950 0.292388 0.513654
81.400002 0.898369 7.836251 0.288587 0.510053
81.500000 0.896248 7.818810 0.285243 0.506153
81.599998 0.899330 7.836586 0.286100 0.504253
81.699997 0.899291 7.836048 0.285043 0.499451
81.799995 0.899860 7.835134 0.282713 0.498199
81.900002 0.897310 7.819018 0.282372 0.495150
82.000000 0.899720 7.840272 0.280524 0.497798
82.099998 0.899420 7.839532 0.277145 0.496601
82.199997 0.899100 7.838800 0.280200 0.495800
82.299995 0.898459 7.837736 0.280112 0.497299
82.400002 0.898759 7.839335 0.283113 0.494798
82.500000 0.897200 7.825700 0.284100 0.495500
82.599998 0.898180 7.836767 0.288058 0.496699
82.699997 0.895958 7.814326 0.289416 0.497199
82.799995 0.898290 7.839584 0.288329 0.497050
82.900002 0.897169 7.826248 0.287886 0.494048
83.000000 0.896476 7.828094 0.287645 0.497497
83.099998 0.896762 7.836199 0.284329 0.498201
83.199997 0.895211 7.834617 0.279072 0.497250
83.299995 0.896600 7.838400 0.278500 0.496900
83.400002 0.897159 7.837435 0.279512 0.494998
83.500000 0.897549 7.833717 0.277439 0.493647
83.599998 0.899310 7.842415 0.277072 0.495750
83.699997 0.899190 7.838384 0.277228 0.487449
83.799995 0.899660 7.839636 0.277911 0.487195
83.900002 0.899900 7.839100 0.276000 0.488500
84.000000 0.900690 7.846185 0.276628 0.489849
84.099998 0.902161 7.846539 0.276811 0.483293
84.199997 0.903000 7.848000 0.275400 0.488000
84.299995 0.902700 7.847099 0.276200 0.488600
84.400002 0.902080 7.846070 0.277856 0.489298
84.500000 0.900100 7.830700 0.274700 0.488200
84.599998 0.901190 7.844384 0.277528 0.491549
84.699997 0.902059 7.844893 0.278833 0.490506
84.799995 0.902520 7.843831 0.279044 0.490602
84.900002 0.901200 7.833200 0.276200 0.489000
85.000000 0.903158 7.841995 0.279033 0.490606
85.099998 0.903629 7.841147 0.280316 0.487454
85.199997 0.903071 7.842253 0.280784 0.482945
85.299995 0.904352 7.841621 0.281541 0.483942
85.400002 0.904310 7.843816 0.281472 0.480852
85.500000 0.904238 7.842863 0.280888 0.483307
85.599998 0.905028 7.843747 0.280816 0.481556
85.699997 0.904329 7.842847 0.280716 0.474958
85.799995 0.903981 7.836967 0.276055 0.474295
85.900002 0.903042 7.832600 0.275866 0.475385
86.000000 0.903819 7.842631 0.277844 0.477504
86.099998 0.903510 7.845515 0.276972 0.474553
86.199997 0.904062 7.846639 0.274610 0.475190
86.299995 0.903471 7.846454 0.274682 0.475343
86.400002 0.899350 7.811205 0.273337 0.469435
86.500000 0.903590 7.848084 0.274827 0.469847
86.599998 0.901821 7.833467 0.276922 0.468575
86.699997 0.899640 7.821172 0.277489 0.467013
86.799995 0.901771 7.837351 0.279684 0.467940
86.900002 0.898359 7.814826 0.276010 0.467087
87.000000 0.900690 7.835983 0.278128 0.468647
87.099998 0.901520 7.840532 0.276145 0.468906
87.199997 0.901900 7.841401 0.275900 0.469900
87.299995 0.902600 7.843101 0.278400 0.469600
87.400002 0.901301 7.840040 0.277878 0.467167
87.500000 0.901861 7.843637 0.276511 0.465786
87.599998 0.903052 7.847224 0.279240 0.463132
87.699997 0.903400 7.844300 0.280800 0.460300
87.799995 0.903829 7.844347 0.284115 0.459462
87.900002 0.904381 7.843769 0.282957 0.458692
88.000000 0.904000 7.842800 0.280500 0.457900
88.099998 0.904510 7.845116 0.278872 0.454955
88.199997 0.902490 7.835983 0.276728 0.454545
88.299995 0.902683 7.839707 0.276732 0.448839
88.400002 0.903500 7.844800 0.276900 0.451800
88.500000 0.904762 7.844038 0.277011 0.450580
88.599998 0.906091 7.847885 0.274427 0.449345
88.699997 0.905734 7.845392 0.274792 0.449315
88.799995 0.905719 7.845031 0.277744 0.449810
88.900002 0.905856 7.846591 0.277134 0.447531
89.000000 0.907119 7.848330 0.276945 0.448410
89.099998 0.906919 7.848230 0.274445 0.448910
89.199997 0.907381 7.849370 0.279156 0.451890
89.299995 0.908345 7.849610 0.280969 0.450070
89.400002 0.907281 7.840968 0.279756 0.452390
89.500000 0.907628 7.847945 0.283315 0.454264
89.599998 0.907481 7.849370 0.281456 0.452891
89.699997 0.907809 7.848015 0.278472 0.455054
89.799995 0.907763 7.846739 0.277311 0.455882
89.900002 0.904781 7.828266 0.278556 0.453491
90.000000 0.907281 7.846269 0.278056 0.454891
90.099998 0.908237 7.848761 0.277789 0.453119
90.199997 0.908263 7.847739 0.275310 0.455782
90.299995 0.908873 7.846153 0.274382 0.454836
90.400002 0.903833 7.812869 0.273692 0.454418
90.500000 0.907437 7.846662 0.274090 0.457217
90.599998 0.907409 7.847715 0.271373 0.458954
90.699997 0.906391 7.835584 0.272327 0.454245
90.799995 0.907909 7.850115 0.274873 0.457554
90.900002 0.908455 7.850090 0.275735 0.458325
91.000000 0.908100 7.849900 0.274400 0.459300
91.099998 0.909018 7.849995 0.272745 0.460102
91.199997 0.906591 7.836884 0.272027 0.456446
91.299995 0.907300 7.843699 0.272000 0.453400
91.400002 0.908600 7.844100 0.272500 0.454700
91.500000 0.909136 7.849260 0.270892 0.453419
91.599998 0.908300 7.846600 0.270800 0.451200
91.699997 0.908009 7.848516 0.270373 0.451755
91.799995 0.906481 7.846469 0.271054 0.452891
91.900002 0.906109 7.847216 0.270873 0.454555
92.000000 0.906191 7.846785 0.271727 0.454745
92.099998 0.906237 7.846962 0.271391 0.450320
92.199997 0.905600 7.845700 0.271800 0.448000
92.299995 0.906116 7.846662 0.274247 0.444800
92.400002 0.905591 7.841984 0.272427 0.444444
92.500000 0.906535 7.845592 0.270990 0.445312
92.599998 0.906281 7.845269 0.271454 0.444989
92.699997 0.906019 7.847531 0.269346 0.441012
92.799995 0.906081 7.846169 0.269954 0.442388
92.900002 0.906581 7.847169 0.273155 0.442989
93.000000 0.906481 7.849470 0.271354 0.443889
93.099998 0.906091 7.844785 0.272427 0.444644
93.199997 0.906000 7.846900 0.272500 0.445500
93.299995 0.902881 7.828065 0.274755 0.441888
93.400002 0.903561 7.833734 0.276611 0.439476
93.500000 0.904519 7.844431 0.276345 0.442112
93.599998 0.904162 7.843237 0.275510 0.443778
93.699997 0.902981 7.834966 0.276755 0.442989
93.799995 0.902690 7.840484 0.278628 0.443444
93.900002 0.902710 7.841716 0.278772 0.444456
94.000000 0.903300 7.842200 0.276800 0.447700
94.099998 0.904300 7.843600 0.277800 0.450000
94.199997 0.904223 7.842474 0.275520 0.455264
94.299995 0.904252 7.842822 0.276138 0.455828
94.400002 0.903829 7.843847 0.274618 0.455563
94.500000 0.903081 7.838768 0.274655 0.455691
94.599998 0.904752 7.844723 0.270435 0.454027
94.699997 0.904981 7.843168 0.269954 0.454991
94.799995 0.904029 7.843347 0.269219 0.454364
94.900002 0.904529 7.841648 0.270219 0.454564
95.000000 0.904490 7.842185 0.270327 0.454245
95.099998 0.904329 7.842947 0.268719 0.449765
95.199997 0.902732 7.839988 0.269789 0.450515
95.299995 0.902649 7.839081 0.269465 0.455872
95.400002 0.902300 7.839700 0.268900 0.459200
95.500000 0.898269 7.811644 0.267980 0.457037
95.599998 0.900320 7.832434 0.267447 0.455009
95.699997 0.902371 7.841952 0.266480 0.456337
95.799995 0.900000 7.826300 0.265800 0.460000
95.900002 0.899290 7.826583 0.263526 0.461646
96.000000 0.900300 7.837200 0.262700 0.459400
96.099998 0.900470 7.837452 0.262679 0.460538
96.199997 0.899400 7.836300 0.265400 0.461800
96.299995 0.898830 7.836150 0.264921 0.460762
96.400002 0.894700 7.815400 0.263400 0.458200
96.500000 0.897059 7.832334 0.262805 0.461285
96.599998 0.896359 7.834034 0.261405 0.460784
96.699997 0.896400 7.833900 0.261000 0.462900
96.799995 0.892178 7.805561 0.260452 0.461392
96.900002 0.894668 7.828749 0.262479 0.462539
97.000000 0.894389 7.830883 0.262326 0.464846
97.099998 0.894584 7.833233 0.262290 0.464428
97.199997 0.893525 7.829180 0.265786 0.464125
97.299995 0.893679 7.828566 0.265353 0.460492
97.400002 0.894142 7.836066 0.267993 0.461715
97.500000 0.895310 7.837716 0.267573 0.461554
97.599998 0.894500 7.834100 0.266600 0.465200
97.699997 0.894632 7.835249 0.263321 0.463061
97.799995 0.892035 7.814388 0.261757 0.465279
97.900002 0.895152 7.835482 0.263368 0.472064
98.000000 0.894268 7.834351 0.265080 0.471341
98.099998 0.892636 7.822093 0.263458 0.468581
98.199997 0.893400 7.826200 0.261300 0.465800
98.299995 0.890156 7.810725 0.257903 0.463886
98.400002 0.892522 7.831333 0.258648 0.463607
98.500000 0.892435 7.834501 0.257454 0.463878
98.599998 0.893064 7.835399 0.258345 0.466420
98.699997 0.893947 7.836018 0.258429 0.466233
98.799995 0.893289 7.833084 0.256026 0.465747
98.900002 0.893432 7.833350 0.256623 0.462961
99.000000 0.892089 7.818682 0.254025 0.461046
99.099998 0.892000 7.822900 0.252200 0.463000
99.199997 0.892689 7.828583 0.248025 0.460646
99.299995 0.890967 7.824847 0.244673 0.460438
99.400002 0.892378 7.834267 0.245949 0.464693
99.500000 0.892046 7.832816 0.243822 0.465833
99.599998 0.889989 7.823382 0.241024 0.467247
99.699997 0.890700 7.831300 0.243400 0.465700
99.799995 0.890189 7.831283 0.242824 0.467247
99.900002 0.888489 7.815381 0.243024 0.462646
100.000000 0.890922 7.830234 0.238852 0.466207
100.099998 0.892468 7.831349 0.238372 0.464839
100.199997 0.892111 7.831216 0.235776 0.466353
100.299995 0.892232 7.833251 0.238728 0.467160
100.400002 0.892135 7.829898 0.237843 0.467080
100.500000 0.892400 7.829700 0.237700 0.469900
100.599998 0.891543 7.830568 0.237505 0.468113
100.699997 0.891300 7.829401 0.235400 0.471300
100.799995 0.890867 7.828249 0.232470 0.468240
100.900002 0.889678 7.820764 0.234047 0.469894
101.000000 0.891244 7.834267 0.236805 0.469512
101.099998 0.890967 7.835851 0.236271 0.468040
101.199997 0.891235 7.833900 0.234741 0.470682
101.299995 0.891611 7.832717 0.234277 0.467453
101.400002 0.892454 7.832284 0.236082 0.469465
101.500000 0.893147 7.833017 0.236118 0.470035
101.599998 0.892554 7.835083 0.236482 0.472464
101.699997 0.893336 7.836702 0.239043 0.472984
101.799995 0.892057 7.830332 0.237095 0.470588
101.900002 0.893432 7.836949 0.239928 0.473358
102.000000 0.893536 7.834600 0.237342 0.473784
102.099998 0.894800 7.836200 0.238400 0.473700
102.199997 0.894732 7.829751 0.238528 0.471259
102.299995 0.895900 7.834099 0.239400 0.475800
102.399994 0.895379 7.829666 0.242348 0.478096
102.500000 0.895890 7.835983 0.238624 0.478848
102.599998 0.896359 7.836735 0.235894 0.481993
102.699997 0.896138 7.835601 0.233040 0.483290
102.799995 0.896552 7.838281 0.234083 0.478761
102.899994 0.897669 7.840852 0.235171 0.477243
103.000000 0.898100 7.842400 0.236000 0.476800
103.099998 0.897741 7.843862 0.236305 0.477409
103.199997 0.898539 7.844607 0.236642 0.471783
103.299995 0.898449 7.843421 0.236618 0.469935
103.399994 0.897090 7.835583 0.237924 0.466447
103.500000 0.897769 7.842553 0.238171 0.466340
103.599998 0.898810 7.844316 0.236976 0.464654
103.699997 0.898200 7.842100 0.234600 0.465300
103.799995 0.895844 7.824337 0.233350 0.465699
103.899994 0.898580 7.844869 0.229746 0.466593
104.000000 0.898910 7.845115 0.227377 0.465053
104.099998 0.898920 7.846731 0.227455 0.464307
104.199997 0.898990 7.845585 0.229023 0.463146
104.299995 0.899590 7.845385 0.228223 0.466147
104.399994 0.898600 7.844399 0.224900 0.468600
104.500000 0.898470 7.845354 0.221466 0.471942
104.599998 0.895748 7.822611 0.221511 0.471236
104.699997 0.897197 7.840741 0.221822 0.472873
104.799995 0.896338 7.839303 0.220732 0.470082
104.899994 0.895227 7.833983 0.220755 0.470930
105.000000 0.894847 7.831115 0.218509 0.467734
105.099998 0.896069 7.839252 0.218165 0.467940
105.199997 0.894589 7.823982 0.216622 0.467447
105.299995 0.897308 7.839455 0.216195 0.468422
105.399994 0.897800 7.838901 0.220800 0.467000
105.500000 0.897290 7.838384 0.221322 0.464746
105.599998 0.895479 7.828766 0.220744 0.462993
105.699997 0.896979 7.839668 0.219844 0.462392
105.799995 0.898120 7.843132 0.219856 0.458108
105.899994 0.897620 7.840931 0.221256 0.461308
106.000000 0.896600 7.842400 0.221800 0.460700
106.099998 0.896659 7.844238 0.225890 0.456883
106.199997 0.896410 7.844015 0.222978 0.454555
106.299995 0.893079 7.823565 0.219844 0.453991
106.399994 0.895152 7.840680 0.223288 0.452174
106.500000 0.890467 7.813644 0.224267 0.450435
106.599998 0.892736 7.839404 0.225035 0.449069
106.699997 0.892000 7.839000 0.225900 0.446800
106.799995 0.891400 7.834300 0.225900 0.449400
106.899994 0.891513 7.840272 0.223279 0.450160
107.000000 0.891389 7.839684 0.225523 0.451145
107.099998 0.891100 7.839200 0.224400 0.451700
107.199997 0.892511 7.841316 0.222078 0.451655
107.299995 0.889000 7.816999 0.222100 0.451700
107.399994 0.890189 7.829883 0.220922 0.451545
107.500000 0.890512 7.840373 0.220076 0.451661
107.599998 0.889566 7.838897 0.216270 0.449630
107.699997 0.886700 7.827300 0.214900 0.451300
107.799995 0.886086 7.824925 0.213814 0.448448
107.899994 0.887855 7.838235 0.212985 0.450480
108.000000 0.886398 7.833951 0.208988 0.447403
108.099998 0.887600 7.839700 0.207700 0.449100
108.199997 0.887600 7.838000 0.208500 0.447100
108.299995 0.887266 7.831449 0.207862 0.447334
108.399994 0.887933 7.836402 0.208225 0.441765
108.500000 0.888311 7.839516 0.209079 0.441656
108.599998 0.889055 7.838581 0.209995 0.439780
108.699997 0.889689 7.838584 0.210921 0.436244
108.799995 0.889779 7.839023 0.211933 0.434678
108.899994 0.887755 7.826530 0.213385 0.435974
109.000000 0.887287 7.827327 0.213714 0.435936
109.099998 0.888311 7.837570 0.213771 0.433147
109.199997 0.888367 7.841753 0.212564 0.433830
109.299995 0.888567 7.842653 0.213064 0.432430
109.399994 0.888533 7.841648 0.208737 0.431770
109.500000 0.888989 7.841385 0.204520 0.427743
109.599998 0.889823 7.842090 0.204743 0.424397
109.699997 0.888300 7.835499 0.202000 0.422300
109.799995 0.888700 7.840300 0.201600 0.423200
109.899994 0.887566 7.827849 0.202161 0.424127
110.000000 0.889700 7.839500 0.201600 0.426700
110.099998 0.889722 7.839332 0.200560 0.424415
110.199997 0.889867 7.840152 0.198059 0.425328
110.299995 0.889311 7.841473 0.200160 0.423739
110.399994 0.889623 7.841389 0.201441 0.424097
110.500000 0.890489 7.839384 0.201520 0.423742
110.599998 0.892686 7.839728 0.199940 0.423861
110.699997 0.892746 7.839219 0.201501 0.422711
110.799995 0.892979 7.838868 0.201640 0.420484
110.899994 0.893521 7.839532 0.200760 0.419116
111.000000 0.892478 7.834967 0.202040 0.416383
111.099998 0.894595 7.841341 0.202302 0.415516
111.199997 0.894000 7.839200 0.201700 0.413100
111.299995 0.894089 7.840384 0.204920 0.415142
111.399994 0.893579 7.841168 0.208442 0.413883
111.500000 0.894289 7.840984 0.211421 0.412641
111.599998 0.893689 7.835284 0.211521 0.410741
111.699997 0.894100 7.838000 0.214000 0.412800
111.799995 0.893668 7.837251 0.215865 0.412424
111.899994 0.892278 7.828765 0.218644 0.414783
112.000000 0.892335 7.836102 0.218531 0.413748
112.099998 0.892422 7.838633 0.216857 0.412018
112.199997 0.891578 7.836967 0.211442 0.411482
112.299995 0.888400 7.811531 0.213893 0.414873
112.399994 0.888956 7.820667 0.214379 0.417543
112.500000 0.889556 7.833034 0.214386 0.414666
112.599998 0.890256 7.834333 0.216387 0.409464
112.699997 0.890633 7.834249 0.214836 0.410777
112.799995 0.890556 7.836034 0.212085 0.407463
112.899994 0.890189 7.834084 0.212221 0.412641
113.000000 0.891100 7.835100 0.212400 0.409800
113.099998 0.891765 7.835099 0.209474 0.409754
113.199997 0.891600 7.836200 0.209100 0.407600
113.299995 0.891800 7.834200 0.204900 0.411100
113.399994 0.890112 7.829864 0.201761 0.407626
113.500000 0.891654 7.836382 0.199500 0.407896
113.599998 0.891567 7.836952 0.199060 0.405322
113.699997 0.891267 7.834551 0.196059 0.404721
113.799995 0.891200 7.834800 0.197100 0.405400
113.899994 0.890356 7.827131 0.192177 0.404362
114.000000 0.888567 7.815044 0.191758 0.403421
114.099998 0.891611 7.834017 0.190581 0.405259
114.199997 0.892243 7.837065 0.190724 0.407337
114.299995 0.888822 7.816172 0.191034 0.409587
114.399994 0.891600 7.836600 0.188300 0.412600
114.500000 0.892143 7.835366 0.188725 0.411036
114.599998 0.891078 7.831766 0.187538 0.405081
114.699997 0.891189 7.835184 0.184918 0.407941
114.799995 0.891500 7.836700 0.183100 0.409600
114.899994 0.890611 7.834416 0.181382 0.406959
115.000000 0.887589 7.815082 0.179718 0.406341
115.099998 0.889022 7.833433 0.180064 0.407618
115.199997 0.888567 7.834300 0.178393 0.409155
115.299995 0.887344 7.832716 0.176588 0.409705
115.399994 0.886689 7.835284 0.176818 0.408441
115.500000 0.886823 7.832633 0.178164 0.411918
115.599998 0.887711 7.828117 0.175282 0.414459
115.699997 0.887922 7.833734 0.172665 0.413317
115.799995 0.887778 7.833066 0.174835 0.410782
115.899994 0.888500 7.834200 0.172500 0.408900
116.000000 0.888211 7.832716 0.173483 0.411359
116.099998 0.888089 7.834584 0.175718 0.415542
116.199997 0.887355 7.831132 0.175570 0.414666
116.299995 0.885211 7.821318 0.176482 0.415158
116.399994 0.887878 7.835467 0.176235 0.414983
116.500000 0.888522 7.835633 0.175665 0.414917
116.599998 0.888278 7.834716 0.175877 0.411212
116.699997 0.888667 7.836351 0.174652 0.410023
116.799995 0.889011 7.836916 0.173083 0.411359
116.899994 0.890855 7.838581 0.173213 0.412694
117.000000 0.891367 7.835451 0.172152 0.411523
117.099998 0.891846 7.839820 0.171586 0.412406
117.199997 0.893347 7.842822 0.172986 0.414407
117.299995 0.894205 7.840957 0.171955 0.412972
117.399994 0.894268 7.842954 0.171151 0.414424
117.500000 0.894058 7.843237 0.169068 0.413265
117.599998 0.894089 7.841984 0.167817 0.414841
117.699997 0.894311 7.841216 0.164884 0.414359
117.799995 0.893536 7.833400 0.166300 0.418351
117.899994 0.893189 7.832283 0.165717 0.413041
118.000000 0.892879 7.832566 0.167634 0.411982
118.099998 0.893447 7.839120 0.168084 0.412606
118.199997 0.892200 7.829801 0.164900 0.412700
118.299995 0.891635 7.820893 0.166700 0.412447
118.399994 0.893511 7.838616 0.166383 0.410659
118.500000 0.892811 7.834916 0.166983 0.410959
118.599998 0.892721 7.836332 0.167067 0.412018
118.699997 0.892600 7.832300 0.168400 0.411800
118.799995 0.890945 7.827914 0.166783 0.411005
118.899994 0.892465 7.834100 0.164002 0.415351
119.000000 0.893143 7.832967 0.165034 0.419932
119.099998 0.891589 7.824682 0.165617 0.421042
119.199997 0.891965 7.829502 0.164901 0.422047
119.299995 0.887778 7.795959 0.164833 0.420084
119.399994 0.891700 7.832000 0.164400 0.419400
119.500000 0.890100 7.823800 0.163800 0.421900
119.599998 0.890945 7.835418 0.161281 0.423612
119.699997 0.889934 7.829098 0.162898 0.424154
119.799995 0.890433 7.833650 0.162751 0.418474
119.899994 0.889834 7.832900 0.161797 0.420452
120.000000 0.889400 7.830600 0.160600 0.420000
120.099998 0.889478 7.830266 0.161232 0.417584
120.199997 0.889422 7.831985 0.162721 0.417341
120.299995 0.889811 7.834017 0.163684 0.418358
120.399994 0.890833 7.834050 0.163951 0.419674
120.500000 0.888278 7.815362 0.164133 0.419384
120.599998 0.890311 7.832517 0.167983 0.419458
120.699997 0.888756 7.826031 0.169768 0.420468
120.799995 0.889655 7.831984 0.170115 0.419590
120.899994 0.889900 7.830801 0.170900 0.421700
121.000000 0.890201 7.830647 0.170253 0.421579
121.099998 0.889822 7.830334 0.170966 0.418116
121.199997 0.890567 7.830649 0.168951 0.414324
121.299995 0.889234 7.820892 0.168701 0.416150
121.399994 0.889322 7.831134 0.170166 0.415317
121.500000 0.889633 7.829551 0.171848 0.413576
121.599998 0.890489 7.832583 0.171417 0.412341
121.699997 0.889356 7.821528 0.173770 0.412965
121.799995 0.891154 7.834583 0.173713 0.411694
121.899994 0.889200 7.825700 0.175900 0.410100
122.000000 0.891000 7.834100 0.174500 0.414400
122.099998 0.891622 7.835433 0.176565 0.411218
122.199997 0.889356 7.819427 0.177971 0.409764
122.299995 0.887177 7.803761 0.174535 0.411382
122.399994 0.890400 7.834000 0.172000 0.410200
122.500000 0.889789 7.834183 0.167617 0.406341
122.599998 0.888856 7.828631 0.167967 0.403461
122.699997 0.888411 7.829917 0.167083 0.403760
122.799995 0.884500 7.796700 0.166900 0.400200
122.899994 0.888822 7.831433 0.167167 0.401220
123.000000 0.889378 7.829912 0.163980 0.398438
123.099998 0.889611 7.831517 0.160984 0.399260
123.199997 0.890233 7.832051 0.160652 0.396781
123.299995 0.891189 7.830883 0.162416 0.397240
123.399994 0.891222 7.829134 0.166767 0.394221
123.500000 0.890178 7.823565 0.168434 0.395279
123.599998 0.889300 7.816734 0.167150 0.396657
123.699997 0.887900 7.803800 0.170200 0.396700
123.799995 0.889778 7.818163 0.171934 0.398580
123.899994 0.890078 7.826265 0.174735 0.397480
124.000000 0.890100 7.826300 0.173400 0.395400
124.099998 0.889889 7.821882 0.173617 0.397340
124.199997 0.891667 7.826448 0.170951 0.395219
124.299995 0.891835 7.827096 0.173004 0.394737
124.399994 0.891089 7.825182 0.172517 0.391539
124.500000 0.891357 7.830432 0.173369 0.388055
124.599998 0.892032 7.833450 0.172648 0.387184
124.699997 0.892657 7.831332 0.169368 0.387455
124.799995 0.893400 7.833601 0.169100 0.384800
124.899994 0.893143 7.833267 0.168832 0.381647
125.000000 0.892900 7.831400 0.168600 0.377700
125.099998 0.892557 7.827631 0.172269 0.377851
125.199997 0.891768 7.825148 0.169551 0.379814
125.299995 0.892721 7.833333 0.166967 0.377824
125.399994 0.892911 7.831817 0.168783 0.375362
125.500000 0.891024 7.820074 0.168818 0.375763
125.599998 0.892378 7.830266 0.172935 0.374075
125.699997 0.892646 7.831716 0.170185 0.374287
125.799995 0.892011 7.825318 0.172383 0.373763
125.899994 0.892489 7.834783 0.173617 0.373437
126.000000 0.892143 7.834066 0.170432 0.371651
126.099998 0.892068 7.834650 0.166850 0.371111
126.199997 0.891167 7.830750 0.167150 0.368310
126.299995 0.892076 7.837014 0.168282 0.366943
126.399994 0.892357 7.833033 0.170468 0.369448
126.500000 0.890900 7.823600 0.169100 0.369600
126.599998 0.890900 7.824900 0.171000 0.366400
126.699997 0.893279 7.838267 0.169634 0.365273
126.799995 0.891600 7.826900 0.168600 0.360500
126.899994 0.892268 7.836151 0.170751 0.361709
127.000000 0.893000 7.835500 0.166700 0.360200
127.099998 0.893300 7.837200 0.167800 0.359500
127.199997 0.893232 7.833750 0.165150 0.359492
127.299995 0.893779 7.834967 0.163433 0.357972
127.399994 0.892335 7.826696 0.159896 0.358015
127.500000 0.893643 7.839664 0.158637 0.357757
127.599998 0.893789 7.842784 0.157316 0.354635
127.699997 0.893057 7.840836 0.158663 0.354542
127.799995 0.894500 7.839600 0.155400 0.353100
127.899994 0.896048 7.843122 0.156078 0.346973
128.000000 0.894079 7.830866 0.155031 0.342368
128.099991 0.895100 7.838000 0.154000 0.344500
128.199997 0.894889 7.831683 0.154215 0.344534
128.300003 0.896641 7.845262 0.151539 0.344962
128.399994 0.895837 7.839704 0.153792 0.345807
128.500000 0.896531 7.844447 0.154754 0.347896
128.599991 0.895510 7.839216 0.151585 0.346465
128.699997 0.892879 7.825265 0.150330 0.347470
128.800003 0.894442 7.844162 0.151939 0.347961
128.899994 0.892468 7.832650 0.150245 0.343203
129.000000 0.893021 7.838532 0.148770 0.341132
129.099991 0.893257 7.845038 0.149160 0.340836
129.199997 0.893679 7.846069 0.148530 0.342769
129.300003 0.894611 7.846615 0.146685 0.343866
129.399994 0.895490 7.845884 0.145115 0.341334
129.500000 0.895700 7.845200 0.145800 0.344400
129.599991 0.895731 7.845546 0.146856 0.346696
129.699997 0.894589 7.837384 0.145014 0.346235
129.800003 0.895431 7.843847 0.142457 0.340698
129.899994 0.895990 7.841684 0.142614 0.337934
130.000000 0.895890 7.841384 0.143014 0.341534
130.099991 0.895500 7.832600 0.142600 0.342400
130.199997 0.896572 7.842710 0.140402 0.340362
130.300003 0.897079 7.843569 0.142028 0.340068
130.399994 0.896210 7.836216 0.143086 0.338766
130.500000 0.898000 7.845900 0.141900 0.335500
130.599991 0.898000 7.847300 0.140900 0.334900
130.699997 0.898110 7.846715 0.141286 0.335966
130.800003 0.896790 7.836283 0.141414 0.338634
130.899994 0.897769 7.843653 0.140042 0.338602
131.000000 0.898269 7.845753 0.137941 0.339302
131.099991 0.898378 7.844914 0.137665 0.340709
131.199997 0.897079 7.836567 0.139628 0.336767
131.300003 0.897190 7.835584 0.141214 0.331433
131.399994 0.898390 7.840184 0.139614 0.328333
131.500000 0.898510 7.839916 0.139886 0.326367
131.599991 0.897649 7.831616 0.137469 0.327064
131.699997 0.898110 7.841216 0.137586 0.325767
131.800003 0.898759 7.843137 0.139156 0.328031
131.899994 0.898970 7.845854 0.139242 0.326098
132.000000 0.898529 7.844191 0.138097 0.325728
132.099991 0.897379 7.834367 0.137828 0.324965
132.199997 0.897379 7.843269 0.138028 0.323665
132.300003 0.895500 7.827500 0.139600 0.329600
132.399994 0.893200 7.821600 0.142500 0.328400
132.500000 0.895169 7.840753 0.145744 0.328198
132.599991 0.895021 7.841632 0.145871 0.332933
132.699997 0.894689 7.841684 0.147615 0.331233
132.800003 0.895742 7.844762 0.148541 0.331268
132.899994 0.895200 7.845200 0.149300 0.328400
133.000000 0.895279 7.847269 0.149730 0.331466
133.099991 0.895914 7.847467 0.148037 0.334732
133.199997 0.895090 7.846785 0.147515 0.331733
133.300003 0.894279 7.842268 0.147129 0.331966
133.399994 0.893811 7.844416 0.144086 0.331367
133.500000 0.893879 7.843769 0.144829 0.330166
133.599991 0.894500 7.845500 0.143900 0.333000
133.699997 0.891600 7.826200 0.143500 0.332100
133.800003 0.893589 7.841484 0.144114 0.334333
133.899994 0.892989 7.830883 0.143114 0.335934
134.000000 0.894079 7.837267 0.140728 0.337267
134.099991 0.894711 7.841616 0.139586 0.334567
134.199997 0.894389 7.843285 0.140914 0.331033
134.300003 0.894679 7.842369 0.140428 0.331766
134.399994 0.894489 7.843284 0.142114 0.329233
134.500000 0.893389 7.838884 0.142014 0.329633
134.599991 0.894100 7.839500 0.142500 0.329900
134.699997 0.895363 7.841095 0.140816 0.328603
134.800003 0.895875 7.842311 0.139067 0.327293
134.899994 0.892257 7.813225 0.136455 0.328131
135.000000 0.894711 7.841715 0.134687 0.332367
135.099991 0.894400 7.842200 0.134000 0.329900
135.199997 0.894068 7.843353 0.133640 0.334700
135.300003 0.894321 7.841932 0.129174 0.336233
135.399994 0.895032 7.842147 0.131860 0.335999
135.500000 0.894953 7.841180 0.131134 0.340030
135.599991 0.892579 7.828266 0.130426 0.339268
135.699997 0.892911 7.832417 0.130287 0.344466
135.800003 0.893189 7.833683 0.126113 0.345135
135.899994 0.894789 7.841984 0.123812 0.344934
136.000000 0.894468 7.841953 0.124137 0.345004
136.099991 0.895510 7.841916 0.123788 0.340966
136.199997 0.895879 7.841168 0.121924 0.340268
136.300003 0.895016 7.841373 0.122998 0.341673
136.399994 0.896231 7.843448 0.122563 0.341697
136.500000 0.894958 7.835935 0.122549 0.343637
136.599991 0.896817 7.843575 0.125000 0.343175
136.699997 0.897010 7.845716 0.124588 0.342966
136.800003 0.897831 7.846146 0.123463 0.341498
136.899994 0.898620 7.844831 0.123375 0.338832
137.000000 0.899920 7.847031 0.122276 0.339132
137.099991 0.900100 7.848701 0.123300 0.342000
137.199997 0.901330 7.848445 0.121364 0.341398
137.300003 0.900580 7.846469 0.121524 0.339568
137.399994 0.900450 7.845877 0.120940 0.340930
137.500000 0.900210 7.844915 0.119588 0.345066
137.599991 0.900000 7.844000 0.119900 0.346800
137.699997 0.899880 7.844469 0.118724 0.346369
137.800003 0.900850 7.845777 0.117441 0.346927
137.899994 0.899840 7.839404 0.116570 0.348609
138.000000 0.900490 7.844184 0.119612 0.348035
138.099991 0.900270 7.843410 0.118517 0.346857
138.199997 0.899910 7.843915 0.117188 0.344566
138.300003 0.899600 7.844100 0.118000 0.344800
138.399994 0.900500 7.843699 0.116200 0.346100
138.500000 0.901490 7.841984 0.116312 0.347435
138.599991 0.900701 7.840340 0.116717 0.348549
138.699997 0.900500 7.838600 0.115300 0.348700
138.800003 0.897998 7.823223 0.117317 0.345445
138.899994 0.899980 7.842568 0.119524 0.346269
139.000000 0.899980 7.842268 0.119924 0.343569
139.099991 0.899710 7.841016 0.119888 0.343966
139.199997 0.898490 7.834884 0.121012 0.340434
139.300003 0.899200 7.837900 0.120200 0.339200
139.399994 0.897159 7.822529 0.119348 0.339436
139.500000 0.899180 7.840568 0.117724 0.338068
139.599991 0.899290 7.841185 0.119712 0.336134
139.699997 0.899520 7.841073 0.118195 0.336669
139.800003 0.900010 7.841415 0.117088 0.338166
139.899994 0.899720 7.841673 0.116493 0.337870
140.000000 0.899770 7.841552 0.115635 0.339102
140.099991 0.900300 7.843343 0.114815 0.340941
140.199997 0.899410 7.845315 0.115888 0.340266
140.300003 0.899810 7.848015 0.115088 0.339866
140.399994 0.897780 7.831966 0.115123 0.338968
140.500000 0.898839 7.841505 0.116070 0.338403
140.599991 0.899590 7.845785 0.113511 0.338934
140.699997 0.899220 7.845631 0.110878 0.343131
140.800003 0.899560 7.844994 0.110534 0.343294
140.899994 0.899200 7.844100 0.109000 0.340800
141.000000 0.900840 7.846361 0.109456 0.341264
141.099991 0.899870 7.847954 0.108232 0.340402
141.199997 0.899830 7.846646 0.109267 0.342297
141.300003 0.900470 7.847755 0.109933 0.341703
141.399994 0.900941 7.848258 0.110276 0.342748
141.500000 0.901510 7.851715 0.111489 0.343466
141.599991 0.901500 7.853300 0.112100 0.345100
141.699997 0.901280 7.852271 0.111722 0.345369
141.800003 0.901010 7.852515 0.109989 0.344566
141.899994 0.901260 7.849740 0.111345 0.346639
142.000000 0.896069 7.810743 0.108032 0.347204
142.099991 0.898939 7.836902 0.108565 0.348109
142.199997 0.900200 7.851400 0.107100 0.348700
142.300003 0.900900 7.852099 0.105800 0.352900
142.399994 0.900750 7.848876 0.103048 0.355022
142.500000 0.899940 7.846361 0.103159 0.354258
142.599991 0.899290 7.842284 0.102910 0.352235
142.699997 0.898990 7.839684 0.103310 0.350935
142.800003 0.897400 7.826700 0.101500 0.350100
142.899994 0.899630 7.842390 0.100470 0.349845
143.000000 0.899320 7.845831 0.102579 0.350030
143.099991 0.899550 7.848725 0.102251 0.349375
143.199997 0.899050 7.849225 0.101851 0.346473
143.300003 0.898710 7.850515 0.101290 0.344866
143.399994 0.898190 7.849285 0.100110 0.345435
143.500000 0.898241 7.847261 0.100960 0.347761
143.599991 0.898281 7.847523 0.100620 0.347822
143.699997 0.897780 7.840368 0.099520 0.344269
143.800003 0.899900 7.846700 0.100900 0.344900
143.899994 0.899330 7.847894 0.101271 0.346843
144.000000 0.898080 7.846869 0.097119 0.347970
144.099991 0.898210 7.845416 0.094990 0.348865
144.199997 0.898149 7.847223 0.094147 0.346973
144.300003 0.897390 7.842284 0.095009 0.349535
144.399994 0.897651 7.845377 0.096552 0.352224
144.500000 0.896659 7.844838 0.096739 0.349640
144.599991 0.896521 7.842931 0.096981 0.351330
144.699997 0.896800 7.844900 0.094700 0.349000
144.800003 0.897231 7.844747 0.096871 0.349595
144.899994 0.897700 7.846300 0.097000 0.346600
145.000000 0.898290 7.844885 0.097610 0.345035
145.099991 0.897000 7.837500 0.098300 0.345800
145.199997 0.897900 7.845700 0.100500 0.344600
145.300003 0.897669 7.848155 0.102231 0.343503
145.399994 0.897090 7.837584 0.102010 0.344434
145.500000 0.898870 7.847954 0.103231 0.344003
145.599991 0.898390 7.846684 0.103910 0.343534
145.699997 0.898861 7.846392 0.103838 0.340296
145.800003 0.898159 7.838935 0.102141 0.338936
145.899994 0.899430 7.845693 0.101671 0.337336
146.000000 0.899730 7.847194 0.098769 0.341239
146.099991 0.897479 7.828066 0.100920 0.341668
146.199997 0.897990 7.829783 0.101910 0.338934
146.300003 0.900130 7.847646 0.099770 0.339198
146.399994 0.899280 7.842168 0.097620 0.339568
146.500000 0.899890 7.847185 0.097310 0.338434
146.599991 0.899370 7.850755 0.098530 0.338502
146.699997 0.897449 7.834918 0.097849 0.337369
146.800003 0.898590 7.837284 0.099710 0.337334
146.899994 0.899480 7.850370 0.099520 0.338368
147.000000 0.898490 7.842584 0.099210 0.334533
147.099991 0.898300 7.848900 0.099100 0.333700
147.199997 0.897241 7.847661 0.097361 0.333966
147.300003 0.897641 7.849060 0.099360 0.331967
147.399994 0.898290 7.846884 0.096610 0.334833
147.500000 0.898320 7.847131 0.097181 0.332833
147.599991 0.896090 7.830783 0.095410 0.332033
147.699997 0.897788 7.843328 0.095005 0.335269
147.800003 0.895737 7.829298 0.094056 0.333600
147.899994 0.897369 7.841352 0.094128 0.334600
148.000000 0.898020 7.839132 0.094181 0.337233
148.099991 0.898590 7.837484 0.093009 0.336134
148.199997 0.898200 7.838500 0.094700 0.334500
148.300003 0.897490 7.834484 0.095210 0.336134
148.399994 0.898410 7.841216 0.094091 0.338666
148.500000 0.898000 7.840800 0.094000 0.339600
148.599991 0.895900 7.828500 0.093600 0.336300
148.699997 0.897200 7.840801 0.090700 0.338600
148.800003 0.897210 7.841716 0.092691 0.337866
148.899994 0.897920 7.844331 0.093281 0.335633
149.000000 0.898470 7.841153 0.092228 0.334400
149.099991 0.896279 7.825265 0.090418 0.334867
149.199997 0.896918 7.824760 0.090072 0.331665
149.300003 0.898410 7.835116 0.089591 0.330967
149.399994 0.899090 7.841584 0.090509 0.331533
149.500000 0.898269 7.840152 0.089827 0.334700
149.599991 0.898720 7.841732 0.088882 0.335933
149.699997 0.898141 7.841963 0.090964 0.336765
149.800003 0.897000 7.843800 0.090400 0.337400
149.899994 0.895710 7.841616 0.090891 0.339666
150.000000 0.896569 7.840353 0.089127 0.338301
150.099991 0.896610 7.838416 0.086191 0.339166
150.199997 0.893989 7.815382 0.084808 0.341234
150.300003 0.896621 7.840232 0.087483 0.342831
150.399994 0.897598 7.843343 0.088589 0.340941
150.500000 0.896390 7.838184 0.089509 0.343034
150.599991 0.897100 7.841800 0.090100 0.344600
150.699997 0.893947 7.825413 0.090645 0.340770
150.800003 0.895379 7.843969 0.088418 0.335267
150.899994 0.895490 7.841184 0.090309 0.333933
151.000000 0.895279 7.841268 0.089918 0.335967
151.099991 0.896841 7.840464 0.090064 0.336865
151.199997 0.897079 7.841568 0.089418 0.336667
151.300003 0.897490 7.837483 0.090409 0.336934
151.399994 0.898549 7.840420 0.090145 0.341971
151.500000 0.898950 7.841121 0.088844 0.345873
151.599991 0.899720 7.842731 0.088482 0.342731
151.699997 0.898661 7.841896 0.087248 0.338897
151.800003 0.898980 7.842369 0.086017 0.341268
151.899994 0.898920 7.843431 0.084683 0.340332
152.000000 0.897910 7.841716 0.084292 0.340166
152.099991 0.898510 7.843516 0.085391 0.339966
152.199997 0.899081 7.844324 0.085032 0.338329
152.300003 0.898290 7.840884 0.083908 0.337134
152.399994 0.898280 7.830666 0.084417 0.336267
152.500000 0.898578 7.835803 0.085603 0.333801
152.599991 0.897328 7.829280 0.084259 0.332333
152.699997 0.898830 7.841248 0.082475 0.335799
152.800003 0.899330 7.840088 0.083058 0.338937
152.899994 0.899260 7.838936 0.084534 0.336635
153.000000 0.898080 7.840969 0.083817 0.333367
153.099991 0.898600 7.833300 0.081100 0.330900
153.199997 0.900060 7.842337 0.082833 0.335234
153.300003 0.899060 7.832933 0.083633 0.334734
153.399994 0.900950 7.839980 0.084558 0.337531
153.500000 0.901210 7.840816 0.085791 0.339066
153.599991 0.901280 7.842669 0.085317 0.340568
153.699997 0.900900 7.843000 0.086000 0.339100
153.800003 0.899680 7.827565 0.086117 0.341268
153.899994 0.902168 7.845009 0.088038 0.345258
154.000000 0.902712 7.845761 0.089280 0.344210
154.099991 0.902900 7.845100 0.089100 0.348000
154.199997 0.903310 7.844815 0.091091 0.347165
154.300003 0.903771 7.846054 0.092428 0.345604
154.399994 0.902480 7.846669 0.091918 0.347369
154.500000 0.902871 7.849055 0.092928 0.350505
154.599991 0.900050 7.829415 0.091646 0.350075
154.699997 0.901511 7.849865 0.090481 0.351616
154.800003 0.901749 7.849576 0.091554 0.352724
154.899994 0.902290 7.848485 0.091309 0.357136
155.000000 0.903261 7.843737 0.090136 0.359144
155.099991 0.903368 7.844109 0.090237 0.360148
155.199997 0.901100 7.831600 0.089700 0.363200
155.300003 0.900290 7.832315 0.090299 0.366103
155.399994 0.901359 7.843294 0.092445 0.370278
155.500000 0.900400 7.842600 0.093500 0.371000
155.599991 0.899980 7.841268 0.093319 0.372675
155.699997 0.898470 7.829448 0.092928 0.371912
155.800003 0.898570 7.831650 0.092628 0.374312
155.899994 0.896359 7.815826 0.093137 0.374750
156.000000 0.898870 7.838952 0.092428 0.371011
156.099991 0.898910 7.839316 0.089491 0.369563
156.199997 0.897510 7.833217 0.089591 0.366363
156.300003 0.898649 7.840420 0.089245 0.367184
156.399994 0.895090 7.814781 0.089209 0.364636
156.500000 0.898088 7.839223 0.092402 0.365502
156.599991 0.896900 7.832000 0.091200 0.362200
156.699997 0.896038 7.827497 0.091455 0.361017
156.800003 0.897287 7.838623 0.092302 0.359195
156.899994 0.896462 7.836598 0.091845 0.359884
157.000000 0.896690 7.835484 0.091209 0.360736
157.099991 0.895962 7.836998 0.090046 0.362982
157.199997 0.893600 7.821900 0.089800 0.364600
157.300003 0.894500 7.834500 0.089300 0.366700
157.399994 0.895548 7.836719 0.088344 0.369085
157.500000 0.896052 7.837381 0.086557 0.371015
157.599991 0.894389 7.823182 0.086009 0.368737
157.699997 0.893758 7.819027 0.086134 0.368848
157.800003 0.894389 7.824683 0.086509 0.371137
157.899994 0.895032 7.833550 0.086674 0.370089
158.000000 0.895000 7.830100 0.087100 0.370800
158.099991 0.896169 7.832850 0.086126 0.368911
158.199997 0.894247 7.825913 0.085843 0.365083
158.300003 0.895079 7.832567 0.087317 0.367874
158.399994 0.894911 7.834017 0.087391 0.368763
158.500000 0.895010 7.834716 0.086691 0.368263
158.599991 0.894632 7.835649 0.087474 0.366090
158.699997 0.893836 7.837102 0.086352 0.362017
158.800003 0.893900 7.838100 0.088000 0.362100
158.899994 0.894353 7.841979 0.087056 0.361619
159.000000 0.894679 7.840268 0.087618 0.362873
159.099991 0.894232 7.841547 0.086774 0.362091
159.199997 0.892089 7.831383 0.088009 0.359436
159.300003 0.892546 7.837118 0.089345 0.355978
159.399994 0.894100 7.841599 0.088500 0.357700
159.500000 0.894032 7.841748 0.089173 0.355693
159.599991 0.893800 7.842400 0.088700 0.360200
159.699997 0.891411 7.825418 0.088391 0.357464
159.800003 0.893132 7.842247 0.088573 0.354094
159.899994 0.892225 7.835485 0.087661 0.352447
160.000000 0.893089 7.837884 0.086909 0.352835
160.099991 0.893100 7.836900 0.085700 0.354400
160.199997 0.891800 7.827800 0.084000 0.356000
160.300003 0.891868 7.830249 0.082425 0.357707
160.399994 0.892864 7.835698 0.082650 0.357286
160.500000 0.892057 7.834334 0.082133 0.352041
160.599991 0.892489 7.833983 0.081808 0.351635
160.699997 0.890389 7.819782 0.082408 0.351635
160.800003 0.892500 7.831201 0.079700 0.353300
160.899994 0.891180 7.819101 0.078987 0.352488
161.000000 0.890924 7.823076 0.078655 0.353347
161.099991 0.892761 7.830980 0.077801 0.355863
161.199997 0.891178 7.822565 0.077716 0.353171
161.300003 0.892625 7.830982 0.077554 0.356349
161.399994 0.892146 7.833016 0.079840 0.352076
161.500000 0.892346 7.836018 0.081341 0.351276
161.599991 0.892589 7.835384 0.080808 0.349435
161.699997 0.893125 7.835085 0.078855 0.348644
161.800003 0.893311 7.832317 0.077992 0.348165
161.899994 0.893868 7.832750 0.076223 0.347204
162.000000 0.894495 7.835449 0.075432 0.346188
162.099991 0.894821 7.835233 0.075285 0.347730
162.199997 0.894632 7.835449 0.075377 0.350495
162.300003 0.893468 7.827148 0.074922 0.351205
162.399994 0.894047 7.833317 0.076738 0.351176
162.500000 0.895331 7.830251 0.078277 0.352894
162.599991 0.895721 7.833533 0.077884 0.353329
162.699997 0.895990 7.832684 0.077708 0.352635
162.800003 0.897659 7.834433 0.076731 0.354442
162.899994 0.897590 7.835183 0.075308 0.356336
163.000000 0.896600 7.831500 0.075400 0.356100
163.099991 0.895290 7.821282 0.077708 0.352235
163.199997 0.896559 7.834634 0.077231 0.352241
163.300003 0.895490 7.834984 0.077708 0.352035
163.399994 0.894489 7.824182 0.077408 0.352535
163.500000 0.895900 7.835600 0.079000 0.353300
163.599991 0.895942 7.836965 0.078169 0.353858
163.699997 0.896648 7.836218 0.080240 0.355878
163.800003 0.897410 7.837816 0.082592 0.356664
163.899994 0.897210 7.836416 0.081792 0.353065
164.000000 0.897590 7.837884 0.080508 0.351235
164.099991 0.898200 7.837700 0.080800 0.347300
164.199997 0.898239 7.839603 0.080448 0.349610
164.300003 0.897300 7.831300 0.080500 0.352100
164.399994 0.897321 7.829535 0.079884 0.353029
164.500000 0.898251 7.837481 0.078761 0.355922
164.599991 0.897551 7.837482 0.077061 0.357321
164.699997 0.898169 7.838852 0.074722 0.356107
164.800003 0.897118 7.821757 0.072658 0.354584
164.899994 0.898880 7.840769 0.072314 0.351770
165.000000 0.897659 7.831233 0.071529 0.348439
165.099991 0.899750 7.840420 0.071836 0.349875
165.199997 0.898830 7.838349 0.070979 0.349995
165.300003 0.898851 7.839080 0.070665 0.348426
165.399994 0.897069 7.830349 0.071822 0.349005
165.500000 0.898860 7.840736 0.070028 0.352741
165.599991 0.898310 7.840416 0.069893 0.349765
165.699997 0.895658 7.828931 0.069828 0.351741
165.800003 0.895790 7.834784 0.068707 0.353535
165.899994 0.897680 7.842468 0.068614 0.355671
166.000000 0.897441 7.841164 0.067173 0.354458
166.099991 0.896969 7.843654 0.068220 0.355407
166.199997 0.896562 7.844593 0.068859 0.356986
166.300003 0.896010 7.845615 0.070593 0.356164
166.399994 0.894868 7.825148 0.071021 0.354306
166.500000 0.895896 7.841842 0.072472 0.354254
166.599991 0.894947 7.833117 0.072936 0.352676
166.699997 0.895590 7.842484 0.073307 0.353835
166.800003 0.894911 7.841316 0.071793 0.354465
166.899994 0.895148 7.837719 0.072736 0.350975
167.000000 0.895900 7.839700 0.073900 0.352700
167.099991 0.896000 7.836500 0.074000 0.354600
167.199997 0.895400 7.838300 0.074700 0.352000
167.300003 0.895431 7.840648 0.075977 0.349795
167.399994 0.895369 7.839152 0.077023 0.349105
167.500000 0.895610 7.842616 0.077192 0.347865
167.599991 0.895369 7.841953 0.077623 0.348605
167.699997 0.895900 7.836000 0.078000 0.348600
167.800003 0.895279 7.840168 0.080016 0.347470
167.899994 0.893089 7.833484 0.080508 0.344334
168.000000 0.892968 7.838352 0.079524 0.342003
168.099991 0.891233 7.824353 0.079876 0.339698
168.199997 0.891943 7.839164 0.077769 0.337165
168.300003 0.892235 7.836902 0.076746 0.335501
168.399994 0.892832 7.840848 0.078476 0.331301
168.500000 0.891046 7.824512 0.078639 0.331566
168.599991 0.891067 7.832250 0.080224 0.331800
168.699997 0.891565 7.840395 0.078553 0.329702
168.800003 0.891267 7.841252 0.077523 0.330099
168.899994 0.888722 7.823576 0.080056 0.331432
169.000000 0.888577 7.827311 0.082791 0.330463
169.099991 0.888367 7.823447 0.084425 0.330399
169.199997 0.891022 7.842231 0.083383 0.330134
169.300003 0.890223 7.837387 0.083659 0.328830
169.399994 0.888889 7.840084 0.084008 0.326933
169.500000 0.889144 7.840864 0.084166 0.330668
169.599991 0.890733 7.844547 0.085074 0.329701
169.699997 0.890989 7.844285 0.084308 0.327733
169.800003 0.891422 7.846030 0.085383 0.327335
169.899994 0.891843 7.846362 0.083966 0.330768
170.000000 0.891748 7.838173 0.086020 0.328159
170.099991 0.891367 7.829749 0.086026 0.326098
170.199997 0.893421 7.845731 0.086383 0.327335
170.300003 0.892500 7.840401 0.085800 0.327800
170.399994 0.894121 7.845631 0.088182 0.325435
170.500000 0.895710 7.848415 0.088891 0.322768
170.599991 0.895211 7.846915 0.088791 0.324168
170.699997 0.895490 7.847085 0.087909 0.322832
170.800003 0.895058 7.845338 0.087235 0.326631
170.899994 0.895100 7.845400 0.088800 0.327300
171.000000 0.895000 7.843700 0.089200 0.327000
171.099991 0.894668 7.843053 0.088026 0.330799
171.199997 0.893589 7.833183 0.087609 0.332133
171.300003 0.894516 7.846477 0.088371 0.331265
171.399994 0.895158 7.846639 0.089536 0.330632
171.500000 0.893600 7.836100 0.091900 0.327200
171.599991 0.895679 7.848469 0.091718 0.326065
171.699997 0.894200 7.839500 0.091600 0.323500
171.800003 0.894721 7.847730 0.091382 0.322136
171.899994 0.895052 7.846577 0.089655 0.319440
172.000000 0.894200 7.846600 0.091500 0.322000
172.099991 0.895131 7.846446 0.090473 0.320804
172.199997 0.895700 7.845500 0.089600 0.321600
172.300003 0.894589 7.840684 0.088709 0.318332
172.399994 0.894189 7.841884 0.089609 0.318532
172.500000 0.895032 7.846546 0.091672 0.313806
172.599991 0.891868 7.828849 0.091928 0.311093
172.699997 0.893179 7.847469 0.094119 0.309462
172.800003 0.892400 7.846400 0.094400 0.308300
172.899994 0.893093 7.846847 0.093794 0.309409
173.000000 0.893711 7.846616 0.091691 0.310469
173.099991 0.894589 7.846585 0.094209 0.306831
173.199997 0.894511 7.847315 0.091791 0.308769
173.300003 0.894584 7.848221 0.091327 0.308253
173.399994 0.894711 7.848615 0.089791 0.311969
173.500000 0.895710 7.846915 0.090191 0.310169
173.599991 0.894758 7.842937 0.092237 0.308423
173.699997 0.894747 7.842321 0.093747 0.307054
173.800003 0.894200 7.842300 0.093300 0.303600
173.899994 0.893421 7.839532 0.095381 0.303039
174.000000 0.892300 7.837800 0.094500 0.303000
174.099991 0.892779 7.838468 0.094919 0.301760
174.199997 0.893289 7.838883 0.095610 0.300930
174.300003 0.893432 7.837749 0.096171 0.298410
174.399994 0.892200 7.837800 0.096300 0.299800
174.500000 0.891889 7.839184 0.094909 0.298130
174.599991 0.891557 7.833133 0.096038 0.293717
174.699997 0.889445 7.821111 0.095548 0.294647
174.800003 0.892046 7.839219 0.097249 0.293447
174.899994 0.890811 7.834417 0.097690 0.295770
175.000000 0.891646 7.837119 0.095148 0.299050
175.099991 0.892011 7.836316 0.095390 0.298170
175.199997 0.890478 7.826566 0.094219 0.294159
175.300003 0.891346 7.836718 0.092446 0.293847
175.399994 0.891233 7.837549 0.091872 0.294312
175.500000 0.891600 7.837900 0.094000 0.292000
175.599991 0.890944 7.837165 0.095562 0.290284
175.699997 0.890300 7.832500 0.094200 0.291800
175.800003 0.890322 7.834933 0.095281 0.291142
175.899994 0.891222 7.838032 0.096481 0.293941
176.000000 0.889890 7.830831 0.096396 0.292192
176.099991 0.889256 7.831933 0.094738 0.288715
176.199997 0.886032 7.810687 0.094857 0.286372
176.300003 0.882895 7.794015 0.093584 0.282154
176.399994 0.886811 7.829517 0.094291 0.280272
176.500000 0.886100 7.829401 0.096000 0.278100
176.599991 0.887811 7.830417 0.096490 0.277272
176.699997 0.884519 7.811268 0.094666 0.271090
176.800003 0.888800 7.832551 0.094315 0.271556
176.899994 0.887010 7.816253 0.091873 0.271117
177.000000 0.886089 7.808681 0.090409 0.269427
177.099991 0.888789 7.830583 0.093409 0.268127
177.199997 0.886666 7.813144 0.092928 0.263979
177.300003 0.888100 7.830800 0.092700 0.261200
177.399994 0.888000 7.829000 0.090900 0.259600
177.500000 0.888922 7.829034 0.089882 0.261048
177.599991 0.888022 7.828534 0.088682 0.257948
177.699997 0.887834 7.828552 0.087474 0.260522
177.800003 0.888066 7.827148 0.086726 0.261278
177.899994 0.888578 7.828666 0.086417 0.260752
178.000000 0.888833 7.830151 0.087574 0.263121
178.099991 0.888900 7.828900 0.089700 0.262900
178.199997 0.890678 7.831266 0.088118 0.262552
178.300003 0.890411 7.831817 0.086791 0.265373
178.399994 0.890600 7.832200 0.086600 0.269500
178.500000 0.890867 7.833250 0.086226 0.269881
178.599991 0.890822 7.832134 0.087982 0.269746
178.699997 0.889667 7.829649 0.089427 0.271782
178.800003 0.888900 7.820200 0.089300 0.272400
178.899994 0.891322 7.830634 0.089882 0.275245
179.000000 0.892168 7.831349 0.092028 0.274982
179.099991 0.892322 7.830634 0.092282 0.273345
179.199997 0.891689 7.833783 0.093309 0.273327
179.300003 0.891509 7.830469 0.093906 0.273926
179.399994 0.890467 7.829749 0.093428 0.274782
179.500000 0.891333 7.832350 0.094172 0.274418
179.599991 0.890356 7.833234 0.095638 0.267807
179.699997 0.890445 7.835017 0.093247 0.268234
179.800003 0.891211 7.834517 0.094291 0.270673
179.899994 0.891757 7.837234 0.095638 0.271709
180.000000 0.890989 7.835783 0.095210 0.269027
180.099991 0.890844 7.833467 0.094762 0.266693
180.199997 0.891765 7.834899 0.092844 0.267140
180.300003 0.888833 7.817090 0.093856 0.267661
180.399994 0.889545 7.828615 0.093347 0.269035
180.500000 0.890222 7.837533 0.095781 0.272445
180.599991 0.892078 7.837768 0.098320 0.272455
180.699997 0.893600 7.838700 0.098900 0.267500
180.800003 0.892157 7.829631 0.099140 0.265106
180.899994 0.893521 7.839632 0.101480 0.265647
181.000000 0.893543 7.837865 0.100660 0.266393
181.099991 0.893858 7.836634 0.100640 0.264606
181.199997 0.892900 7.835800 0.103400 0.265200
181.300003 0.893685 7.838729 0.101619 0.260691
181.399994 0.893421 7.835833 0.102979 0.259848
181.500000 0.893029 7.830429 0.103065 0.259215
181.599991 0.892957 7.832833 0.102441 0.261305
181.699997 0.893057 7.833934 0.103341 0.266006
181.800003 0.892243 7.821771 0.106557 0.268393
181.899994 0.893743 7.836266 0.107557 0.268193
182.000000 0.890824 7.818974 0.109176 0.266887
182.099991 0.893964 7.837798 0.110134 0.268939
182.199997 0.895090 7.838684 0.111411 0.268227
182.300003 0.895121 7.837632 0.114477 0.267646
182.399994 0.895248 7.836218 0.114757 0.267434
182.500000 0.895032 7.834749 0.115465 0.266620
182.599991 0.889778 7.798059 0.113323 0.268954
182.699997 0.894389 7.832983 0.114911 0.270927
182.800003 0.894200 7.834800 0.114400 0.270100
182.899994 0.895390 7.834383 0.114911 0.268427
183.000000 0.895810 7.835717 0.114789 0.268073
183.099991 0.896810 7.833817 0.116288 0.268073
183.199997 0.897228 7.834584 0.116181 0.266386
183.300003 0.896452 7.834482 0.116942 0.266867
183.399994 0.896290 7.837284 0.116812 0.266527
183.500000 0.895437 7.830398 0.117871 0.270462
183.599991 0.896331 7.837549 0.118664 0.268619
183.699997 0.896993 7.838546 0.118294 0.273554
183.800003 0.896390 7.836783 0.116612 0.272727
183.899994 0.895958 7.831233 0.116447 0.271509
184.000000 0.895979 7.837267 0.116723 0.272154
184.099991 0.895821 7.836833 0.115677 0.268646
184.199997 0.897059 7.840336 0.115746 0.268908
184.300003 0.897131 7.840447 0.117865 0.273218
184.399994 0.896969 7.837951 0.116635 0.272282
184.500000 0.894568 7.823347 0.117335 0.271181
184.599991 0.892804 7.813733 0.118707 0.269843
184.699997 0.895727 7.837386 0.119384 0.270890
184.800003 0.895648 7.837618 0.119860 0.270735
184.899994 0.895200 7.836800 0.118800 0.270500
185.000000 0.895400 7.836400 0.119000 0.268700
185.099991 0.894721 7.836033 0.121476 0.270646
185.199997 0.895679 7.836167 0.120724 0.272054
185.300003 0.896000 7.837500 0.118000 0.270300
185.399994 0.894211 7.827218 0.116788 0.271473
185.500000 0.895400 7.833399 0.115600 0.270700
185.599991 0.895731 7.834450 0.115765 0.270019
185.699997 0.895631 7.834450 0.113766 0.272218
185.800003 0.896044 7.834552 0.113871 0.272509
185.899994 0.895842 7.833667 0.114554 0.271391
186.000000 0.896800 7.830300 0.113900 0.268700
186.099991 0.897059 7.830332 0.113946 0.269508
186.199997 0.895921 7.830034 0.115177 0.268346
186.300003 0.895938 7.824395 0.115169 0.268161
186.399994 0.897279 7.829966 0.115523 0.270154
186.500000 0.896300 7.828800 0.117300 0.270700
186.599991 0.898500 7.831900 0.116600 0.270500
186.699997 0.898320 7.834633 0.116777 0.268246
186.800003 0.897369 7.828149 0.116935 0.267680
186.899994 0.898259 7.834534 0.117247 0.269308
187.000000 0.899170 7.835551 0.118436 0.271381
187.099991 0.898670 7.833750 0.119836 0.271581
187.199997 0.898800 7.835000 0.118600 0.270600
187.300003 0.899070 7.831349 0.119536 0.268180
187.399994 0.898500 7.835000 0.119600 0.268800
187.500000 0.899000 7.837700 0.119900 0.267700
187.599991 0.899440 7.841005 0.120372 0.266860
187.699997 0.899610 7.841516 0.122088 0.268173
187.800003 0.899200 7.839700 0.124500 0.270200
187.899994 0.896879 7.819864 0.125225 0.270954
188.000000 0.899060 7.840237 0.123750 0.269308
188.099991 0.898670 7.839152 0.122037 0.267880
188.199997 0.898010 7.838316 0.121788 0.265173
188.300003 0.897490 7.837184 0.122212 0.267927
188.399994 0.898219 7.838070 0.120196 0.268515
188.500000 0.897000 7.821900 0.119700 0.265800
188.599991 0.898920 7.840132 0.119376 0.265147
188.699997 0.898920 7.840232 0.118376 0.266847
188.800003 0.899060 7.836835 0.119648 0.265606
188.899994 0.898580 7.840369 0.121524 0.268554
189.000000 0.896748 7.827514 0.120560 0.267034
189.099991 0.897890 7.836384 0.118812 0.265127
189.199997 0.896931 7.839048 0.119764 0.267420
189.300003 0.897579 7.838068 0.117724 0.266253
189.399994 0.897600 7.837600 0.114900 0.264600
189.500000 0.898241 7.838065 0.116353 0.266094
189.599991 0.899030 7.838248 0.116765 0.264521
189.699997 0.897179 7.825665 0.116523 0.262152
189.800003 0.899000 7.840000 0.114500 0.265000
189.899994 0.898269 7.839851 0.113334 0.265680
190.000000 0.894489 7.816482 0.114411 0.262726
190.099991 0.896410 7.834917 0.118388 0.262874
190.199997 0.897090 7.838184 0.121112 0.264126
190.300003 0.896717 7.836469 0.120997 0.261809
190.399994 0.897839 7.838102 0.122974 0.262858
190.500000 0.898620 7.838532 0.123275 0.264547
190.599991 0.897079 7.837067 0.123325 0.264053
190.699997 0.896248 7.835718 0.123162 0.266133
190.800003 0.896621 7.843731 0.124075 0.265947
190.899994 0.896400 7.842300 0.125400 0.271600
191.000000 0.895821 7.843531 0.127275 0.269046
191.099991 0.895548 7.843622 0.130265 0.270535
191.199997 0.895190 7.838184 0.129613 0.273127
191.300003 0.895016 7.843675 0.131505 0.272918
191.399994 0.894521 7.841331 0.131774 0.273545
191.500000 0.895606 7.845461 0.132119 0.272946
191.599991 0.895331 7.844847 0.131860 0.272118
191.699997 0.896593 7.846039 0.130483 0.272555
191.800003 0.896600 7.844900 0.129300 0.273700
191.899994 0.895800 7.845700 0.129500 0.275200
192.000000 0.895800 7.847799 0.130500 0.273800
192.099991 0.897146 7.847171 0.130996 0.276815
192.199997 0.897418 7.846478 0.132106 0.276121
192.300003 0.897659 7.846039 0.132053 0.272509
192.399994 0.897300 7.844300 0.132200 0.272600
192.500000 0.897300 7.841800 0.131900 0.269700
192.599991 0.896772 7.841211 0.131308 0.269811
192.699997 0.896469 7.840252 0.133040 0.269281
192.800003 0.896948 7.843021 0.133767 0.266633
192.899994 0.898420 7.845031 0.132673 0.267047
193.000000 0.898459 7.839437 0.131353 0.265906
193.099991 0.896296 7.830531 0.130931 0.264765
193.199997 0.898290 7.842684 0.130913 0.267127
193.300003 0.897359 7.841436 0.131653 0.269008
193.399994 0.898139 7.843606 0.132179 0.269462
193.500000 0.898300 7.843200 0.132700 0.269400
193.599991 0.899271 7.845708 0.135405 0.270211
193.699997 0.898870 7.845053 0.132940 0.271481
193.800003 0.899310 7.845715 0.134287 0.273173
193.899994 0.896779 7.826665 0.134427 0.276055
194.000000 0.895810 7.821818 0.132987 0.272773
194.099991 0.895969 7.829748 0.133440 0.271181
194.199997 0.897272 7.842810 0.132907 0.269511
194.300003 0.897500 7.844700 0.132300 0.268100
194.399994 0.897110 7.843816 0.132087 0.266073
194.500000 0.895048 7.836018 0.132866 0.267634
194.599991 0.895469 7.841753 0.135041 0.265780
194.699997 0.895600 7.839101 0.134800 0.265800
194.800003 0.896997 7.844144 0.136436 0.266166
194.899994 0.896179 7.835767 0.137427 0.262152
195.000000 0.897620 7.844831 0.137373 0.260448
195.099991 0.897090 7.843584 0.139014 0.261326
195.199997 0.896190 7.845185 0.139314 0.260226
195.300003 0.896800 7.843900 0.143100 0.257200
195.399994 0.896600 7.843900 0.145500 0.261200
195.500000 0.896269 7.840252 0.143343 0.260278
195.599991 0.896121 7.844031 0.142671 0.259548
195.699997 0.895037 7.841004 0.142485 0.258555
195.800003 0.894000 7.835500 0.142800 0.260500
195.899994 0.894100 7.841700 0.144300 0.258300
196.000000 0.893579 7.841568 0.143229 0.260352
196.099991 0.892189 7.831983 0.146215 0.263626
196.199997 0.893364 7.841495 0.144613 0.264341
196.300003 0.892879 7.839468 0.145329 0.261852
196.399994 0.889078 7.816898 0.143558 0.262789
196.500000 0.890234 7.831999 0.144086 0.262357
196.599991 0.890811 7.839116 0.145685 0.263074
196.699997 0.888789 7.828283 0.145215 0.261526
196.800003 0.889311 7.835016 0.143786 0.264674
196.899994 0.888989 7.835884 0.143914 0.263026
197.000000 0.888511 7.835516 0.145385 0.265173
197.099991 0.888267 7.835851 0.146744 0.267880
197.199997 0.888378 7.834766 0.146429 0.268854
197.300003 0.888600 7.834400 0.145400 0.269300
197.399994 0.887010 7.822758 0.145917 0.270416
197.500000 0.888222 7.836233 0.145471 0.268846
197.599991 0.888555 7.836435 0.145758 0.270208
197.699997 0.889044 7.838464 0.141943 0.270092
197.800003 0.890333 7.838248 0.142957 0.269019
197.899994 0.890455 7.837381 0.142429 0.267566
198.000000 0.891346 7.839519 0.141171 0.268334
198.099991 0.891832 7.840248 0.141658 0.272418
198.199997 0.892265 7.840296 0.144513 0.275735
198.300003 0.891935 7.840505 0.143386 0.276966
198.399994 0.891500 7.838500 0.144000 0.279100
198.500000 0.891922 7.840931 0.146071 0.279244
198.599991 0.892411 7.842716 0.147185 0.279672
198.699997 0.891557 7.838436 0.149460 0.279512
198.800003 0.891378 7.834067 0.150930 0.279756
198.899994 0.890411 7.828317 0.150985 0.280972
199.000000 0.892454 7.839980 0.151824 0.282559
199.099991 0.892122 7.838233 0.151270 0.279744
199.199997 0.891789 7.836784 0.149515 0.278128
199.300003 0.891389 7.836184 0.150615 0.279328
199.399994 0.890945 7.834918 0.148974 0.279540
199.500000 0.891689 7.833183 0.148215 0.279228
199.599991 0.891533 7.835750 0.146256 0.277817
199.699997 0.890711 7.833117 0.144086 0.273773
199.800003 0.890400 7.832100 0.145900 0.272200
199.899994 0.891167 7.832049 0.145244 0.272682
