0.000000 1.000000 7.999000 0.999900 0.999800
0.100000 0.998899 7.990394 0.999099 0.999300
0.200000 0.996800 7.976100 0.996700 0.997500
0.300000 0.996400 7.974797 0.996900 0.997800
0.400000 0.995900 7.972403 0.996100 0.997200
0.500000 0.995199 7.967390 0.994798 0.996499
0.600000 0.994198 7.963085 0.993697 0.994798
0.700000 0.993401 7.960108 0.993301 0.993501
0.800000 0.992804 7.956522 0.992504 0.993203
0.900000 0.989699 7.936694 0.989999 0.989599
1.000000 0.988395 7.933273 0.988595 0.989196
1.100000 0.989000 7.943300 0.988700 0.990900
1.200000 0.988106 7.940530 0.987406 0.991005
1.300000 0.986399 7.938993 0.987899 0.990399
1.400000 0.985101 7.939106 0.987501 0.988701
1.500000 0.984700 7.937800 0.987000 0.987700
1.600000 0.982598 7.929993 0.984198 0.986599
1.700000 0.980494 7.917475 0.981494 0.983295
1.800000 0.980994 7.928378 0.983495 0.984195
1.900000 0.979798 7.930593 0.982098 0.982698
2.000000 0.979404 7.928214 0.981704 0.981604
2.100000 0.978198 7.925592 0.979698 0.980298
2.200000 0.977798 7.925393 0.979398 0.980498
2.300000 0.975798 7.918992 0.976398 0.978398
2.400000 0.975900 7.924300 0.976700 0.977400
2.500000 0.974705 7.924815 0.976505 0.976705
2.600000 0.974116 7.925145 0.975215 0.974915
2.700000 0.973592 7.921876 0.973092 0.975193
2.800000 0.972795 7.921184 0.973095 0.974395
2.900000 0.971800 7.918799 0.971700 0.973400
3.000000 0.972189 7.919268 0.969488 0.971589
3.100000 0.972028 7.917182 0.968432 0.971229
3.200000 0.969294 7.903481 0.967393 0.967694
3.300000 0.970694 7.915283 0.967193 0.968994
3.400000 0.969682 7.913848 0.964779 0.968081
3.500000 0.968394 7.914283 0.963093 0.968094
3.600000 0.967900 7.913800 0.961800 0.967200
3.700000 0.967526 7.914868 0.960731 0.966627
3.800000 0.966197 7.915991 0.958996 0.964997
3.900000 0.962800 7.898900 0.955200 0.961600
4.000000 0.963285 7.911465 0.957883 0.960684
4.100000 0.961300 7.908300 0.956600 0.959900
4.200000 0.961889 7.915275 0.955787 0.958488
4.300000 0.961392 7.913283 0.955991 0.956491
4.400000 0.961196 7.916292 0.954996 0.954996
4.500000 0.960900 7.914899 0.955700 0.953000
4.600000 0.960904 7.915409 0.953405 0.952005
4.700000 0.960504 7.915608 0.952805 0.951305
4.800000 0.959580 7.913557 0.953677 0.951676
4.900000 0.958525 7.913052 0.950630 0.951529
5.000000 0.957191 7.902181 0.948290 0.949690
5.100000 0.957500 7.911300 0.949300 0.949000
5.200000 0.956713 7.909828 0.949215 0.948016
5.300000 0.956096 7.908091 0.946995 0.947795
5.400000 0.953705 7.894711 0.943506 0.944406
5.500000 0.953505 7.902410 0.943206 0.945705
5.600000 0.953832 7.908964 0.943340 0.945838
5.700000 0.951410 7.888622 0.941412 0.942012
5.800000 0.953214 7.908627 0.942917 0.943617
5.900000 0.952005 7.906509 0.942206 0.943306
6.000000 0.951310 7.906019 0.940512 0.942611
6.100000 0.948084 7.886566 0.937281 0.938982
6.200000 0.950115 7.906229 0.937519 0.940718
6.300000 0.946789 7.889177 0.934287 0.937788
6.400000 0.947695 7.902390 0.933793 0.938194
6.500000 0.947810 7.906919 0.932613 0.938012
6.600000 0.946695 7.906290 0.930793 0.937494
6.700000 0.946227 7.904848 0.929235 0.935432
6.800000 0.946621 7.905238 0.925630 0.934626
6.900000 0.946305 7.905009 0.923808 0.934107
7.000000 0.946395 7.906190 0.920792 0.933893
7.100000 0.946405 7.905610 0.921408 0.931607
7.200000 0.945667 7.905643 0.920552 0.929558
7.300000 0.944689 7.905181 0.919084 0.926785
7.400000 0.942800 7.898400 0.917200 0.925100
7.500000 0.943200 7.907200 0.915400 0.926600
7.600000 0.942317 7.908127 0.915725 0.923123
7.700000 0.941400 7.906700 0.912900 0.923200
7.800000 0.941182 7.905672 0.913474 0.921777
7.900000 0.941683 7.906572 0.912274 0.920576
8.000000 0.940488 7.900980 0.910682 0.920784
8.099999 0.939400 7.893500 0.908200 0.918400
8.200000 0.940316 7.902965 0.910174 0.919387
8.300000 0.940312 7.900820 0.910618 0.918116
8.400000 0.939270 7.901751 0.909955 0.920160
8.500000 0.938988 7.900980 0.909482 0.919784
8.599999 0.939112 7.899820 0.910318 0.919916
8.700000 0.938094 7.898789 0.910491 0.919292
8.800000 0.937888 7.898280 0.908082 0.918784
8.900000 0.937456 7.893926 0.905834 0.918043
9.000000 0.936111 7.887042 0.902263 0.915181
9.099999 0.937050 7.896283 0.901079 0.914169
9.200000 0.936794 7.896190 0.900790 0.910791
9.300000 0.936581 7.896969 0.895869 0.909373
9.400000 0.936406 7.897010 0.894711 0.905209
9.500000 0.933100 7.875100 0.892400 0.903400
9.599999 0.927085 7.838868 0.889078 0.895579
9.700000 0.930272 7.872849 0.891657 0.899860
9.800000 0.932380 7.893968 0.891567 0.898970
9.900000 0.932400 7.897300 0.893500 0.899200
10.000000 0.932400 7.897300 0.891200 0.896300
10.099999 0.928786 7.875475 0.886577 0.893079
10.200000 0.930279 7.890767 0.889367 0.893668
10.300000 0.929200 7.889600 0.887900 0.892100
10.400000 0.928893 7.893489 0.888689 0.890789
10.500000 0.928193 7.890489 0.887789 0.891489
10.599999 0.927493 7.889089 0.886589 0.891489
10.700000 0.926426 7.888489 0.883483 0.890190
10.800000 0.926407 7.890612 0.880812 0.887211
10.900000 0.925778 7.887066 0.880064 0.885866
11.000000 0.925530 7.891543 0.879848 0.883846
11.099999 0.925385 7.893478 0.880476 0.884377
11.200000 0.923385 7.880976 0.876575 0.883577
11.300000 0.921677 7.864359 0.873962 0.881665
11.400000 0.924908 7.891511 0.875612 0.882912
11.500000 0.925270 7.886454 0.874050 0.880452
11.599999 0.926156 7.894237 0.874425 0.877627
11.700000 0.924577 7.886366 0.872962 0.876963
11.800000 0.922977 7.875963 0.870861 0.872862
11.900000 0.923200 7.881400 0.870100 0.873500
12.000000 0.923777 7.887967 0.868661 0.874162
12.099999 0.923038 7.886957 0.865567 0.873363
12.200000 0.923185 7.885577 0.865673 0.871474
12.300000 0.920408 7.871113 0.860414 0.868913
12.400000 0.921616 7.884423 0.862228 0.871426
12.500000 0.921392 7.884288 0.860386 0.869587
12.599999 0.921292 7.885089 0.858086 0.870487
12.700000 0.921108 7.885211 0.858714 0.868913
12.799999 0.920840 7.884758 0.858871 0.867766
12.900000 0.920600 7.884100 0.858700 0.865600
13.000000 0.920400 7.887401 0.856000 0.864700
13.099999 0.919544 7.881618 0.854598 0.861703
13.200000 0.918084 7.873975 0.853571 0.861072
13.299999 0.918708 7.885211 0.856214 0.861114
13.400000 0.917992 7.885289 0.854685 0.862486
13.500000 0.918849 7.883870 0.854187 0.861383
13.599999 0.917075 7.877163 0.853856 0.856757
13.700000 0.917425 7.880736 0.853944 0.858243
13.799999 0.917050 7.882571 0.853788 0.856986
13.900000 0.916708 7.881312 0.852215 0.856714
14.000000 0.915192 7.869187 0.850085 0.855085
14.099999 0.916892 7.881888 0.851285 0.855786
14.200000 0.915883 7.878576 0.849070 0.855871
14.299999 0.914400 7.872900 0.848800 0.855800
14.400000 0.914466 7.880053 0.850040 0.857943
14.500000 0.912609 7.859415 0.846315 0.856614
14.599999 0.914460 7.879785 0.847107 0.857100
14.700000 0.913400 7.880000 0.844800 0.855800
14.799999 0.912483 7.873775 0.845069 0.855271
14.900000 0.913483 7.877876 0.847970 0.852471
15.000000 0.913483 7.875675 0.845369 0.850570
15.099999 0.911774 7.868561 0.844953 0.848855
15.200000 0.911238 7.865906 0.844291 0.847593
15.299999 0.913091 7.878888 0.842584 0.847785
15.400000 0.911018 7.866327 0.839732 0.843931
15.500000 0.912426 7.874938 0.837749 0.846146
15.599999 0.912526 7.879736 0.838249 0.848346
15.700000 0.911473 7.878863 0.837051 0.847154
15.799999 0.911509 7.877612 0.837716 0.850315
15.900000 0.911900 7.875300 0.837500 0.847100
16.000000 0.911264 7.869648 0.836635 0.845838
16.100000 0.910791 7.872687 0.834783 0.847485
16.199999 0.911109 7.873912 0.835117 0.845615
16.299999 0.910163 7.873688 0.833916 0.842111
16.400000 0.909837 7.870810 0.836185 0.842890
16.500000 0.908009 7.859914 0.834517 0.835816
16.600000 0.909800 7.869700 0.831300 0.838100
16.699999 0.908200 7.859601 0.828800 0.835400
16.799999 0.908873 7.870061 0.829249 0.832450
16.900000 0.908109 7.866313 0.828917 0.830017
17.000000 0.907900 7.865600 0.825600 0.829800
17.100000 0.907091 7.863186 0.825182 0.828683
17.199999 0.907081 7.867473 0.828166 0.829966
17.299999 0.906481 7.864873 0.827265 0.827065
17.400000 0.906291 7.868087 0.829583 0.826583
17.500000 0.906700 7.866800 0.828700 0.823900
17.600000 0.907319 7.866027 0.829734 0.824035
17.699999 0.903200 7.842500 0.826700 0.824400
17.799999 0.905091 7.862486 0.829683 0.823882
17.900000 0.905400 7.864600 0.829500 0.821100
18.000000 0.907519 7.863427 0.829334 0.819136
18.100000 0.907254 7.862431 0.826113 0.817709
18.199999 0.906709 7.865213 0.826417 0.817818
18.299999 0.905938 7.865354 0.823970 0.814774
18.400000 0.905700 7.866700 0.824700 0.815200
18.500000 0.906328 7.867740 0.825152 0.812656
18.600000 0.904943 7.861817 0.823794 0.811087
18.699999 0.904810 7.869313 0.827617 0.811619
18.799999 0.903681 7.859372 0.827365 0.809762
18.900000 0.904490 7.867587 0.827183 0.808781
19.000000 0.904033 7.868008 0.826178 0.808066
19.100000 0.904638 7.869452 0.826170 0.805378
19.199999 0.905391 7.870787 0.825283 0.805581
19.299999 0.904500 7.864900 0.824900 0.805900
19.400000 0.904471 7.868361 0.825948 0.805642
19.500000 0.904657 7.869678 0.823106 0.805417
19.600000 0.904862 7.868547 0.820528 0.805522
19.699999 0.904852 7.868234 0.820110 0.805403
19.799999 0.905719 7.867426 0.819536 0.803839
19.900000 0.906009 7.864314 0.816818 0.803620
20.000000 0.906737 7.865454 0.818273 0.803479
20.100000 0.905472 7.855857 0.815145 0.797439
20.199999 0.906491 7.864687 0.815882 0.798380
20.299999 0.904490 7.845884 0.814581 0.793879
20.400000 0.907300 7.865201 0.813100 0.795600
20.500000 0.907528 7.864241 0.808957 0.790663
20.600000 0.908409 7.865514 0.808219 0.789421
20.699999 0.908573 7.864659 0.807642 0.787236
20.799999 0.908791 7.865287 0.802980 0.787479
20.900000 0.908573 7.863359 0.798540 0.786336
21.000000 0.908109 7.863413 0.798820 0.787821
21.100000 0.904552 7.836918 0.794297 0.783992
21.199999 0.906991 7.858786 0.795680 0.782978
21.299999 0.907200 7.862000 0.794600 0.783300
21.400000 0.907319 7.860628 0.792441 0.780944
21.500000 0.906709 7.861114 0.791221 0.779522
21.600000 0.906000 7.860700 0.789400 0.779400
21.699999 0.905581 7.861172 0.785857 0.780356
21.799999 0.905700 7.864100 0.783200 0.779800
21.900000 0.904990 7.861187 0.783578 0.779078
22.000000 0.905319 7.862027 0.781144 0.776445
22.100000 0.906300 7.863300 0.774200 0.777400
22.199999 0.906700 7.860600 0.768500 0.772600
22.299999 0.903181 7.841268 0.764253 0.770554
22.400000 0.905409 7.859714 0.766523 0.772523
22.500000 0.905424 7.861289 0.763211 0.771417
22.600000 0.905700 7.861800 0.757900 0.768800
22.699999 0.898950 7.812006 0.751076 0.764482
22.799999 0.905487 7.860132 0.753805 0.769423
22.900000 0.903910 7.852415 0.753525 0.765523
23.000000 0.903661 7.849040 0.755002 0.768007
23.100000 0.906028 7.857343 0.753374 0.771369
23.199999 0.905157 7.855987 0.752049 0.770238
23.299999 0.904848 7.857171 0.750425 0.765317
23.400000 0.905628 7.857943 0.748875 0.763171
23.500000 0.906237 7.856757 0.746301 0.760096
23.600000 0.904081 7.844469 0.741848 0.757952
23.699999 0.904371 7.855857 0.740222 0.762929
23.799999 0.903790 7.854986 0.739074 0.761076
23.900000 0.900950 7.840520 0.734867 0.757579
24.000000 0.902141 7.847709 0.734541 0.758555
24.100000 0.902871 7.857057 0.732320 0.760828
24.199999 0.903100 7.858700 0.733000 0.760900
24.299999 0.903081 7.858571 0.735047 0.761552
24.400000 0.901771 7.848155 0.730619 0.758928
24.500000 0.902090 7.855085 0.733673 0.756676
24.600000 0.902110 7.855915 0.735326 0.759224
24.699999 0.901692 7.852037 0.734508 0.756432
24.799999 0.901439 7.854759 0.736006 0.756597
24.900000 0.901620 7.854729 0.737053 0.754349
25.000000 0.901570 7.855356 0.733920 0.755227
25.100000 0.901520 7.856829 0.731154 0.755749
25.199999 0.901561 7.857642 0.733093 0.756703
25.299999 0.900570 7.845754 0.733320 0.754426
25.400000 0.900711 7.852567 0.728456 0.749575
25.500000 0.899090 7.840084 0.728173 0.745675
25.599998 0.901090 7.854786 0.728273 0.748075
25.699999 0.897269 7.829648 0.729019 0.746224
25.799999 0.899370 7.846754 0.732120 0.749525
25.900000 0.900010 7.852615 0.730027 0.751425
26.000000 0.898639 7.846107 0.729638 0.749650
26.099998 0.899540 7.854958 0.730308 0.751699
26.199999 0.898920 7.853729 0.733253 0.752749
26.299999 0.896710 7.839016 0.726127 0.748125
26.400000 0.898190 7.850885 0.723472 0.749175
26.500000 0.897790 7.847984 0.719672 0.748075
26.599998 0.897980 7.850770 0.714643 0.746549
26.699999 0.898361 7.851289 0.713572 0.745753
26.799999 0.898519 7.850581 0.714372 0.747498
26.900000 0.898281 7.850719 0.712830 0.749500
27.000000 0.897379 7.830866 0.710142 0.748550
27.099998 0.896248 7.826613 0.705053 0.744172
27.199999 0.898950 7.848224 0.704052 0.743372
27.299999 0.898670 7.848855 0.700810 0.746224
27.400000 0.899960 7.853041 0.699780 0.747799
27.500000 0.899980 7.851319 0.698142 0.744005
27.599998 0.899960 7.851988 0.698081 0.741255
27.699999 0.899800 7.850300 0.693100 0.740200
27.799999 0.899810 7.850915 0.690431 0.740626
27.900000 0.900270 7.850904 0.690117 0.735085
28.000000 0.899139 7.851811 0.691315 0.731339
28.099998 0.898861 7.851889 0.689087 0.726664
28.199999 0.898980 7.844368 0.686737 0.726745
28.299999 0.901710 7.858214 0.685731 0.725028
28.400000 0.903081 7.858872 0.685137 0.725045
28.500000 0.902900 7.857600 0.684800 0.721900
28.599998 0.902839 7.857657 0.681627 0.722311
28.699999 0.902971 7.855556 0.678704 0.723217
28.799999 0.902739 7.854958 0.677329 0.723111
28.900000 0.902100 7.854500 0.677500 0.721500
29.000000 0.902139 7.852159 0.675830 0.720612
29.099998 0.902049 7.854473 0.678461 0.719740
29.199999 0.902229 7.854643 0.680596 0.719284
29.299999 0.900650 7.841021 0.680040 0.713757
29.400000 0.902010 7.853314 0.679732 0.715128
29.500000 0.902476 7.853363 0.676556 0.712840
29.599998 0.902280 7.853971 0.676535 0.712843
29.699999 0.901470 7.851456 0.678203 0.711814
29.799999 0.900210 7.843116 0.679232 0.711029
29.900000 0.900390 7.841885 0.678868 0.712671
30.000000 0.902039 7.852959 0.680028 0.717413
30.099998 0.902771 7.851555 0.676403 0.715715
30.199999 0.902388 7.853631 0.676591 0.711560
30.299999 0.901561 7.853041 0.676371 0.708784
30.400000 0.901031 7.853898 0.674872 0.709196
30.500000 0.901580 7.854371 0.675735 0.707642
30.599998 0.902239 7.853259 0.675530 0.708816
30.699999 0.902671 7.852256 0.675003 0.709713
30.799999 0.899870 7.829149 0.673202 0.703511
30.900000 0.900300 7.837100 0.677300 0.705600
31.000000 0.902619 7.852030 0.679164 0.705259
31.099998 0.903081 7.852971 0.678436 0.706141
31.199999 0.903000 7.852600 0.678100 0.702300
31.299999 0.902871 7.851055 0.678303 0.702211
31.400000 0.902929 7.849045 0.674198 0.704988
31.500000 0.902642 7.850010 0.673604 0.706124
31.599998 0.902280 7.848570 0.674535 0.706641
31.699999 0.902968 7.852204 0.670331 0.706905
31.799999 0.901990 7.844884 0.669167 0.705871
31.900000 0.902690 7.854085 0.671267 0.705871
32.000000 0.902459 7.853888 0.670598 0.706076
32.099998 0.902600 7.851501 0.673000 0.705800
32.200001 0.901600 7.846200 0.672800 0.705600
32.299999 0.902380 7.848369 0.672635 0.704041
32.399998 0.902981 7.851770 0.673835 0.704141
32.500000 0.903210 7.850715 0.670433 0.700530
32.599998 0.902971 7.849054 0.666700 0.698610
32.700001 0.901321 7.839772 0.666033 0.698359
32.799999 0.902668 7.850405 0.665934 0.703907
32.899998 0.902993 7.853338 0.665132 0.702973
33.000000 0.902981 7.850970 0.663533 0.699040
33.099998 0.903361 7.851941 0.663365 0.698679
33.200001 0.903710 7.853215 0.664434 0.697430
33.299999 0.903581 7.853070 0.661132 0.703541
33.399998 0.902200 7.845000 0.659400 0.705100
33.500000 0.901390 7.841484 0.664967 0.703170
33.599998 0.902761 7.850340 0.661965 0.704282
33.700001 0.902600 7.851201 0.660800 0.706600
33.799999 0.902161 7.852541 0.664266 0.706383
33.899998 0.902000 7.854200 0.667500 0.703600
34.000000 0.901690 7.856786 0.665967 0.700570
34.099998 0.900250 7.846623 0.661031 0.695848
34.200001 0.901610 7.852315 0.659934 0.694631
34.299999 0.899090 7.837084 0.657366 0.692869
34.399998 0.900580 7.849570 0.661332 0.695739
34.500000 0.899170 7.847454 0.659098 0.694108
34.599998 0.899120 7.850630 0.660068 0.694261
34.700001 0.898870 7.849455 0.655097 0.694408
34.799999 0.898539 7.846708 0.657394 0.694116
34.899998 0.899570 7.846807 0.658239 0.692915
35.000000 0.897880 7.836468 0.656931 0.689638
35.099998 0.898459 7.845239 0.658063 0.690376
35.200001 0.898000 7.845100 0.655300 0.687400
35.299999 0.897669 7.844553 0.657397 0.687106
35.399998 0.897710 7.845716 0.652035 0.688031
35.500000 0.897438 7.845207 0.653592 0.689314
35.599998 0.896500 7.836800 0.654200 0.688400
35.700001 0.895879 7.832967 0.653031 0.685537
35.799999 0.896869 7.841352 0.656597 0.682105
35.899998 0.898430 7.844846 0.652804 0.678796
36.000000 0.898090 7.839084 0.653365 0.679768
36.099998 0.897490 7.841184 0.653365 0.681368
36.200001 0.898290 7.840485 0.652365 0.682168
36.299999 0.898759 7.843037 0.655062 0.682373
36.399998 0.897359 7.838335 0.653962 0.679872
36.500000 0.897900 7.842500 0.653900 0.678300
36.599998 0.898580 7.840768 0.655131 0.680036
36.700001 0.899580 7.845569 0.655331 0.683837
36.799999 0.897700 7.833600 0.653700 0.679400
36.899998 0.898400 7.845100 0.656100 0.678600
37.000000 0.897800 7.839200 0.652800 0.676900
37.099998 0.897780 7.838868 0.654931 0.676735
37.200001 0.898190 7.840185 0.652965 0.677068
37.299999 0.895579 7.821764 0.647329 0.675035
37.399998 0.897820 7.837432 0.647970 0.678264
37.500000 0.897890 7.836584 0.647165 0.677368
37.599998 0.898271 7.835315 0.644849 0.675527
37.700001 0.895400 7.820600 0.640900 0.670800
37.799999 0.897421 7.833833 0.640572 0.670766
37.899998 0.896069 7.829449 0.640892 0.672302
38.000000 0.896079 7.830566 0.638428 0.674435
38.099998 0.896721 7.838832 0.635673 0.675165
38.200001 0.896690 7.839484 0.635364 0.674667
38.299999 0.895621 7.836133 0.636673 0.675765
38.399998 0.896010 7.835217 0.636336 0.674733
38.500000 0.895610 7.833616 0.640036 0.674932
38.599998 0.895290 7.835183 0.641464 0.670267
38.700001 0.892879 7.817264 0.639128 0.669134
38.799999 0.894926 7.832283 0.641549 0.670069
38.899998 0.895358 7.831532 0.643357 0.668667
39.000000 0.895273 7.833817 0.641751 0.670231
39.099998 0.895796 7.832232 0.639439 0.669570
39.200001 0.895179 7.831867 0.643529 0.668534
39.299999 0.895690 7.832783 0.639664 0.670967
39.399998 0.895779 7.833667 0.637928 0.669934
39.500000 0.894479 7.829666 0.640728 0.669234
39.599998 0.895400 7.833900 0.641300 0.669200
39.700001 0.896110 7.834916 0.641836 0.670333
39.799999 0.896510 7.836316 0.641736 0.669333
39.899998 0.896279 7.835867 0.643129 0.670234
40.000000 0.896759 7.835135 0.644358 0.668667
40.099998 0.896448 7.833316 0.644622 0.670335
40.200001 0.895327 7.832582 0.643050 0.670770
40.299999 0.896000 7.833200 0.639800 0.668300
40.399998 0.895910 7.832716 0.642436 0.667533
40.500000 0.894779 7.820464 0.642028 0.666433
40.599998 0.896900 7.834500 0.639600 0.665500
40.700001 0.898319 7.834368 0.640212 0.664832
40.799999 0.896490 7.826783 0.639364 0.661566
40.899998 0.896797 7.830531 0.636737 0.661762
41.000000 0.895769 7.828449 0.637391 0.666000
41.099998 0.893089 7.808181 0.635064 0.662266
41.200001 0.894311 7.818318 0.635136 0.662634
41.299999 0.896531 7.833250 0.635609 0.659002
41.399998 0.897210 7.834517 0.632737 0.659234
41.500000 0.896590 7.832783 0.638264 0.656466
41.599998 0.897969 7.834550 0.640692 0.653496
41.700001 0.897849 7.835418 0.638919 0.653727
41.799999 0.897959 7.836935 0.640856 0.649660
41.899998 0.897720 7.837432 0.640472 0.646771
42.000000 0.898180 7.837667 0.638828 0.649230
42.099998 0.899400 7.838601 0.637700 0.647900
42.200001 0.897680 7.831966 0.639228 0.644729
42.299999 0.896969 7.825348 0.639692 0.642093
42.399998 0.898000 7.835000 0.640600 0.645300
42.500000 0.897920 7.835833 0.640972 0.646171
42.599998 0.898790 7.836984 0.641264 0.643464
42.700001 0.898780 7.832167 0.640028 0.644429
42.799999 0.897479 7.829165 0.639628 0.642529
42.899998 0.897990 7.832583 0.641064 0.640064
43.000000 0.898861 7.834899 0.640716 0.642714
43.099998 0.896528 7.815971 0.635945 0.641649
43.200001 0.898890 7.834383 0.637664 0.643764
43.299999 0.898430 7.832250 0.638109 0.641807
43.399998 0.894547 7.801101 0.638519 0.637419
43.500000 0.898580 7.830866 0.641128 0.636227
43.599998 0.897941 7.829968 0.640944 0.637745
43.700001 0.898541 7.829868 0.638545 0.636945
43.799999 0.898900 7.830200 0.639200 0.635400
43.899998 0.898790 7.831783 0.635564 0.634863
44.000000 0.900320 7.834367 0.638811 0.633607
44.099998 0.901090 7.832383 0.639464 0.633763
44.200001 0.902268 7.835115 0.639053 0.635255
44.299999 0.902500 7.835500 0.636600 0.631900
44.399998 0.902061 7.835734 0.635854 0.627951
44.500000 0.901800 7.834500 0.633800 0.628400
44.599998 0.903110 7.835916 0.630737 0.625837
44.700001 0.902800 7.834300 0.632300 0.626400
44.799999 0.902500 7.834500 0.631300 0.623700
44.899998 0.902339 7.837365 0.632847 0.623551
45.000000 0.901370 7.836551 0.631589 0.620486
45.099998 0.901651 7.840020 0.627614 0.623412
45.200001 0.901771 7.840952 0.625288 0.623987
45.299999 0.901551 7.842621 0.625813 0.620910
45.399998 0.901861 7.844238 0.625250 0.618547
45.500000 0.902041 7.844507 0.625175 0.616570
45.599998 0.903281 7.845669 0.626425 0.616723
45.700001 0.904058 7.845392 0.623426 0.609834
45.799999 0.902480 7.839067 0.620324 0.609422
45.899998 0.901451 7.834517 0.618709 0.607604
46.000000 0.902590 7.842684 0.615962 0.607461
46.099998 0.902990 7.843684 0.614761 0.605661
46.200001 0.902480 7.831966 0.609822 0.603021
46.299999 0.903548 7.842479 0.611594 0.603198
46.399998 0.903400 7.842700 0.615000 0.602200
46.500000 0.903403 7.841342 0.616416 0.600200
46.599998 0.903561 7.843138 0.616347 0.601341
46.700001 0.903919 7.844031 0.614777 0.603579
46.799999 0.904010 7.840416 0.613039 0.598940
46.899998 0.904790 7.845685 0.610061 0.595960
47.000000 0.905367 7.845483 0.608452 0.597637
47.099998 0.903200 7.831900 0.607500 0.594900
47.200001 0.894926 7.772541 0.605224 0.589212
47.299999 0.897546 7.800802 0.609114 0.589985
47.399998 0.902561 7.840636 0.612745 0.590536
47.500000 0.900770 7.828048 0.613684 0.588076
47.599998 0.898380 7.811662 0.609022 0.587317
47.700001 0.900150 7.830615 0.609505 0.586693
47.799999 0.901700 7.842100 0.609400 0.587900
47.899998 0.901620 7.841532 0.611278 0.585383
48.000000 0.901910 7.842616 0.607739 0.584742
48.099998 0.902441 7.841805 0.610266 0.583550
48.200001 0.903052 7.844422 0.612706 0.581291
48.299999 0.903271 7.838352 0.612084 0.580174
48.399998 0.903800 7.842200 0.610000 0.576800
48.500000 0.905347 7.842279 0.607196 0.575712
48.599998 0.905319 7.841332 0.608478 0.572086
48.700001 0.905600 7.840900 0.602800 0.572600
48.799999 0.905562 7.842037 0.601341 0.574530
48.899998 0.905700 7.841700 0.603800 0.573600
49.000000 0.905800 7.841500 0.607100 0.573900
49.099998 0.903519 7.827834 0.602879 0.576485
49.200001 0.904962 7.842737 0.598339 0.580932
49.299999 0.904900 7.840300 0.600400 0.581600
49.399998 0.902071 7.822147 0.599580 0.581074
49.500000 0.903361 7.836635 0.598940 0.580632
49.599998 0.903371 7.838552 0.600680 0.577873
49.700001 0.901871 7.834750 0.600180 0.579674
49.799999 0.902312 7.831849 0.594335 0.574217
49.899998 0.900500 7.825000 0.592500 0.576900
50.000000 0.902110 7.840016 0.591741 0.580742
50.099998 0.901620 7.839632 0.589882 0.582384
50.200001 0.902041 7.839204 0.593656 0.580148
50.299999 0.900280 7.824865 0.591318 0.575915
50.399998 0.901539 7.839864 0.591663 0.576170
50.500000 0.901410 7.839617 0.592041 0.575642
50.599998 0.901310 7.840016 0.593741 0.575342
50.700001 0.900750 7.834918 0.593397 0.576388
50.799999 0.901500 7.841599 0.591700 0.580300
50.899998 0.902198 7.840559 0.591509 0.577822
51.000000 0.896338 7.798179 0.585051 0.574144
51.099998 0.900790 7.838684 0.585459 0.572957
51.199997 0.901788 7.839845 0.585173 0.572485
51.299999 0.901580 7.840368 0.585417 0.572514
51.399998 0.902320 7.842032 0.584383 0.569586
51.500000 0.902729 7.844447 0.582325 0.570129
51.599998 0.903139 7.846262 0.582067 0.572571
51.699997 0.901131 7.833683 0.579205 0.573401
51.799999 0.902400 7.845400 0.574900 0.576200
51.899998 0.902651 7.844622 0.573687 0.572786
52.000000 0.902600 7.843900 0.574100 0.571300
52.099998 0.899380 7.818364 0.573015 0.571114
52.199997 0.902432 7.840589 0.577104 0.569899
52.299999 0.897359 7.801620 0.574730 0.568427
52.399998 0.901929 7.838948 0.574128 0.571728
52.500000 0.901871 7.838151 0.572472 0.568771
52.599998 0.902571 7.838651 0.567270 0.570271
52.699997 0.903558 7.839396 0.566160 0.572656
52.799999 0.903919 7.840332 0.563887 0.572885
52.899998 0.904590 7.839684 0.564256 0.575958
53.000000 0.903619 7.829134 0.561088 0.577385
53.099998 0.904581 7.840268 0.563613 0.578616
53.199997 0.904300 7.839600 0.559500 0.578100
53.299999 0.904210 7.839316 0.560644 0.571943
53.399998 0.904300 7.838600 0.561200 0.571700
53.500000 0.905091 7.839484 0.565257 0.571557
53.599998 0.905500 7.839400 0.568800 0.569600
53.699997 0.905010 7.838216 0.570943 0.567443
53.799999 0.904429 7.839049 0.565830 0.570329
53.899998 0.903039 7.834066 0.563075 0.568073
54.000000 0.903881 7.837368 0.563013 0.569114
54.099998 0.906109 7.838616 0.564244 0.574543
54.199997 0.905572 7.836451 0.566370 0.575773
54.299999 0.904862 7.833934 0.564026 0.570928
54.399998 0.904267 7.839512 0.565404 0.572499
54.500000 0.905281 7.839468 0.567814 0.573415
54.599998 0.903590 7.828583 0.566857 0.571457
54.699997 0.904081 7.832266 0.562813 0.573215
54.799999 0.905266 7.838913 0.562606 0.573299
54.899998 0.905409 7.838216 0.564844 0.574143
55.000000 0.905281 7.839268 0.563413 0.574715
55.099998 0.905576 7.839929 0.561950 0.575140
55.199997 0.906219 7.841032 0.565887 0.573485
55.299999 0.906900 7.842100 0.565000 0.575000
55.399998 0.907964 7.844809 0.561207 0.571900
55.500000 0.908082 7.843369 0.561212 0.569014
55.599998 0.907737 7.843263 0.562075 0.567673
55.699997 0.907737 7.844062 0.558377 0.569872
55.799999 0.908045 7.843706 0.561737 0.569142
55.899998 0.907800 7.844100 0.558700 0.566900
56.000000 0.908273 7.843925 0.560651 0.566747
56.099998 0.905081 7.819864 0.556111 0.563513
56.199997 0.908328 7.843647 0.559032 0.565330
56.299999 0.907563 7.843538 0.555622 0.565726
56.399998 0.905772 7.830449 0.553666 0.564069
56.500000 0.906281 7.833267 0.553011 0.564113
56.599998 0.907709 7.843916 0.553045 0.563244
56.699997 0.906334 7.845092 0.552187 0.564895
56.799999 0.905600 7.843000 0.549800 0.565000
56.899998 0.905409 7.843915 0.551045 0.565443
57.000000 0.903171 7.822247 0.549165 0.562369
57.099998 0.905909 7.843915 0.552545 0.563944
57.199997 0.905719 7.845631 0.550890 0.566187
57.299999 0.904790 7.846785 0.549255 0.566057
57.399998 0.904190 7.846584 0.551755 0.565457
57.500000 0.905100 7.845400 0.553800 0.565500
57.599998 0.904400 7.839099 0.550800 0.563400
57.699997 0.905766 7.846007 0.548416 0.561607
57.799999 0.905919 7.846531 0.550190 0.561588
57.899998 0.906056 7.847291 0.550270 0.562862
58.000000 0.905409 7.849115 0.548945 0.564943
58.099998 0.904662 7.848939 0.547019 0.563125
58.199997 0.904962 7.849440 0.548319 0.564226
58.299999 0.904900 7.851700 0.545500 0.561500
58.399998 0.904362 7.847839 0.547019 0.560224
58.500000 0.905100 7.850900 0.548200 0.561000
58.599998 0.905543 7.852912 0.542826 0.562337
58.699997 0.905738 7.852559 0.541084 0.558876
58.799999 0.906400 7.850600 0.538900 0.554300
58.899998 0.906547 7.852574 0.537631 0.556622
59.000000 0.906663 7.851841 0.538115 0.555022
59.099998 0.906206 7.849149 0.536036 0.552753
59.199997 0.906974 7.851918 0.533873 0.554556
59.299999 0.906472 7.847855 0.531960 0.552066
59.399998 0.905134 7.845292 0.535175 0.549585
59.500000 0.905653 7.845622 0.536468 0.546573
59.599998 0.905200 7.846700 0.536400 0.544900
59.699997 0.905134 7.851496 0.540779 0.542079
59.799999 0.905653 7.850525 0.537869 0.536768
59.899998 0.904909 7.849315 0.538946 0.535846
60.000000 0.904290 7.849885 0.541654 0.536954
60.099998 0.905453 7.850925 0.545473 0.538569
60.199997 0.906281 7.852070 0.542208 0.537908
60.299999 0.906272 7.848455 0.539962 0.540362
60.399998 0.906272 7.847955 0.538962 0.540062
60.500000 0.906234 7.847193 0.537576 0.538277
60.599998 0.906400 7.849500 0.539200 0.537300
60.699997 0.905509 7.845716 0.537746 0.541246
60.799999 0.906056 7.848990 0.532980 0.538077
60.899998 0.906100 7.847200 0.536800 0.541900
61.000000 0.905043 7.843507 0.537723 0.542826
61.099998 0.905109 7.850115 0.534047 0.543446
61.199997 0.904819 7.844831 0.531194 0.542292
61.299999 0.905395 7.846853 0.529970 0.544156
61.399998 0.905947 7.847877 0.527536 0.544928
61.500000 0.906672 7.848254 0.526758 0.545364
61.599998 0.905200 7.845400 0.524900 0.545000
61.699997 0.904981 7.846869 0.521304 0.546009
61.799999 0.902732 7.830581 0.522666 0.542580
61.899998 0.901890 7.832083 0.518552 0.539654
62.000000 0.902771 7.840952 0.520056 0.538261
62.099998 0.903271 7.842253 0.515455 0.537661
62.199997 0.903738 7.846461 0.515494 0.536685
62.299999 0.903590 7.847085 0.511451 0.534053
62.399998 0.902100 7.841100 0.506700 0.530700
62.500000 0.902041 7.845907 0.506004 0.530919
62.599998 0.902110 7.839916 0.507149 0.530047
62.699997 0.902520 7.847830 0.505999 0.530994
62.799999 0.901671 7.836751 0.503551 0.526658
62.899998 0.902280 7.845369 0.501600 0.526505
63.000000 0.903342 7.846407 0.499800 0.525715
63.099998 0.904281 7.850370 0.500500 0.525705
63.199997 0.905872 7.849154 0.500050 0.529459
63.299999 0.906000 7.848400 0.499300 0.530300
63.399998 0.906591 7.849985 0.498050 0.533853
63.500000 0.907072 7.850555 0.499250 0.537261
63.599998 0.906319 7.850330 0.500300 0.537493
63.699997 0.906109 7.848915 0.499650 0.542946
63.799999 0.905000 7.848400 0.497100 0.542500
63.899998 0.903910 7.841916 0.499350 0.541546
64.000000 0.905415 7.847763 0.501451 0.534781
64.099998 0.902341 7.821293 0.503202 0.532419
64.199997 0.905362 7.847138 0.511805 0.536014
64.299995 0.905415 7.848664 0.511961 0.533280
64.400002 0.904243 7.845007 0.509706 0.533820
64.500000 0.903752 7.841021 0.509755 0.530565
64.599998 0.904819 7.849030 0.511398 0.529394
64.699997 0.904538 7.849360 0.511495 0.530388
64.799995 0.903061 7.837635 0.508603 0.534114
64.900002 0.905000 7.850900 0.507500 0.537600
65.000000 0.904190 7.846785 0.507851 0.538354
65.099998 0.904729 7.850345 0.510947 0.539038
65.199997 0.904800 7.850800 0.510800 0.538000
65.299995 0.903833 7.844992 0.508556 0.535475
65.400002 0.903242 7.846107 0.509906 0.535721
65.500000 0.903810 7.848715 0.510749 0.537646
65.599998 0.902881 7.847370 0.510202 0.538108
65.699997 0.902981 7.845069 0.507702 0.536707
65.799995 0.902490 7.844885 0.510551 0.536954
65.900002 0.902619 7.845030 0.513297 0.539592
66.000000 0.901990 7.846185 0.509551 0.539454
66.099998 0.901771 7.845754 0.507152 0.537561
66.199997 0.903210 7.847415 0.504150 0.536446
66.299995 0.903371 7.848454 0.506752 0.533660
66.400002 0.902520 7.842031 0.506599 0.534593
66.500000 0.902120 7.847130 0.507798 0.536493
66.599998 0.901600 7.844200 0.510600 0.535400
66.699997 0.901300 7.837100 0.509000 0.534800
66.799995 0.902071 7.837952 0.506852 0.535861
66.900002 0.902410 7.839816 0.504550 0.538046
67.000000 0.901380 7.837667 0.501900 0.539708
67.099998 0.901498 7.840559 0.503497 0.536464
67.199997 0.901541 7.835601 0.499600 0.537923
67.299995 0.902210 7.843915 0.501950 0.539346
67.400002 0.901751 7.839420 0.502051 0.536068
67.500000 0.900520 7.834733 0.504099 0.534593
67.599998 0.899670 7.826148 0.503851 0.531059
67.699997 0.900630 7.834885 0.504153 0.530171
67.799995 0.901379 7.840328 0.502698 0.531075
67.900002 0.899370 7.827548 0.501851 0.530259
68.000000 0.900210 7.838955 0.506156 0.531779
68.099998 0.900080 7.840668 0.504901 0.532106
68.199997 0.898390 7.832784 0.508051 0.532953
68.299995 0.898890 7.831883 0.508051 0.529053
68.400002 0.898939 7.836802 0.507104 0.529017
68.500000 0.898069 7.836051 0.506152 0.527458
68.599998 0.897349 7.834417 0.506153 0.523162
68.699997 0.896841 7.833966 0.507097 0.524090
68.799995 0.893668 7.813244 0.505051 0.524957
68.900002 0.894526 7.825578 0.507555 0.525768
69.000000 0.892679 7.821964 0.510502 0.527205
69.099998 0.893889 7.829984 0.508851 0.527753
69.199997 0.893689 7.833683 0.508651 0.526353
69.299995 0.890000 7.806900 0.504400 0.522400
69.400002 0.892511 7.834116 0.503750 0.526347
69.500000 0.892600 7.834001 0.502900 0.526200
69.599998 0.891911 7.833016 0.502350 0.523648
69.699997 0.891189 7.831583 0.499150 0.522552
69.799995 0.890900 7.834400 0.494800 0.521100
69.900002 0.890566 7.832701 0.489606 0.520588
70.000000 0.889989 7.831183 0.489449 0.521152
70.099998 0.889800 7.829900 0.494600 0.519100
70.199997 0.889989 7.830883 0.494949 0.520552
70.299995 0.890622 7.831833 0.497600 0.522496
70.400002 0.888789 7.827583 0.494649 0.522152
70.500000 0.889500 7.835500 0.497000 0.524000
70.599998 0.890722 7.836233 0.496801 0.522296
70.699997 0.891589 7.836484 0.496950 0.521552
70.799995 0.891800 7.836300 0.497400 0.527100
70.900002 0.890400 7.826800 0.496400 0.527200
71.000000 0.891743 7.830868 0.496102 0.525990
71.099998 0.891657 7.829232 0.501401 0.524210
71.199997 0.891378 7.828166 0.501600 0.522304
71.299995 0.892160 7.827876 0.501452 0.519575
71.400002 0.892400 7.829200 0.501500 0.522000
71.500000 0.890211 7.813418 0.500650 0.521248
71.599998 0.891886 7.826139 0.501699 0.525380
71.699997 0.890702 7.817936 0.495946 0.526073
71.799995 0.891400 7.829500 0.496300 0.525900
71.900002 0.891914 7.829964 0.488391 0.525420
72.000000 0.893089 7.830983 0.485749 0.527853
72.099998 0.893000 7.828100 0.479500 0.526400
72.199997 0.892746 7.831616 0.480940 0.527464
72.299995 0.889856 7.811825 0.483293 0.528211
72.400002 0.888322 7.801539 0.483403 0.528694
72.500000 0.889711 7.818318 0.486151 0.533447
72.599998 0.890844 7.828969 0.489204 0.537085
72.699997 0.889967 7.826447 0.488146 0.538061
72.799995 0.889967 7.827349 0.486246 0.540562
72.900002 0.889222 7.827334 0.485403 0.536893
73.000000 0.888300 7.826500 0.482300 0.538300
73.099998 0.888889 7.825826 0.483083 0.542042
73.199997 0.889367 7.825848 0.481044 0.538562
73.299995 0.889844 7.825069 0.479908 0.535686
73.400002 0.889778 7.822764 0.481296 0.532807
73.500000 0.889256 7.823830 0.478391 0.536615
73.599998 0.888800 7.823241 0.477230 0.537284
73.699997 0.889234 7.826896 0.478987 0.536922
73.799995 0.887755 7.820828 0.476491 0.533613
73.900002 0.887411 7.815918 0.476252 0.535646
74.000000 0.889156 7.825830 0.476591 0.537215
74.099998 0.888678 7.817564 0.475895 0.533807
74.199997 0.888744 7.824812 0.477139 0.534467
74.299995 0.889311 7.824217 0.478252 0.533747
74.400002 0.890111 7.827218 0.478952 0.537046
74.500000 0.890489 7.826982 0.479348 0.531953
74.599998 0.891033 7.826452 0.474858 0.533540
74.699997 0.891735 7.824795 0.472283 0.531419
74.799995 0.890467 7.819446 0.469541 0.526658
74.900002 0.890867 7.825348 0.467340 0.527058
75.000000 0.890889 7.827083 0.467147 0.532053
75.099998 0.888789 7.809281 0.465947 0.530153
75.199997 0.890733 7.827552 0.462261 0.534340
75.299995 0.889556 7.826831 0.463785 0.534514
75.400002 0.890689 7.827283 0.462546 0.533653
75.500000 0.891333 7.826252 0.462261 0.535139
75.599998 0.887744 7.795297 0.459130 0.531566
75.699997 0.888700 7.805925 0.460615 0.532379
75.799995 0.893632 7.828852 0.460062 0.533140
75.900002 0.895337 7.831298 0.460977 0.531619
76.000000 0.895737 7.832199 0.461977 0.529918
76.099998 0.896123 7.823300 0.459982 0.528498
76.199997 0.897479 7.833367 0.456691 0.529206
76.299995 0.895800 7.822100 0.451600 0.527300
76.400002 0.895600 7.817400 0.448700 0.530200
76.500000 0.897379 7.835167 0.447890 0.533907
76.599998 0.897600 7.835000 0.447200 0.536900
76.699997 0.898470 7.832250 0.442433 0.536061
76.799995 0.895979 7.816164 0.441388 0.533907
76.900002 0.894516 7.813350 0.438251 0.531325
77.000000 0.895779 7.830266 0.439588 0.529706
77.099998 0.896090 7.826883 0.439844 0.528553
77.199997 0.895500 7.820600 0.444100 0.530500
77.299995 0.896331 7.825953 0.445666 0.531641
77.400002 0.896610 7.828017 0.441256 0.528547
77.500000 0.897559 7.830732 0.438776 0.529412
77.599998 0.897920 7.830134 0.438812 0.528394
77.699997 0.897110 7.830817 0.439056 0.526447
77.799995 0.897990 7.834183 0.440344 0.527253
77.900002 0.897620 7.834933 0.441012 0.529194
78.000000 0.897600 7.836199 0.442900 0.530300
78.099998 0.897690 7.836683 0.441444 0.531253
78.199997 0.896900 7.833100 0.439400 0.531800
78.299995 0.897262 7.833800 0.438637 0.532680
78.400002 0.896459 7.823530 0.431873 0.536815
78.500000 0.896959 7.830632 0.430972 0.535314
78.599998 0.896424 7.830304 0.432581 0.536157
78.699997 0.894058 7.805522 0.434374 0.533013
78.799995 0.896941 7.831468 0.440324 0.533986
78.900002 0.896990 7.826183 0.440244 0.529453
79.000000 0.897059 7.833333 0.437375 0.524810
79.099998 0.897749 7.836618 0.435118 0.522461
79.199997 0.896910 7.836117 0.432657 0.520348
79.299995 0.895700 7.834400 0.433700 0.526800
79.400002 0.896500 7.834400 0.431900 0.526200
79.500000 0.896400 7.832200 0.434700 0.525000
79.599998 0.893568 7.815444 0.430329 0.523057
79.699997 0.895010 7.826717 0.430457 0.522348
79.799995 0.894768 7.829649 0.429329 0.520356
79.900002 0.895773 7.831717 0.427601 0.519436
80.000000 0.896910 7.832516 0.425957 0.522348
80.099998 0.896090 7.834183 0.430643 0.524452
80.199997 0.896621 7.832933 0.430814 0.521496
80.299995 0.896690 7.831684 0.431343 0.524452
80.400002 0.896221 7.830534 0.430914 0.526395
80.500000 0.895600 7.831200 0.433000 0.525700
80.599998 0.895079 7.831067 0.432186 0.524705
80.699997 0.896641 7.830768 0.430328 0.523890
80.799995 0.894721 7.815937 0.425915 0.523495
80.900002 0.894800 7.825400 0.426600 0.522600
81.000000 0.895569 7.831250 0.423227 0.523257
81.099998 0.896579 7.832167 0.424085 0.525105
81.199997 0.896907 7.832249 0.426684 0.525673
81.299995 0.896541 7.832867 0.426829 0.523291
81.400002 0.895500 7.819800 0.423300 0.524600
81.500000 0.891957 7.793417 0.423269 0.523509
81.599998 0.897221 7.830834 0.422915 0.527794
81.699997 0.894979 7.817964 0.423485 0.524805
81.799995 0.895627 7.829881 0.424998 0.525868
81.900002 0.894589 7.824482 0.426243 0.527353
82.000000 0.893589 7.811381 0.423742 0.528253
82.099998 0.894379 7.816163 0.421084 0.530506
82.199997 0.894900 7.827899 0.417600 0.531300
82.299995 0.889778 7.793059 0.414783 0.527005
82.400002 0.893868 7.827748 0.414224 0.532260
82.500000 0.893868 7.819646 0.412024 0.530259
82.599998 0.892979 7.815363 0.409782 0.532507
82.699997 0.890268 7.797957 0.409191 0.527733
82.799995 0.892779 7.813363 0.407982 0.527205
82.900002 0.894111 7.825917 0.409359 0.528547
83.000000 0.893357 7.828331 0.411164 0.530412
83.099998 0.891000 7.809300 0.407600 0.531600
83.199997 0.893111 7.829718 0.407859 0.532647
83.299995 0.892743 7.831568 0.409136 0.534186
83.400002 0.892546 7.831916 0.412006 0.531866
83.500000 0.892489 7.831284 0.407341 0.527053
83.599998 0.893500 7.832399 0.403500 0.528600
83.699997 0.891067 7.805342 0.401721 0.525258
83.799995 0.893379 7.831966 0.399380 0.529306
83.900002 0.893289 7.832083 0.398540 0.526153
84.000000 0.893689 7.833683 0.393039 0.530253
84.099998 0.893046 7.823411 0.390295 0.531366
84.199997 0.894273 7.833500 0.389067 0.532839
84.299995 0.893800 7.828700 0.385900 0.532300
84.400002 0.886077 7.774255 0.384777 0.529506
84.500000 0.892435 7.828197 0.385731 0.531319
84.599998 0.892789 7.829983 0.386739 0.532153
84.699997 0.894653 7.834283 0.385607 0.535932
84.799995 0.895379 7.834867 0.383777 0.532507
84.900002 0.895631 7.835249 0.376587 0.530941
85.000000 0.895200 7.834400 0.376800 0.533000
85.099998 0.895490 7.835584 0.379538 0.533253
85.199997 0.895579 7.837767 0.379276 0.529206
85.299995 0.895900 7.839200 0.378600 0.529600
85.400002 0.896021 7.838432 0.376325 0.531294
85.500000 0.896500 7.839400 0.379800 0.533500
85.599998 0.896941 7.837265 0.379448 0.532987
85.699997 0.898820 7.839532 0.380924 0.534193
85.799995 0.898239 7.834200 0.380028 0.534321
85.900002 0.898470 7.834750 0.379414 0.534460
86.000000 0.898570 7.833751 0.378013 0.535061
86.099998 0.898880 7.834867 0.378376 0.534607
86.199997 0.899740 7.834167 0.378549 0.539084
86.299995 0.899570 7.829449 0.378213 0.536461
86.400002 0.900630 7.832283 0.375663 0.534074
86.500000 0.901590 7.834384 0.376638 0.531553
86.599998 0.901400 7.835800 0.374500 0.530600
86.699997 0.901780 7.838768 0.372675 0.529906
86.799995 0.901720 7.840732 0.374825 0.526395
86.900002 0.900890 7.837784 0.377738 0.528453
87.000000 0.899870 7.837151 0.380214 0.528259
87.099998 0.900060 7.838097 0.377474 0.528183
87.199997 0.899280 7.830066 0.374575 0.528206
87.299995 0.900500 7.836601 0.370500 0.527600
87.400002 0.901541 7.835101 0.368621 0.530518
87.500000 0.901771 7.835051 0.368711 0.528259
87.599998 0.900959 7.832600 0.367779 0.530182
87.699997 0.900980 7.832366 0.367173 0.526005
87.799995 0.900300 7.833700 0.365300 0.523900
87.900002 0.898980 7.827965 0.361972 0.522104
88.000000 0.899450 7.830516 0.362481 0.521861
88.099998 0.898380 7.828866 0.363373 0.521604
88.199997 0.898580 7.831367 0.359772 0.519504
88.299995 0.897569 7.833350 0.353606 0.518055
88.400002 0.897800 7.833400 0.354900 0.517000
88.500000 0.897072 7.830318 0.353453 0.514740
88.599998 0.896779 7.831767 0.352170 0.510802
88.699997 0.898041 7.834066 0.354858 0.507497
88.799995 0.898700 7.835300 0.352200 0.509200
88.900002 0.898910 7.837616 0.348365 0.506749
89.000000 0.898730 7.840448 0.345096 0.505948
89.099998 0.896700 7.830400 0.349500 0.506100
89.199997 0.899220 7.842731 0.349130 0.508898
89.299995 0.897200 7.830200 0.348400 0.506500
89.400002 0.897869 7.840252 0.348304 0.503451
89.500000 0.897100 7.838300 0.348900 0.500200
89.599998 0.897790 7.843084 0.349235 0.502950
89.699997 0.897861 7.843693 0.348191 0.503098
89.799995 0.899210 7.843016 0.346765 0.501750
89.900002 0.896590 7.832683 0.346135 0.504050
90.000000 0.897641 7.840264 0.344162 0.505098
90.099998 0.898000 7.832901 0.343400 0.509400
90.199997 0.898590 7.837784 0.345335 0.508751
90.299995 0.899000 7.840300 0.346200 0.513200
90.400002 0.898000 7.835100 0.341700 0.510300
90.500000 0.898110 7.831917 0.337466 0.513449
90.599998 0.894979 7.812763 0.335567 0.514903
90.699997 0.895938 7.823994 0.338403 0.515509
90.799995 0.897639 7.834701 0.339003 0.511907
90.900002 0.897241 7.834566 0.338864 0.512895
91.000000 0.896893 7.833949 0.339295 0.514837
91.099998 0.896493 7.833750 0.334599 0.514537
91.199997 0.894668 7.825148 0.333900 0.513654
91.299995 0.893000 7.820200 0.333000 0.510800
91.400002 0.891800 7.807700 0.332100 0.512700
91.500000 0.894826 7.830882 0.332132 0.514060
91.599998 0.894674 7.831618 0.329769 0.513840
91.699997 0.893921 7.830934 0.335733 0.511998
91.799995 0.893211 7.833217 0.337066 0.511049
91.900002 0.893868 7.834351 0.341302 0.510953
92.000000 0.894127 7.834399 0.343188 0.512185
92.099998 0.894389 7.834184 0.340434 0.508251
92.199997 0.894737 7.834200 0.342005 0.507204
92.299995 0.894289 7.832683 0.341534 0.506151
92.400002 0.893125 7.830081 0.340939 0.509357
92.500000 0.893521 7.832434 0.345031 0.509998
92.599998 0.890956 7.811825 0.341237 0.508503
92.699997 0.892800 7.831400 0.340000 0.509800
92.799995 0.892800 7.830300 0.340200 0.511300
92.900002 0.892422 7.829034 0.341532 0.509398
93.000000 0.891700 7.825900 0.342100 0.508500
93.099998 0.892582 7.826509 0.340675 0.508960
93.199997 0.892800 7.832400 0.339900 0.506300
93.299995 0.892725 7.828079 0.337937 0.507255
93.400002 0.892811 7.835616 0.338666 0.512549
93.500000 0.892089 7.826783 0.338234 0.507251
93.599998 0.893543 7.834566 0.341463 0.509296
93.699997 0.893432 7.834050 0.341997 0.511247
93.799995 0.893132 7.833350 0.339798 0.508947
93.900002 0.892921 7.832133 0.340032 0.509198
94.000000 0.893811 7.834816 0.338966 0.514049
94.099998 0.892235 7.826695 0.334801 0.513908
94.199997 0.893268 7.836251 0.336201 0.513454
94.299995 0.895090 7.838978 0.334068 0.514729
94.400002 0.893604 7.830348 0.334801 0.516165
94.500000 0.894332 7.839048 0.334700 0.516645
94.599998 0.894300 7.839900 0.339600 0.520100
94.699997 0.892868 7.832950 0.336601 0.521456
94.799995 0.894068 7.839852 0.337201 0.518756
94.900002 0.893715 7.834668 0.336870 0.518315
95.000000 0.894189 7.841185 0.339834 0.515752
95.099998 0.894163 7.839297 0.336298 0.515591
95.199997 0.894889 7.839784 0.339234 0.516152
95.299995 0.892489 7.822582 0.338734 0.516552
95.400002 0.894542 7.838165 0.340164 0.520292
95.500000 0.894368 7.839752 0.339402 0.520256
95.599998 0.893811 7.838916 0.340066 0.520848
95.699997 0.893511 7.837616 0.340766 0.519948
95.799995 0.893679 7.836567 0.344969 0.520704
95.900002 0.891635 7.819692 0.346308 0.520212
96.000000 0.893279 7.830565 0.345869 0.520404
96.099998 0.894700 7.839000 0.348700 0.526300
96.199997 0.894400 7.841400 0.342000 0.522200
96.299995 0.894189 7.838484 0.342834 0.526853
96.400002 0.891578 7.825965 0.344469 0.523705
96.500000 0.892525 7.840989 0.345742 0.524567
96.599998 0.892422 7.841432 0.346531 0.523295
96.699997 0.892443 7.842264 0.346361 0.519592
96.799995 0.892200 7.840300 0.344700 0.520400
96.900002 0.892286 7.840128 0.344225 0.520184
97.000000 0.892957 7.839736 0.343737 0.522009
97.099998 0.893932 7.841447 0.344597 0.522143
97.199997 0.893189 7.840884 0.341134 0.522152
97.299995 0.893200 7.840499 0.340000 0.520000
97.400002 0.892946 7.840920 0.338969 0.519760
97.500000 0.892832 7.840947 0.337199 0.516645
97.599998 0.891378 7.832767 0.335267 0.520204
97.699997 0.886821 7.800560 0.333934 0.512659
97.799995 0.891289 7.835284 0.334633 0.516252
97.900002 0.891357 7.834034 0.333733 0.512205
98.000000 0.890289 7.832983 0.331133 0.513051
98.099998 0.890311 7.833616 0.329767 0.512649
98.199997 0.889600 7.832800 0.327300 0.511500
98.299995 0.890368 7.832799 0.329796 0.513116
98.400002 0.891276 7.832917 0.325972 0.510543
98.500000 0.891557 7.836635 0.326531 0.508103
98.599998 0.891578 7.834267 0.324865 0.505001
98.699997 0.892268 7.836251 0.321797 0.507352
98.799995 0.892500 7.835500 0.318100 0.507500
98.900002 0.890578 7.822164 0.322464 0.504801
99.000000 0.891911 7.833616 0.322868 0.504750
99.099998 0.890189 7.828283 0.323332 0.500650
99.199997 0.890078 7.825765 0.322064 0.499800
99.299995 0.892343 7.836266 0.321871 0.499800
99.400002 0.890667 7.821547 0.320696 0.498850
99.500000 0.892000 7.834200 0.318200 0.501700
99.599998 0.891689 7.835483 0.323032 0.500650
99.699997 0.891622 7.833133 0.325135 0.498900
99.799995 0.891587 7.832933 0.323541 0.497002
99.900002 0.890722 7.830734 0.322535 0.496501
100.000000 0.889567 7.829996 0.321986 0.495995
100.099998 0.889522 7.829734 0.323835 0.496801
100.199997 0.889733 7.831851 0.321404 0.496651
100.299995 0.890200 7.829000 0.318500 0.498400
100.400002 0.890356 7.828931 0.315626 0.498499
100.500000 0.891022 7.831034 0.316737 0.498300
100.599998 0.889978 7.825765 0.320264 0.499100
100.699997 0.890678 7.830266 0.321264 0.496799
100.799995 0.890211 7.828817 0.321468 0.496350
100.900002 0.890889 7.830284 0.322632 0.493749
101.000000 0.891400 7.833600 0.321500 0.492600
101.099998 0.892821 7.836332 0.323535 0.497401
101.199997 0.891578 7.835267 0.323365 0.501300
101.299995 0.888944 7.817609 0.323662 0.498549
101.400002 0.891144 7.834866 0.322771 0.501799
101.500000 0.890056 7.834534 0.319828 0.500000
101.599998 0.887177 7.814563 0.319364 0.497299
101.699997 0.889911 7.835816 0.318768 0.498350
101.799995 0.890156 7.836034 0.320628 0.496599
101.900002 0.889645 7.834517 0.316658 0.492646
102.000000 0.891000 7.837500 0.315300 0.492100
102.099998 0.888889 7.825683 0.314031 0.493949
102.199997 0.890411 7.838416 0.315068 0.494651
102.299995 0.890922 7.840431 0.316637 0.490202
102.399994 0.889167 7.828749 0.317395 0.489047
102.500000 0.890211 7.836717 0.319268 0.489451
102.599998 0.890211 7.835816 0.315568 0.485951
102.699997 0.890311 7.837717 0.316368 0.486251
102.799995 0.891046 7.838620 0.313457 0.487744
102.899994 0.890756 7.840036 0.312525 0.490496
103.000000 0.891135 7.841805 0.315389 0.493496
103.099998 0.890589 7.841284 0.314731 0.495950
103.199997 0.890300 7.839700 0.315800 0.499400
103.299995 0.891346 7.840020 0.316158 0.497549
103.399994 0.890034 7.829498 0.315890 0.497999
103.500000 0.891467 7.840252 0.314294 0.495449
103.599998 0.892100 7.841300 0.310400 0.493900
103.699997 0.893253 7.841780 0.306347 0.494853
103.799995 0.893647 7.842422 0.306153 0.492246
103.899994 0.893800 7.843299 0.307200 0.492500
104.000000 0.894136 7.843406 0.309386 0.495797
104.099998 0.893921 7.841631 0.308338 0.497001
104.199997 0.894400 7.841600 0.305200 0.495100
104.299995 0.893842 7.833366 0.303878 0.492703
104.399994 0.895248 7.839520 0.308254 0.493847
104.500000 0.894921 7.836633 0.305939 0.490102
104.599998 0.894611 7.834417 0.305969 0.487951
104.699997 0.895100 7.835701 0.304700 0.486400
104.799995 0.895848 7.835918 0.305553 0.485443
104.899994 0.896021 7.836233 0.305939 0.486003
105.000000 0.896252 7.837980 0.307546 0.484358
105.099998 0.896262 7.836298 0.309314 0.486108
105.199997 0.896069 7.836051 0.312294 0.485946
105.299995 0.896490 7.834284 0.313931 0.490349
105.399994 0.897379 7.833967 0.314463 0.488598
105.500000 0.897500 7.834000 0.316300 0.490800
105.599998 0.897321 7.834333 0.315537 0.489402
105.699997 0.898110 7.833417 0.316568 0.488751
105.799995 0.898369 7.833850 0.315195 0.488947
105.899994 0.897759 7.837335 0.316226 0.489396
106.000000 0.898600 7.838800 0.312500 0.492500
106.099998 0.898251 7.838281 0.311844 0.490655
106.199997 0.897600 7.836300 0.314600 0.491000
106.299995 0.897912 7.837279 0.313455 0.492059
106.399994 0.899500 7.837300 0.312300 0.490800
106.500000 0.898380 7.827666 0.311362 0.487397
106.599998 0.899950 7.835518 0.310855 0.489345
106.699997 0.899580 7.833667 0.309962 0.491098
106.799995 0.898919 7.830064 0.306745 0.487590
106.899994 0.900420 7.835233 0.305939 0.488202
107.000000 0.899390 7.827083 0.303230 0.483948
107.099998 0.898280 7.824365 0.303861 0.482897
107.199997 0.899410 7.832817 0.304670 0.483452
107.299995 0.900850 7.840120 0.308054 0.481041
107.399994 0.900810 7.838217 0.307769 0.481552
107.500000 0.898950 7.824312 0.309055 0.482941
107.599998 0.900510 7.840616 0.308569 0.488451
107.699997 0.900370 7.836151 0.307792 0.490047
107.799995 0.900900 7.839500 0.304500 0.488800
107.899994 0.900990 7.837884 0.303630 0.489949
108.000000 0.901520 7.837933 0.306039 0.490102
108.099998 0.898098 7.812111 0.304104 0.492593
108.199997 0.900780 7.834667 0.303361 0.494199
108.299995 0.899790 7.827583 0.302230 0.495650
108.399994 0.898880 7.819564 0.304261 0.496899
108.500000 0.901000 7.834000 0.305200 0.496100
108.599998 0.900400 7.834800 0.308000 0.498000
108.699997 0.897828 7.813670 0.308716 0.497348
108.799995 0.899700 7.831900 0.306300 0.499100
108.899994 0.900911 7.836653 0.303974 0.499750
109.000000 0.901380 7.835968 0.303761 0.498800
109.099998 0.903132 7.838887 0.301011 0.501151
109.199997 0.903419 7.838333 0.301140 0.501100
109.299995 0.903000 7.839600 0.298900 0.502500
109.399994 0.899770 7.824547 0.293388 0.499250
109.500000 0.900959 7.837497 0.288927 0.502698
109.599998 0.900620 7.837633 0.285743 0.501500
109.699997 0.899980 7.831667 0.281856 0.501700
109.799995 0.900060 7.829832 0.282713 0.499100
109.899994 0.899620 7.829263 0.282526 0.497898
110.000000 0.899670 7.832549 0.282185 0.499250
110.099998 0.900340 7.838603 0.280268 0.501801
110.199997 0.901160 7.839536 0.279012 0.501801
110.299995 0.900600 7.837900 0.281300 0.505200
110.399994 0.897559 7.818127 0.278211 0.503301
110.500000 0.899610 7.839116 0.281372 0.502350
110.599998 0.899280 7.834667 0.278456 0.498000
110.699997 0.899310 7.838316 0.280372 0.500950
110.799995 0.899910 7.838316 0.277972 0.498450
110.899994 0.900490 7.840684 0.278428 0.498750
111.000000 0.901449 7.841780 0.277861 0.493153
111.099998 0.901700 7.842500 0.278400 0.493900
111.199997 0.901661 7.839036 0.279012 0.489196
111.299995 0.902300 7.842500 0.275200 0.494000
111.399994 0.903110 7.844016 0.271473 0.493851
111.500000 0.902690 7.846284 0.273127 0.495550
111.599998 0.900580 7.830066 0.275055 0.494199
111.699997 0.898680 7.818564 0.272755 0.489998
111.799995 0.901320 7.841932 0.272745 0.486703
111.899994 0.900790 7.840884 0.271427 0.485349
112.000000 0.898600 7.825400 0.272000 0.486000
112.099998 0.900100 7.838200 0.273700 0.485400
112.199997 0.899120 7.839232 0.272845 0.485303
112.299995 0.899210 7.839316 0.276272 0.490551
112.399994 0.898890 7.841084 0.280028 0.489549
112.500000 0.894631 7.815004 0.279647 0.486779
112.599998 0.893700 7.815300 0.279500 0.487700
112.699997 0.896762 7.842394 0.279532 0.488707
112.799995 0.898409 7.844460 0.279251 0.492643
112.899994 0.894879 7.810062 0.278256 0.489398
113.000000 0.898910 7.844615 0.275572 0.491751
113.099998 0.898139 7.830198 0.279768 0.491895
113.199997 0.900780 7.842669 0.278256 0.493699
113.299995 0.900460 7.841637 0.277711 0.493397
113.399994 0.900440 7.839664 0.278089 0.496202
113.500000 0.898498 7.820520 0.277678 0.493894
113.599998 0.899650 7.833383 0.279060 0.490355
113.699997 0.901200 7.839900 0.276800 0.493100
113.799995 0.901530 7.842648 0.272218 0.493052
113.899994 0.900820 7.843231 0.270546 0.494801
114.000000 0.902010 7.845115 0.270873 0.493951
114.099998 0.901890 7.846685 0.268627 0.496250
114.199997 0.901220 7.847831 0.267547 0.499100
114.299995 0.901230 7.847446 0.265920 0.497451
114.399994 0.901949 7.848075 0.264368 0.495052
114.500000 0.901220 7.846331 0.266547 0.490102
114.599998 0.902500 7.847900 0.263200 0.486200
114.699997 0.900360 7.839136 0.261505 0.483393
114.799995 0.901020 7.846530 0.259348 0.483803
114.899994 0.901549 7.846277 0.256072 0.485057
115.000000 0.901690 7.843884 0.256026 0.482348
115.099998 0.902290 7.844885 0.256826 0.481548
115.199997 0.902020 7.845431 0.258548 0.479804
115.299995 0.902749 7.847176 0.259270 0.479060
115.399994 0.903490 7.848184 0.259026 0.478748
115.500000 0.903290 7.849285 0.260326 0.476348
115.599998 0.902681 7.847570 0.254651 0.477195
115.699997 0.902251 7.846723 0.254427 0.476238
115.799995 0.900990 7.843184 0.251025 0.474747
115.899994 0.900500 7.842999 0.251500 0.474600
116.000000 0.900270 7.848206 0.252423 0.473269
116.099998 0.900440 7.848661 0.254098 0.469612
116.199997 0.899820 7.848731 0.253049 0.472506
116.299995 0.896379 7.824065 0.253651 0.471294
116.399994 0.899550 7.845677 0.251974 0.473363
116.500000 0.898249 7.837719 0.252726 0.474137
116.599998 0.898400 7.838900 0.249500 0.470400
116.699997 0.899910 7.844216 0.252775 0.473053
116.799995 0.898280 7.832867 0.249050 0.472695
116.899994 0.899690 7.841484 0.246725 0.472547
117.000000 0.897279 7.829866 0.248950 0.473195
117.099998 0.898630 7.842947 0.249725 0.470859
117.199997 0.898710 7.843116 0.251975 0.475053
117.299995 0.898069 7.842953 0.253676 0.478043
117.399994 0.897900 7.844100 0.254400 0.477200
117.500000 0.897700 7.844000 0.250100 0.479800
117.599998 0.897818 7.845777 0.248299 0.484688
117.699997 0.897820 7.843631 0.248750 0.486303
117.799995 0.897510 7.843916 0.245975 0.486651
117.899994 0.897400 7.843100 0.246700 0.486400
118.000000 0.897513 7.841475 0.247128 0.485666
118.099998 0.897518 7.840572 0.246898 0.481685
118.199997 0.898770 7.842752 0.245474 0.482045
118.299995 0.899290 7.844184 0.244624 0.481048
118.399994 0.899250 7.841121 0.243522 0.479340
118.500000 0.900020 7.842632 0.242851 0.477704
118.599998 0.898200 7.824800 0.243900 0.476100
118.699997 0.900380 7.840868 0.243349 0.475195
118.799995 0.899860 7.839936 0.241497 0.475590
118.899994 0.901361 7.841237 0.241297 0.476090
119.000000 0.901000 7.838000 0.241100 0.475600
119.099998 0.901500 7.837600 0.238600 0.475900
119.199997 0.900680 7.835768 0.243349 0.473695
119.299995 0.900120 7.838532 0.243351 0.473605
119.399994 0.900330 7.838048 0.241528 0.474958
119.500000 0.897790 7.820882 0.242124 0.475348
119.599998 0.899910 7.837316 0.240576 0.475752
119.699997 0.898670 7.824748 0.239472 0.474542
119.799995 0.899400 7.824900 0.242600 0.475100
119.899994 0.900470 7.836952 0.243573 0.476743
120.000000 0.900880 7.840968 0.243649 0.477996
120.099998 0.899390 7.836683 0.243624 0.478948
120.199997 0.899410 7.839316 0.243476 0.480652
120.299995 0.898369 7.833150 0.244573 0.479744
120.399994 0.899720 7.835768 0.245196 0.478883
120.500000 0.899600 7.834100 0.244200 0.475900
120.599998 0.899130 7.832550 0.244927 0.473458
120.699997 0.899590 7.833283 0.245625 0.472947
120.799995 0.899490 7.837084 0.244224 0.475248
120.899994 0.898890 7.835783 0.245225 0.476948
121.000000 0.898770 7.836751 0.244073 0.473942
121.099998 0.896417 7.816954 0.246497 0.474580
121.199997 0.899161 7.837398 0.246852 0.474315
121.299995 0.897090 7.823682 0.246925 0.466747
121.399994 0.898061 7.840096 0.249650 0.467120
121.500000 0.899071 7.840212 0.251424 0.466174
121.599998 0.898500 7.832600 0.253900 0.469500
121.699997 0.896679 7.824165 0.250350 0.465693
121.799995 0.897990 7.837684 0.252325 0.464446
121.899994 0.897110 7.838817 0.250075 0.460854
122.000000 0.898069 7.840852 0.249175 0.459038
122.099998 0.897579 7.840668 0.249150 0.460092
122.199997 0.898310 7.844016 0.249675 0.459954
122.299995 0.898990 7.844684 0.249025 0.455346
122.399994 0.898470 7.844054 0.251075 0.456537
122.500000 0.898290 7.843985 0.250425 0.452345
122.599998 0.897631 7.844147 0.249625 0.454164
122.699997 0.897579 7.843568 0.253251 0.450290
122.799995 0.899540 7.850260 0.250000 0.451120
122.899994 0.899410 7.851115 0.249775 0.451755
123.000000 0.899120 7.849930 0.248150 0.451310
123.099998 0.900550 7.851126 0.248324 0.451226
123.199997 0.899970 7.846554 0.248375 0.450835
123.299995 0.900500 7.850800 0.247000 0.448200
123.399994 0.900290 7.848685 0.247125 0.451945
123.500000 0.899610 7.848115 0.243476 0.451055
123.599998 0.899460 7.848491 0.240756 0.447731
123.699997 0.899310 7.840716 0.238476 0.447255
123.799995 0.899760 7.846738 0.237195 0.445878
123.899994 0.900810 7.851915 0.238676 0.448455
124.000000 0.898880 7.835467 0.239348 0.450290
124.099998 0.897800 7.830900 0.239300 0.450000
124.199997 0.897790 7.830783 0.239924 0.449845
124.299995 0.899710 7.845615 0.242476 0.453655
124.399994 0.899970 7.844953 0.243173 0.453436
124.500000 0.895216 7.811149 0.241693 0.452362
124.599998 0.899090 7.844384 0.242424 0.456346
124.699997 0.897910 7.835917 0.244676 0.456454
124.799995 0.899660 7.846539 0.246499 0.457183
124.899994 0.899730 7.847147 0.249725 0.457563
125.000000 0.900570 7.845808 0.252024 0.458579
125.099998 0.900550 7.846424 0.250325 0.457529
125.199997 0.901130 7.844547 0.248625 0.459762
125.299995 0.900940 7.843762 0.244402 0.455518
125.399994 0.900841 7.845407 0.244847 0.457074
125.500000 0.899100 7.835000 0.248900 0.453000
125.599998 0.899710 7.841816 0.249175 0.452255
125.699997 0.897190 7.819682 0.248125 0.451445
125.799995 0.898029 7.832683 0.246873 0.450916
125.899994 0.900010 7.843716 0.243676 0.448455
126.000000 0.899400 7.840700 0.242000 0.446000
126.099998 0.899360 7.842937 0.241397 0.447879
126.199997 0.898470 7.843453 0.241873 0.450035
126.299995 0.898459 7.842937 0.244798 0.452281
126.399994 0.899050 7.844577 0.243678 0.450675
126.500000 0.898790 7.845084 0.243924 0.452845
126.599998 0.897990 7.842885 0.242824 0.455346
126.699997 0.898410 7.846215 0.241976 0.457654
126.799995 0.898790 7.845785 0.241924 0.456046
126.899994 0.894868 7.820547 0.242373 0.453736
127.000000 0.897690 7.848585 0.243724 0.452445
127.099998 0.897151 7.845477 0.242379 0.453273
127.199997 0.895516 7.832666 0.243195 0.451161
127.299995 0.898131 7.844347 0.245726 0.453864
127.399994 0.896579 7.829666 0.244949 0.456491
127.500000 0.898220 7.843132 0.246551 0.459408
127.599998 0.897500 7.846300 0.250000 0.460800
127.699997 0.898139 7.845808 0.249650 0.461677
127.799995 0.898661 7.847591 0.248951 0.460923
127.899994 0.897669 7.842352 0.246574 0.460838
128.000000 0.898261 7.846692 0.248751 0.460424
128.099991 0.898310 7.844016 0.246975 0.459054
128.199997 0.899520 7.848230 0.244951 0.457309
128.300003 0.899420 7.845931 0.243651 0.457608
128.399994 0.898690 7.838284 0.243724 0.456146
128.500000 0.899490 7.847384 0.242624 0.457546
128.599991 0.899250 7.845577 0.243678 0.457871
128.699997 0.898169 7.833950 0.242073 0.459638
128.800003 0.900520 7.844275 0.242094 0.460568
128.899994 0.898990 7.837984 0.242924 0.463846
129.000000 0.899850 7.843822 0.242821 0.463532
129.099991 0.899980 7.842168 0.239548 0.459992
129.199997 0.898990 7.834683 0.239324 0.457046
129.300003 0.900420 7.841132 0.238652 0.460008
129.399994 0.900170 7.839952 0.239872 0.463539
129.500000 0.898369 7.826648 0.239172 0.459838
129.599991 0.899830 7.836085 0.241169 0.460122
129.699997 0.899690 7.838284 0.240624 0.458746
129.800003 0.899410 7.836617 0.240576 0.460054
129.899994 0.899770 7.837414 0.238033 0.457280
130.000000 0.900150 7.839180 0.237281 0.458171
130.099991 0.900480 7.840768 0.239148 0.454191
130.199997 0.901520 7.841532 0.238652 0.453509
130.300003 0.901820 7.842531 0.233153 0.454409
130.399994 0.901990 7.841384 0.232323 0.450245
130.500000 0.902320 7.840932 0.234153 0.449110
130.599991 0.901380 7.833467 0.234047 0.450390
130.699997 0.902510 7.842516 0.233677 0.451255
130.800003 0.900420 7.828835 0.232054 0.450610
130.899994 0.902580 7.842369 0.232146 0.449790
131.000000 0.902029 7.840448 0.232230 0.449565
131.099991 0.901080 7.832666 0.229846 0.444689
131.199997 0.902110 7.841115 0.230277 0.445455
131.300003 0.900980 7.843269 0.231846 0.447990
131.399994 0.899200 7.827800 0.231100 0.449100
131.500000 0.901610 7.841416 0.232677 0.446055
131.599991 0.901990 7.839184 0.236124 0.447145
131.699997 0.903219 7.843131 0.238652 0.447011
131.800003 0.903258 7.843094 0.240156 0.448931
131.899994 0.903700 7.840800 0.241700 0.451600
132.000000 0.904038 7.841364 0.239004 0.451020
132.099991 0.904148 7.839880 0.239980 0.452174
132.199997 0.903281 7.837768 0.236047 0.447690
132.300003 0.902200 7.838300 0.235500 0.448100
132.399994 0.902490 7.844184 0.235224 0.450545
132.500000 0.902480 7.844269 0.233847 0.451190
132.599991 0.901190 7.836184 0.233523 0.446045
132.699997 0.900090 7.831684 0.231723 0.443544
132.800003 0.900780 7.839868 0.230146 0.442288
132.899994 0.898149 7.822612 0.228514 0.441021
133.000000 0.899730 7.838048 0.231830 0.441568
133.099991 0.900180 7.836267 0.232947 0.444789
133.199997 0.899700 7.836700 0.235200 0.446700
133.300003 0.897018 7.821457 0.236189 0.442054
133.399994 0.898169 7.832650 0.235071 0.440432
133.500000 0.898061 7.833100 0.233760 0.439536
133.599991 0.899210 7.836117 0.233277 0.438456
133.699997 0.898951 7.838481 0.233783 0.436782
133.800003 0.899240 7.841163 0.235706 0.436026
133.899994 0.900010 7.843459 0.233710 0.437994
134.000000 0.899930 7.844247 0.231531 0.438368
134.099991 0.899980 7.844669 0.237347 0.436287
134.199997 0.900170 7.844954 0.237571 0.438331
134.300003 0.900220 7.847730 0.235753 0.433813
134.399994 0.900900 7.847400 0.232300 0.428900
134.500000 0.901610 7.846416 0.233777 0.428857
134.599991 0.901620 7.845131 0.233053 0.425115
134.699997 0.902471 7.846154 0.233670 0.425528
134.800003 0.901320 7.846431 0.234253 0.426915
134.899994 0.901690 7.846185 0.230223 0.427643
135.000000 0.902171 7.848554 0.228969 0.422727
135.099991 0.903119 7.850030 0.229854 0.422915
135.199997 0.903529 7.851045 0.233730 0.423173
135.300003 0.903490 7.851285 0.230923 0.422642
135.399994 0.903261 7.844938 0.230892 0.423469
135.500000 0.905291 7.853585 0.229223 0.424042
135.599991 0.903561 7.840937 0.230592 0.429772
135.699997 0.904638 7.850959 0.232907 0.430728
135.800003 0.904400 7.849501 0.234400 0.430600
135.899994 0.905143 7.852011 0.232239 0.432760
136.000000 0.903771 7.845754 0.230769 0.432930
136.099991 0.904500 7.842800 0.230500 0.431000
136.199997 0.904271 7.851456 0.229069 0.435431
136.300003 0.903213 7.841558 0.228305 0.432289
136.399994 0.904881 7.851370 0.231046 0.431386
136.500000 0.904142 7.849409 0.230538 0.431359
136.599991 0.901762 7.839075 0.231424 0.428900
136.699997 0.903190 7.850285 0.230223 0.431643
136.800003 0.903471 7.851956 0.233870 0.430629
136.899994 0.903490 7.851885 0.234523 0.427643
137.000000 0.903219 7.849730 0.235353 0.429314
137.099991 0.904909 7.850115 0.236276 0.427657
137.199997 0.904871 7.851656 0.233970 0.427428
137.300003 0.904052 7.850225 0.232016 0.426613
137.399994 0.904100 7.849500 0.234700 0.427800
137.500000 0.903890 7.846885 0.232523 0.430343
137.599991 0.901851 7.841220 0.232516 0.428314
137.699997 0.902619 7.848431 0.232454 0.427215
137.800003 0.903471 7.851956 0.234970 0.425428
137.899994 0.903500 7.852000 0.236100 0.425600
138.000000 0.902400 7.842500 0.235200 0.424900
138.099991 0.903319 7.848030 0.234653 0.427315
138.199997 0.902320 7.842631 0.234953 0.425515
138.300003 0.903468 7.848406 0.235735 0.425502
138.399994 0.900831 7.828380 0.235865 0.423897
138.500000 0.900960 7.829732 0.233293 0.423669
138.599991 0.900580 7.832167 0.232747 0.423685
138.699997 0.900400 7.836500 0.236300 0.420300
138.800003 0.902220 7.853230 0.236753 0.424015
138.899994 0.901690 7.853685 0.235724 0.424842
139.000000 0.900670 7.846654 0.235171 0.423327
139.099991 0.900800 7.850900 0.232100 0.426800
139.199997 0.901800 7.855700 0.234100 0.429100
139.300003 0.901671 7.854457 0.234370 0.426128
139.399994 0.901510 7.855814 0.228377 0.428357
139.500000 0.899810 7.854469 0.230507 0.428185
139.599991 0.901961 7.854442 0.231693 0.427271
139.699997 0.900980 7.845869 0.231646 0.423985
139.800003 0.901260 7.853241 0.232393 0.425670
139.899994 0.900980 7.854071 0.231346 0.424085
140.000000 0.900480 7.854371 0.232346 0.426885
140.099991 0.898110 7.841616 0.229177 0.428157
140.199997 0.899750 7.856328 0.228214 0.430515
140.300003 0.900720 7.857829 0.224755 0.430614
140.399994 0.901200 7.857000 0.221200 0.425100
140.500000 0.900900 7.851600 0.221900 0.425900
140.599991 0.902890 7.856185 0.218822 0.424142
140.699997 0.902300 7.856200 0.215600 0.425000
140.800003 0.902590 7.857785 0.213121 0.421042
140.899994 0.901980 7.852471 0.210442 0.423185
141.000000 0.902029 7.862142 0.210537 0.425372
141.099991 0.903581 7.862873 0.210842 0.426285
141.199997 0.904943 7.861717 0.212027 0.426556
141.300003 0.904900 7.863199 0.210000 0.426800
141.399994 0.904571 7.863059 0.208863 0.425928
141.500000 0.902290 7.847185 0.205821 0.421142
141.599991 0.903671 7.856358 0.208763 0.421526
141.699997 0.905491 7.859787 0.207721 0.421542
141.800003 0.906828 7.859642 0.206838 0.420274
141.899994 0.907391 7.861486 0.210621 0.420142
142.000000 0.908191 7.860886 0.209521 0.420942
142.099991 0.908063 7.860144 0.210684 0.423269
142.199997 0.908418 7.861328 0.210158 0.421116
142.300003 0.906781 7.842269 0.210042 0.421184
142.399994 0.910027 7.859242 0.208437 0.423973
142.500000 0.908163 7.853241 0.208383 0.420468
142.599991 0.907608 7.849450 0.210110 0.422022
142.699997 0.907826 7.843375 0.210168 0.417834
142.800003 0.907279 7.850706 0.212576 0.416642
142.899994 0.907418 7.852629 0.212857 0.415717
143.000000 0.907100 7.854199 0.210900 0.417800
143.099991 0.907072 7.854056 0.209563 0.414924
143.199997 0.906963 7.854242 0.209684 0.411465
143.300003 0.906119 7.851830 0.209758 0.412717
143.399994 0.905272 7.846854 0.206062 0.411123
143.500000 0.905691 7.850385 0.205621 0.410741
143.599991 0.904400 7.851099 0.204500 0.415000
143.699997 0.901351 7.831717 0.204502 0.411806
143.800003 0.903581 7.850170 0.208242 0.414683
143.899994 0.904067 7.850605 0.207255 0.414110
144.000000 0.903890 7.846385 0.205021 0.413241
144.099991 0.904390 7.848285 0.206421 0.411241
144.199997 0.905449 7.850962 0.205929 0.409455
144.300003 0.903461 7.832833 0.205082 0.411265
144.399994 0.904410 7.842616 0.202480 0.409059
144.500000 0.904943 7.846908 0.199420 0.408345
144.599991 0.906138 7.851959 0.201220 0.406038
144.699997 0.905700 7.851000 0.197600 0.402400
144.800003 0.906881 7.853570 0.198740 0.401580
144.899994 0.906909 7.854615 0.197880 0.400060
145.000000 0.903042 7.830898 0.199019 0.402642
145.099991 0.905334 7.850696 0.198439 0.407185
145.199997 0.905581 7.853071 0.196439 0.405381
145.300003 0.905391 7.853086 0.196020 0.404940
145.399994 0.904624 7.850380 0.194155 0.407026
145.500000 0.903061 7.837635 0.194178 0.406062
145.599991 0.905953 7.855328 0.192896 0.405203
145.699997 0.905800 7.853700 0.192700 0.404400
145.800003 0.906228 7.853943 0.194042 0.403179
145.899994 0.906853 7.852927 0.192896 0.404402
146.000000 0.907291 7.852586 0.191319 0.404140
146.099991 0.905591 7.845185 0.190719 0.400840
146.199997 0.907128 7.856643 0.189543 0.396981
146.300003 0.907391 7.858186 0.188819 0.398440
146.399994 0.907682 7.853171 0.186837 0.396179
146.500000 0.905481 7.839768 0.183237 0.395079
146.599991 0.903300 7.829800 0.183800 0.396700
146.699997 0.906284 7.853232 0.180438 0.391448
146.800003 0.904510 7.844715 0.180882 0.391961
146.899994 0.901771 7.829749 0.182355 0.394518
147.000000 0.901792 7.837922 0.181199 0.392732
147.099991 0.902151 7.841921 0.181791 0.393697
147.199997 0.902719 7.851430 0.182464 0.393421
147.300003 0.901920 7.850930 0.182563 0.393321
147.399994 0.902751 7.853527 0.182091 0.390996
147.500000 0.901751 7.844822 0.181091 0.389095
147.599991 0.901410 7.851115 0.181382 0.387061
147.699997 0.900460 7.850741 0.177471 0.387255
147.800003 0.899310 7.848915 0.176182 0.388461
147.899994 0.899300 7.846300 0.172300 0.390200
148.000000 0.899010 7.847815 0.173183 0.388261
148.099991 0.898169 7.846254 0.169651 0.390817
148.199997 0.898080 7.847870 0.164533 0.390278
148.300003 0.898709 7.848964 0.161946 0.390552
148.399994 0.898110 7.843316 0.161384 0.391761
148.500000 0.898820 7.848230 0.159468 0.389122
148.599991 0.896690 7.830183 0.160316 0.387139
148.699997 0.896648 7.838019 0.159180 0.385093
148.800003 0.897782 7.846024 0.157774 0.385691
148.899994 0.898619 7.845676 0.154023 0.386009
149.000000 0.898310 7.847115 0.152685 0.383862
149.099991 0.897000 7.840500 0.155200 0.381500
149.199997 0.896921 7.837932 0.155969 0.383523
149.300003 0.898480 7.848570 0.155731 0.381276
149.399994 0.894969 7.825047 0.155047 0.379514
149.500000 0.897359 7.844938 0.159764 0.380452
149.599991 0.897279 7.842169 0.162533 0.378976
149.699997 0.897331 7.845146 0.161152 0.379486
149.800003 0.896179 7.837568 0.159832 0.373575
149.899994 0.896800 7.845600 0.160400 0.372600
150.000000 0.896390 7.844884 0.161116 0.369637
150.099991 0.895810 7.846015 0.161384 0.370263
150.199997 0.895879 7.847369 0.162332 0.366373
150.300003 0.896010 7.847415 0.164784 0.364864
150.399994 0.893668 7.834750 0.162649 0.363609
150.500000 0.895090 7.844484 0.161416 0.367237
150.599991 0.894711 7.845915 0.161384 0.371363
150.699997 0.890602 7.821740 0.163047 0.370433
150.800003 0.894032 7.846146 0.164551 0.368389
150.899994 0.892368 7.844353 0.163849 0.370211
151.000000 0.893643 7.849560 0.162135 0.367153
151.099991 0.894021 7.848430 0.160568 0.368126
151.199997 0.894300 7.848199 0.162100 0.370900
151.300003 0.895190 7.846985 0.162016 0.371937
151.399994 0.893125 7.836486 0.161413 0.372161
151.500000 0.894458 7.849540 0.164366 0.372149
151.599991 0.894711 7.849415 0.163084 0.373263
151.699997 0.893911 7.848115 0.164584 0.370463
151.800003 0.893900 7.847500 0.167500 0.364300
151.899994 0.894042 7.845962 0.168233 0.367553
152.000000 0.894405 7.846962 0.168051 0.364728
152.099991 0.894832 7.846846 0.165450 0.362891
152.199997 0.894937 7.846909 0.164799 0.364619
152.300003 0.893811 7.846715 0.165683 0.365263
152.399994 0.893768 7.847254 0.164249 0.363509
152.500000 0.893600 7.841100 0.164100 0.365500
152.599991 0.893057 7.843338 0.163565 0.365246
152.699997 0.893404 7.847162 0.163047 0.369232
152.800003 0.894173 7.847617 0.160693 0.366640
152.899994 0.893942 7.847560 0.162135 0.363255
153.000000 0.893589 7.846685 0.162716 0.361536
153.099991 0.894126 7.846493 0.161213 0.364555
153.199997 0.892889 7.838284 0.159516 0.362436
153.300003 0.893279 7.843469 0.159332 0.362072
153.399994 0.894779 7.844268 0.158432 0.358772
153.500000 0.894605 7.845361 0.157842 0.357121
153.599991 0.894189 7.845885 0.156216 0.359736
153.699997 0.891978 7.829865 0.154631 0.361072
153.800003 0.894311 7.844616 0.154685 0.356564
153.899994 0.894931 7.845146 0.154254 0.355493
154.000000 0.894142 7.845162 0.156637 0.353858
154.099991 0.892946 7.835918 0.154777 0.354377
154.199997 0.893900 7.843100 0.157900 0.355400
154.300003 0.894547 7.844322 0.159880 0.357279
154.399994 0.894021 7.843331 0.160468 0.358728
154.500000 0.894789 7.841485 0.157016 0.357336
154.599991 0.893889 7.832283 0.155816 0.354335
154.699997 0.893447 7.837419 0.158379 0.355678
154.800003 0.893900 7.841900 0.159600 0.358100
154.899994 0.894500 7.842000 0.159500 0.356400
155.000000 0.893443 7.840064 0.156237 0.352959
155.099991 0.892732 7.840148 0.154154 0.353394
155.199997 0.891689 7.838684 0.149615 0.355336
155.300003 0.892557 7.840436 0.151160 0.355342
155.399994 0.893411 7.842016 0.151185 0.359264
155.500000 0.892557 7.831733 0.154062 0.354442
155.599991 0.893532 7.839048 0.154554 0.355893
155.699997 0.893000 7.839600 0.156500 0.358100
155.800003 0.893779 7.838068 0.152631 0.357672
155.899994 0.892089 7.823483 0.152515 0.360636
156.000000 0.894832 7.840148 0.152954 0.360992
156.099991 0.894679 7.840268 0.153831 0.362372
156.199997 0.894579 7.838168 0.156731 0.359972
156.300003 0.894611 7.838616 0.157584 0.361364
156.399994 0.893779 7.832967 0.156531 0.364973
156.500000 0.893779 7.834667 0.155631 0.366673
156.599991 0.891056 7.820628 0.155162 0.362645
156.699997 0.893411 7.840816 0.154885 0.362864
156.800003 0.894153 7.841680 0.153823 0.364518
156.899994 0.893200 7.833899 0.157000 0.366100
157.000000 0.894989 7.842384 0.157616 0.361036
157.099991 0.894411 7.841416 0.159984 0.362564
157.199997 0.893572 7.835803 0.161294 0.366640
157.300003 0.893340 7.841162 0.160941 0.367351
157.399994 0.893332 7.841348 0.157553 0.365390
157.500000 0.893343 7.841663 0.157437 0.365354
157.599991 0.892889 7.842784 0.159316 0.364536
157.699997 0.892996 7.842642 0.159157 0.365371
157.800003 0.893025 7.842790 0.156009 0.367958
157.899994 0.893200 7.843499 0.156000 0.367900
158.000000 0.894232 7.842947 0.155553 0.365490
158.099991 0.893379 7.840568 0.152931 0.366673
158.199997 0.894136 7.845707 0.151391 0.369622
158.300003 0.894979 7.845169 0.153831 0.370774
158.399994 0.884207 7.766513 0.153823 0.365893
158.500000 0.893147 7.840421 0.155178 0.366183
158.599991 0.893743 7.840664 0.155138 0.364954
158.699997 0.890489 7.819182 0.156116 0.366337
158.800003 0.893300 7.840900 0.156000 0.369600
158.899994 0.894321 7.842031 0.154069 0.367027
159.000000 0.894821 7.839932 0.155569 0.368226
159.099991 0.894889 7.837483 0.154315 0.368337
159.199997 0.895032 7.840348 0.155453 0.370589
159.300003 0.895321 7.841831 0.152470 0.369226
159.399994 0.894810 7.841516 0.150685 0.371263
159.500000 0.894111 7.839816 0.149985 0.373263
159.599991 0.894537 7.839504 0.150891 0.372323
159.699997 0.892879 7.824265 0.149230 0.371874
159.800003 0.892238 7.819729 0.151527 0.372258
159.899994 0.894200 7.828700 0.151300 0.373800
160.000000 0.895032 7.838348 0.148955 0.374288
160.099991 0.895690 7.838884 0.146015 0.372037
160.199997 0.895590 7.839984 0.144814 0.371737
160.300003 0.894279 7.835467 0.145529 0.370974
160.399994 0.892389 7.821582 0.144514 0.367337
160.500000 0.894042 7.835566 0.143143 0.366453
160.599991 0.894200 7.833900 0.143600 0.369000
160.699997 0.893736 7.833700 0.143786 0.372023
160.800003 0.890456 7.812525 0.144358 0.370948
160.899994 0.892757 7.830432 0.144258 0.370448
161.000000 0.889278 7.800460 0.144429 0.371274
161.099991 0.892289 7.826082 0.144714 0.372237
161.199997 0.893711 7.832316 0.143586 0.370763
161.300003 0.894732 7.834650 0.143257 0.369289
161.399994 0.894421 7.835133 0.142871 0.369026
161.500000 0.890656 7.803421 0.144258 0.369548
161.599991 0.894100 7.835900 0.143500 0.368400
161.699997 0.894868 7.837952 0.142943 0.370011
161.800003 0.893468 7.831550 0.144343 0.369411
161.899994 0.893732 7.840348 0.144557 0.372388
162.000000 0.892246 7.829815 0.145873 0.372686
162.099991 0.891878 7.835767 0.146229 0.374475
162.199997 0.892378 7.835767 0.147630 0.374275
162.300003 0.892571 7.835503 0.148078 0.372247
162.399994 0.893057 7.834734 0.149560 0.373950
162.500000 0.892968 7.833950 0.149645 0.376213
162.599991 0.893736 7.835501 0.150790 0.378527
162.699997 0.893589 7.835684 0.154415 0.376338
162.800003 0.893621 7.836133 0.157668 0.377524
162.899994 0.892189 7.825383 0.159616 0.374037
163.000000 0.894058 7.837535 0.158463 0.374350
163.099991 0.894258 7.837335 0.157863 0.372349
163.199997 0.892200 7.823400 0.155400 0.371400
163.300003 0.893921 7.836033 0.152769 0.377524
163.399994 0.892700 7.832800 0.151300 0.380100
163.500000 0.892746 7.832716 0.150575 0.379790
163.599991 0.892022 7.831734 0.146971 0.380524
163.699997 0.891391 7.828929 0.144044 0.380180
163.800003 0.893411 7.836016 0.144486 0.380162
163.899994 0.893511 7.837816 0.143586 0.375762
164.000000 0.893489 7.837883 0.144514 0.374637
164.099991 0.892957 7.836134 0.146659 0.375850
164.199997 0.893311 7.834916 0.144186 0.377462
164.300003 0.892911 7.835217 0.143886 0.376162
164.399994 0.893821 7.835633 0.140672 0.375325
164.500000 0.893475 7.834916 0.141501 0.376237
164.599991 0.893589 7.832583 0.140214 0.374938
164.699997 0.893936 7.831699 0.139684 0.378527
164.800003 0.893900 7.832400 0.137200 0.377200
164.899994 0.894447 7.832316 0.136268 0.379690
165.000000 0.894368 7.829249 0.139342 0.381014
165.099991 0.894421 7.831633 0.139272 0.380624
165.199997 0.895996 7.833133 0.138539 0.381081
165.300003 0.895300 7.829700 0.136600 0.380200
165.399994 0.895810 7.835316 0.139286 0.380462
165.500000 0.895579 7.834267 0.137628 0.382777
165.599991 0.895590 7.829383 0.136314 0.381538
165.699997 0.896169 7.830349 0.137641 0.381715
165.800003 0.896910 7.836317 0.139586 0.380062
165.899994 0.893758 7.813225 0.140456 0.380052
166.000000 0.896010 7.835317 0.139786 0.385961
166.099991 0.896142 7.836165 0.140044 0.386945
166.199997 0.893379 7.816163 0.137127 0.387277
166.300003 0.895227 7.832783 0.134794 0.385870
166.399994 0.897021 7.837233 0.134773 0.387323
166.500000 0.893247 7.813207 0.132766 0.383392
166.599991 0.895021 7.826934 0.136173 0.386823
166.699997 0.894958 7.824730 0.135054 0.386855
166.800003 0.894947 7.824913 0.136268 0.386293
166.899994 0.895921 7.838032 0.136673 0.386723
167.000000 0.895710 7.837316 0.136886 0.387361
167.099991 0.894953 7.835882 0.136232 0.387406
167.199997 0.895579 7.837768 0.135027 0.388878
167.300003 0.895621 7.836833 0.134873 0.385223
167.399994 0.895037 7.837302 0.136882 0.384231
167.500000 0.895290 7.836884 0.136114 0.386439
167.599991 0.894600 7.827200 0.134200 0.387300
167.699997 0.895121 7.837732 0.135473 0.388222
167.800003 0.893515 7.828863 0.134508 0.387410
167.899994 0.892768 7.827549 0.135141 0.390717
168.000000 0.894100 7.833001 0.138700 0.392600
168.099991 0.893100 7.830000 0.141100 0.393300
168.199997 0.891500 7.819900 0.140500 0.397300
168.300003 0.892268 7.830549 0.143143 0.398920
168.399994 0.893700 7.831700 0.142500 0.398900
168.500000 0.894452 7.829361 0.142399 0.398458
168.599991 0.894158 7.825730 0.143858 0.394958
168.699997 0.892000 7.812600 0.143100 0.396400
168.800003 0.895237 7.833800 0.144387 0.398339
168.899994 0.895116 7.832766 0.146117 0.397118
169.000000 0.895806 7.831748 0.145431 0.396157
169.099991 0.895231 7.829851 0.144357 0.397081
169.199997 0.894989 7.822682 0.145315 0.398540
169.300003 0.895590 7.831183 0.146915 0.401040
169.399994 0.894989 7.829383 0.146715 0.400240
169.500000 0.895952 7.832484 0.148726 0.404498
169.599991 0.896231 7.834650 0.148955 0.407778
169.699997 0.895958 7.821828 0.144758 0.406363
169.800003 0.897110 7.825917 0.141286 0.404860
169.899994 0.899660 7.837897 0.140116 0.405357
170.000000 0.899590 7.835783 0.141514 0.404040
170.099991 0.899830 7.837249 0.142257 0.404879
170.199997 0.901200 7.836800 0.143400 0.402100
170.300003 0.901611 7.839355 0.143629 0.402162
170.399994 0.902890 7.839884 0.141814 0.398340
170.500000 0.903619 7.840232 0.137173 0.401120
170.599991 0.903381 7.839468 0.139328 0.402380
170.699997 0.904981 7.841668 0.137327 0.398780
170.800003 0.905419 7.845131 0.135573 0.402020
170.899994 0.903071 7.828748 0.135141 0.403821
171.000000 0.904381 7.842768 0.134227 0.402380
171.099991 0.904138 7.842363 0.131547 0.402439
171.199997 0.903629 7.844447 0.134560 0.402179
171.300003 0.903800 7.841500 0.134500 0.403000
171.399994 0.902971 7.840252 0.135541 0.406922
171.500000 0.901790 7.826882 0.134513 0.406341
171.599991 0.903510 7.840216 0.133487 0.408559
171.699997 0.903581 7.840668 0.132126 0.408382
171.800003 0.903600 7.845000 0.129400 0.408800
171.899994 0.903419 7.844032 0.128774 0.409218
172.000000 0.903190 7.844884 0.129213 0.409741
172.099991 0.904452 7.847624 0.129865 0.407504
172.199997 0.905010 7.846415 0.134187 0.412259
172.300003 0.904410 7.846716 0.135086 0.411059
172.399994 0.903600 7.843900 0.132700 0.412000
172.500000 0.903390 7.843984 0.130713 0.407541
172.599991 0.903719 7.845331 0.130374 0.408018
172.699997 0.903729 7.844847 0.132960 0.411876
172.800003 0.903181 7.838668 0.133527 0.413283
172.899994 0.903661 7.843038 0.130952 0.408163
173.000000 0.904090 7.843484 0.131213 0.407841
173.099991 0.902961 7.842837 0.133253 0.410664
173.199997 0.902510 7.843415 0.133887 0.410659
173.300003 0.902939 7.844862 0.135446 0.414234
173.399994 0.904081 7.844169 0.132927 0.413383
173.500000 0.903329 7.844747 0.134960 0.411876
173.599991 0.904323 7.847578 0.136309 0.413130
173.699997 0.904310 7.846915 0.136186 0.413059
173.800003 0.904752 7.847724 0.137869 0.414207
173.899994 0.902861 7.840137 0.138856 0.414466
174.000000 0.903423 7.845777 0.139912 0.419135
174.099991 0.904210 7.844515 0.136686 0.418658
174.199997 0.903390 7.841384 0.136114 0.421342
174.300003 0.903010 7.838116 0.134687 0.421458
174.399994 0.902143 7.840745 0.133313 0.421675
174.500000 0.903536 7.842532 0.133327 0.421517
174.599991 0.904310 7.843615 0.133887 0.420358
174.699997 0.904557 7.842694 0.133320 0.425545
174.800003 0.905262 7.845638 0.132453 0.426070
174.899994 0.904681 7.841768 0.133027 0.427085
175.000000 0.905572 7.844553 0.132540 0.424127
175.099991 0.904662 7.841136 0.132553 0.425670
175.199997 0.904710 7.843716 0.131287 0.426257
175.300003 0.904671 7.844054 0.130139 0.429729
175.399994 0.903071 7.832950 0.131239 0.431229
175.500000 0.903490 7.841484 0.132113 0.433043
175.599991 0.902703 7.840240 0.133433 0.433534
175.699997 0.903710 7.846516 0.133287 0.432757
175.800003 0.904490 7.845784 0.133513 0.434343
175.899994 0.904652 7.841921 0.136768 0.435017
176.000000 0.904133 7.841689 0.135895 0.433403
176.099991 0.904371 7.843053 0.136541 0.432830
176.199997 0.904410 7.843416 0.135886 0.430357
176.300003 0.905447 7.845977 0.136632 0.429085
176.399994 0.905091 7.845284 0.136814 0.431343
176.500000 0.902102 7.821321 0.136036 0.427628
176.599991 0.905653 7.845623 0.133667 0.431316
176.699997 0.903400 7.827600 0.132800 0.431700
176.800003 0.905972 7.843253 0.132640 0.431229
176.899994 0.906437 7.844462 0.131947 0.433627
177.000000 0.904181 7.822765 0.130926 0.430286
177.099991 0.906200 7.844501 0.132400 0.432700
177.199997 0.905381 7.844669 0.132026 0.431186
177.300003 0.904933 7.843190 0.130892 0.429401
177.399994 0.904581 7.845369 0.128626 0.430686
177.500000 0.902290 7.826383 0.127513 0.431343
177.599991 0.899080 7.802761 0.127526 0.428386
177.699997 0.903833 7.843491 0.129491 0.429301
177.800003 0.903032 7.844691 0.131092 0.430802
177.899994 0.903442 7.844907 0.131179 0.432159
178.000000 0.904909 7.849514 0.130987 0.434457
178.099991 0.904367 7.848207 0.129010 0.436095
178.199997 0.903881 7.850070 0.128926 0.436587
178.300003 0.904052 7.848825 0.128864 0.439420
178.399994 0.904071 7.841652 0.129639 0.437431
178.500000 0.904362 7.849639 0.131152 0.438776
178.599991 0.903971 7.844954 0.131139 0.442833
178.699997 0.903671 7.843053 0.131239 0.445634
178.800003 0.904371 7.850955 0.134840 0.447934
178.899994 0.904381 7.852371 0.136327 0.450390
179.000000 0.898809 7.812932 0.132119 0.446902
179.099991 0.902961 7.848940 0.135054 0.453982
179.199997 0.903100 7.850900 0.132100 0.451400
179.300003 0.900921 7.840673 0.132806 0.452562
179.399994 0.902229 7.849445 0.132860 0.456863
179.500000 0.901480 7.849570 0.131726 0.456391
179.599991 0.901880 7.847369 0.129626 0.460792
179.699997 0.900990 7.845885 0.128213 0.461746
179.800003 0.900950 7.847223 0.130265 0.460930
179.899994 0.901580 7.848870 0.131826 0.463293
180.000000 0.900570 7.846554 0.132240 0.462739
180.099991 0.900060 7.848939 0.132153 0.461985
180.199997 0.898369 7.838652 0.131940 0.460738
180.300003 0.899570 7.848354 0.133040 0.463339
180.399994 0.898951 7.846177 0.130535 0.465767
180.500000 0.897810 7.839916 0.130987 0.467553
180.599991 0.898298 7.845045 0.131832 0.472172
180.699997 0.896079 7.836767 0.133027 0.471294
180.800003 0.898031 7.846646 0.130061 0.471059
180.899994 0.898700 7.847400 0.129400 0.474700
181.000000 0.899300 7.848500 0.125100 0.476300
181.099991 0.898690 7.848084 0.124212 0.473547
181.199997 0.897059 7.838636 0.122249 0.474590
181.300003 0.897128 7.844691 0.120284 0.474032
181.399994 0.893726 7.822276 0.118383 0.469929
181.500000 0.896800 7.843700 0.119300 0.471500
181.599991 0.896962 7.845193 0.119628 0.472516
181.699997 0.897079 7.839668 0.118424 0.473195
181.800003 0.897231 7.845646 0.120164 0.471159
181.899994 0.897680 7.846870 0.118924 0.476695
182.000000 0.896290 7.832283 0.121112 0.477048
182.099991 0.897900 7.840300 0.120900 0.472900
182.199997 0.897190 7.831284 0.119712 0.472447
182.300003 0.899500 7.845400 0.120300 0.472300
182.399994 0.899800 7.844100 0.118300 0.469800
182.500000 0.900879 7.845424 0.119704 0.473121
182.599991 0.900000 7.844300 0.116000 0.474100
182.699997 0.900679 7.846723 0.116107 0.473022
182.800003 0.901480 7.845169 0.117524 0.470894
182.899994 0.900700 7.845500 0.117800 0.466300
183.000000 0.900300 7.845700 0.118000 0.465400
183.099991 0.900020 7.842474 0.117194 0.465172
183.199997 0.900270 7.845953 0.117735 0.464839
183.300003 0.898910 7.833716 0.117188 0.465553
183.399994 0.901580 7.847470 0.116023 0.470594
183.500000 0.903000 7.846600 0.114500 0.472100
183.599991 0.902649 7.846976 0.113143 0.467866
183.699997 0.902881 7.847670 0.112723 0.467193
183.800003 0.900590 7.832783 0.110711 0.470647
183.899994 0.901680 7.847469 0.109722 0.469094
184.000000 0.901941 7.850410 0.108265 0.471783
184.099991 0.901610 7.847815 0.105489 0.474853
184.199997 0.903071 7.849454 0.105532 0.475643
184.300003 0.902410 7.850616 0.104490 0.476752
184.399994 0.900420 7.844175 0.102682 0.479283
184.500000 0.901280 7.850971 0.103721 0.478996
184.599991 0.901839 7.852159 0.104358 0.474010
184.699997 0.901570 7.851955 0.105532 0.475843
184.800003 0.902361 7.852540 0.101140 0.472589
184.899994 0.901802 7.844044 0.100501 0.472272
185.000000 0.902829 7.852345 0.101370 0.471758
185.099991 0.903719 7.854429 0.099880 0.472006
185.199997 0.903690 7.856386 0.100910 0.469247
185.300003 0.904290 7.856286 0.099410 0.468547
185.399994 0.904781 7.858272 0.099220 0.468794
185.500000 0.902383 7.838406 0.098618 0.467261
185.599991 0.904481 7.853370 0.099720 0.470794
185.699997 0.902790 7.841784 0.098410 0.467147
185.800003 0.904519 7.856228 0.098780 0.468906
185.899994 0.903439 7.854158 0.098561 0.467913
186.000000 0.902510 7.848015 0.098590 0.463654
186.099991 0.902332 7.850396 0.100070 0.465926
186.199997 0.902690 7.850185 0.099210 0.463446
186.300003 0.900780 7.836467 0.100320 0.465893
186.399994 0.901910 7.848115 0.100790 0.466153
186.500000 0.899630 7.840589 0.105074 0.462824
186.599991 0.897690 7.829883 0.108911 0.463346
186.699997 0.899930 7.848345 0.109867 0.464061
186.800003 0.899381 7.846423 0.111910 0.463729
186.899994 0.899290 7.845185 0.111911 0.458946
187.000000 0.899990 7.845085 0.110511 0.459246
187.099991 0.899280 7.841468 0.109822 0.455691
187.199997 0.900310 7.844615 0.110689 0.451155
187.300003 0.899900 7.844700 0.109900 0.445800
187.399994 0.899490 7.846085 0.107111 0.443644
187.500000 0.895158 7.817828 0.107943 0.441477
187.599991 0.898661 7.847791 0.109734 0.444533
187.699997 0.897400 7.847900 0.109700 0.443900
187.800003 0.897321 7.846430 0.110978 0.442112
187.899994 0.897300 7.843400 0.109500 0.442600
188.000000 0.897559 7.842437 0.107343 0.443277
188.099991 0.899500 7.842900 0.108600 0.443400
188.199997 0.899820 7.842931 0.106979 0.448710
188.300003 0.899290 7.831383 0.107011 0.447545
188.399994 0.898800 7.830000 0.104500 0.448500
188.500000 0.899860 7.842137 0.105342 0.446679
188.599991 0.898419 7.831965 0.104984 0.446257
188.699997 0.899000 7.835600 0.105600 0.441800
188.800003 0.897000 7.824100 0.105900 0.441800
188.899994 0.898790 7.838784 0.105711 0.443644
189.000000 0.897600 7.833400 0.105800 0.445400
189.099991 0.897590 7.836284 0.106011 0.449645
189.199997 0.897618 7.832966 0.104083 0.451061
189.300003 0.898100 7.829600 0.105600 0.449800
189.399994 0.896469 7.819446 0.103731 0.452336
189.500000 0.894289 7.807581 0.105511 0.454445
189.599991 0.897079 7.833666 0.103721 0.459092
189.699997 0.897759 7.836935 0.104642 0.456483
189.800003 0.897000 7.837501 0.102000 0.457300
189.899994 0.895169 7.824347 0.099530 0.458137
190.000000 0.896517 7.837170 0.097878 0.458367
190.099991 0.896090 7.831983 0.096210 0.458146
190.199997 0.895469 7.833950 0.096829 0.455737
190.300003 0.896079 7.836867 0.098520 0.456991
190.399994 0.895416 7.828162 0.096777 0.459267
190.500000 0.892761 7.818965 0.097727 0.455492
190.599991 0.894432 7.838749 0.097471 0.455563
190.699997 0.893932 7.838849 0.099470 0.458362
190.800003 0.893815 7.837570 0.098879 0.455164
190.899994 0.894537 7.836802 0.097058 0.456274
191.000000 0.894826 7.843490 0.097869 0.452517
191.099991 0.893311 7.840616 0.100390 0.452155
191.199997 0.890356 7.819828 0.100340 0.451481
191.300003 0.892679 7.839468 0.098620 0.450990
191.399994 0.892700 7.838400 0.097300 0.453800
191.500000 0.892839 7.832048 0.098147 0.453180
191.599991 0.893758 7.838736 0.096939 0.454582
191.699997 0.892257 7.837035 0.097539 0.454882
191.800003 0.893100 7.840200 0.097800 0.453200
191.899994 0.892721 7.838532 0.095681 0.453109
192.000000 0.892668 7.837551 0.094028 0.452236
192.099991 0.894100 7.838300 0.092500 0.453700
192.199997 0.895394 7.839644 0.093216 0.449296
192.300003 0.893079 7.819764 0.093019 0.450190
192.399994 0.893889 7.826782 0.093009 0.451445
192.500000 0.895179 7.839868 0.092418 0.457491
192.599991 0.894311 7.838516 0.092891 0.457154
192.699997 0.890967 7.816545 0.093428 0.454436
192.800003 0.893564 7.837897 0.093244 0.456826
192.899994 0.893989 7.838684 0.094709 0.455346
193.000000 0.893400 7.840200 0.095700 0.458000
193.099991 0.892811 7.831217 0.094391 0.458954
193.199997 0.893079 7.838368 0.092118 0.461192
193.300003 0.893447 7.838920 0.090345 0.462931
193.399994 0.892189 7.829682 0.090809 0.459046
193.500000 0.894300 7.837800 0.091300 0.456600
193.599991 0.895279 7.841268 0.092519 0.456991
193.699997 0.894700 7.838300 0.092800 0.457000
193.800003 0.895269 7.838852 0.091127 0.458338
193.899994 0.895211 7.838816 0.091991 0.456854
194.000000 0.895169 7.835851 0.090827 0.453136
194.099991 0.888767 7.793838 0.088226 0.450535
194.199997 0.893268 7.829849 0.088326 0.453336
194.300003 0.893411 7.835916 0.089291 0.451455
194.399994 0.893596 7.837846 0.086922 0.449595
194.500000 0.893200 7.836000 0.088400 0.448700
194.599991 0.892400 7.833400 0.087300 0.450100
194.699997 0.892411 7.834717 0.085791 0.453855
194.800003 0.892254 7.834383 0.087656 0.452874
194.899994 0.891211 7.834517 0.088291 0.453655
195.000000 0.891678 7.836967 0.087618 0.456391
195.099991 0.892478 7.836567 0.088618 0.454691
195.199997 0.892022 7.837132 0.090482 0.459108
195.300003 0.892254 7.834283 0.091654 0.460170
195.399994 0.893211 7.835016 0.092491 0.460554
195.500000 0.893011 7.836216 0.091091 0.459854
195.599991 0.892879 7.834767 0.090918 0.458392
195.699997 0.892289 7.830683 0.090909 0.459546
195.800003 0.893411 7.832717 0.091691 0.461054
195.899994 0.894432 7.832651 0.091872 0.459762
196.000000 0.892235 7.824995 0.091355 0.461077
196.099991 0.892089 7.833183 0.092609 0.460946
196.199997 0.893989 7.834683 0.089409 0.460246
196.300003 0.893268 7.833250 0.089427 0.460838
196.399994 0.893211 7.832316 0.090591 0.461354
196.500000 0.893700 7.831300 0.089600 0.464000
196.599991 0.892000 7.812600 0.090500 0.467300
196.699997 0.894163 7.831501 0.092045 0.468419
196.800003 0.892289 7.816681 0.091809 0.465247
196.899994 0.893811 7.835017 0.095790 0.465153
197.000000 0.893479 7.826065 0.098020 0.464393
197.099991 0.894489 7.834483 0.097110 0.465647
197.199997 0.895379 7.832767 0.096919 0.468194
197.300003 0.895890 7.836383 0.096410 0.470447
197.399994 0.894768 7.834250 0.096729 0.470641
197.500000 0.894058 7.828831 0.097239 0.473790
197.599991 0.894568 7.837751 0.095629 0.472842
197.699997 0.895021 7.839332 0.097381 0.475105
197.800003 0.894779 7.841868 0.096819 0.475395
197.899994 0.895211 7.840116 0.095890 0.476152
198.000000 0.895500 7.833899 0.094700 0.473700
198.099991 0.896365 7.837188 0.096325 0.475819
198.199997 0.895969 7.836651 0.097129 0.473242
198.300003 0.895479 7.836768 0.095919 0.472995
198.399994 0.895158 7.835235 0.097139 0.470388
198.500000 0.894711 7.836617 0.096990 0.469853
198.599991 0.894226 7.836586 0.095967 0.472931
198.699997 0.893964 7.836198 0.096642 0.471517
198.800003 0.891778 7.828066 0.095919 0.468894
198.899994 0.892675 7.833017 0.095533 0.468072
199.000000 0.892771 7.833100 0.095615 0.466159
199.099991 0.893247 7.838519 0.094447 0.466833
199.199997 0.893032 7.837249 0.094772 0.464661
199.300003 0.892489 7.838183 0.093409 0.463646
199.399994 0.893668 7.839552 0.092928 0.466140
199.500000 0.892932 7.838748 0.093472 0.464661
199.599991 0.892378 7.832666 0.094919 0.465193
199.699997 0.889056 7.815326 0.096439 0.465986
199.800003 0.890811 7.836116 0.094391 0.467953
199.899994 0.889889 7.830883 0.095510 0.465847
