0.000000 0.999800 7.999600 0.999900 1.000000
0.100000 0.998501 7.992903 0.999300 0.998501
0.200000 0.996999 7.982997 0.998400 0.996599
0.300000 0.995700 7.976698 0.997600 0.995500
0.400000 0.994398 7.966090 0.995899 0.993998
0.500000 0.993902 7.966913 0.995502 0.992803
0.600000 0.992603 7.961115 0.994102 0.991703
0.700000 0.991600 7.958500 0.993400 0.990300
0.800000 0.991206 7.955730 0.992305 0.989008
0.900000 0.990504 7.951220 0.991304 0.988205
1.000000 0.989291 7.947558 0.990192 0.987690
1.100000 0.988398 7.944889 0.988998 0.986397
1.200000 0.987800 7.943000 0.987800 0.985900
1.300000 0.986301 7.941206 0.986001 0.984402
1.400000 0.984297 7.936887 0.985397 0.983397
1.500000 0.982988 7.930651 0.983188 0.981287
1.600000 0.982703 7.927415 0.981804 0.980304
1.700000 0.981494 7.924877 0.981394 0.980994
1.800000 0.980910 7.927536 0.980510 0.980710
1.900000 0.979904 7.926915 0.978504 0.981904
2.000000 0.978902 7.927707 0.978602 0.980702
2.100000 0.974480 7.901421 0.974580 0.976481
2.200000 0.976400 7.926500 0.976700 0.979000
2.300000 0.976205 7.926315 0.975305 0.977105
2.400000 0.974103 7.916008 0.972903 0.975402
2.500000 0.972600 7.912500 0.971900 0.972700
2.600000 0.973513 7.924538 0.970715 0.972214
2.700000 0.972987 7.927564 0.970985 0.971786
2.800000 0.972097 7.926792 0.970297 0.969297
2.900000 0.970871 7.924925 0.969870 0.966967
3.000000 0.970600 7.924600 0.967600 0.965200
3.100000 0.969288 7.921068 0.966887 0.962585
3.200000 0.968931 7.924675 0.966833 0.962637
3.300000 0.968300 7.924600 0.967100 0.962000
3.400000 0.967303 7.925308 0.964204 0.960604
3.500000 0.966490 7.923777 0.964189 0.959988
3.600000 0.965493 7.918384 0.961592 0.958192
3.700000 0.964611 7.920324 0.961212 0.957213
3.800000 0.964214 7.921432 0.961515 0.955818
3.900000 0.963389 7.921677 0.960688 0.955087
4.000000 0.963104 7.922307 0.959204 0.954904
4.100000 0.962408 7.921415 0.958708 0.953509
4.200000 0.962726 7.920855 0.958529 0.953233
4.300000 0.962593 7.919984 0.956891 0.952190
4.400000 0.958900 7.896300 0.953500 0.948100
4.500000 0.958292 7.896179 0.951690 0.946789
4.600000 0.960592 7.920984 0.952991 0.948590
4.700000 0.959808 7.920616 0.951510 0.948610
4.800000 0.958700 7.919900 0.950900 0.947600
4.900000 0.958604 7.920108 0.948805 0.945905
5.000000 0.959116 7.921731 0.948121 0.942923
5.100000 0.958500 7.921200 0.947000 0.942200
5.200000 0.958808 7.920016 0.948210 0.941812
5.300000 0.957708 7.920615 0.948510 0.940212
5.400000 0.956483 7.913365 0.945078 0.938575
5.500000 0.956596 7.918892 0.946095 0.937894
5.600000 0.956396 7.918292 0.946195 0.935294
5.700000 0.956078 7.918460 0.944772 0.933967
5.800000 0.955400 7.912200 0.940700 0.929800
5.900000 0.955587 7.917175 0.940982 0.927678
6.000000 0.955318 7.917933 0.939824 0.926329
6.100000 0.954900 7.917000 0.938900 0.924500
6.200000 0.954700 7.915600 0.937300 0.922700
6.300000 0.953823 7.916142 0.937131 0.921639
6.400000 0.953395 7.913891 0.936494 0.920692
6.500000 0.953000 7.911700 0.933800 0.920000
6.600000 0.951695 7.909791 0.933793 0.918192
6.700000 0.950851 7.911411 0.933934 0.917718
6.800000 0.950485 7.911374 0.932880 0.916575
6.900000 0.949970 7.911047 0.931659 0.916250
7.000000 0.950125 7.911844 0.930935 0.916342
7.100000 0.947969 7.897238 0.928257 0.914149
7.200000 0.948985 7.908173 0.929779 0.915275
7.300000 0.948485 7.907972 0.928379 0.913174
7.400000 0.947479 7.909564 0.926671 0.912165
7.500000 0.946505 7.907709 0.924708 0.910909
7.600000 0.944794 7.897790 0.922492 0.911991
7.700000 0.944978 7.904062 0.920868 0.911365
7.800000 0.943894 7.901990 0.920392 0.911091
7.900000 0.941100 7.890700 0.917300 0.907000
8.000000 0.942200 7.902600 0.919300 0.908400
8.099999 0.941494 7.903490 0.917392 0.906591
8.200000 0.940906 7.897410 0.914609 0.903510
8.300000 0.938988 7.884477 0.910682 0.901580
8.400000 0.941006 7.899310 0.913209 0.902110
8.500000 0.939303 7.886819 0.910256 0.900040
8.599999 0.940500 7.900301 0.911400 0.901000
8.700000 0.939612 7.899220 0.913717 0.903019
8.800000 0.939394 7.898890 0.912891 0.900590
8.900000 0.939100 7.897800 0.910200 0.898300
9.000000 0.939030 7.900250 0.908646 0.895652
9.099999 0.938900 7.899100 0.907300 0.896300
9.200000 0.937406 7.889311 0.905010 0.891811
9.300000 0.935000 7.875200 0.903000 0.889300
9.400000 0.937988 7.900680 0.905381 0.890778
9.500000 0.936506 7.895210 0.903710 0.889211
9.599999 0.936200 7.897600 0.902100 0.890400
9.700000 0.935800 7.901700 0.901900 0.886800
9.800000 0.932507 7.878413 0.898910 0.884312
9.900000 0.935719 7.905428 0.899430 0.887434
10.000000 0.935374 7.906863 0.901461 0.884454
10.099999 0.935358 7.907284 0.900689 0.884604
10.200000 0.934913 7.905619 0.897520 0.884723
10.300000 0.933807 7.902110 0.897110 0.883312
10.400000 0.933700 7.903400 0.899400 0.882700
10.500000 0.932673 7.901560 0.897859 0.881052
10.599999 0.932286 7.900180 0.895779 0.879276
10.700000 0.932186 7.902380 0.894179 0.877976
10.800000 0.931627 7.901139 0.891643 0.876249
10.900000 0.931345 7.898418 0.888711 0.873098
11.000000 0.930000 7.892300 0.887600 0.872700
11.099999 0.928557 7.879427 0.885731 0.870122
11.200000 0.929107 7.882912 0.886111 0.869213
11.300000 0.929493 7.886089 0.887489 0.869087
11.400000 0.930400 7.896400 0.885200 0.869100
11.500000 0.926993 7.877788 0.881388 0.866987
11.599999 0.928907 7.895710 0.882812 0.866313
11.700000 0.928586 7.893378 0.882076 0.865473
11.800000 0.928193 7.894290 0.882988 0.864186
11.900000 0.925500 7.876400 0.878800 0.859700
12.000000 0.926707 7.889411 0.880812 0.860214
12.099999 0.926485 7.889178 0.877375 0.859472
12.200000 0.925555 7.889133 0.874925 0.859716
12.300000 0.926756 7.888634 0.875625 0.860116
12.400000 0.926422 7.888534 0.875237 0.861342
12.500000 0.925000 7.876900 0.877100 0.858800
12.599999 0.926085 7.882876 0.874775 0.858772
12.700000 0.921369 7.847639 0.870548 0.855042
12.799999 0.924239 7.877001 0.873999 0.858287
12.900000 0.924492 7.879588 0.874487 0.855085
13.000000 0.924170 7.877451 0.876951 0.854342
13.099999 0.923600 7.877500 0.875300 0.854700
13.200000 0.922738 7.880204 0.872398 0.854484
13.299999 0.922508 7.880512 0.872113 0.854015
13.400000 0.922408 7.874812 0.869413 0.854015
13.500000 0.922985 7.879876 0.867173 0.857171
13.599999 0.922492 7.879988 0.862586 0.855986
13.700000 0.920908 7.869513 0.862714 0.853115
13.799999 0.920676 7.877964 0.861558 0.855157
13.900000 0.918567 7.865446 0.859844 0.855342
14.000000 0.920892 7.877188 0.858486 0.854385
14.099999 0.920216 7.877425 0.857329 0.854729
14.200000 0.918868 7.876851 0.859144 0.849940
14.299999 0.919284 7.878676 0.857572 0.849670
14.400000 0.918965 7.880895 0.854616 0.847922
14.500000 0.917825 7.881535 0.853644 0.846046
14.599999 0.912030 7.848379 0.850580 0.840472
14.700000 0.916558 7.881841 0.853727 0.844522
14.799999 0.916408 7.877512 0.853115 0.844116
14.900000 0.916467 7.879452 0.855342 0.843137
15.000000 0.916833 7.878849 0.855558 0.841363
15.099999 0.917716 7.879124 0.854529 0.840232
15.200000 0.917317 7.880524 0.854229 0.840932
15.299999 0.917500 7.878700 0.852300 0.839200
15.400000 0.917366 7.879596 0.850719 0.839229
15.500000 0.915800 7.868300 0.848400 0.836800
15.599999 0.915808 7.877512 0.846815 0.837016
15.700000 0.915375 7.875662 0.839952 0.835451
15.799999 0.916075 7.881464 0.839952 0.833250
15.900000 0.916317 7.880524 0.839932 0.834633
16.000000 0.914691 7.871387 0.839684 0.831383
16.100000 0.914140 7.874912 0.832483 0.834384
16.199999 0.914491 7.873888 0.830783 0.834183
16.299999 0.914131 7.877902 0.834067 0.832066
16.400000 0.913483 7.876976 0.832667 0.830166
16.500000 0.912591 7.877188 0.833183 0.829683
16.600000 0.912691 7.874687 0.833883 0.825082
16.699999 0.912517 7.875226 0.831134 0.823135
16.799999 0.912735 7.874850 0.830068 0.820672
16.900000 0.911673 7.871161 0.830849 0.818946
17.000000 0.910673 7.863359 0.827048 0.818245
17.100000 0.911473 7.876463 0.828249 0.817345
17.199999 0.910962 7.877686 0.828520 0.817328
17.299999 0.910637 7.874812 0.825878 0.818773
17.400000 0.909309 7.859514 0.821918 0.817318
17.500000 0.910400 7.873900 0.824100 0.816900
17.600000 0.910118 7.873526 0.822435 0.815737
17.699999 0.909910 7.871772 0.820020 0.816216
17.799999 0.910518 7.871426 0.819836 0.816037
17.900000 0.908282 7.859072 0.818764 0.811862
18.000000 0.910773 7.871061 0.818746 0.811343
18.100000 0.911491 7.871287 0.819082 0.811381
18.199999 0.912000 7.868000 0.816800 0.807900
18.299999 0.911500 7.864900 0.815600 0.808000
18.400000 0.911582 7.868073 0.812663 0.810462
18.500000 0.911273 7.872862 0.811343 0.811343
18.600000 0.907991 7.850785 0.806781 0.806781
18.699999 0.909327 7.872338 0.807858 0.811257
18.799999 0.907945 7.871624 0.806484 0.809085
18.900000 0.906691 7.868887 0.805381 0.804780
19.000000 0.906809 7.869713 0.807019 0.805419
19.100000 0.907128 7.868340 0.804759 0.808957
19.199999 0.907037 7.867253 0.806078 0.805278
19.299999 0.907528 7.867640 0.806358 0.806158
19.400000 0.907600 7.867700 0.809900 0.800800
19.500000 0.907665 7.869491 0.808434 0.800140
19.600000 0.906700 7.868200 0.807000 0.803900
19.699999 0.907128 7.869839 0.805358 0.803659
19.799999 0.906891 7.860586 0.803780 0.802480
19.900000 0.906391 7.861286 0.802780 0.803480
20.000000 0.905772 7.858458 0.802141 0.801340
20.100000 0.906691 7.863687 0.801880 0.804080
20.199999 0.907091 7.863086 0.800980 0.799980
20.299999 0.906509 7.864413 0.800920 0.793921
20.400000 0.906434 7.863404 0.802061 0.791154
20.500000 0.905691 7.867287 0.807881 0.790979
20.600000 0.903181 7.856471 0.807562 0.783557
20.699999 0.904310 7.865613 0.802620 0.786421
20.799999 0.904705 7.866567 0.800801 0.786186
20.900000 0.901490 7.846485 0.799980 0.782378
21.000000 0.903371 7.864960 0.801841 0.779834
21.100000 0.903039 7.865354 0.803579 0.778089
21.199999 0.903500 7.866300 0.801800 0.779300
21.299999 0.903281 7.865973 0.801060 0.779656
21.400000 0.904481 7.867873 0.800660 0.776255
21.500000 0.903252 7.863632 0.792896 0.774587
21.600000 0.903581 7.867974 0.790158 0.776555
21.699999 0.903519 7.865227 0.790642 0.777544
21.799999 0.903332 7.865806 0.791254 0.778445
21.900000 0.901080 7.852071 0.788258 0.777856
22.000000 0.902900 7.864000 0.785200 0.778100
22.100000 0.902761 7.860845 0.785414 0.773709
22.199999 0.903271 7.861859 0.786036 0.769331
22.299999 0.903332 7.862204 0.787351 0.768038
22.400000 0.904500 7.866000 0.780500 0.767500
22.500000 0.904438 7.866553 0.782487 0.767993
22.600000 0.904181 7.866973 0.781256 0.765153
22.699999 0.904290 7.866786 0.783278 0.765177
22.799999 0.904481 7.868074 0.784657 0.766053
22.900000 0.903890 7.864587 0.782178 0.765277
23.000000 0.901570 7.847754 0.783335 0.763129
23.100000 0.903110 7.865314 0.784022 0.765923
23.199999 0.901380 7.850870 0.780456 0.762352
23.299999 0.902532 7.861403 0.781247 0.762434
23.400000 0.902280 7.860772 0.780456 0.759752
23.500000 0.901890 7.860886 0.780878 0.755576
23.600000 0.901620 7.862028 0.779844 0.751550
23.699999 0.901680 7.862273 0.778656 0.749750
23.799999 0.900390 7.853385 0.773177 0.750375
23.900000 0.901190 7.862287 0.770077 0.747275
24.000000 0.899690 7.855286 0.768277 0.743274
24.100000 0.900830 7.860942 0.764471 0.743477
24.199999 0.899520 7.860528 0.765747 0.742552
24.299999 0.898890 7.848085 0.762976 0.743574
24.400000 0.899920 7.858528 0.763547 0.744851
24.500000 0.899290 7.851985 0.763576 0.742674
24.600000 0.899110 7.856914 0.767823 0.739926
24.699999 0.898390 7.857285 0.767077 0.737574
24.799999 0.897990 7.856185 0.766177 0.736674
24.900000 0.898020 7.854929 0.763747 0.736753
25.000000 0.896069 7.850255 0.760428 0.735221
25.100000 0.896058 7.852441 0.755902 0.735294
25.199999 0.894342 7.838964 0.752599 0.731907
25.299999 0.897179 7.853771 0.751550 0.731546
25.400000 0.896079 7.849970 0.748650 0.731146
25.500000 0.896969 7.853856 0.745524 0.732020
25.599998 0.897990 7.855085 0.743074 0.731273
25.699999 0.897431 7.854144 0.737779 0.730381
25.799999 0.897690 7.853985 0.738874 0.727473
25.900000 0.897741 7.853259 0.740204 0.726909
26.000000 0.897880 7.853570 0.741848 0.727245
26.099998 0.894989 7.835284 0.741874 0.725273
26.199999 0.895010 7.836416 0.744026 0.728327
26.299999 0.894000 7.832800 0.745400 0.727200
26.400000 0.895717 7.847778 0.748199 0.726681
26.500000 0.895994 7.850035 0.748426 0.725847
26.599998 0.896569 7.849355 0.748525 0.725017
26.699999 0.897469 7.851056 0.751125 0.724317
26.799999 0.895817 7.836569 0.747898 0.720777
26.900000 0.897262 7.850990 0.750750 0.723666
27.000000 0.897121 7.852629 0.749550 0.722156
27.099998 0.896748 7.850225 0.749175 0.722761
27.199999 0.896948 7.848724 0.750375 0.721761
27.299999 0.892779 7.816264 0.746349 0.719244
27.400000 0.895069 7.839352 0.746224 0.719216
27.500000 0.895000 7.846100 0.745600 0.719500
27.599998 0.894984 7.846723 0.745104 0.717826
27.699999 0.894332 7.845447 0.743077 0.718884
27.799999 0.895148 7.847825 0.740770 0.719560
27.900000 0.892900 7.834900 0.737100 0.718300
28.000000 0.894600 7.848900 0.735700 0.720800
28.099998 0.895448 7.845423 0.732166 0.719060
28.199999 0.893014 7.829263 0.730985 0.719476
28.299999 0.894721 7.845831 0.729754 0.716957
28.400000 0.893479 7.840968 0.726945 0.717944
28.500000 0.891257 7.826931 0.722289 0.720188
28.599998 0.893289 7.840884 0.721772 0.722172
28.699999 0.893289 7.837284 0.723772 0.720472
28.799999 0.893211 7.843216 0.728427 0.716428
28.900000 0.893953 7.843678 0.726737 0.715242
29.000000 0.893932 7.843947 0.724583 0.715485
29.099998 0.892400 7.833200 0.724100 0.713200
29.199999 0.894511 7.847216 0.725127 0.711729
29.299999 0.894647 7.846423 0.723762 0.713457
29.400000 0.894879 7.845570 0.721644 0.713543
29.500000 0.895642 7.844962 0.723111 0.713015
29.599998 0.894100 7.841400 0.720600 0.713000
29.699999 0.895010 7.839616 0.721728 0.711829
29.799999 0.892500 7.822000 0.718300 0.707700
29.900000 0.891911 7.821818 0.720428 0.704330
30.000000 0.894548 7.839325 0.723188 0.704913
30.099998 0.894747 7.839820 0.722461 0.704352
30.199999 0.894036 7.841005 0.723134 0.703222
30.299999 0.892392 7.832333 0.721421 0.696797
30.400000 0.893121 7.842831 0.719956 0.699660
30.500000 0.892979 7.843668 0.719844 0.698940
30.599998 0.893053 7.846876 0.718441 0.696052
30.699999 0.892500 7.846099 0.718900 0.696000
30.799999 0.890945 7.832417 0.719460 0.694447
30.900000 0.890691 7.836236 0.718218 0.696597
31.000000 0.889867 7.840152 0.715315 0.699210
31.099998 0.890189 7.842484 0.714571 0.701270
31.199999 0.890500 7.841700 0.713700 0.700400
31.299999 0.891133 7.840748 0.713486 0.703689
31.400000 0.890569 7.839708 0.715559 0.704045
31.500000 0.888055 7.829532 0.716186 0.701281
31.599998 0.889145 7.838019 0.714957 0.702151
31.699999 0.887400 7.826600 0.711800 0.700800
31.799999 0.887089 7.824382 0.711871 0.705371
31.900000 0.888155 7.837134 0.712385 0.701381
32.000000 0.885389 7.816882 0.709171 0.698470
32.099998 0.888911 7.840216 0.707129 0.700230
32.200001 0.886866 7.827548 0.705312 0.697709
32.299999 0.887734 7.836749 0.703789 0.697491
32.399998 0.888467 7.838251 0.704211 0.694908
32.500000 0.888100 7.836600 0.702100 0.694800
32.599998 0.888367 7.837151 0.701711 0.692608
32.700001 0.888833 7.840048 0.700590 0.692492
32.799999 0.889567 7.841453 0.699910 0.692908
32.899998 0.887266 7.831649 0.701310 0.690107
33.000000 0.886700 7.833000 0.701200 0.683400
33.099998 0.888667 7.835951 0.698810 0.686306
33.200001 0.886689 7.828083 0.698170 0.684768
33.299999 0.885589 7.823883 0.696470 0.681868
33.399998 0.883065 7.808042 0.694308 0.682605
33.500000 0.885946 7.837765 0.694522 0.684926
33.599998 0.885334 7.836750 0.693392 0.684595
33.700001 0.885943 7.837018 0.693547 0.683742
33.799999 0.886123 7.837233 0.692062 0.684963
33.899998 0.884965 7.835351 0.692408 0.681805
34.000000 0.884277 7.830066 0.689638 0.684037
34.099998 0.884865 7.838152 0.688807 0.686006
34.200001 0.884488 7.834584 0.683968 0.682368
34.299999 0.882930 7.823294 0.683010 0.680108
34.399998 0.884335 7.841248 0.686094 0.680396
34.500000 0.882388 7.823483 0.685969 0.679768
34.599998 0.884288 7.841484 0.686069 0.681068
34.700001 0.885534 7.843847 0.686494 0.679896
34.799999 0.885380 7.844110 0.684521 0.679225
34.899998 0.884612 7.843115 0.683032 0.677032
35.000000 0.883088 7.837784 0.686369 0.674967
35.099998 0.882677 7.837367 0.686637 0.673435
35.200001 0.877226 7.802281 0.680708 0.669001
35.299999 0.882400 7.837200 0.681900 0.668800
35.399998 0.882577 7.837967 0.683237 0.665933
35.500000 0.883577 7.836967 0.682937 0.662733
35.599998 0.883623 7.834133 0.680864 0.660868
35.700001 0.883000 7.832601 0.679000 0.663800
35.799999 0.882630 7.831900 0.679408 0.660897
35.899998 0.883100 7.832800 0.676700 0.660000
36.000000 0.885112 7.832317 0.676132 0.658534
36.099998 0.884600 7.820800 0.675700 0.657600
36.200001 0.886189 7.835184 0.672667 0.658966
36.299999 0.883195 7.817135 0.672405 0.655290
36.399998 0.884800 7.830800 0.674300 0.659900
36.500000 0.885511 7.835516 0.671933 0.661934
36.599998 0.885077 7.832866 0.672334 0.657131
36.700001 0.885300 7.835200 0.672900 0.656900
36.799999 0.886243 7.835418 0.675438 0.650825
36.899998 0.886200 7.834000 0.676600 0.654100
37.000000 0.885766 7.825947 0.677403 0.654796
37.099998 0.883588 7.810882 0.674167 0.653365
37.200001 0.886080 7.834816 0.675427 0.650944
37.299999 0.883765 7.816545 0.673502 0.649895
37.399998 0.884277 7.823064 0.670834 0.647429
37.500000 0.884265 7.823048 0.671601 0.647194
37.599998 0.884654 7.830432 0.670968 0.648259
37.700001 0.883230 7.818090 0.669302 0.645587
37.799999 0.885020 7.829180 0.671270 0.644451
37.899998 0.885920 7.831782 0.669068 0.646252
38.000000 0.886500 7.832900 0.664400 0.650800
38.099998 0.885189 7.820782 0.661766 0.647665
38.200001 0.887355 7.832933 0.660164 0.650360
38.299999 0.887334 7.834549 0.659702 0.649605
38.399998 0.886200 7.833700 0.658200 0.651300
38.500000 0.887255 7.835534 0.659164 0.651260
38.599998 0.887123 7.835933 0.656669 0.651270
38.700001 0.888022 7.835433 0.653469 0.651170
38.799999 0.885954 7.820328 0.646158 0.647359
38.899998 0.887389 7.835484 0.644864 0.649465
39.000000 0.884377 7.821164 0.639528 0.648630
39.099998 0.884477 7.818163 0.638828 0.649430
39.200001 0.885400 7.827300 0.641900 0.650600
39.299999 0.886023 7.831933 0.642272 0.652569
39.399998 0.886154 7.832933 0.640456 0.649460
39.500000 0.887011 7.833517 0.636636 0.647335
39.599998 0.887323 7.832334 0.635773 0.643671
39.700001 0.887856 7.830685 0.635382 0.646077
39.799999 0.887566 7.829049 0.637191 0.644893
39.899998 0.887878 7.828966 0.634827 0.646529
40.000000 0.888744 7.831267 0.635546 0.646241
40.099998 0.889489 7.827982 0.633763 0.645665
40.200001 0.888589 7.824483 0.637064 0.645665
40.299999 0.888311 7.831064 0.637210 0.646918
40.399998 0.888711 7.830117 0.634836 0.647035
40.500000 0.890111 7.830217 0.633637 0.645935
40.599998 0.889767 7.831450 0.632290 0.647094
40.700001 0.889411 7.830117 0.629037 0.646335
40.799999 0.890234 7.830198 0.630278 0.645287
40.899998 0.890489 7.825482 0.628563 0.642264
41.000000 0.891200 7.823199 0.628900 0.644200
41.099998 0.891932 7.832650 0.630511 0.647206
41.200001 0.891389 7.833283 0.632163 0.647265
41.299999 0.891735 7.832800 0.629678 0.645287
41.399998 0.888778 7.810162 0.629726 0.642028
41.500000 0.891511 7.834017 0.629837 0.645935
41.599998 0.890887 7.832633 0.632694 0.646683
41.700001 0.889478 7.824865 0.631326 0.648330
41.799999 0.889434 7.834601 0.632580 0.647589
41.899998 0.887900 7.826600 0.631000 0.648000
42.000000 0.887789 7.827483 0.628763 0.645565
42.099998 0.890898 7.836547 0.625537 0.648217
42.200001 0.891500 7.835600 0.624000 0.649900
42.299999 0.890367 7.829248 0.621687 0.646394
42.399998 0.892011 7.838216 0.621238 0.648635
42.500000 0.892911 7.842416 0.621338 0.649435
42.599998 0.893500 7.840400 0.621400 0.648400
42.700001 0.892882 7.840825 0.620783 0.646411
42.799999 0.892836 7.839803 0.614569 0.645787
42.899998 0.890278 7.829066 0.613823 0.643429
43.000000 0.888989 7.819082 0.611761 0.641264
43.099998 0.890278 7.832767 0.610122 0.642028
43.200001 0.889311 7.828017 0.608439 0.642036
43.299999 0.889967 7.834551 0.605582 0.642393
43.399998 0.890600 7.835300 0.606600 0.639300
43.500000 0.887277 7.815263 0.609422 0.637628
43.599998 0.889011 7.833616 0.611039 0.641036
43.700001 0.889089 7.832384 0.607561 0.638064
43.799999 0.889833 7.833750 0.604719 0.637709
43.899998 0.891646 7.834617 0.603602 0.639720
44.000000 0.891011 7.836816 0.604440 0.640536
44.099998 0.890889 7.839584 0.604360 0.639464
44.200001 0.890622 7.838633 0.600280 0.639572
44.299999 0.890333 7.838149 0.599120 0.641508
44.399998 0.890100 7.836000 0.597000 0.640700
44.500000 0.890533 7.837449 0.598221 0.639408
44.599998 0.887778 7.823065 0.597820 0.641328
44.700001 0.889933 7.838248 0.599020 0.639808
44.799999 0.890367 7.836851 0.596579 0.637691
44.899998 0.892154 7.837781 0.599001 0.638081
45.000000 0.890478 7.823864 0.594319 0.635527
45.099998 0.893143 7.841263 0.592063 0.636046
45.200001 0.892989 7.840884 0.590459 0.632963
45.299999 0.891800 7.825600 0.588800 0.635300
45.399998 0.893668 7.840052 0.586376 0.633890
45.500000 0.893379 7.841969 0.586117 0.634327
45.599998 0.892789 7.839384 0.577058 0.635364
45.700001 0.892035 7.838803 0.582249 0.634881
45.799999 0.892043 7.839164 0.584866 0.632847
45.899998 0.887555 7.809424 0.583133 0.629352
46.000000 0.888644 7.818709 0.586093 0.630215
46.099998 0.891757 7.837735 0.586535 0.630752
46.200001 0.889800 7.827699 0.581600 0.628700
46.299999 0.891309 7.838262 0.582018 0.631369
46.399998 0.889967 7.824347 0.579074 0.630589
46.500000 0.889889 7.832983 0.580958 0.632763
46.599998 0.889367 7.837451 0.581274 0.633690
46.700001 0.889600 7.839400 0.579300 0.633000
46.799999 0.890789 7.842884 0.578358 0.635564
46.899998 0.890956 7.841437 0.578531 0.633453
47.000000 0.891678 7.840868 0.577716 0.636427
47.099998 0.892422 7.839032 0.575485 0.635773
47.200001 0.892979 7.837367 0.573215 0.636027
47.299999 0.892132 7.835549 0.570829 0.636009
47.399998 0.893189 7.838183 0.569757 0.633363
47.500000 0.891500 7.828900 0.565500 0.632800
47.599998 0.891868 7.832650 0.560768 0.631489
47.700001 0.892600 7.840800 0.560900 0.633100
47.799999 0.893036 7.840904 0.562838 0.632980
47.899998 0.893789 7.841884 0.564056 0.633363
48.000000 0.893789 7.840084 0.563756 0.635364
48.099998 0.892000 7.831900 0.561600 0.629700
48.200001 0.893300 7.838799 0.561400 0.632200
48.299999 0.891578 7.830166 0.557812 0.630026
48.399998 0.892846 7.834517 0.555278 0.629615
48.500000 0.892689 7.834784 0.558056 0.628363
48.599998 0.893389 7.837684 0.561756 0.629363
48.700001 0.892389 7.830983 0.560356 0.627463
48.799999 0.892489 7.835083 0.556656 0.630163
48.899998 0.892257 7.835734 0.556723 0.632253
49.000000 0.893411 7.837316 0.557144 0.632837
49.099998 0.893836 7.836102 0.553932 0.631579
49.200001 0.894100 7.835100 0.554700 0.631200
49.299999 0.891778 7.817663 0.550210 0.627826
49.399998 0.893585 7.834433 0.547062 0.628997
49.500000 0.893926 7.837486 0.544281 0.627439
49.599998 0.894064 7.836798 0.540676 0.629522
49.700001 0.893089 7.836784 0.538754 0.628163
49.799999 0.893947 7.835418 0.534767 0.631816
49.899998 0.894011 7.838016 0.529447 0.630337
50.000000 0.892546 7.824112 0.531566 0.632016
50.099998 0.893232 7.836549 0.532340 0.633410
50.200001 0.894684 7.839824 0.528882 0.636901
50.299999 0.892046 7.821410 0.526963 0.640420
50.399998 0.894511 7.834716 0.524248 0.639736
50.500000 0.891478 7.815864 0.520904 0.637628
50.599998 0.893211 7.837016 0.519648 0.639236
50.700001 0.894363 7.838297 0.519388 0.635419
50.799999 0.892968 7.831450 0.517155 0.635391
50.899998 0.893758 7.838235 0.514106 0.637655
51.000000 0.894458 7.839235 0.513906 0.635554
51.099998 0.893689 7.837183 0.514151 0.633163
51.199997 0.892478 7.830166 0.513203 0.626825
51.299999 0.894253 7.840080 0.512244 0.627986
51.399998 0.893758 7.840336 0.508003 0.628051
51.500000 0.895269 7.841053 0.505752 0.628188
51.599998 0.893536 7.833600 0.503802 0.627076
51.699997 0.893268 7.828249 0.505152 0.626288
51.799999 0.893915 7.838571 0.507806 0.623899
51.899998 0.894158 7.838535 0.507603 0.623449
52.000000 0.893743 7.836766 0.505798 0.619552
52.099998 0.892489 7.826182 0.507651 0.618562
52.199997 0.892143 7.834666 0.511495 0.619352
52.299999 0.889989 7.815482 0.510251 0.619862
52.399998 0.891278 7.832967 0.516703 0.620324
52.500000 0.890200 7.828500 0.516500 0.615600
52.599998 0.889089 7.821782 0.516652 0.613461
52.699997 0.888655 7.824329 0.513005 0.610844
52.799999 0.888044 7.826714 0.515258 0.612106
52.899998 0.889000 7.832100 0.514500 0.612600
53.000000 0.888867 7.829849 0.515855 0.610383
53.099998 0.888034 7.829251 0.515045 0.610617
53.199997 0.887800 7.828100 0.514000 0.612500
53.299999 0.888088 7.831732 0.513814 0.610911
53.399998 0.887600 7.831100 0.513800 0.605200
53.500000 0.887311 7.828117 0.513749 0.605939
53.599998 0.886211 7.820518 0.511949 0.601440
53.699997 0.886766 7.823147 0.511553 0.602281
53.799999 0.888300 7.828600 0.516300 0.599400
53.899998 0.888066 7.829949 0.515855 0.597079
54.000000 0.888744 7.832416 0.515858 0.595198
54.099998 0.889089 7.831783 0.519552 0.595260
54.199997 0.885523 7.802939 0.519596 0.595881
54.299999 0.890000 7.832500 0.523000 0.597100
54.399998 0.889678 7.832867 0.521704 0.595719
54.500000 0.889366 7.834898 0.519888 0.595143
54.599998 0.887100 7.819200 0.518200 0.591400
54.699997 0.888189 7.831883 0.519952 0.593359
54.799999 0.887989 7.830083 0.518952 0.593659
54.899998 0.889633 7.837049 0.524043 0.595221
55.000000 0.890033 7.836149 0.522943 0.591623
55.099998 0.888444 7.828514 0.523662 0.589295
55.199997 0.890656 7.835034 0.525210 0.587035
55.299999 0.890056 7.836635 0.527311 0.589436
55.399998 0.889311 7.835817 0.525047 0.592641
55.500000 0.889976 7.839257 0.522165 0.591354
55.599998 0.889122 7.837732 0.520396 0.589582
55.699997 0.887589 7.822682 0.518852 0.592159
55.799999 0.889689 7.839283 0.516852 0.590859
55.899998 0.890478 7.837667 0.513003 0.588218
56.000000 0.891122 7.836233 0.512997 0.588782
56.099998 0.890633 7.838849 0.512746 0.589523
56.199997 0.889911 7.838416 0.513449 0.590941
56.299999 0.888700 7.824700 0.509300 0.588500
56.399998 0.888967 7.833650 0.507852 0.590377
56.500000 0.890166 7.840595 0.507396 0.591645
56.599998 0.887700 7.822900 0.505600 0.590200
56.699997 0.890954 7.841979 0.505547 0.592904
56.799999 0.891454 7.841479 0.501849 0.590105
56.899998 0.891413 7.841573 0.498399 0.587770
57.000000 0.890455 7.839880 0.498351 0.587007
57.099998 0.889889 7.833083 0.495750 0.588559
57.199997 0.891022 7.840432 0.500400 0.586283
57.299999 0.890645 7.841921 0.501651 0.584292
57.399998 0.889289 7.832483 0.498350 0.583258
57.500000 0.890722 7.838632 0.499100 0.583783
57.599998 0.889589 7.837084 0.499650 0.581858
57.699997 0.890633 7.836549 0.497951 0.581925
57.799999 0.891965 7.837897 0.498001 0.579153
57.899998 0.892400 7.837699 0.498400 0.579200
58.000000 0.890067 7.823047 0.493548 0.580974
58.099998 0.890745 7.835318 0.494647 0.583092
58.199997 0.890844 7.835666 0.501899 0.584366
58.299999 0.891189 7.832183 0.500450 0.583958
58.399998 0.892222 7.835233 0.504699 0.583783
58.500000 0.893011 7.835817 0.503150 0.580642
58.599998 0.892857 7.834333 0.503201 0.579832
58.699997 0.890322 7.821036 0.501400 0.579984
58.799999 0.891778 7.833567 0.502500 0.577515
58.899998 0.891700 7.834600 0.500800 0.576900
59.000000 0.892022 7.833333 0.498400 0.576185
59.099998 0.892789 7.833683 0.500150 0.578858
59.199997 0.889967 7.809943 0.500050 0.577273
59.299999 0.892743 7.835366 0.504298 0.577669
59.399998 0.891857 7.834534 0.503601 0.572829
59.500000 0.890078 7.826966 0.503801 0.571314
59.599998 0.890789 7.832183 0.504350 0.568257
59.699997 0.889968 7.825590 0.506207 0.570084
59.799999 0.890322 7.832533 0.504799 0.568986
59.899998 0.888689 7.830382 0.505551 0.566857
60.000000 0.888400 7.831100 0.506000 0.565900
60.099998 0.888600 7.832200 0.504200 0.566800
60.199997 0.886843 7.825713 0.501951 0.568784
60.299999 0.886555 7.830232 0.502001 0.568928
60.399998 0.886300 7.830200 0.499500 0.572900
60.500000 0.885477 7.826365 0.497600 0.572615
60.599998 0.885834 7.831750 0.494052 0.572428
60.699997 0.886123 7.832034 0.491202 0.570486
60.799999 0.886711 7.831417 0.490651 0.570443
60.899998 0.886000 7.820200 0.492400 0.571300
61.000000 0.886643 7.830915 0.497049 0.571586
61.099998 0.886911 7.833017 0.495450 0.569643
61.199997 0.886455 7.831933 0.496599 0.564426
61.299999 0.887023 7.833933 0.498300 0.563487
61.399998 0.886054 7.835034 0.496799 0.563425
61.500000 0.887600 7.836800 0.496500 0.565900
61.599998 0.887566 7.836151 0.496349 0.564269
61.699997 0.888144 7.836519 0.492646 0.558379
61.799999 0.888467 7.832250 0.494448 0.558768
61.899998 0.889512 7.836769 0.494996 0.561349
62.000000 0.889233 7.834650 0.497051 0.560632
62.099998 0.890456 7.835134 0.497699 0.560124
62.199997 0.889378 7.832667 0.497099 0.557612
62.299999 0.889244 7.834766 0.499400 0.563175
62.399998 0.889845 7.834417 0.501051 0.562781
62.500000 0.889711 7.833916 0.500750 0.564244
62.599998 0.889422 7.834233 0.499300 0.566887
62.699997 0.889500 7.833600 0.496700 0.566900
62.799999 0.889489 7.834483 0.494149 0.565157
62.899998 0.887600 7.820200 0.489700 0.562500
63.000000 0.889289 7.833883 0.492749 0.562456
63.099998 0.890289 7.834784 0.490349 0.569757
63.199997 0.889378 7.834367 0.489098 0.567113
63.299999 0.889567 7.834051 0.486946 0.566170
63.399998 0.889789 7.834384 0.484548 0.566557
63.500000 0.889900 7.835401 0.484300 0.565500
63.599998 0.888844 7.828815 0.481341 0.562981
63.699997 0.889044 7.833267 0.481707 0.564874
63.799999 0.887644 7.821511 0.478439 0.567484
63.899998 0.887934 7.833250 0.483055 0.564331
64.000000 0.886589 7.824082 0.481348 0.562256
64.099998 0.887911 7.833416 0.478352 0.562644
64.199997 0.888767 7.834550 0.473942 0.562369
64.299995 0.888511 7.830517 0.476852 0.561344
64.400002 0.888578 7.834267 0.477195 0.564113
64.500000 0.890100 7.833300 0.474700 0.564700
64.599998 0.888478 7.825465 0.473195 0.565613
64.699997 0.888367 7.827448 0.470241 0.568771
64.799995 0.888100 7.822800 0.467900 0.568200
64.900002 0.889055 7.829185 0.466667 0.570715
65.000000 0.888722 7.830833 0.464707 0.568586
65.099998 0.888533 7.830651 0.463861 0.563331
65.199997 0.890034 7.830598 0.463678 0.564239
65.299995 0.890722 7.830034 0.463907 0.570086
65.400002 0.891557 7.833434 0.462185 0.570928
65.500000 0.893196 7.832951 0.461884 0.573384
65.599998 0.893068 7.830850 0.459338 0.569671
65.699997 0.893089 7.831984 0.459946 0.569157
65.799995 0.894079 7.832067 0.460792 0.570314
65.900002 0.892779 7.831966 0.462492 0.572114
66.000000 0.893400 7.832200 0.461900 0.571400
66.099998 0.893879 7.832266 0.465393 0.571914
66.199997 0.894211 7.834916 0.466253 0.570643
66.299995 0.892879 7.822865 0.463493 0.570614
66.400002 0.894700 7.835500 0.460300 0.572600
66.500000 0.895910 7.836416 0.458754 0.573943
66.599998 0.896142 7.833866 0.454018 0.574270
66.699997 0.895885 7.834218 0.454200 0.576334
66.799995 0.896131 7.835050 0.453964 0.574328
66.900002 0.896259 7.835635 0.453281 0.575030
67.000000 0.894800 7.827100 0.455100 0.574900
67.099998 0.894389 7.821882 0.454946 0.570857
67.199997 0.895179 7.833667 0.456891 0.575815
67.299995 0.896010 7.835917 0.458854 0.575042
67.400002 0.895558 7.833233 0.455182 0.574830
67.500000 0.896248 7.835418 0.457129 0.577089
67.599998 0.895037 7.832900 0.459276 0.577346
67.699997 0.895190 7.834083 0.459746 0.575158
67.799995 0.893200 7.815800 0.457700 0.574300
67.900002 0.896590 7.834784 0.458746 0.576058
68.000000 0.895858 7.829532 0.459184 0.577931
68.099998 0.896490 7.834084 0.452145 0.578558
68.199997 0.896300 7.828800 0.452700 0.579100
68.299995 0.894979 7.827065 0.454391 0.580616
68.400002 0.896235 7.834714 0.449316 0.580046
68.500000 0.895521 7.835033 0.446011 0.583283
68.599998 0.896058 7.835635 0.444978 0.584834
68.699997 0.894832 7.829951 0.446866 0.584725
68.799995 0.895758 7.837635 0.449280 0.581333
68.900002 0.893994 7.824625 0.449650 0.579980
69.000000 0.894784 7.828011 0.446691 0.578236
69.099998 0.896310 7.835916 0.447455 0.579142
69.199997 0.896000 7.831000 0.444500 0.578600
69.299995 0.897162 7.832401 0.445233 0.579852
69.400002 0.894500 7.812100 0.442500 0.577700
69.500000 0.896800 7.830200 0.444600 0.580000
69.599998 0.895527 7.820574 0.445512 0.580006
69.699997 0.896221 7.829734 0.445911 0.579984
69.799995 0.896600 7.829700 0.443800 0.577800
69.900002 0.895479 7.826065 0.441088 0.577115
70.000000 0.896000 7.826701 0.438400 0.579500
70.099998 0.892968 7.808242 0.435931 0.577973
70.199997 0.894842 7.826869 0.437825 0.579668
70.299995 0.893179 7.810362 0.438088 0.575315
70.400002 0.894721 7.825235 0.438312 0.577784
70.500000 0.895090 7.825882 0.440344 0.580358
70.599998 0.895379 7.827165 0.439888 0.580216
70.699997 0.894947 7.826714 0.438619 0.579390
70.799995 0.894521 7.825435 0.436513 0.578984
70.900002 0.894200 7.822500 0.436600 0.580300
71.000000 0.892600 7.817700 0.436600 0.581600
71.099998 0.892989 7.821182 0.434943 0.580658
71.199997 0.893457 7.822229 0.433173 0.583333
71.299995 0.893189 7.814782 0.434343 0.584758
71.400002 0.894558 7.819428 0.434674 0.584334
71.500000 0.895600 7.825300 0.435000 0.582700
71.599998 0.895300 7.817500 0.433900 0.579500
71.699997 0.895969 7.829249 0.430329 0.575973
71.799995 0.895158 7.831033 0.428071 0.573229
71.900002 0.895721 7.830634 0.427415 0.575585
72.000000 0.894100 7.822400 0.425900 0.573700
72.099998 0.892789 7.812780 0.424942 0.572857
72.199997 0.890702 7.803023 0.426284 0.571214
72.299995 0.893289 7.827783 0.427243 0.567157
72.400002 0.894111 7.828717 0.424058 0.566843
72.500000 0.894847 7.828414 0.422811 0.567984
72.599998 0.894800 7.829100 0.421900 0.568000
72.699997 0.893500 7.821900 0.419200 0.570400
72.799995 0.893889 7.827483 0.417842 0.569957
72.900002 0.894589 7.827883 0.415042 0.571757
73.000000 0.893000 7.824100 0.416600 0.571400
73.099998 0.890389 7.804780 0.419242 0.571157
73.199997 0.893921 7.835433 0.421016 0.572386
73.299995 0.893868 7.835550 0.423527 0.570771
73.400002 0.893621 7.836733 0.419616 0.569486
73.500000 0.893089 7.837584 0.423442 0.571157
73.599998 0.891378 7.828266 0.420084 0.572014
73.699997 0.893343 7.833267 0.416633 0.572471
73.799995 0.894684 7.838222 0.417559 0.572430
73.900002 0.894689 7.835583 0.418642 0.570157
74.000000 0.893711 7.831917 0.420758 0.573243
74.099998 0.895390 7.834484 0.419342 0.570857
74.199997 0.895890 7.834484 0.422742 0.573757
74.299995 0.896038 7.836202 0.422153 0.569041
74.400002 0.896438 7.833500 0.419352 0.569442
74.500000 0.896890 7.836384 0.415642 0.568057
74.599998 0.896500 7.829900 0.416800 0.569600
74.699997 0.896541 7.835066 0.414234 0.567373
74.799995 0.897049 7.837619 0.412506 0.565083
74.900002 0.896979 7.838568 0.412382 0.561812
75.000000 0.897780 7.838468 0.411882 0.561612
75.099998 0.894947 7.814908 0.409005 0.561181
75.199997 0.897831 7.836849 0.410377 0.561632
75.299995 0.898510 7.837516 0.408659 0.560444
75.400002 0.897279 7.834367 0.406881 0.560112
75.500000 0.896210 7.836116 0.404460 0.560844
75.599998 0.895927 7.831682 0.402682 0.561093
75.699997 0.896248 7.834117 0.401801 0.558479
75.799995 0.896079 7.834667 0.402380 0.558912
75.900002 0.892368 7.807242 0.403821 0.558968
76.000000 0.889967 7.795439 0.401921 0.554666
76.099998 0.895237 7.835001 0.405243 0.558435
76.199997 0.895010 7.835217 0.402860 0.558644
76.299995 0.894810 7.835816 0.407559 0.559544
76.400002 0.895390 7.834783 0.403540 0.556356
76.500000 0.896259 7.834534 0.403962 0.555322
76.599998 0.895048 7.821911 0.404802 0.554377
76.699997 0.895642 7.837665 0.405538 0.550580
76.799995 0.895058 7.837535 0.401761 0.547919
76.900002 0.894763 7.836698 0.401959 0.550670
77.000000 0.893726 7.836986 0.400280 0.551986
77.099998 0.895048 7.836919 0.400500 0.548774
77.199997 0.895211 7.838616 0.402360 0.548445
77.299995 0.895896 7.839439 0.398699 0.549349
77.400002 0.895310 7.837916 0.398260 0.549345
77.500000 0.897618 7.840072 0.396017 0.550340
77.599998 0.896662 7.840496 0.393364 0.551669
77.699997 0.897241 7.843363 0.391244 0.545482
77.799995 0.897259 7.841237 0.389956 0.547119
77.900002 0.897720 7.840232 0.390222 0.546391
78.000000 0.896079 7.831966 0.393779 0.542608
78.099998 0.896158 7.830933 0.394458 0.541317
78.199997 0.896769 7.833050 0.396419 0.539462
78.299995 0.896148 7.836218 0.399800 0.538069
78.400002 0.896800 7.839300 0.399800 0.538500
78.500000 0.893389 7.815082 0.394839 0.535854
78.599998 0.896541 7.838964 0.394542 0.531787
78.699997 0.897069 7.840752 0.391718 0.529259
78.799995 0.897880 7.841568 0.392679 0.524805
78.900002 0.897500 7.837800 0.389300 0.524800
79.000000 0.899110 7.846416 0.388361 0.523048
79.099998 0.898310 7.837916 0.387161 0.521648
79.199997 0.898900 7.845699 0.388600 0.519900
79.299995 0.898459 7.848639 0.385654 0.521208
79.400002 0.898810 7.849415 0.383962 0.518748
79.500000 0.894258 7.818528 0.376751 0.518607
79.599998 0.896090 7.836283 0.378138 0.517952
79.699997 0.896990 7.845685 0.378438 0.521652
79.799995 0.896217 7.845476 0.378703 0.519716
79.900002 0.896610 7.846715 0.381162 0.519648
80.000000 0.895710 7.844516 0.380762 0.520048
80.099998 0.894668 7.831749 0.380014 0.519856
80.199997 0.897390 7.844884 0.377538 0.519452
80.299995 0.895669 7.836851 0.379314 0.515355
80.400002 0.897000 7.844200 0.376600 0.514700
80.500000 0.896779 7.842769 0.374875 0.515503
80.599998 0.897010 7.844716 0.373563 0.516648
80.699997 0.896421 7.844032 0.372925 0.509698
80.799995 0.896179 7.841467 0.374975 0.505201
80.900002 0.897500 7.841900 0.370800 0.508400
81.000000 0.897910 7.842916 0.366563 0.509349
81.099998 0.897159 7.842237 0.367647 0.510504
81.199997 0.895737 7.837202 0.368821 0.509506
81.299995 0.897059 7.839836 0.369048 0.508303
81.400002 0.898480 7.844069 0.367173 0.505201
81.500000 0.897449 7.836518 0.367484 0.505153
81.599998 0.898510 7.839116 0.366363 0.505049
81.699997 0.899330 7.840648 0.362591 0.504349
81.799995 0.900240 7.841605 0.361417 0.502501
81.900002 0.899390 7.839484 0.361536 0.501650
82.000000 0.899780 7.842469 0.361072 0.502801
82.099998 0.900170 7.842853 0.358608 0.499550
82.199997 0.900200 7.843143 0.358759 0.500300
82.299995 0.899050 7.841521 0.355678 0.505353
82.400002 0.898741 7.841363 0.352559 0.505298
82.500000 0.898320 7.837133 0.352430 0.506299
82.599998 0.899160 7.842037 0.354042 0.510104
82.699997 0.898980 7.837867 0.351570 0.509802
82.799995 0.898269 7.833850 0.348505 0.507252
82.900002 0.897090 7.829383 0.347335 0.505551
83.000000 0.897221 7.836632 0.347530 0.506599
83.099998 0.896279 7.831866 0.348470 0.509602
83.199997 0.898159 7.838435 0.349140 0.517107
83.299995 0.899420 7.839432 0.345731 0.517896
83.400002 0.899171 7.840012 0.343360 0.519636
83.500000 0.898790 7.838583 0.344434 0.519952
83.599998 0.899129 7.837686 0.345242 0.521065
83.699997 0.898500 7.831700 0.344700 0.523100
83.799995 0.899750 7.841821 0.344272 0.523862
83.900002 0.900230 7.842047 0.342297 0.523243
84.000000 0.901180 7.843969 0.339868 0.520904
84.099998 0.901729 7.844147 0.337999 0.523743
84.199997 0.901690 7.841784 0.337634 0.523252
84.299995 0.901800 7.841800 0.339500 0.523400
84.400002 0.902039 7.842362 0.338465 0.524590
84.500000 0.902210 7.842216 0.337266 0.525147
84.599998 0.903610 7.842616 0.333867 0.526547
84.699997 0.903781 7.844369 0.331466 0.524405
84.799995 0.903971 7.847554 0.332600 0.524757
84.900002 0.904110 7.847615 0.331267 0.525447
85.000000 0.901971 7.833850 0.330199 0.519556
85.099998 0.903203 7.842843 0.331532 0.519219
85.199997 0.905000 7.848200 0.325200 0.522900
85.299995 0.903032 7.833984 0.323226 0.519464
85.400002 0.905181 7.845369 0.323465 0.524405
85.500000 0.905300 7.844800 0.321000 0.523800
85.599998 0.905209 7.846116 0.319168 0.527947
85.699997 0.904867 7.846408 0.317478 0.527031
85.799995 0.905300 7.847400 0.318200 0.528200
85.900002 0.904643 7.836802 0.313988 0.527817
86.000000 0.903461 7.828432 0.311925 0.526010
86.099998 0.903403 7.831832 0.315816 0.525726
86.199997 0.904271 7.844954 0.315395 0.526958
86.299995 0.903400 7.841100 0.316900 0.529700
86.400002 0.904300 7.844300 0.317900 0.530700
86.500000 0.903771 7.844753 0.320596 0.529459
86.599998 0.903938 7.844963 0.323870 0.530588
86.699997 0.904010 7.845315 0.322268 0.531647
86.799995 0.903171 7.845654 0.318896 0.528259
86.900002 0.903419 7.846531 0.316937 0.526595
87.000000 0.903758 7.846192 0.317110 0.526484
87.099998 0.904010 7.846516 0.316068 0.523448
87.199997 0.902490 7.834084 0.315832 0.521252
87.299995 0.904238 7.846061 0.312975 0.521192
87.400002 0.904000 7.846700 0.311400 0.518200
87.500000 0.903661 7.843838 0.313525 0.519108
87.599998 0.901501 7.831031 0.314615 0.520120
87.699997 0.902461 7.839436 0.313525 0.520708
87.799995 0.901861 7.835834 0.310024 0.520608
87.900002 0.903610 7.844716 0.312269 0.522548
88.000000 0.903381 7.844969 0.311062 0.521404
88.099998 0.900230 7.823876 0.309717 0.519464
88.199997 0.900120 7.829834 0.307938 0.518996
88.299995 0.901040 7.844862 0.306178 0.522991
88.400002 0.900100 7.838600 0.309100 0.521000
88.500000 0.899920 7.841874 0.311249 0.521117
88.599998 0.899370 7.841653 0.309293 0.519556
88.699997 0.899920 7.843331 0.307538 0.515197
88.799995 0.899360 7.844637 0.307923 0.516507
88.900002 0.898449 7.836218 0.305453 0.518759
89.000000 0.899370 7.842510 0.305886 0.522334
89.099998 0.898870 7.842253 0.304791 0.519456
89.199997 0.900220 7.844331 0.303439 0.518896
89.299995 0.898950 7.835418 0.302851 0.524362
89.400002 0.901620 7.845931 0.303539 0.524895
89.500000 0.901541 7.844707 0.301781 0.525815
89.599998 0.902549 7.846277 0.299350 0.524238
89.699997 0.902500 7.845300 0.299300 0.527400
89.799995 0.901910 7.847015 0.296970 0.527947
89.900002 0.902449 7.847277 0.298651 0.524038
90.000000 0.902268 7.847607 0.299490 0.525632
90.099998 0.902578 7.849421 0.301859 0.527278
90.199997 0.903271 7.840252 0.304391 0.525458
90.299995 0.904000 7.846300 0.303700 0.527400
90.400002 0.903910 7.848415 0.303870 0.528547
90.500000 0.904262 7.850240 0.307023 0.526611
90.599998 0.901690 7.835683 0.306831 0.524652
90.699997 0.903529 7.848845 0.305508 0.529041
90.799995 0.903652 7.849625 0.303652 0.530565
90.900002 0.901880 7.838568 0.306561 0.532807
91.000000 0.902141 7.844707 0.308085 0.531119
91.099998 0.902310 7.847616 0.306969 0.529647
91.199997 0.903110 7.850914 0.306869 0.527647
91.299995 0.902900 7.852200 0.305000 0.527100
91.400002 0.902961 7.850841 0.303621 0.525210
91.500000 0.902810 7.849915 0.303870 0.523648
91.599998 0.902422 7.852181 0.303443 0.523219
91.699997 0.900770 7.843453 0.303491 0.520856
91.799995 0.901771 7.853256 0.305392 0.522957
91.900002 0.901392 7.850235 0.306037 0.521974
92.000000 0.900910 7.851115 0.307269 0.521148
92.099998 0.900020 7.849330 0.304339 0.523795
92.199997 0.900720 7.850130 0.301440 0.528894
92.299995 0.901140 7.851060 0.298181 0.527389
92.400002 0.900410 7.845416 0.297970 0.527647
92.500000 0.903290 7.854286 0.298930 0.528353
92.599998 0.902500 7.846600 0.297300 0.529200
92.699997 0.904029 7.855043 0.298011 0.531241
92.799995 0.903229 7.851844 0.294612 0.530141
92.900002 0.900050 7.829115 0.294947 0.530565
93.000000 0.901810 7.851115 0.293571 0.534347
93.099998 0.901600 7.851300 0.293400 0.535500
93.199997 0.901880 7.851170 0.292358 0.535407
93.299995 0.901639 7.851460 0.294082 0.535786
93.400002 0.902049 7.849875 0.295552 0.533333
93.500000 0.903200 7.848700 0.296900 0.534300
93.599998 0.903290 7.849485 0.296430 0.531453
93.699997 0.904000 7.852000 0.296400 0.531600
93.799995 0.903261 7.841837 0.296519 0.532513
93.900002 0.904900 7.851599 0.295300 0.537600
94.000000 0.904619 7.850730 0.293241 0.538592
94.099998 0.903500 7.838000 0.293200 0.533900
94.199997 0.904581 7.848869 0.292158 0.533207
94.299995 0.903490 7.845484 0.290629 0.537154
94.400002 0.903510 7.849915 0.288671 0.535846
94.500000 0.902300 7.837299 0.288900 0.535100
94.599998 0.903500 7.845900 0.292800 0.535700
94.699997 0.901600 7.831100 0.290200 0.533700
94.799995 0.903590 7.843385 0.287929 0.534353
94.900002 0.904262 7.847539 0.285214 0.533513
95.000000 0.903500 7.845400 0.280800 0.534300
95.099998 0.904271 7.848254 0.282085 0.538161
95.199997 0.903490 7.847885 0.283128 0.537954
95.299995 0.900590 7.834084 0.284728 0.537454
95.400002 0.902251 7.845623 0.280840 0.536768
95.500000 0.901971 7.848854 0.281885 0.536461
95.599998 0.901521 7.850780 0.282926 0.536629
95.699997 0.901710 7.851415 0.283472 0.538346
95.799995 0.902302 7.851451 0.285085 0.538539
95.900002 0.901070 7.850855 0.283285 0.540562
96.000000 0.898659 7.835734 0.281212 0.539416
96.099998 0.900110 7.850514 0.282872 0.537746
96.199997 0.900530 7.850395 0.281797 0.540679
96.299995 0.899910 7.851715 0.282372 0.542246
96.400002 0.899620 7.853829 0.278944 0.543491
96.500000 0.899460 7.853041 0.278011 0.541116
96.599998 0.898129 7.843491 0.277294 0.540378
96.699997 0.898000 7.841900 0.274900 0.539800
96.799995 0.899090 7.851485 0.272727 0.536954
96.900002 0.899380 7.850770 0.274655 0.534907
97.000000 0.898010 7.848115 0.274573 0.534847
97.099998 0.897618 7.848279 0.274720 0.535428
97.199997 0.897190 7.845984 0.273527 0.537554
97.299995 0.895700 7.837300 0.277200 0.534100
97.400002 0.896990 7.845085 0.274627 0.537054
97.500000 0.897310 7.846015 0.277372 0.532447
97.599998 0.897049 7.843222 0.274237 0.533667
97.699997 0.897469 7.843553 0.276783 0.530559
97.799995 0.896359 7.844238 0.278011 0.527611
97.900002 0.896552 7.845977 0.276362 0.528836
98.000000 0.896400 7.845799 0.274800 0.528000
98.099998 0.896841 7.847261 0.270792 0.528489
98.199997 0.897172 7.846208 0.270910 0.525132
98.299995 0.896890 7.844684 0.268527 0.523652
98.400002 0.897492 7.845639 0.268159 0.518833
98.500000 0.897969 7.841753 0.266880 0.518456
98.599998 0.896169 7.827949 0.264579 0.516055
98.699997 0.897190 7.834984 0.265327 0.514351
98.799995 0.897579 7.833967 0.261452 0.515303
98.900002 0.898700 7.838400 0.262000 0.517000
99.000000 0.898630 7.838549 0.259922 0.515145
99.099998 0.897390 7.830583 0.257626 0.515051
99.199997 0.898510 7.839016 0.255174 0.511849
99.299995 0.896779 7.828166 0.256551 0.508502
99.400002 0.897369 7.840252 0.256177 0.504351
99.500000 0.896800 7.840700 0.256200 0.502200
99.599998 0.895279 7.832466 0.255751 0.502200
99.699997 0.896345 7.840560 0.257687 0.502654
99.799995 0.896010 7.832817 0.258274 0.501250
99.900002 0.896452 7.838680 0.263568 0.501449
100.000000 0.897049 7.839921 0.260230 0.499650
100.099998 0.896979 7.839168 0.257051 0.502801
100.199997 0.894658 7.821329 0.258703 0.499000
100.299995 0.896428 7.834284 0.259882 0.498149
100.400002 0.897290 7.840484 0.261026 0.499750
100.500000 0.896490 7.839385 0.259826 0.497750
100.599998 0.894289 7.817282 0.260026 0.496550
100.699997 0.896510 7.839716 0.262274 0.496150
100.799995 0.896279 7.833667 0.258352 0.498700
100.900002 0.897279 7.839668 0.257852 0.502200
101.000000 0.896900 7.836400 0.259700 0.505400
101.099998 0.897469 7.839452 0.258077 0.508553
101.199997 0.897449 7.840020 0.258929 0.507854
101.299995 0.896169 7.838951 0.260878 0.509953
101.400002 0.895810 7.837116 0.261874 0.510449
101.500000 0.896110 7.835817 0.260874 0.512549
101.599998 0.896379 7.836567 0.261352 0.515803
101.699997 0.895690 7.836884 0.262326 0.520052
101.799995 0.895615 7.835281 0.260613 0.517031
101.900002 0.896079 7.835267 0.258052 0.515903
102.000000 0.896321 7.839132 0.259748 0.515897
102.099998 0.896310 7.840616 0.257674 0.519048
102.199997 0.891878 7.812562 0.253551 0.519204
102.299995 0.894921 7.839432 0.256449 0.516697
102.399994 0.893379 7.828165 0.256551 0.512102
102.500000 0.894100 7.841000 0.253900 0.513600
102.599998 0.893211 7.834317 0.253675 0.512849
102.699997 0.893811 7.844316 0.255174 0.513549
102.799995 0.891300 7.817500 0.254200 0.512500
102.899994 0.892725 7.834084 0.256780 0.515461
103.000000 0.894226 7.842289 0.256279 0.518263
103.099998 0.894900 7.842700 0.258000 0.516600
103.199997 0.891457 7.824630 0.259904 0.517607
103.299995 0.893947 7.841921 0.265233 0.524162
103.399994 0.894568 7.840752 0.265880 0.522857
103.500000 0.894969 7.839852 0.264679 0.522257
103.599998 0.895742 7.841564 0.263495 0.518892
103.699997 0.895142 7.844862 0.263395 0.516493
103.799995 0.893868 7.837951 0.264579 0.515555
103.899994 0.894368 7.840452 0.264379 0.514754
104.000000 0.895152 7.841479 0.265767 0.518141
104.099998 0.892679 7.829266 0.264453 0.518104
104.199997 0.893636 7.833000 0.264659 0.519212
104.299995 0.894611 7.839116 0.263074 0.520048
104.399994 0.894489 7.839184 0.264026 0.519952
104.500000 0.895410 7.841016 0.260274 0.520448
104.599998 0.895358 7.837135 0.261905 0.524110
104.699997 0.896210 7.844316 0.266573 0.523948
104.799995 0.895310 7.840516 0.267373 0.521948
104.899994 0.895000 7.835900 0.265500 0.526500
105.000000 0.896169 7.844053 0.267680 0.526258
105.099998 0.895300 7.842900 0.266800 0.522800
105.199997 0.894168 7.838251 0.267680 0.523257
105.299995 0.893989 7.835284 0.267727 0.525353
105.399994 0.893800 7.833000 0.262400 0.527400
105.500000 0.896079 7.844869 0.260952 0.533007
105.599998 0.895058 7.836335 0.258103 0.536114
105.699997 0.894931 7.842846 0.261522 0.536139
105.799995 0.895463 7.842195 0.259544 0.541875
105.899994 0.895100 7.840500 0.258800 0.541100
106.000000 0.894700 7.842500 0.259000 0.540400
106.099998 0.894611 7.842616 0.258974 0.543046
106.199997 0.895321 7.843931 0.259548 0.545391
106.299995 0.893257 7.829933 0.258403 0.544918
106.399994 0.894821 7.841631 0.255349 0.542991
106.500000 0.895800 7.842299 0.256000 0.546900
106.599998 0.896231 7.842547 0.253624 0.542837
106.699997 0.895627 7.842089 0.251976 0.543080
106.799995 0.892879 7.822565 0.254151 0.540008
106.899994 0.895211 7.840117 0.257874 0.541346
107.000000 0.895273 7.839112 0.256620 0.541321
107.099998 0.895531 7.842048 0.255423 0.539438
107.199997 0.896400 7.843300 0.256800 0.537400
107.299995 0.896338 7.843205 0.259055 0.539724
107.399994 0.897100 7.844000 0.253700 0.542200
107.500000 0.897200 7.842800 0.251900 0.541400
107.599998 0.897500 7.841200 0.251500 0.540300
107.699997 0.897110 7.840816 0.252775 0.536546
107.799995 0.897390 7.842385 0.254125 0.535454
107.899994 0.897959 7.843537 0.251701 0.533413
108.000000 0.897400 7.830600 0.251600 0.529400
108.099998 0.899150 7.842721 0.250825 0.526463
108.199997 0.895200 7.820100 0.250000 0.527600
108.299995 0.897272 7.840012 0.251724 0.527431
108.399994 0.896600 7.838700 0.252400 0.526300
108.500000 0.896941 7.838165 0.251499 0.529588
108.599998 0.895179 7.828866 0.254951 0.528006
108.699997 0.896279 7.837168 0.253851 0.525405
108.799995 0.895027 7.825778 0.255779 0.521865
108.899994 0.896910 7.838516 0.260574 0.520448
109.000000 0.896200 7.838800 0.260000 0.520800
109.099998 0.895969 7.838351 0.256377 0.522357
109.199997 0.895658 7.831732 0.254402 0.521208
109.299995 0.895600 7.837000 0.255000 0.523000
109.399994 0.895142 7.836365 0.254698 0.519692
109.500000 0.894747 7.832116 0.252126 0.519060
109.599998 0.896552 7.835982 0.252374 0.519740
109.699997 0.896628 7.835585 0.250976 0.517762
109.799995 0.894468 7.823847 0.248875 0.514554
109.899994 0.895037 7.832800 0.250250 0.512407
110.000000 0.893900 7.828500 0.248700 0.509600
110.099998 0.894111 7.832817 0.250075 0.510849
110.199997 0.893900 7.832200 0.250000 0.512300
110.299995 0.895200 7.833700 0.252400 0.510400
110.399994 0.895931 7.835350 0.255723 0.510747
110.500000 0.896890 7.836184 0.254925 0.508851
110.599998 0.896669 7.829749 0.254876 0.508453
110.699997 0.898870 7.838552 0.251976 0.512054
110.799995 0.900150 7.838420 0.250125 0.510455
110.899994 0.898870 7.834451 0.248174 0.511253
111.000000 0.898600 7.830700 0.247900 0.509300
111.099998 0.899200 7.837000 0.247400 0.510800
111.199997 0.899090 7.831083 0.246525 0.511251
111.299995 0.898980 7.834967 0.245449 0.509002
111.399994 0.897739 7.824895 0.244247 0.505103
111.500000 0.898890 7.833883 0.246125 0.506751
111.599998 0.898830 7.834949 0.243127 0.506248
111.699997 0.897890 7.828983 0.241624 0.505251
111.799995 0.897100 7.828101 0.240900 0.503700
111.899994 0.897782 7.836231 0.239608 0.501898
112.000000 0.898430 7.838349 0.240428 0.495351
112.099998 0.899800 7.841300 0.241300 0.491500
112.199997 0.900380 7.841410 0.240088 0.495094
112.299995 0.898980 7.831766 0.239848 0.494399
112.399994 0.900330 7.841548 0.244927 0.491153
112.500000 0.900750 7.841679 0.244678 0.490455
112.599998 0.901320 7.842731 0.245351 0.496601
112.699997 0.901621 7.844376 0.245396 0.491894
112.799995 0.902090 7.843385 0.248525 0.493849
112.899994 0.902400 7.842200 0.247000 0.493600
113.000000 0.902290 7.842184 0.244524 0.494949
113.099998 0.902819 7.844631 0.246251 0.492901
113.199997 0.902410 7.844115 0.246975 0.489651
113.299995 0.903371 7.843953 0.243573 0.483645
113.399994 0.902261 7.840136 0.242197 0.485294
113.500000 0.899980 7.827065 0.236547 0.484397
113.599998 0.901070 7.843253 0.239172 0.481244
113.699997 0.900630 7.842747 0.240728 0.480256
113.799995 0.902090 7.841485 0.238824 0.480748
113.899994 0.903610 7.845216 0.237776 0.480252
114.000000 0.904676 7.845923 0.232914 0.482014
114.099998 0.900450 7.815908 0.231616 0.478339
114.199997 0.902990 7.833083 0.230023 0.475648
114.299995 0.904438 7.839964 0.234106 0.476609
114.399994 0.905134 7.841789 0.236065 0.475733
114.500000 0.904733 7.845492 0.238467 0.475233
114.599998 0.904890 7.845485 0.236124 0.476748
114.699997 0.905200 7.845799 0.236700 0.473900
114.799995 0.903142 7.837603 0.233840 0.472383
114.899994 0.901941 7.835501 0.232640 0.474385
115.000000 0.902700 7.846800 0.233400 0.474200
115.099998 0.902619 7.848230 0.235353 0.478204
115.199997 0.902468 7.847007 0.235335 0.481563
115.299995 0.903248 7.847277 0.234183 0.482959
115.399994 0.902600 7.841800 0.234600 0.481400
115.500000 0.903371 7.847155 0.235071 0.484545
115.599998 0.902471 7.846554 0.235371 0.481144
115.699997 0.900500 7.833399 0.236800 0.479800
115.799995 0.902420 7.848430 0.241252 0.480204
115.899994 0.902858 7.847292 0.238157 0.480012
116.000000 0.901951 7.838719 0.239620 0.484142
116.099998 0.901470 7.839652 0.235071 0.483645
116.199997 0.901131 7.836185 0.234564 0.482738
116.299995 0.899180 7.819564 0.231946 0.482096
116.399994 0.901480 7.841769 0.228946 0.482096
116.500000 0.900900 7.839400 0.231900 0.481600
116.599998 0.901800 7.847200 0.233100 0.483100
116.699997 0.902100 7.847600 0.234500 0.483000
116.799995 0.901470 7.835651 0.233870 0.482345
116.899994 0.902010 7.841616 0.235876 0.481952
117.000000 0.902890 7.848885 0.237724 0.481148
117.099998 0.902839 7.848361 0.239004 0.482407
117.199997 0.902500 7.850400 0.239100 0.483100
117.299995 0.902710 7.852215 0.236276 0.480652
117.399994 0.904410 7.852315 0.234177 0.476952
117.500000 0.904029 7.845847 0.234130 0.478856
117.599998 0.904410 7.848715 0.233277 0.480152
117.699997 0.904052 7.849625 0.234817 0.484442
117.799995 0.903781 7.845369 0.233347 0.480196
117.899994 0.904781 7.849470 0.233847 0.476595
118.000000 0.904700 7.850200 0.234800 0.476200
118.099998 0.905219 7.850530 0.234053 0.479704
118.199997 0.904900 7.849000 0.229500 0.481700
118.299995 0.904829 7.846047 0.232430 0.477557
118.399994 0.904900 7.846700 0.232200 0.477600
118.500000 0.905391 7.847885 0.232223 0.478048
118.599998 0.905709 7.846515 0.233577 0.479652
118.699997 0.905991 7.848485 0.232523 0.478248
118.799995 0.903990 7.839884 0.231523 0.476948
118.899994 0.905071 7.847354 0.229469 0.476043
119.000000 0.906328 7.849545 0.231431 0.476557
119.099998 0.904990 7.839884 0.229723 0.474247
119.199997 0.906493 7.847752 0.231568 0.473227
119.299995 0.905953 7.844722 0.228914 0.470935
119.399994 0.905711 7.846293 0.229158 0.469038
119.500000 0.900571 7.810966 0.227624 0.469079
119.599998 0.903671 7.845554 0.227268 0.471541
119.699997 0.903810 7.846215 0.228177 0.472153
119.799995 0.904300 7.845800 0.226800 0.473300
119.899994 0.901490 7.835083 0.227423 0.473047
120.000000 0.902710 7.848615 0.227577 0.476752
120.099998 0.903439 7.848361 0.225210 0.482607
120.199997 0.901961 7.835234 0.226691 0.482393
120.299995 0.903400 7.847100 0.227900 0.480500
120.399994 0.899380 7.815464 0.227345 0.478496
120.500000 0.902961 7.845738 0.228691 0.477591
120.599998 0.901871 7.845354 0.230469 0.478944
120.699997 0.902261 7.845738 0.227591 0.481993
120.799995 0.901900 7.845300 0.224400 0.479700
120.899994 0.901449 7.845377 0.222789 0.480760
121.000000 0.901451 7.845823 0.224212 0.478439
121.099998 0.902120 7.846931 0.224755 0.480304
121.199997 0.902539 7.847462 0.225110 0.478109
121.299995 0.901861 7.845338 0.222889 0.480092
121.399994 0.901890 7.839684 0.221822 0.476448
121.500000 0.903239 7.848461 0.220012 0.475310
121.599998 0.902971 7.849155 0.219866 0.473942
121.699997 0.902719 7.847030 0.216657 0.476305
121.799995 0.901992 7.840625 0.215637 0.480929
121.899994 0.902971 7.843452 0.211964 0.481644
122.000000 0.903690 7.846884 0.210621 0.483648
122.099998 0.903152 7.849124 0.209405 0.481141
122.199997 0.903071 7.848855 0.208663 0.480544
122.299995 0.904529 7.848446 0.207538 0.479856
122.399994 0.904657 7.846492 0.209274 0.480712
122.500000 0.903762 7.843538 0.211184 0.482493
122.599998 0.904938 7.848561 0.209616 0.481607
122.699997 0.904414 7.848264 0.211190 0.485237
122.799995 0.903813 7.849064 0.210189 0.484436
122.899994 0.904310 7.848715 0.209679 0.487651
123.000000 0.904676 7.847101 0.211875 0.487834
123.099998 0.900300 7.810499 0.207600 0.486800
123.199997 0.903790 7.842784 0.209821 0.485549
123.299995 0.903810 7.843316 0.210279 0.485151
123.399994 0.904300 7.845600 0.208400 0.484800
123.500000 0.903281 7.845169 0.210242 0.486997
123.599998 0.902910 7.845815 0.207179 0.488551
123.699997 0.903000 7.844300 0.206200 0.487700
123.799995 0.902320 7.845031 0.205659 0.488202
123.899994 0.901270 7.832850 0.202461 0.487446
124.000000 0.900700 7.827900 0.204100 0.487700
124.099998 0.902810 7.843516 0.204080 0.487851
124.199997 0.901420 7.839432 0.204959 0.489502
124.299995 0.901980 7.839268 0.205041 0.486697
124.399994 0.902681 7.843068 0.204041 0.487097
124.500000 0.902690 7.844184 0.203720 0.485449
124.599998 0.901851 7.841821 0.202101 0.486043
124.699997 0.902320 7.843931 0.199860 0.486703
124.799995 0.902420 7.843232 0.203659 0.486403
124.899994 0.902600 7.843101 0.200700 0.489600
125.000000 0.902429 7.841547 0.204639 0.488054
125.099998 0.902229 7.843747 0.201640 0.488853
125.199997 0.902239 7.843063 0.199020 0.484506
125.299995 0.901680 7.844669 0.202440 0.484797
125.399994 0.902520 7.845531 0.199160 0.484203
125.500000 0.902529 7.846546 0.202039 0.480656
125.599998 0.903161 7.849840 0.199580 0.480792
125.699997 0.903239 7.849860 0.199220 0.475010
125.799995 0.903519 7.847731 0.199060 0.472506
125.899994 0.901971 7.839452 0.200360 0.471441
126.000000 0.902932 7.846093 0.201041 0.466927
126.099998 0.900450 7.828014 0.204602 0.462931
126.199997 0.902919 7.848830 0.208758 0.461808
126.299995 0.903310 7.846915 0.206279 0.463354
126.399994 0.901170 7.835450 0.205462 0.459538
126.500000 0.903229 7.846146 0.204939 0.461661
126.599998 0.901980 7.846069 0.203841 0.463193
126.699997 0.903013 7.846262 0.202883 0.462216
126.799995 0.903500 7.844900 0.203900 0.463200
126.899994 0.902829 7.841847 0.201340 0.464561
127.000000 0.903139 7.844962 0.200720 0.460716
127.099998 0.902751 7.842622 0.199500 0.459030
127.199997 0.902632 7.841789 0.198239 0.457320
127.299995 0.903762 7.845938 0.194078 0.459884
127.399994 0.902600 7.841600 0.191700 0.461400
127.500000 0.902922 7.846277 0.191553 0.458767
127.599998 0.901000 7.830700 0.190400 0.455500
127.699997 0.900670 7.824447 0.188457 0.455437
127.799995 0.903219 7.847030 0.186563 0.455509
127.899994 0.902849 7.846376 0.185307 0.452574
128.000000 0.902722 7.846978 0.180945 0.450460
128.099991 0.902590 7.847785 0.178218 0.450445
128.199997 0.898990 7.819882 0.179218 0.450045
128.300003 0.900941 7.841805 0.181709 0.450570
128.399994 0.901661 7.844338 0.184274 0.449380
128.500000 0.902110 7.843816 0.183282 0.446155
128.599991 0.898390 7.816182 0.181718 0.444344
128.699997 0.901800 7.843000 0.185900 0.449200
128.800003 0.902280 7.843468 0.185637 0.450490
128.899994 0.902610 7.846016 0.186481 0.448955
129.000000 0.901990 7.844285 0.191319 0.450545
129.099991 0.900980 7.842869 0.193839 0.449690
129.199997 0.899830 7.836948 0.196441 0.451864
129.300003 0.901200 7.845700 0.194100 0.458200
129.399994 0.901059 7.847991 0.191585 0.461623
129.500000 0.900830 7.849445 0.191043 0.462661
129.599991 0.900450 7.847724 0.189095 0.463132
129.699997 0.901630 7.850645 0.189343 0.461961
129.800003 0.902478 7.852018 0.190747 0.462930
129.899994 0.902080 7.853171 0.192338 0.460492
130.000000 0.901500 7.850900 0.189900 0.457500
130.099991 0.901890 7.850585 0.189219 0.462146
130.199997 0.903419 7.851330 0.188962 0.463607
130.300003 0.904090 7.852085 0.186219 0.463446
130.399994 0.904010 7.851915 0.184981 0.460354
130.500000 0.903458 7.853088 0.184090 0.460824
130.599991 0.902851 7.847224 0.186893 0.462431
130.699997 0.902800 7.849100 0.187100 0.461300
130.800003 0.901090 7.833484 0.187019 0.462846
130.899994 0.902590 7.849385 0.188019 0.465847
131.000000 0.902790 7.848085 0.186019 0.465046
131.099991 0.901880 7.845969 0.184437 0.463293
131.199997 0.903838 7.847361 0.186525 0.463215
131.300003 0.903900 7.846100 0.185600 0.464500
131.399994 0.904181 7.846769 0.185537 0.465193
131.500000 0.904443 7.846909 0.185311 0.465880
131.599991 0.903790 7.844285 0.184718 0.467447
131.699997 0.903410 7.842116 0.182482 0.466453
131.800003 0.900660 7.819828 0.179872 0.461685
131.899994 0.901800 7.839100 0.179500 0.465200
132.000000 0.902797 7.846853 0.175125 0.460340
132.099991 0.902183 7.845615 0.173608 0.461354
132.199997 0.902571 7.845654 0.174252 0.465840
132.300003 0.903510 7.845016 0.174183 0.464454
132.399994 0.903919 7.845531 0.170266 0.463007
132.500000 0.903581 7.844469 0.167934 0.464393
132.599991 0.904142 7.845207 0.167601 0.461877
132.699997 0.903800 7.841900 0.165700 0.460800
132.800003 0.902890 7.841984 0.168217 0.461546
132.899994 0.904071 7.846554 0.168951 0.460438
133.000000 0.904929 7.847146 0.169349 0.459662
133.099991 0.904752 7.846924 0.166083 0.457429
133.199997 0.904490 7.846085 0.165117 0.455746
133.300003 0.903600 7.844501 0.163600 0.457700
133.399994 0.902441 7.837402 0.164799 0.456374
133.500000 0.903361 7.846839 0.163665 0.458383
133.599991 0.902600 7.841500 0.161600 0.458200
133.699997 0.902932 7.846693 0.160612 0.458221
133.800003 0.904019 7.849330 0.159968 0.456409
133.899994 0.903962 7.848439 0.160564 0.452081
134.000000 0.905272 7.850755 0.161048 0.451135
134.099991 0.905809 7.848815 0.159484 0.448555
134.199997 0.905443 7.842505 0.160296 0.446368
134.300003 0.905628 7.847345 0.159352 0.447566
134.399994 0.904281 7.831466 0.160132 0.442889
134.500000 0.905500 7.850200 0.160400 0.444800
134.599991 0.903862 7.840837 0.161164 0.445378
134.699997 0.902390 7.835884 0.161516 0.441644
134.800003 0.903471 7.847555 0.162749 0.440932
134.899994 0.903539 7.846961 0.162935 0.442423
135.000000 0.902881 7.845469 0.161832 0.442288
135.099991 0.901080 7.838667 0.161832 0.440988
135.199997 0.901290 7.840284 0.160716 0.443444
135.300003 0.902761 7.847038 0.159964 0.440876
135.399994 0.902710 7.847116 0.161184 0.437956
135.500000 0.902881 7.847070 0.158732 0.438288
135.599991 0.902371 7.844454 0.158147 0.437731
135.699997 0.902619 7.845131 0.157668 0.439412
135.800003 0.900240 7.835602 0.158595 0.439864
135.899994 0.901320 7.844231 0.161068 0.441712
136.000000 0.900280 7.827166 0.162032 0.440288
136.099991 0.901270 7.838852 0.162349 0.441632
136.199997 0.901990 7.846785 0.163116 0.447945
136.300003 0.900980 7.838567 0.162733 0.445689
136.399994 0.898900 7.817000 0.161800 0.444900
136.500000 0.899930 7.834484 0.163014 0.441409
136.599991 0.902129 7.845546 0.162151 0.444867
136.699997 0.901290 7.840284 0.160416 0.443844
136.800003 0.902968 7.847207 0.161187 0.441591
136.899994 0.903310 7.846315 0.160484 0.440556
137.000000 0.903671 7.847855 0.159448 0.440432
137.099991 0.904200 7.848400 0.159000 0.445400
137.199997 0.903190 7.844085 0.160116 0.447445
137.300003 0.904810 7.848115 0.158484 0.443756
137.399994 0.901590 7.828483 0.158116 0.443244
137.500000 0.903871 7.850054 0.159448 0.447434
137.599991 0.901610 7.840916 0.160284 0.450255
137.699997 0.903400 7.849300 0.161700 0.450800
137.800003 0.903762 7.850240 0.161465 0.452081
137.899994 0.901590 7.834884 0.162716 0.450845
138.000000 0.900290 7.827583 0.165617 0.451245
138.099991 0.902290 7.845785 0.166617 0.451045
138.199997 0.903100 7.852100 0.167300 0.450400
138.300003 0.902290 7.850085 0.166217 0.452245
138.399994 0.902371 7.851655 0.165450 0.450535
138.500000 0.901561 7.849440 0.160264 0.449280
138.599991 0.901400 7.850100 0.159500 0.450200
138.699997 0.899970 7.842353 0.160748 0.450035
138.800003 0.900670 7.849155 0.163049 0.451435
138.899994 0.900170 7.850756 0.162749 0.453036
139.000000 0.900510 7.850215 0.163684 0.454655
139.099991 0.899100 7.842299 0.161500 0.452100
139.199997 0.899230 7.846446 0.159352 0.451665
139.300003 0.899710 7.848015 0.160784 0.452855
139.399994 0.899400 7.847600 0.161300 0.457200
139.500000 0.898970 7.846954 0.160148 0.455737
139.599991 0.899090 7.843585 0.162016 0.455846
139.699997 0.898400 7.844500 0.161900 0.458700
139.800003 0.898249 7.842822 0.162481 0.456128
139.899994 0.898300 7.844900 0.160500 0.457400
140.000000 0.896569 7.828449 0.160648 0.455337
140.099991 0.899010 7.843316 0.162084 0.457654
140.199997 0.898930 7.844246 0.158952 0.458662
140.300003 0.898970 7.844753 0.160548 0.454336
140.399994 0.895658 7.827130 0.160264 0.453081
140.500000 0.893272 7.814477 0.161193 0.451241
140.599991 0.896210 7.840616 0.161484 0.451255
140.699997 0.895369 7.833150 0.161749 0.449435
140.800003 0.896407 7.839155 0.161145 0.451106
140.899994 0.897279 7.840768 0.160732 0.449890
141.000000 0.896772 7.840212 0.160288 0.450784
141.099991 0.894279 7.821364 0.160132 0.451090
141.199997 0.893968 7.824347 0.159248 0.454136
141.300003 0.895990 7.841185 0.157816 0.454345
141.399994 0.895658 7.844638 0.156863 0.454382
141.500000 0.895300 7.843500 0.158200 0.454100
141.599991 0.893257 7.828331 0.158663 0.452081
141.699997 0.895452 7.844278 0.159020 0.453473
141.800003 0.894400 7.837500 0.160000 0.452500
141.899994 0.895821 7.843731 0.158668 0.454809
142.000000 0.895348 7.837319 0.157879 0.451826
142.099991 0.896769 7.841652 0.156147 0.449635
142.199997 0.896038 7.832500 0.154793 0.445667
142.300003 0.897121 7.843631 0.154269 0.445411
142.399994 0.899150 7.844322 0.155678 0.446823
142.500000 0.900620 7.846631 0.155569 0.448310
142.599991 0.899780 7.848570 0.153731 0.449290
142.699997 0.899399 7.849049 0.153954 0.451552
142.800003 0.899280 7.842569 0.152731 0.450690
142.899994 0.900280 7.849070 0.152831 0.454591
143.000000 0.899700 7.846500 0.153200 0.453900
143.099991 0.899520 7.846677 0.152322 0.452462
143.199997 0.900030 7.849995 0.153107 0.450315
143.300003 0.899910 7.848815 0.153185 0.449755
143.399994 0.899330 7.847745 0.151155 0.451764
143.500000 0.899410 7.848515 0.148485 0.448555
143.599991 0.899550 7.847877 0.149125 0.451774
143.699997 0.897579 7.842968 0.147229 0.454191
143.800003 0.899271 7.851005 0.148696 0.457480
143.899994 0.899410 7.851415 0.148785 0.459054
144.000000 0.899230 7.849845 0.145856 0.457763
144.099991 0.896169 7.823447 0.145544 0.456837
144.199997 0.899430 7.847046 0.147056 0.460062
144.300003 0.898549 7.835318 0.141771 0.458729
144.399994 0.899000 7.843200 0.141800 0.461600
144.500000 0.899900 7.846100 0.140500 0.462800
144.599991 0.899350 7.845523 0.139670 0.464032
144.699997 0.899610 7.848167 0.138048 0.463290
144.800003 0.897421 7.835333 0.137273 0.466507
144.899994 0.899460 7.845793 0.137118 0.460624
145.000000 0.899340 7.845808 0.135381 0.463878
145.099991 0.896938 7.831199 0.139284 0.466780
145.199997 0.899230 7.843946 0.139958 0.467260
145.300003 0.895148 7.811506 0.138269 0.463532
145.399994 0.898400 7.843100 0.138100 0.467000
145.500000 0.894726 7.812269 0.138197 0.467527
145.599991 0.897800 7.840600 0.136400 0.474900
145.699997 0.898369 7.839852 0.135841 0.475743
145.800003 0.898790 7.839984 0.135314 0.475248
145.899994 0.899950 7.841779 0.135332 0.476962
146.000000 0.899190 7.842484 0.136714 0.478848
146.099991 0.899180 7.827166 0.132927 0.477596
146.199997 0.901300 7.842400 0.133300 0.476100
146.300003 0.901690 7.846085 0.132313 0.476148
146.399994 0.901539 7.844563 0.131747 0.474010
146.500000 0.900450 7.840320 0.132966 0.472836
146.599991 0.900250 7.834917 0.133267 0.472736
146.699997 0.900930 7.844147 0.130861 0.471459
146.800003 0.899760 7.838835 0.130352 0.470788
146.899994 0.900990 7.842584 0.129113 0.471647
147.000000 0.899790 7.831783 0.131513 0.471947
147.099991 0.899490 7.831784 0.131613 0.475248
147.199997 0.900180 7.842969 0.132126 0.477596
147.300003 0.900170 7.842252 0.131539 0.480444
147.399994 0.900230 7.841847 0.132860 0.480856
147.500000 0.899610 7.836416 0.132387 0.479152
147.599991 0.900780 7.842868 0.133827 0.479096
147.699997 0.900750 7.843379 0.134133 0.476462
147.800003 0.900200 7.847400 0.135200 0.476300
147.899994 0.899530 7.848246 0.136659 0.477557
148.000000 0.896659 7.827831 0.137255 0.472589
148.099991 0.898710 7.846715 0.136286 0.478052
148.199997 0.898920 7.848730 0.133373 0.478604
148.300003 0.898530 7.848945 0.133860 0.475857
148.399994 0.895669 7.825448 0.133140 0.479744
148.500000 0.896890 7.838284 0.132213 0.477548
148.599991 0.897861 7.845892 0.131821 0.476714
148.699997 0.896269 7.833550 0.127338 0.473442
148.800003 0.898390 7.847684 0.126513 0.475047
148.899994 0.898690 7.848485 0.126513 0.482748
149.000000 0.897279 7.838267 0.122525 0.481296
149.099991 0.898539 7.846507 0.122273 0.481489
149.199997 0.898261 7.845593 0.119828 0.482710
149.300003 0.898890 7.846785 0.117512 0.487249
149.399994 0.898180 7.842369 0.117824 0.490798
149.500000 0.899260 7.843337 0.119848 0.491797
149.599991 0.898900 7.841900 0.118600 0.491900
149.699997 0.896690 7.828383 0.117812 0.486349
149.800003 0.896448 7.832517 0.117359 0.487744
149.899994 0.897110 7.841216 0.118988 0.493351
150.000000 0.898200 7.843100 0.118300 0.493100
150.099991 0.898510 7.842016 0.116188 0.492851
150.199997 0.899940 7.842263 0.115754 0.489804
150.300003 0.899910 7.844516 0.116188 0.488251
150.399994 0.898269 7.835450 0.114034 0.487846
150.500000 0.898890 7.845284 0.111711 0.487349
150.599991 0.899690 7.845085 0.113211 0.491049
150.699997 0.900589 7.846138 0.112499 0.487661
150.800003 0.899840 7.840263 0.113355 0.488605
150.899994 0.898269 7.823847 0.111533 0.485646
151.000000 0.900510 7.844316 0.112889 0.485551
151.099991 0.899880 7.836067 0.114723 0.487598
151.199997 0.898910 7.838216 0.116288 0.489351
151.300003 0.896779 7.826165 0.117123 0.486397
151.399994 0.898780 7.843268 0.119724 0.489698
151.500000 0.898520 7.842231 0.119676 0.490202
151.599991 0.898159 7.839536 0.120848 0.491297
151.699997 0.898551 7.838881 0.119540 0.493553
151.800003 0.898320 7.841432 0.118476 0.492102
151.899994 0.898960 7.842737 0.117647 0.490396
152.000000 0.898080 7.836668 0.118624 0.488798
152.099991 0.897259 7.826231 0.117047 0.488295
152.199997 0.900400 7.842943 0.117618 0.486386
152.300003 0.900260 7.844493 0.116930 0.482411
152.399994 0.899950 7.838820 0.116358 0.479540
152.500000 0.901279 7.844225 0.114508 0.482914
152.599991 0.901020 7.844232 0.115477 0.483803
152.699997 0.900400 7.842600 0.113600 0.483600
152.800003 0.899670 7.834950 0.115435 0.486846
152.899994 0.901361 7.846639 0.114746 0.482993
153.000000 0.900610 7.846915 0.114489 0.482852
153.099991 0.900240 7.846161 0.114054 0.483707
153.199997 0.897290 7.823382 0.113211 0.478648
153.300003 0.900890 7.846284 0.112111 0.480348
153.399994 0.900300 7.843243 0.113514 0.481281
153.500000 0.900510 7.849665 0.114403 0.483135
153.599991 0.900710 7.852214 0.112689 0.481352
153.699997 0.900830 7.851345 0.113066 0.479956
153.800003 0.901130 7.850545 0.113066 0.478856
153.899994 0.897038 7.815790 0.110566 0.474785
154.000000 0.899410 7.836216 0.109889 0.472753
154.099991 0.901469 7.846308 0.108324 0.472569
154.199997 0.901320 7.846231 0.109178 0.471506
154.300003 0.901111 7.845761 0.111300 0.472625
154.399994 0.901330 7.847146 0.110067 0.469059
154.500000 0.899690 7.836484 0.108611 0.470047
154.599991 0.899780 7.837768 0.109722 0.470594
154.699997 0.900370 7.842853 0.110833 0.473842
154.800003 0.900180 7.843769 0.113023 0.475795
154.899994 0.899650 7.837718 0.113257 0.478739
155.000000 0.899340 7.842763 0.115354 0.481907
155.099991 0.896938 7.832099 0.114569 0.482990
155.199997 0.898080 7.841368 0.116123 0.487498
155.300003 0.898890 7.843184 0.117312 0.488849
155.399994 0.897038 7.836001 0.117070 0.490394
155.500000 0.897710 7.844016 0.116688 0.492151
155.599991 0.898960 7.845138 0.115246 0.487895
155.699997 0.898129 7.838587 0.115281 0.487541
155.800003 0.898449 7.843622 0.114257 0.492746
155.899994 0.896769 7.841252 0.114534 0.489647
156.000000 0.895174 7.833400 0.116139 0.491189
156.099991 0.895969 7.844153 0.117135 0.494848
156.199997 0.892589 7.818782 0.118112 0.494549
156.300003 0.896200 7.842400 0.119400 0.500600
156.399994 0.895790 7.840884 0.120712 0.501550
156.500000 0.893747 7.832315 0.121161 0.500750
156.599991 0.894311 7.843216 0.122788 0.500050
156.699997 0.894600 7.842700 0.119400 0.497200
156.800003 0.895206 7.846262 0.118306 0.498949
156.899994 0.896659 7.848239 0.120148 0.502901
157.000000 0.897659 7.849840 0.118647 0.501701
157.099991 0.898919 7.849780 0.117094 0.500000
157.199997 0.898719 7.849279 0.116293 0.498299
157.300003 0.899390 7.848985 0.117712 0.498750
157.399994 0.899830 7.849845 0.118464 0.498950
157.500000 0.899740 7.849010 0.118371 0.499400
157.599991 0.900190 7.847585 0.117912 0.499050
157.699997 0.900530 7.847046 0.118464 0.497251
157.800003 0.900490 7.848485 0.118312 0.498550
157.899994 0.902190 7.848885 0.116412 0.497350
158.000000 0.902380 7.851069 0.116023 0.497099
158.099991 0.902300 7.850501 0.115100 0.497600
158.199997 0.902700 7.850900 0.116100 0.497000
158.300003 0.902600 7.851800 0.115500 0.498700
158.399994 0.902583 7.849720 0.114938 0.498999
158.500000 0.902500 7.850500 0.114000 0.499300
158.599991 0.902190 7.848085 0.112811 0.496650
158.699997 0.903361 7.848039 0.112545 0.494898
158.800003 0.903458 7.849090 0.108535 0.491205
158.899994 0.903310 7.849715 0.108189 0.489351
159.000000 0.902819 7.848330 0.109778 0.486803
159.099991 0.903239 7.848061 0.110056 0.486305
159.199997 0.903371 7.849655 0.108833 0.489547
159.300003 0.903694 7.851236 0.107718 0.487536
159.399994 0.902771 7.847254 0.106632 0.488046
159.500000 0.902271 7.837251 0.106532 0.486646
159.599991 0.903948 7.851274 0.107946 0.488956
159.699997 0.903400 7.850700 0.106700 0.488800
159.800003 0.903181 7.852770 0.108422 0.487397
159.899994 0.903819 7.853929 0.109278 0.489002
160.000000 0.904190 7.852885 0.107511 0.488449
160.099991 0.903648 7.852674 0.107746 0.490255
160.199997 0.904000 7.853500 0.109700 0.486500
160.300003 0.903029 7.851944 0.111766 0.487954
160.399994 0.903290 7.852785 0.111811 0.490949
160.500000 0.901700 7.834300 0.110200 0.490000
160.599991 0.903790 7.851686 0.110411 0.493549
160.699997 0.903190 7.847885 0.112611 0.493449
160.800003 0.904100 7.850100 0.113300 0.498600
160.899994 0.901800 7.838000 0.112500 0.497200
161.000000 0.902690 7.848286 0.111711 0.498250
161.099991 0.904081 7.852070 0.111622 0.496999
161.199997 0.902971 7.844354 0.112034 0.498350
161.300003 0.903710 7.851415 0.113389 0.495950
161.399994 0.902332 7.851196 0.111378 0.496347
161.500000 0.901561 7.842337 0.110244 0.499200
161.599991 0.901631 7.849895 0.111178 0.499650
161.699997 0.900440 7.846908 0.108965 0.500200
161.800003 0.900900 7.849100 0.111600 0.500800
161.899994 0.900390 7.844584 0.113811 0.502750
162.000000 0.898578 7.835102 0.111033 0.500400
162.099991 0.899890 7.848985 0.110611 0.498450
162.199997 0.898200 7.838600 0.112400 0.495600
162.300003 0.899210 7.846615 0.111089 0.496750
162.399994 0.898690 7.846185 0.113311 0.494149
162.500000 0.898620 7.846331 0.113977 0.493301
162.599991 0.897700 7.836300 0.114600 0.493700
162.699997 0.898610 7.846115 0.114689 0.492651
162.800003 0.898620 7.845731 0.114577 0.490402
162.899994 0.899310 7.848315 0.113789 0.488651
163.000000 0.898700 7.844700 0.114500 0.485100
163.099991 0.898600 7.846301 0.114600 0.487600
163.199997 0.898910 7.847415 0.112489 0.488351
163.300003 0.899380 7.842969 0.112523 0.486597
163.399994 0.900979 7.850719 0.112710 0.488209
163.500000 0.900430 7.848045 0.114366 0.490653
163.599991 0.899200 7.842900 0.114000 0.489700
163.699997 0.900300 7.848949 0.112713 0.487487
163.800003 0.901210 7.851015 0.113389 0.488051
163.899994 0.900360 7.846138 0.114746 0.492397
164.000000 0.900920 7.848830 0.113777 0.492002
164.099991 0.900300 7.849401 0.113700 0.490000
164.199997 0.900630 7.851644 0.112366 0.488553
164.300003 0.899760 7.849540 0.112745 0.491697
164.399994 0.899720 7.847730 0.110578 0.492002
164.500000 0.898190 7.831483 0.110911 0.489649
164.599991 0.899190 7.848985 0.110911 0.493149
164.699997 0.899610 7.846515 0.111189 0.495550
164.800003 0.896496 7.821121 0.111812 0.492292
164.899994 0.897305 7.834786 0.110811 0.494139
165.000000 0.896779 7.830466 0.112222 0.497099
165.099991 0.897090 7.840184 0.110611 0.499450
165.199997 0.895179 7.831067 0.110122 0.497800
165.300003 0.895500 7.839299 0.108100 0.497700
165.399994 0.896079 7.839168 0.107522 0.501800
165.500000 0.894816 7.827561 0.106485 0.498499
165.599991 0.895431 7.835349 0.106068 0.499450
165.699997 0.896500 7.842800 0.107200 0.500000
165.800003 0.895537 7.828797 0.104663 0.498199
165.899994 0.896610 7.843215 0.103290 0.498450
166.000000 0.896058 7.842237 0.103241 0.493497
166.099991 0.895669 7.843253 0.104031 0.490547
166.199997 0.895690 7.845585 0.102310 0.489849
166.300003 0.895221 7.841931 0.103379 0.484603
166.399994 0.895110 7.844015 0.103190 0.484452
166.500000 0.891400 7.815200 0.101700 0.481200
166.599991 0.895379 7.840568 0.102020 0.482497
166.699997 0.893489 7.824883 0.102510 0.483648
166.800003 0.894068 7.837852 0.103331 0.478143
166.899994 0.893225 7.836586 0.104473 0.477434
167.000000 0.893300 7.836700 0.104400 0.473800
167.099991 0.892868 7.833450 0.103531 0.470141
167.199997 0.891689 7.822682 0.104310 0.467147
167.300003 0.893811 7.835617 0.105289 0.467053
167.399994 0.893389 7.836083 0.104910 0.469847
167.500000 0.890935 7.817791 0.105563 0.466680
167.599991 0.892589 7.838184 0.106111 0.469147
167.699997 0.892278 7.839067 0.105921 0.465993
167.800003 0.892489 7.843285 0.104510 0.464446
167.899994 0.892200 7.843200 0.104300 0.465300
168.000000 0.890800 7.840000 0.104600 0.462000
168.099991 0.890367 7.836151 0.104631 0.465440
168.199997 0.890389 7.841884 0.105711 0.467247
168.300003 0.889478 7.834066 0.107421 0.467894
168.399994 0.889866 7.838497 0.108235 0.466320
168.500000 0.890744 7.838264 0.107957 0.466613
168.599991 0.889655 7.836882 0.111044 0.469565
168.699997 0.890734 7.838603 0.112467 0.468481
168.800003 0.890689 7.838684 0.110311 0.464446
168.899994 0.889645 7.829715 0.109355 0.463632
169.000000 0.888778 7.821964 0.111722 0.460492
169.099991 0.890500 7.835001 0.112100 0.456300
169.199997 0.890900 7.833499 0.113100 0.451800
169.300003 0.890489 7.826783 0.114011 0.452545
169.399994 0.892911 7.838116 0.116388 0.454755
169.500000 0.891624 7.834785 0.114580 0.452717
169.599991 0.893243 7.837864 0.112955 0.450920
169.699997 0.893068 7.836451 0.115135 0.455037
169.800003 0.893500 7.838500 0.113500 0.456100
169.899994 0.893211 7.838716 0.114089 0.456854
170.000000 0.893111 7.838416 0.115788 0.453055
170.099991 0.892022 7.836533 0.116377 0.455709
170.199997 0.889856 7.815626 0.114046 0.454582
170.300003 0.891611 7.833217 0.114289 0.455854
170.399994 0.892000 7.834200 0.115700 0.457800
170.500000 0.891600 7.833899 0.113600 0.456200
170.599991 0.890100 7.831300 0.116500 0.456000
170.699997 0.888733 7.825396 0.116170 0.457875
170.800003 0.886598 7.812932 0.115404 0.454809
170.899994 0.888567 7.830549 0.115735 0.455137
171.000000 0.888100 7.830300 0.113600 0.454500
171.099991 0.888322 7.828034 0.113277 0.454709
171.199997 0.884742 7.804903 0.112356 0.452626
171.300003 0.885677 7.817964 0.110222 0.455191
171.399994 0.888189 7.828237 0.108413 0.457034
171.500000 0.888278 7.831066 0.106321 0.456091
171.599991 0.886889 7.823782 0.106411 0.454845
171.699997 0.888056 7.831984 0.106447 0.452974
171.800003 0.886666 7.818245 0.105232 0.450635
171.899994 0.887100 7.828599 0.106700 0.451900
172.000000 0.887132 7.829498 0.108165 0.452271
172.099991 0.886177 7.821465 0.109422 0.453791
172.199997 0.886811 7.829217 0.110989 0.453755
172.300003 0.884865 7.819546 0.110333 0.449735
172.399994 0.886011 7.826517 0.109289 0.449555
172.500000 0.886355 7.826531 0.109644 0.451080
172.599991 0.886566 7.825148 0.108132 0.451135
172.699997 0.886700 7.826300 0.106800 0.449400
172.800003 0.888600 7.827100 0.107100 0.451800
172.899994 0.889000 7.826400 0.104800 0.449800
173.000000 0.888678 7.820064 0.105321 0.450390
173.099991 0.889589 7.825882 0.104010 0.447645
173.199997 0.890567 7.828449 0.105232 0.446334
173.300003 0.890411 7.820318 0.104190 0.448355
173.399994 0.890811 7.825717 0.103790 0.448355
173.500000 0.891065 7.825705 0.103838 0.450330
173.599991 0.891211 7.825918 0.103390 0.449755
173.699997 0.893279 7.829966 0.102921 0.451190
173.800003 0.892368 7.821146 0.101230 0.450935
173.899994 0.892843 7.828569 0.099160 0.449020
174.000000 0.893211 7.828917 0.098890 0.448955
174.099991 0.894553 7.828886 0.096652 0.449275
174.199997 0.893900 7.826800 0.095800 0.450500
174.300003 0.890512 7.815953 0.095376 0.450961
174.399994 0.892579 7.828966 0.094019 0.452691
174.500000 0.892300 7.828800 0.095700 0.453500
174.599991 0.891011 7.829217 0.096190 0.446055
174.699997 0.889800 7.821100 0.097200 0.449100
174.800003 0.891870 7.827993 0.098118 0.448338
174.899994 0.891089 7.823983 0.098210 0.452345
175.000000 0.890867 7.825047 0.097329 0.455137
175.099991 0.889245 7.818510 0.098249 0.455528
175.199997 0.889289 7.820682 0.096510 0.455045
175.300003 0.890333 7.822853 0.101170 0.454464
175.399994 0.890500 7.822200 0.103000 0.461300
175.500000 0.890336 7.822834 0.101052 0.460591
175.599991 0.890987 7.825840 0.099620 0.458733
175.699997 0.891846 7.827013 0.099050 0.460930
175.800003 0.891711 7.827218 0.099890 0.461954
175.899994 0.891200 7.814200 0.101000 0.461900
176.000000 0.893211 7.828217 0.102990 0.463154
176.099991 0.893443 7.829768 0.105058 0.464714
176.199997 0.891778 7.816063 0.105721 0.463293
176.300003 0.892825 7.832082 0.106274 0.462824
176.399994 0.893411 7.830317 0.107889 0.463154
176.500000 0.893621 7.829234 0.109478 0.460808
176.599991 0.893389 7.826283 0.109711 0.459846
176.699997 0.892868 7.824148 0.108733 0.461038
176.800003 0.892957 7.827131 0.108844 0.461585
176.899994 0.888889 7.796579 0.111211 0.459946
177.000000 0.891789 7.824382 0.111111 0.460646
177.099991 0.892689 7.826283 0.109111 0.458046
177.199997 0.889878 7.804961 0.108422 0.459192
177.300003 0.892900 7.824200 0.108700 0.457000
177.399994 0.894147 7.826013 0.110655 0.457729
177.500000 0.890800 7.805700 0.109200 0.455300
177.599991 0.893143 7.828069 0.107357 0.458017
177.699997 0.892292 7.825025 0.105506 0.456356
177.800003 0.894032 7.830151 0.105368 0.458362
177.899994 0.892779 7.826765 0.105821 0.457191
178.000000 0.893343 7.829368 0.105458 0.456817
178.099991 0.892868 7.829049 0.104231 0.456637
178.199997 0.892278 7.827565 0.105021 0.458492
178.300003 0.891846 7.825112 0.102251 0.458129
178.399994 0.889289 7.811081 0.101510 0.452445
178.500000 0.889367 7.814745 0.103431 0.453536
178.599991 0.890945 7.822111 0.102751 0.456828
178.699997 0.889834 7.820992 0.101961 0.454172
178.800003 0.888778 7.821264 0.101920 0.453891
178.899994 0.888833 7.818954 0.101570 0.453164
179.000000 0.888089 7.817081 0.101510 0.454445
179.099991 0.885443 7.800701 0.101751 0.448524
179.199997 0.887756 7.816792 0.102749 0.449775
179.300003 0.887366 7.815845 0.101030 0.452136
179.399994 0.887000 7.814800 0.101600 0.453000
179.500000 0.886489 7.812181 0.100410 0.453345
179.599991 0.885311 7.801920 0.099790 0.453055
179.699997 0.886966 7.818245 0.099530 0.450935
179.800003 0.887055 7.818528 0.099940 0.447479
179.899994 0.887934 7.814555 0.100970 0.449065
180.000000 0.888467 7.818845 0.102231 0.446334
180.099991 0.888333 7.819654 0.099970 0.446566
180.199997 0.888778 7.823024 0.100430 0.445488
180.300003 0.888633 7.825495 0.101961 0.446768
180.399994 0.888856 7.825687 0.102749 0.446077
180.500000 0.888922 7.824535 0.103679 0.445811
180.599991 0.888600 7.824599 0.105500 0.442500
180.699997 0.885120 7.799860 0.104273 0.440008
180.800003 0.886910 7.819056 0.104584 0.437850
180.899994 0.886700 7.819800 0.104200 0.438000
181.000000 0.886166 7.817645 0.104231 0.435331
181.099991 0.884631 7.807985 0.105363 0.434661
181.199997 0.881629 7.790675 0.106164 0.429057
181.300003 0.884677 7.819464 0.106421 0.430686
181.399994 0.882665 7.807742 0.106532 0.429429
181.500000 0.884577 7.817264 0.106721 0.427586
181.599991 0.885266 7.823147 0.106532 0.428629
181.699997 0.884288 7.815782 0.104810 0.428043
181.800003 0.884331 7.820092 0.104263 0.429358
181.899994 0.885289 7.823183 0.103310 0.431043
182.000000 0.886755 7.822529 0.102841 0.435074
182.099991 0.887600 7.824400 0.105500 0.435900
182.199997 0.887177 7.825165 0.103821 0.432587
182.300003 0.887500 7.825500 0.104000 0.435600
182.399994 0.886809 7.824359 0.103383 0.439351
182.500000 0.887089 7.825482 0.106011 0.445545
182.599991 0.887466 7.825947 0.106332 0.444133
182.699997 0.888145 7.825970 0.108157 0.446721
182.800003 0.888922 7.826879 0.107775 0.445712
182.899994 0.890111 7.829817 0.106489 0.445555
183.000000 0.888566 7.825390 0.105627 0.448638
183.099991 0.884054 7.791916 0.106042 0.447579
183.199997 0.888700 7.828599 0.108900 0.449300
183.300003 0.888500 7.828500 0.106900 0.448000
183.399994 0.889011 7.831017 0.104290 0.446955
183.500000 0.888533 7.829351 0.101869 0.446866
183.599991 0.887132 7.829198 0.102361 0.446368
183.699997 0.888722 7.831433 0.103979 0.448110
183.800003 0.890500 7.833000 0.104900 0.447800
183.899994 0.890456 7.833434 0.103641 0.444478
184.000000 0.889467 7.822447 0.106332 0.446934
184.099991 0.891178 7.831966 0.103621 0.442689
184.199997 0.890913 7.824260 0.104884 0.442054
184.300003 0.890935 7.828197 0.105063 0.440264
184.399994 0.892243 7.830267 0.104758 0.441823
184.500000 0.892022 7.829734 0.104679 0.438512
184.599991 0.891800 7.829700 0.105100 0.437000
184.699997 0.890811 7.823517 0.106089 0.440356
184.800003 0.892643 7.832167 0.105258 0.440524
184.899994 0.892357 7.830232 0.105142 0.440076
185.000000 0.892632 7.830251 0.104069 0.438269
185.099991 0.891789 7.820782 0.105111 0.439444
185.199997 0.893311 7.833017 0.106189 0.432857
185.300003 0.894700 7.835400 0.105800 0.432200
185.399994 0.894568 7.835551 0.106132 0.431329
185.500000 0.895021 7.836732 0.106179 0.431314
185.599991 0.895421 7.836133 0.102679 0.427115
185.699997 0.896572 7.836914 0.101429 0.422904
185.800003 0.897600 7.837100 0.099600 0.422700
185.899994 0.897300 7.835800 0.099200 0.421800
186.000000 0.895969 7.831349 0.098129 0.422527
186.099991 0.893189 7.815582 0.100310 0.423142
186.199997 0.894989 7.834183 0.100210 0.422342
186.300003 0.893479 7.817563 0.099620 0.422284
186.399994 0.894489 7.828283 0.099710 0.422942
186.500000 0.892682 7.822705 0.098809 0.418560
186.599991 0.894079 7.834066 0.097920 0.421384
186.699997 0.893411 7.834617 0.097390 0.423158
186.800003 0.891822 7.833733 0.098280 0.421316
186.899994 0.887221 7.803863 0.098269 0.421395
187.000000 0.888655 7.818528 0.097439 0.420368
187.099991 0.890922 7.832133 0.096381 0.422715
187.199997 0.891467 7.832650 0.097529 0.420226
187.300003 0.892189 7.833583 0.095009 0.422442
187.399994 0.892821 7.833934 0.094481 0.424215
187.500000 0.890802 7.813032 0.092984 0.422881
187.599991 0.892511 7.833917 0.092591 0.422758
187.699997 0.891657 7.825730 0.093437 0.422169
187.800003 0.892732 7.834549 0.093772 0.420674
187.899994 0.891789 7.829483 0.092209 0.417342
188.000000 0.892557 7.832433 0.089536 0.419668
188.099991 0.890145 7.816608 0.089145 0.418609
188.199997 0.890400 7.816300 0.091200 0.415800
188.300003 0.893132 7.835249 0.093072 0.420774
188.399994 0.893057 7.835535 0.089336 0.421469
188.500000 0.894200 7.834900 0.091200 0.420700
188.599991 0.891156 7.813926 0.087435 0.422869
188.699997 0.893300 7.833600 0.086700 0.427800
188.800003 0.892732 7.832350 0.085774 0.427572
188.899994 0.893068 7.829449 0.088026 0.424627
189.000000 0.892789 7.829283 0.088509 0.422942
189.099991 0.892422 7.831134 0.087183 0.416917
189.199997 0.890167 7.815845 0.088727 0.415125
189.300003 0.890978 7.835967 0.087718 0.419384
189.399994 0.891676 7.835415 0.088338 0.421405
189.500000 0.890991 7.834935 0.089389 0.424625
189.599991 0.890100 7.835000 0.089200 0.421300
189.699997 0.890534 7.835802 0.087553 0.422453
189.800003 0.888255 7.825530 0.087535 0.418567
189.899994 0.890244 7.835865 0.086665 0.415334
190.000000 0.890878 7.832067 0.085717 0.416883
190.099991 0.889089 7.819082 0.084408 0.420042
190.199997 0.891033 7.837649 0.085674 0.421973
190.300003 0.890667 7.833651 0.086026 0.424127
190.399994 0.890456 7.835734 0.085034 0.424170
190.500000 0.890200 7.834600 0.086100 0.425200
190.599991 0.891289 7.836683 0.087609 0.425743
190.699997 0.890856 7.827331 0.090736 0.425370
190.800003 0.892400 7.835000 0.091800 0.428000
190.899994 0.886132 7.793977 0.088153 0.422854
191.000000 0.890189 7.829083 0.088409 0.424942
191.099991 0.885986 7.798899 0.088388 0.423323
191.199997 0.890222 7.830234 0.089782 0.426115
191.300003 0.890924 7.831482 0.087461 0.426398
191.399994 0.891000 7.830101 0.089000 0.424100
191.500000 0.890622 7.831933 0.089382 0.423715
191.599991 0.890378 7.827866 0.090418 0.426485
191.699997 0.891632 7.829551 0.088473 0.424373
191.800003 0.889423 7.819273 0.087761 0.425398
191.899994 0.889989 7.830783 0.087609 0.426043
192.000000 0.890444 7.832167 0.085966 0.427229
192.099991 0.889522 7.831734 0.085883 0.427514
192.199997 0.887989 7.828583 0.086509 0.426043
192.300003 0.888611 7.832268 0.086613 0.422478
192.399994 0.889055 7.831284 0.086257 0.421089
192.500000 0.890389 7.832883 0.085609 0.419742
192.599991 0.890511 7.831917 0.087091 0.422258
192.699997 0.890145 7.833517 0.087244 0.421211
192.800003 0.891067 7.836851 0.086526 0.423027
192.899994 0.891754 7.838781 0.086857 0.421889
193.000000 0.891722 7.836232 0.087882 0.420116
193.099991 0.890787 7.835732 0.086631 0.421063
193.199997 0.887733 7.815289 0.085751 0.416950
193.300003 0.890111 7.837316 0.086391 0.418058
193.399994 0.890044 7.837365 0.089064 0.418433
193.500000 0.890056 7.836535 0.088535 0.420468
193.599991 0.888133 7.831299 0.087352 0.419952
193.699997 0.887666 7.832050 0.087826 0.421126
193.800003 0.886089 7.831383 0.088509 0.417542
193.899994 0.885389 7.832183 0.089209 0.420042
194.000000 0.886657 7.833384 0.090155 0.419990
194.099991 0.887355 7.834034 0.088635 0.422169
194.199997 0.887833 7.832700 0.089053 0.420152
194.300003 0.887600 7.833100 0.089200 0.421200
194.399994 0.887011 7.833017 0.088391 0.417058
194.500000 0.888011 7.834816 0.089391 0.422558
194.599991 0.888211 7.834717 0.089891 0.420758
194.699997 0.889078 7.836967 0.090018 0.416183
194.800003 0.886077 7.823565 0.089118 0.414283
194.899994 0.887922 7.838032 0.087283 0.414917
195.000000 0.887077 7.831666 0.086717 0.414083
195.099991 0.888111 7.836816 0.086691 0.413059
195.199997 0.888400 7.835200 0.087400 0.410200
195.300003 0.889233 7.838748 0.087874 0.409077
195.399994 0.889033 7.836802 0.088353 0.408945
195.500000 0.888867 7.836350 0.088326 0.409823
195.599991 0.887978 7.827165 0.085817 0.410182
195.699997 0.888199 7.830147 0.085177 0.410269
195.800003 0.889789 7.834283 0.083908 0.409741
195.899994 0.888944 7.829215 0.084942 0.410805
196.000000 0.889278 7.833867 0.084017 0.411482
196.099991 0.889833 7.835249 0.083075 0.415675
196.199997 0.889522 7.835833 0.082983 0.411418
196.300003 0.890200 7.835600 0.082200 0.407000
196.399994 0.890189 7.835684 0.082108 0.404940
196.500000 0.889911 7.835617 0.081892 0.401460
196.599991 0.889689 7.834183 0.083608 0.401540
196.699997 0.887066 7.816845 0.081925 0.396719
196.800003 0.888522 7.836333 0.081384 0.395921
196.899994 0.888944 7.834366 0.081267 0.394842
197.000000 0.888055 7.829532 0.079532 0.389756
197.099991 0.887177 7.822464 0.081916 0.389478
197.199997 0.889167 7.832050 0.081825 0.389917
197.300003 0.885054 7.807423 0.081333 0.388455
197.399994 0.885397 7.813832 0.080773 0.387749
197.500000 0.888244 7.831416 0.078339 0.387294
197.599991 0.890411 7.833817 0.077492 0.387761
197.699997 0.890578 7.828665 0.077115 0.385977
197.800003 0.893279 7.835368 0.076115 0.386177
197.899994 0.893800 7.838201 0.076500 0.387000
198.000000 0.895779 7.838668 0.076515 0.386477
198.099991 0.896500 7.839900 0.075600 0.389700
198.199997 0.896262 7.841095 0.075155 0.388267
198.300003 0.895358 7.836334 0.076331 0.391557
198.399994 0.896279 7.840668 0.076315 0.392178
198.500000 0.896379 7.839568 0.077616 0.393379
198.599991 0.896859 7.841537 0.079732 0.391357
198.699997 0.897600 7.841199 0.080200 0.390400
198.800003 0.895979 7.827466 0.081116 0.393779
198.899994 0.897100 7.841000 0.082000 0.396400
199.000000 0.897018 7.833867 0.080164 0.396317
199.099991 0.897490 7.836884 0.080208 0.398440
199.199997 0.897028 7.836386 0.081857 0.396478
199.300003 0.896400 7.835200 0.082900 0.397400
199.399994 0.894611 7.822618 0.083192 0.395960
199.500000 0.897631 7.835550 0.083875 0.398480
199.599991 0.897869 7.831350 0.084425 0.401821
199.699997 0.895879 7.823365 0.084517 0.398780
199.800003 0.897238 7.837203 0.084050 0.399440
199.899994 0.896559 7.838736 0.084034 0.399260
