0.000000 0.999800 7.998900 0.999900 0.999800
0.100000 0.997200 7.986200 0.998300 0.998100
0.200000 0.997199 7.983497 0.997700 0.997900
0.300000 0.996198 7.978489 0.997299 0.996498
0.400000 0.995600 7.972700 0.996400 0.995700
0.500000 0.994302 7.968109 0.995501 0.994202
0.600000 0.993599 7.962596 0.994499 0.993299
0.700000 0.992199 7.950595 0.993099 0.991699
0.800000 0.992601 7.953705 0.992701 0.991101
0.900000 0.991796 7.948174 0.992096 0.989395
1.000000 0.990603 7.945016 0.991103 0.988503
1.100000 0.990102 7.941911 0.989002 0.987503
1.200000 0.989101 7.941706 0.988501 0.986901
1.300000 0.988303 7.941117 0.986804 0.986504
1.400000 0.987594 7.939870 0.986293 0.984892
1.500000 0.986400 7.937699 0.984900 0.985300
1.600000 0.985390 7.935555 0.985090 0.984889
1.700000 0.984000 7.927000 0.982800 0.984000
1.800000 0.983903 7.927515 0.980404 0.982803
1.900000 0.982878 7.927907 0.979874 0.980775
2.000000 0.982105 7.928822 0.979506 0.980406
2.100000 0.981402 7.928707 0.977702 0.979002
2.200000 0.981194 7.928679 0.976993 0.979394
2.300000 0.978400 7.918000 0.974800 0.977100
2.400000 0.978698 7.925992 0.975598 0.976798
2.500000 0.978104 7.925215 0.974305 0.975805
2.600000 0.977696 7.924385 0.972594 0.974495
2.700000 0.976795 7.924985 0.969894 0.973795
2.800000 0.973600 7.909400 0.966000 0.970300
2.900000 0.974495 7.919884 0.966793 0.970694
3.000000 0.972784 7.912748 0.966180 0.968081
3.100000 0.972289 7.915366 0.965786 0.967287
3.200000 0.971797 7.915392 0.966497 0.965697
3.300000 0.971180 7.916942 0.964975 0.963374
3.400000 0.970303 7.916708 0.965603 0.961504
3.500000 0.969694 7.917483 0.965393 0.960292
3.600000 0.968587 7.916667 0.964286 0.958083
3.700000 0.967700 7.917000 0.959800 0.957200
3.800000 0.964193 7.894879 0.955591 0.955391
3.900000 0.965800 7.914001 0.956500 0.956400
4.000000 0.964500 7.904800 0.955300 0.955000
4.100000 0.963789 7.904571 0.956087 0.953786
4.200000 0.963511 7.915226 0.956313 0.955513
4.300000 0.962304 7.915409 0.954505 0.955804
4.400000 0.960700 7.901500 0.951200 0.954500
4.500000 0.961296 7.914992 0.950495 0.954495
4.600000 0.960784 7.914666 0.948780 0.952081
4.700000 0.959904 7.914809 0.945405 0.949805
4.800000 0.959604 7.914208 0.944106 0.949605
4.900000 0.958096 7.912091 0.943594 0.948695
5.000000 0.956617 7.902139 0.940824 0.946721
5.100000 0.957357 7.913013 0.941642 0.946046
5.200000 0.957079 7.912857 0.940470 0.945473
5.300000 0.956796 7.914092 0.938894 0.942794
5.400000 0.955596 7.907891 0.938594 0.940394
5.500000 0.956013 7.917225 0.937719 0.939418
5.600000 0.955091 7.915683 0.936087 0.937587
5.700000 0.953395 7.914892 0.933493 0.936294
5.800000 0.952700 7.916200 0.930500 0.934800
5.900000 0.951605 7.911309 0.930307 0.932707
6.000000 0.951605 7.913108 0.926907 0.933107
6.100000 0.950195 7.910491 0.926293 0.930493
6.200000 0.949695 7.905591 0.926893 0.929793
6.300000 0.949585 7.907072 0.927678 0.930379
6.400000 0.948700 7.906000 0.927500 0.930400
6.500000 0.948379 7.908563 0.928972 0.930372
6.600000 0.947795 7.907990 0.928793 0.931893
6.700000 0.948016 7.906828 0.928022 0.928821
6.800000 0.946900 7.907200 0.927000 0.924800
6.900000 0.946373 7.907754 0.924862 0.922661
7.000000 0.945951 7.907816 0.922330 0.921229
7.100000 0.945433 7.905357 0.921747 0.922646
7.200000 0.945567 7.904042 0.921153 0.921153
7.300000 0.944006 7.904010 0.920508 0.920008
7.400000 0.943978 7.906563 0.919568 0.920568
7.500000 0.943294 7.905390 0.917692 0.919192
7.600000 0.942877 7.906062 0.918567 0.918367
7.700000 0.942566 7.906243 0.919051 0.918251
7.800000 0.938988 7.878376 0.916183 0.914783
7.900000 0.940288 7.894779 0.917984 0.915283
8.000000 0.941400 7.907000 0.916800 0.916100
8.099999 0.941176 7.906463 0.916166 0.916467
8.200000 0.940976 7.907262 0.915666 0.914666
8.300000 0.938694 7.893390 0.912091 0.910891
8.400000 0.937500 7.886900 0.911700 0.909300
8.500000 0.938994 7.907191 0.913191 0.909991
8.599999 0.938406 7.901710 0.910909 0.908709
8.700000 0.938906 7.901710 0.909709 0.907309
8.800000 0.937912 7.904920 0.907818 0.906719
8.900000 0.933800 7.879900 0.905900 0.905600
9.000000 0.927493 7.830183 0.900690 0.902390
9.099999 0.930858 7.862217 0.903342 0.904042
9.200000 0.932373 7.883554 0.904362 0.905262
9.300000 0.934160 7.900841 0.904543 0.904443
9.400000 0.933587 7.899680 0.903381 0.903181
9.500000 0.933293 7.897489 0.901890 0.904090
9.599999 0.933193 7.902290 0.901090 0.904690
9.700000 0.932860 7.900941 0.900040 0.902441
9.800000 0.932707 7.901710 0.898410 0.901210
9.900000 0.932620 7.903329 0.897831 0.899930
10.000000 0.932214 7.899120 0.899720 0.899920
10.099999 0.930700 7.886100 0.896500 0.896900
10.200000 0.928993 7.873987 0.895090 0.893089
10.300000 0.931507 7.896010 0.896710 0.895110
10.400000 0.930693 7.894889 0.894189 0.893989
10.500000 0.930600 7.895100 0.893700 0.891300
10.599999 0.931991 7.895934 0.890825 0.892228
10.700000 0.930828 7.896642 0.890844 0.890744
10.800000 0.930914 7.896921 0.890622 0.890922
10.900000 0.930852 7.897628 0.890623 0.891424
11.000000 0.930428 7.897241 0.887045 0.888345
11.099999 0.930086 7.897579 0.882677 0.886577
11.200000 0.930707 7.897310 0.883112 0.886511
11.300000 0.930676 7.896015 0.880731 0.884527
11.400000 0.930628 7.896141 0.878748 0.883747
11.500000 0.929100 7.890400 0.875400 0.882800
11.599999 0.928171 7.881252 0.873749 0.882253
11.700000 0.929714 7.893022 0.872625 0.882523
11.800000 0.928586 7.886977 0.870174 0.881576
11.900000 0.929186 7.891179 0.870674 0.881076
12.000000 0.930351 7.890324 0.870309 0.879416
12.099999 0.929579 7.889767 0.866860 0.878764
12.200000 0.929322 7.889679 0.864151 0.876764
12.300000 0.927378 7.879064 0.861759 0.878764
12.400000 0.928028 7.888789 0.862963 0.882082
12.500000 0.927415 7.889422 0.861928 0.880624
12.599999 0.927222 7.888733 0.864341 0.880636
12.700000 0.926815 7.889822 0.866727 0.880124
12.799999 0.927000 7.889400 0.866100 0.879800
12.900000 0.926170 7.888556 0.863545 0.878251
13.000000 0.927957 7.889234 0.863218 0.878527
13.099999 0.926493 7.889889 0.862886 0.877188
13.200000 0.923169 7.869048 0.858443 0.873950
13.299999 0.924008 7.874012 0.858814 0.872413
13.400000 0.925085 7.884677 0.860872 0.872274
13.500000 0.925515 7.883224 0.859228 0.871426
13.599999 0.926215 7.885123 0.858928 0.869126
13.700000 0.921745 7.859001 0.851996 0.864405
13.799999 0.924523 7.884035 0.851744 0.866040
13.900000 0.924815 7.886123 0.847930 0.863027
14.000000 0.925093 7.886489 0.850285 0.863386
14.099999 0.924515 7.884822 0.849230 0.860928
14.200000 0.924370 7.886255 0.846539 0.860044
14.299999 0.924377 7.886666 0.845754 0.859458
14.400000 0.923100 7.878500 0.842400 0.854000
14.500000 0.921053 7.864919 0.838103 0.851611
14.599999 0.924108 7.883712 0.835316 0.856514
14.700000 0.922592 7.872187 0.835784 0.851485
14.799999 0.923800 7.878901 0.837500 0.854200
14.900000 0.923792 7.876388 0.835884 0.850485
15.000000 0.924592 7.878188 0.836384 0.850185
15.099999 0.924223 7.877836 0.834050 0.849645
15.200000 0.922246 7.865206 0.831582 0.847193
15.299999 0.922592 7.878088 0.831783 0.850585
15.400000 0.922415 7.878624 0.832733 0.851330
15.500000 0.921822 7.882582 0.827628 0.851952
15.599999 0.921192 7.882988 0.825583 0.846885
15.700000 0.919392 7.874588 0.823682 0.843784
15.799999 0.919940 7.882459 0.822189 0.844878
15.900000 0.917434 7.859787 0.818955 0.842274
16.000000 0.919335 7.881005 0.820356 0.843074
16.100000 0.918659 7.884142 0.822811 0.844922
16.199999 0.916600 7.869800 0.822700 0.842800
16.299999 0.917808 7.880212 0.823718 0.843316
16.400000 0.914900 7.859400 0.820200 0.838500
16.500000 0.916383 7.872775 0.817864 0.839368
16.600000 0.916583 7.877575 0.817664 0.836967
16.699999 0.915234 7.878348 0.816274 0.833167
16.799999 0.914883 7.878276 0.814863 0.833767
16.900000 0.915717 7.878425 0.813537 0.833133
17.000000 0.914975 7.871161 0.812744 0.831249
17.100000 0.916983 7.879776 0.809762 0.831466
17.199999 0.916350 7.877426 0.809486 0.830398
17.299999 0.916817 7.876524 0.805539 0.827634
17.400000 0.917900 7.873400 0.804900 0.825900
17.500000 0.918408 7.878013 0.802520 0.828217
17.600000 0.918551 7.877427 0.800981 0.827396
17.699999 0.916958 7.870835 0.799400 0.827814
17.799999 0.916166 7.877651 0.798619 0.825030
17.900000 0.915375 7.873962 0.796539 0.823147
18.000000 0.915924 7.876489 0.797618 0.821840
18.100000 0.914632 7.873899 0.800741 0.817754
18.199999 0.912874 7.856557 0.799740 0.816945
18.299999 0.914357 7.868734 0.801601 0.816508
18.400000 0.914309 7.873613 0.802620 0.816918
18.500000 0.914600 7.872700 0.800000 0.817700
18.600000 0.914334 7.873251 0.802579 0.817073
18.699999 0.913491 7.874588 0.798280 0.814281
18.799999 0.912983 7.874275 0.793759 0.813963
18.900000 0.911365 7.867047 0.795918 0.814826
19.000000 0.911656 7.872636 0.794797 0.815508
19.100000 0.911391 7.869587 0.794079 0.816082
19.199999 0.911800 7.869500 0.793900 0.815600
19.299999 0.911227 7.868740 0.794562 0.815555
19.400000 0.911765 7.870748 0.795618 0.816126
19.500000 0.911391 7.863586 0.794779 0.816882
19.600000 0.911700 7.865300 0.795600 0.818000
19.699999 0.911191 7.865586 0.793679 0.814381
19.799999 0.910273 7.860959 0.792038 0.815745
19.900000 0.910282 7.858472 0.792058 0.819064
20.000000 0.909800 7.857800 0.790600 0.821800
20.100000 0.910391 7.856385 0.789879 0.825082
20.199999 0.907600 7.843000 0.790400 0.820100
20.299999 0.911018 7.866627 0.794241 0.823035
20.400000 0.910164 7.865847 0.793918 0.820128
20.500000 0.908973 7.861558 0.790437 0.818245
20.600000 0.910572 7.866007 0.790468 0.816447
20.699999 0.908900 7.851637 0.787566 0.813395
20.799999 0.909118 7.862827 0.785843 0.815737
20.900000 0.908373 7.861659 0.787736 0.813844
21.000000 0.908900 7.864300 0.789300 0.813600
21.100000 0.902781 7.824765 0.782457 0.807261
21.199999 0.905309 7.852314 0.781122 0.808919
21.299999 0.906119 7.858428 0.782743 0.808938
21.400000 0.905691 7.853585 0.782478 0.806181
21.500000 0.907191 7.864686 0.781478 0.806881
21.600000 0.907191 7.866387 0.781778 0.804880
21.699999 0.906609 7.864714 0.780022 0.802420
21.799999 0.905553 7.861431 0.780090 0.799200
21.900000 0.905062 7.860644 0.780312 0.796919
22.000000 0.903990 7.853985 0.775778 0.795180
22.100000 0.903981 7.860272 0.776955 0.793259
22.199999 0.902310 7.851315 0.771723 0.792821
22.299999 0.903671 7.856757 0.770231 0.795539
22.400000 0.903729 7.857543 0.768369 0.796161
22.500000 0.902619 7.851130 0.765547 0.797540
22.600000 0.902580 7.857972 0.769454 0.798360
22.699999 0.902339 7.856157 0.766293 0.795982
22.799999 0.902220 7.848830 0.766847 0.794741
22.900000 0.901880 7.845069 0.764353 0.794059
23.000000 0.901041 7.844507 0.763658 0.793476
23.100000 0.901390 7.845284 0.763476 0.791779
23.199999 0.901600 7.851999 0.763100 0.795000
23.299999 0.900910 7.851615 0.761424 0.794621
23.400000 0.897969 7.832050 0.755927 0.792438
23.500000 0.899700 7.847800 0.758600 0.792400
23.600000 0.900190 7.851485 0.759676 0.792679
23.699999 0.899780 7.849870 0.762252 0.793359
23.799999 0.899440 7.849710 0.764659 0.789974
23.900000 0.898870 7.843353 0.762929 0.791237
24.000000 0.898169 7.845854 0.759028 0.791037
24.100000 0.898380 7.849770 0.757752 0.791858
24.199999 0.897308 7.847963 0.755680 0.790111
24.299999 0.897390 7.847785 0.754175 0.791379
24.400000 0.896000 7.829700 0.753200 0.791900
24.500000 0.898319 7.855184 0.758507 0.793235
24.600000 0.897990 7.854285 0.759076 0.792179
24.699999 0.896110 7.837116 0.757424 0.791621
24.799999 0.897300 7.852400 0.760000 0.792100
24.900000 0.896090 7.844384 0.760776 0.790879
25.000000 0.896900 7.850700 0.761800 0.790400
25.100000 0.896790 7.850985 0.761176 0.790379
25.199999 0.895748 7.840720 0.759680 0.788494
25.299999 0.897200 7.851600 0.761000 0.789100
25.400000 0.893679 7.826466 0.759352 0.787858
25.500000 0.896869 7.852255 0.762729 0.789537
25.599998 0.896559 7.853841 0.764106 0.789116
25.699999 0.897279 7.853971 0.761152 0.789558
25.799999 0.897620 7.853829 0.758048 0.790442
25.900000 0.895990 7.840284 0.754775 0.789779
26.000000 0.897510 7.851015 0.754525 0.790121
26.099998 0.897890 7.850885 0.755676 0.790679
26.199999 0.897800 7.850700 0.755700 0.791100
26.299999 0.898780 7.851570 0.753851 0.789758
26.400000 0.898899 7.851752 0.755656 0.788889
26.500000 0.900370 7.853756 0.756827 0.788437
26.599998 0.900540 7.850510 0.755353 0.785371
26.699999 0.898200 7.839600 0.755300 0.784700
26.799999 0.899800 7.855999 0.755100 0.786600
26.900000 0.898790 7.849885 0.755676 0.787579
27.000000 0.899210 7.850115 0.754125 0.787721
27.099998 0.900110 7.851763 0.754170 0.788533
27.199999 0.896179 7.818264 0.750650 0.783457
27.299999 0.900120 7.850629 0.756349 0.786643
27.400000 0.900530 7.850245 0.756073 0.784765
27.500000 0.901539 7.850560 0.752899 0.783187
27.599998 0.902400 7.852200 0.750100 0.777800
27.699999 0.901931 7.851796 0.750125 0.780346
27.799999 0.901600 7.850600 0.747800 0.778300
27.900000 0.901170 7.851156 0.749725 0.778233
28.000000 0.900440 7.845708 0.749250 0.775865
28.099998 0.901710 7.852115 0.751625 0.776122
28.199999 0.900820 7.852430 0.749950 0.773945
28.299999 0.900600 7.853100 0.749400 0.773800
28.400000 0.900310 7.851615 0.749425 0.772623
28.500000 0.900290 7.846584 0.749375 0.771877
28.599998 0.897159 7.833333 0.746298 0.772309
28.699999 0.899330 7.846046 0.747976 0.772268
28.799999 0.899370 7.847954 0.749025 0.772132
28.900000 0.900450 7.850426 0.747874 0.773987
29.000000 0.898780 7.839068 0.745549 0.775355
29.099998 0.897310 7.832017 0.744526 0.775622
29.199999 0.900320 7.852229 0.743751 0.779944
29.299999 0.899880 7.850020 0.741507 0.781874
29.400000 0.898700 7.839600 0.737900 0.780100
29.500000 0.900190 7.845140 0.737736 0.780498
29.599998 0.900280 7.843668 0.739148 0.779356
29.699999 0.899400 7.835399 0.738400 0.778300
29.799999 0.899610 7.841315 0.738426 0.777822
29.900000 0.900650 7.841521 0.736868 0.775988
30.000000 0.895490 7.802180 0.733873 0.772377
30.099998 0.899320 7.839632 0.736453 0.774245
30.199999 0.898960 7.840436 0.732193 0.772209
30.299999 0.899200 7.841900 0.731800 0.774400
30.400000 0.898110 7.837416 0.730927 0.772623
30.500000 0.896027 7.827280 0.728110 0.773441
30.599998 0.896762 7.836198 0.728563 0.773336
30.699999 0.895458 7.831433 0.727491 0.772209
30.799999 0.896200 7.836999 0.731400 0.771800
30.900000 0.896700 7.838700 0.730800 0.769900
31.000000 0.896300 7.837601 0.727200 0.770700
31.099998 0.895800 7.837399 0.724100 0.769200
31.199999 0.895448 7.836719 0.723162 0.768084
31.299999 0.895879 7.835567 0.723245 0.770454
31.400000 0.895790 7.835884 0.721472 0.767277
31.500000 0.896359 7.838536 0.719988 0.766807
31.599998 0.896621 7.838733 0.723055 0.769146
31.699999 0.895563 7.835099 0.717969 0.767739
31.799999 0.895731 7.834149 0.717985 0.766870
31.900000 0.896121 7.837033 0.717357 0.764247
32.000000 0.896310 7.837216 0.718028 0.760524
32.099998 0.897179 7.837468 0.715943 0.758852
32.200001 0.895690 7.830083 0.718272 0.755676
32.299999 0.895095 7.831231 0.718218 0.757658
32.399998 0.896659 7.834934 0.721389 0.757303
32.500000 0.897520 7.835833 0.720856 0.757049
32.599998 0.897200 7.836600 0.721700 0.757700
32.700001 0.896590 7.839084 0.722972 0.757076
32.799999 0.897290 7.838084 0.723572 0.754775
32.899998 0.896700 7.834500 0.719500 0.750600
33.000000 0.896879 7.837068 0.717343 0.749950
33.099998 0.897218 7.835869 0.715673 0.749500
33.200001 0.897090 7.826383 0.710671 0.748475
33.299999 0.898541 7.840164 0.709916 0.747601
33.399998 0.898701 7.840360 0.711089 0.749351
33.500000 0.898939 7.832399 0.708625 0.748549
33.599998 0.899590 7.842185 0.708971 0.746075
33.700001 0.899780 7.841069 0.708242 0.749250
33.799999 0.901480 7.844369 0.710242 0.748150
33.899998 0.898680 7.825365 0.708742 0.745749
34.000000 0.901290 7.842585 0.710271 0.751075
34.099998 0.901541 7.840905 0.705523 0.753252
34.200001 0.900800 7.835001 0.707400 0.755800
34.299999 0.902329 7.842947 0.705488 0.755473
34.399998 0.903271 7.843053 0.705412 0.751525
34.500000 0.904410 7.843316 0.702630 0.751725
34.599998 0.902380 7.833767 0.701540 0.748550
34.700001 0.903090 7.840785 0.700470 0.747075
34.799999 0.902390 7.837383 0.695270 0.745175
34.899998 0.904671 7.839852 0.693608 0.746224
35.000000 0.905457 7.844893 0.695683 0.746752
35.099998 0.903100 7.835700 0.693300 0.745300
35.200001 0.904300 7.842700 0.687700 0.748200
35.299999 0.903700 7.839499 0.684700 0.745600
35.399998 0.902961 7.839736 0.680572 0.744798
35.500000 0.901690 7.832983 0.679268 0.743474
35.599998 0.902668 7.839912 0.678725 0.744779
35.700001 0.904062 7.838235 0.672769 0.746599
35.799999 0.904329 7.838348 0.669599 0.747076
35.899998 0.904133 7.835485 0.665266 0.746823
36.000000 0.905010 7.840716 0.661934 0.748225
36.099998 0.904905 7.839640 0.661762 0.749249
36.200001 0.904448 7.837881 0.660570 0.749325
36.299999 0.902361 7.827131 0.658764 0.745898
36.399998 0.903232 7.835485 0.659662 0.746422
36.500000 0.900470 7.826649 0.658197 0.745724
36.599998 0.901370 7.836951 0.657997 0.743123
36.700001 0.900670 7.828249 0.657397 0.744023
36.799999 0.901621 7.834268 0.658527 0.744295
36.899998 0.901631 7.835185 0.655659 0.745522
37.000000 0.902332 7.836786 0.651956 0.749224
37.099998 0.902049 7.836682 0.651174 0.747226
37.200001 0.901580 7.833267 0.650830 0.744649
37.299999 0.902329 7.842247 0.651904 0.743877
37.399998 0.901751 7.840720 0.652326 0.745073
37.500000 0.900590 7.833083 0.651065 0.748375
37.599998 0.900380 7.838229 0.652578 0.746103
37.700001 0.899370 7.834950 0.651495 0.746024
37.799999 0.899300 7.836801 0.652800 0.744600
37.899998 0.897379 7.827165 0.652030 0.742849
38.000000 0.898210 7.835716 0.653735 0.740826
38.099998 0.898231 7.836049 0.648705 0.741178
38.200001 0.900190 7.836584 0.649265 0.737474
38.299999 0.899440 7.830698 0.648889 0.734241
38.399998 0.898970 7.829149 0.643993 0.734420
38.500000 0.900090 7.837684 0.643064 0.732673
38.599998 0.900010 7.837016 0.643936 0.732627
38.700001 0.899190 7.836284 0.642064 0.735274
38.799999 0.900060 7.836098 0.635719 0.733860
38.899998 0.900610 7.837416 0.633537 0.733927
39.000000 0.900760 7.838036 0.633553 0.729592
39.099998 0.900880 7.836967 0.632927 0.732446
39.200001 0.899060 7.824029 0.635554 0.731893
39.299999 0.899660 7.837398 0.634020 0.730462
39.399998 0.899390 7.833683 0.633363 0.730373
39.500000 0.900540 7.839704 0.635181 0.727837
39.599998 0.898890 7.821181 0.633663 0.727673
39.700001 0.901031 7.830882 0.634144 0.727109
39.799999 0.901449 7.835782 0.636282 0.727236
39.899998 0.901310 7.832217 0.635237 0.724328
40.000000 0.901890 7.835883 0.636464 0.722972
40.099998 0.900300 7.827400 0.632200 0.722900
40.200001 0.902010 7.839516 0.634337 0.723828
40.299999 0.901530 7.839448 0.632010 0.727982
40.399998 0.900390 7.835019 0.628391 0.726099
40.500000 0.899500 7.836200 0.632400 0.725100
40.599998 0.898800 7.834000 0.631100 0.726800
40.700001 0.897390 7.825983 0.630263 0.725673
40.799999 0.898010 7.833916 0.634537 0.722428
40.899998 0.897400 7.835900 0.636800 0.720500
41.000000 0.896700 7.832600 0.635100 0.721000
41.099998 0.895869 7.831249 0.633290 0.721416
41.200001 0.894379 7.826565 0.628826 0.718744
41.299999 0.895669 7.831150 0.631389 0.717915
41.399998 0.895242 7.830668 0.631547 0.717413
41.500000 0.895300 7.831800 0.632100 0.719200
41.599998 0.896000 7.832200 0.630400 0.715700
41.700001 0.893389 7.809981 0.629063 0.713671
41.799999 0.892568 7.802140 0.626988 0.712414
41.899998 0.895852 7.834583 0.626687 0.714443
42.000000 0.895500 7.836500 0.626700 0.711700
42.099998 0.896241 7.836865 0.626349 0.710116
42.200001 0.896310 7.837416 0.627637 0.707929
42.299999 0.895748 7.838019 0.630315 0.708654
42.399998 0.894889 7.831383 0.627663 0.706371
42.500000 0.896348 7.839119 0.626413 0.708354
42.599998 0.895679 7.828166 0.626625 0.707642
42.700001 0.897090 7.838085 0.625763 0.712571
42.799999 0.896559 7.830132 0.623049 0.712385
42.899998 0.896900 7.829700 0.624500 0.711800
43.000000 0.897059 7.838736 0.623950 0.709984
43.099998 0.898529 7.838987 0.623937 0.711198
43.200001 0.898359 7.831533 0.619348 0.711485
43.299999 0.899460 7.837535 0.617747 0.709484
43.399998 0.899880 7.838367 0.618624 0.709342
43.500000 0.899190 7.830584 0.618962 0.706171
43.599998 0.898780 7.828566 0.618024 0.704141
43.700001 0.899800 7.830200 0.618000 0.706300
43.799999 0.899300 7.828200 0.617100 0.704200
43.899998 0.899800 7.830900 0.618000 0.702700
44.000000 0.897390 7.823683 0.617162 0.703470
44.099998 0.897920 7.826435 0.617576 0.703159
44.200001 0.897990 7.831283 0.619562 0.704670
44.299999 0.899500 7.833600 0.620000 0.706400
44.399998 0.899000 7.833800 0.619900 0.701500
44.500000 0.898520 7.834933 0.619076 0.701660
44.599998 0.899190 7.834884 0.620162 0.703870
44.700001 0.899150 7.834883 0.621989 0.709245
44.799999 0.896679 7.819163 0.623225 0.710642
44.899998 0.897079 7.828566 0.625325 0.713443
45.000000 0.897390 7.834484 0.625963 0.715772
45.099998 0.898100 7.836200 0.628600 0.714800
45.200001 0.897516 7.836205 0.629433 0.713785
45.299999 0.898820 7.838232 0.628174 0.717556
45.399998 0.899820 7.837333 0.624775 0.717856
45.500000 0.899990 7.835883 0.626563 0.718072
45.599998 0.899370 7.835351 0.625688 0.719616
45.700001 0.898930 7.833450 0.626812 0.718984
45.799999 0.899330 7.834884 0.624437 0.717402
45.899998 0.896000 7.815100 0.619100 0.711100
46.000000 0.897900 7.832700 0.621200 0.712300
46.099998 0.898159 7.828131 0.624450 0.708583
46.200001 0.897880 7.825765 0.626925 0.710242
46.299999 0.893547 7.792396 0.621411 0.710055
46.399998 0.898020 7.831934 0.624475 0.709958
46.500000 0.898410 7.832417 0.628837 0.707429
46.599998 0.898110 7.833117 0.631337 0.711429
46.700001 0.896900 7.825600 0.630800 0.710800
46.799999 0.897890 7.831583 0.630563 0.709171
46.899998 0.897438 7.826496 0.630278 0.706824
47.000000 0.897290 7.826283 0.635464 0.710571
47.099998 0.897190 7.828683 0.632863 0.707571
47.200001 0.898339 7.831299 0.631179 0.709726
47.299999 0.897600 7.829599 0.631900 0.707400
47.399998 0.898610 7.836116 0.629737 0.708829
47.500000 0.898320 7.831234 0.630674 0.708358
47.599998 0.898532 7.834516 0.631279 0.710776
47.700001 0.897741 7.833567 0.634246 0.710216
47.799999 0.898380 7.833467 0.636027 0.705541
47.899998 0.898337 7.829428 0.638622 0.702624
48.000000 0.899600 7.832500 0.636500 0.704000
48.099998 0.899090 7.835184 0.638164 0.702170
48.200001 0.898269 7.829949 0.637591 0.700510
48.299999 0.898000 7.833000 0.639100 0.699200
48.399998 0.898190 7.832283 0.639464 0.699170
48.500000 0.896069 7.823047 0.636191 0.693608
48.599998 0.896600 7.829401 0.636300 0.697300
48.700001 0.896031 7.829951 0.636209 0.697191
48.799999 0.895410 7.829217 0.633537 0.696130
48.899998 0.894389 7.828283 0.629763 0.696970
49.000000 0.893079 7.818463 0.631226 0.693339
49.099998 0.893911 7.827617 0.630337 0.690831
49.200001 0.894311 7.827817 0.628437 0.693231
49.299999 0.894326 7.828781 0.627339 0.691484
49.399998 0.894674 7.828995 0.628554 0.688526
49.500000 0.895442 7.830568 0.628049 0.690224
49.599998 0.895221 7.829535 0.627175 0.690862
49.700001 0.895737 7.830198 0.624575 0.687813
49.799999 0.894100 7.822200 0.622500 0.684100
49.899998 0.893889 7.821083 0.621862 0.683268
50.000000 0.895290 7.831684 0.620662 0.687769
50.099998 0.894700 7.828600 0.621000 0.688900
50.200001 0.894668 7.829848 0.619786 0.687006
50.299999 0.895085 7.832516 0.619181 0.686956
50.399998 0.891467 7.796339 0.609683 0.680604
50.500000 0.894489 7.826383 0.611861 0.682368
50.599998 0.892989 7.819482 0.609361 0.679368
50.700001 0.894326 7.832382 0.611328 0.681177
50.799999 0.893868 7.828649 0.608983 0.680404
50.899998 0.894168 7.832350 0.611083 0.678203
51.000000 0.894242 7.832367 0.611056 0.678828
51.099998 0.894079 7.827166 0.610622 0.678736
51.199997 0.895763 7.832301 0.608635 0.677094
51.299999 0.895669 7.833951 0.605882 0.676203
51.399998 0.896421 7.834533 0.602679 0.672266
51.500000 0.895979 7.826665 0.598320 0.669134
51.599998 0.896810 7.835217 0.601940 0.667133
51.699997 0.895079 7.826665 0.601520 0.667634
51.799999 0.895590 7.836284 0.599660 0.670267
51.899998 0.892435 7.811787 0.596658 0.664799
52.000000 0.894311 7.831517 0.596440 0.666033
52.099998 0.894568 7.833050 0.591878 0.662999
52.199997 0.893500 7.831100 0.593800 0.664900
52.299999 0.893457 7.832133 0.589436 0.665666
52.399998 0.891457 7.824430 0.588335 0.664166
52.500000 0.890833 7.819055 0.592622 0.660202
52.599998 0.892100 7.829999 0.592500 0.658800
52.699997 0.891222 7.827234 0.590182 0.656269
52.799999 0.890378 7.824965 0.590418 0.660732
52.899998 0.890177 7.827521 0.588788 0.656640
53.000000 0.890111 7.820818 0.587141 0.653735
53.099998 0.892343 7.827868 0.589364 0.656337
53.199997 0.892679 7.826565 0.590518 0.656731
53.299999 0.892703 7.821840 0.593434 0.654789
53.399998 0.892289 7.820182 0.596860 0.657666
53.500000 0.892536 7.825996 0.596158 0.657094
53.599998 0.891378 7.817763 0.593619 0.657431
53.699997 0.892403 7.826244 0.597137 0.656291
53.799999 0.891943 7.826570 0.595762 0.655038
53.899998 0.889923 7.815071 0.597518 0.652257
54.000000 0.890389 7.821383 0.599860 0.654765
54.099998 0.886177 7.794159 0.595719 0.650730
54.199997 0.889311 7.823659 0.595376 0.651021
54.299999 0.888078 7.819464 0.597420 0.651830
54.399998 0.889478 7.823265 0.598620 0.651130
54.500000 0.889711 7.822917 0.595240 0.650335
54.599998 0.890422 7.824435 0.597381 0.651470
54.699997 0.889878 7.821464 0.595919 0.653731
54.799999 0.890967 7.825648 0.596179 0.654596
54.899998 0.889923 7.824778 0.594816 0.652657
55.000000 0.889078 7.821164 0.596319 0.649330
55.099998 0.888622 7.818873 0.597919 0.646753
55.199997 0.890211 7.830417 0.601540 0.645635
55.299999 0.888489 7.822283 0.604360 0.646665
55.399998 0.890534 7.833200 0.606364 0.647589
55.500000 0.890211 7.834416 0.605339 0.644636
55.599998 0.889500 7.830600 0.602300 0.644800
55.699997 0.888589 7.831683 0.601960 0.641764
55.799999 0.888922 7.830534 0.598480 0.642572
55.899998 0.889089 7.830631 0.598098 0.643443
56.000000 0.889311 7.832217 0.593541 0.644336
56.099998 0.889300 7.831200 0.593700 0.643700
56.199997 0.890166 7.832001 0.593144 0.642015
56.299999 0.890234 7.832799 0.593056 0.639984
56.399998 0.890322 7.831433 0.585783 0.637073
56.500000 0.886489 7.806781 0.579858 0.634163
56.599998 0.886600 7.813900 0.581700 0.633800
56.699997 0.888478 7.830966 0.581016 0.635427
56.799999 0.886100 7.817800 0.580400 0.635800
56.899998 0.886166 7.819846 0.576673 0.636391
57.000000 0.887689 7.825082 0.574657 0.634463
57.099998 0.887800 7.820300 0.574700 0.635100
57.199997 0.889000 7.831000 0.573400 0.632600
57.299999 0.890222 7.830034 0.570386 0.634873
57.399998 0.888700 7.813900 0.570800 0.631400
57.500000 0.888044 7.806203 0.567084 0.625813
57.599998 0.891320 7.827989 0.568575 0.628808
57.699997 0.892700 7.828899 0.568900 0.628600
57.799999 0.893261 7.831280 0.568239 0.623911
57.899998 0.892200 7.829900 0.566800 0.622200
58.000000 0.892289 7.831483 0.566357 0.622862
58.099998 0.893100 7.833800 0.566400 0.625000
58.199997 0.893743 7.833867 0.564574 0.623850
58.299999 0.890345 7.805903 0.563582 0.621511
58.399998 0.893489 7.831483 0.564156 0.623262
58.500000 0.893379 7.830166 0.559412 0.619324
58.599998 0.894911 7.832716 0.560944 0.620038
58.699997 0.895410 7.833716 0.562644 0.626437
58.799999 0.896241 7.835366 0.563075 0.625950
58.899998 0.896390 7.835184 0.560956 0.621962
59.000000 0.891067 7.797239 0.554266 0.618886
59.099998 0.894969 7.831249 0.557667 0.621887
59.199997 0.894126 7.828380 0.558791 0.621035
59.299999 0.891378 7.811063 0.556011 0.619924
59.399998 0.895190 7.833783 0.555556 0.618462
59.500000 0.895537 7.827497 0.552031 0.618171
59.599998 0.896390 7.829783 0.553855 0.616062
59.699997 0.898970 7.834751 0.559268 0.619686
59.799999 0.899440 7.835766 0.559676 0.617753
59.899998 0.900120 7.836833 0.562987 0.617576
60.000000 0.900070 7.834550 0.558468 0.619086
60.099998 0.899190 7.833784 0.558656 0.619262
60.199997 0.899720 7.835032 0.553789 0.615577
60.299999 0.899900 7.836101 0.553400 0.613400
60.399998 0.900390 7.836347 0.552703 0.615246
60.500000 0.900560 7.835635 0.551821 0.619248
60.599998 0.900190 7.835484 0.549555 0.619562
60.699997 0.899790 7.833583 0.548355 0.623062
60.799999 0.900360 7.836835 0.544518 0.623349
60.899998 0.901010 7.837316 0.545245 0.623238
61.000000 0.900700 7.838099 0.547100 0.623500
61.099998 0.900840 7.836465 0.545882 0.627149
61.199997 0.900820 7.835833 0.545491 0.622875
61.299999 0.900570 7.835050 0.544963 0.621987
61.399998 0.898510 7.821318 0.544146 0.623538
61.500000 0.900880 7.834567 0.543909 0.624725
61.599998 0.901470 7.830649 0.538061 0.624087
61.699997 0.899460 7.817327 0.539516 0.617547
61.799999 0.901211 7.830748 0.541187 0.619858
61.899998 0.901890 7.835184 0.541854 0.618262
62.000000 0.901671 7.830949 0.539762 0.614284
62.099998 0.902958 7.836298 0.539276 0.612233
62.199997 0.902380 7.827066 0.533607 0.609222
62.299999 0.902480 7.832466 0.536107 0.610122
62.399998 0.903629 7.836049 0.535239 0.610717
62.500000 0.904867 7.837514 0.535525 0.608974
62.599998 0.903910 7.829117 0.532047 0.606839
62.699997 0.902200 7.817300 0.528200 0.603500
62.799999 0.903519 7.836732 0.530294 0.602280
62.899998 0.902590 7.832083 0.527053 0.601760
63.000000 0.902851 7.834817 0.527264 0.600700
63.099998 0.899570 7.812444 0.523257 0.601781
63.199997 0.902510 7.837116 0.523848 0.600640
63.299999 0.901871 7.830149 0.523457 0.603581
63.399998 0.902600 7.838700 0.524900 0.601800
63.500000 0.899760 7.809924 0.521509 0.603441
63.599998 0.902290 7.837684 0.522852 0.609661
63.699997 0.902500 7.837901 0.524200 0.607000
63.799999 0.902671 7.837051 0.525658 0.603881
63.899998 0.903171 7.837651 0.529059 0.600780
64.000000 0.903352 7.839119 0.529665 0.599400
64.099998 0.903371 7.841153 0.527558 0.600280
64.199997 0.902090 7.838684 0.524452 0.601460
64.299995 0.901710 7.840016 0.524648 0.599040
64.400002 0.901160 7.831033 0.523209 0.596238
64.500000 0.902100 7.841599 0.523200 0.594600
64.599998 0.901680 7.841868 0.519504 0.593519
64.699997 0.901410 7.841316 0.516148 0.592741
64.799995 0.901320 7.838033 0.516797 0.592781
64.900002 0.899240 7.824195 0.514409 0.592055
65.000000 0.899610 7.831949 0.512561 0.594335
65.099998 0.900750 7.838081 0.514443 0.595002
65.199997 0.900789 7.840343 0.512439 0.596463
65.299995 0.899600 7.832500 0.514300 0.595700
65.400002 0.900581 7.839908 0.514918 0.594513
65.500000 0.901851 7.841120 0.515358 0.596898
65.599998 0.901300 7.842600 0.510700 0.593000
65.699997 0.900810 7.842616 0.510249 0.590041
65.799995 0.899670 7.835351 0.513554 0.590077
65.900002 0.900790 7.839484 0.515652 0.593459
66.000000 0.897308 7.814233 0.513362 0.594135
66.099998 0.899520 7.834333 0.512697 0.594281
66.199997 0.899060 7.838235 0.511905 0.593938
66.299995 0.898980 7.839667 0.509202 0.590218
66.400002 0.899250 7.842079 0.508146 0.589005
66.500000 0.899980 7.838668 0.509802 0.589918
66.599998 0.901000 7.839100 0.510600 0.592000
66.699997 0.900250 7.842021 0.514157 0.590295
66.799995 0.899900 7.841700 0.511700 0.587000
66.900002 0.899700 7.840400 0.511200 0.586200
67.000000 0.899770 7.839512 0.510742 0.584191
67.099998 0.899500 7.839300 0.509400 0.581900
67.199997 0.900080 7.840968 0.510002 0.581816
67.299995 0.900100 7.840300 0.514000 0.579700
67.400002 0.900200 7.841241 0.511411 0.578178
67.500000 0.900810 7.842516 0.512449 0.575642
67.599998 0.899570 7.827349 0.510053 0.572872
67.699997 0.901871 7.841252 0.510253 0.572972
67.799995 0.901890 7.841985 0.510251 0.573057
67.900002 0.900940 7.839864 0.509796 0.573970
68.000000 0.901331 7.839188 0.510457 0.575803
68.099998 0.900310 7.837916 0.514149 0.573643
68.199997 0.900510 7.839016 0.518448 0.571643
68.299995 0.899570 7.840652 0.515755 0.568971
68.400002 0.900430 7.840488 0.514660 0.571300
68.500000 0.899190 7.831984 0.512951 0.570357
68.599998 0.899600 7.842300 0.511900 0.571400
68.699997 0.899820 7.841431 0.509498 0.568286
68.799995 0.896290 7.821282 0.509651 0.566657
68.900002 0.898539 7.838003 0.510606 0.568541
69.000000 0.898580 7.838368 0.514203 0.566813
69.099998 0.899810 7.839716 0.512749 0.561744
69.199997 0.898890 7.831683 0.508551 0.560256
69.299995 0.899700 7.840600 0.506300 0.561100
69.400002 0.898419 7.833967 0.507006 0.562350
69.500000 0.899600 7.841500 0.502100 0.563300
69.599998 0.899050 7.839520 0.503752 0.561881
69.699997 0.899530 7.840248 0.504749 0.562131
69.799995 0.898839 7.835701 0.508005 0.560836
69.900002 0.899900 7.842000 0.508700 0.561300
70.000000 0.897390 7.826983 0.505451 0.560056
70.099998 0.898710 7.831416 0.502350 0.561944
70.199997 0.899980 7.842069 0.504601 0.560612
70.299995 0.898950 7.837819 0.507154 0.561981
70.400002 0.897639 7.833200 0.505904 0.558635
70.500000 0.898980 7.839268 0.509002 0.558512
70.599998 0.898541 7.839265 0.507197 0.557477
70.699997 0.899129 7.838387 0.507956 0.557590
70.799995 0.899210 7.840615 0.512349 0.554645
70.900002 0.898749 7.829315 0.509955 0.551376
71.000000 0.897680 7.822064 0.504601 0.548210
71.099998 0.900410 7.841316 0.498450 0.548145
71.199997 0.900020 7.840831 0.499300 0.544091
71.299995 0.897810 7.825517 0.501350 0.544746
71.400002 0.899890 7.835484 0.504350 0.548155
71.500000 0.899520 7.832366 0.504003 0.547638
71.599998 0.898700 7.833699 0.505900 0.547900
71.699997 0.899150 7.835282 0.503548 0.548826
71.799995 0.896390 7.815882 0.503250 0.544054
71.900002 0.897990 7.826982 0.500550 0.543854
72.000000 0.900410 7.837216 0.495850 0.543546
72.099998 0.898790 7.826283 0.494449 0.543754
72.199997 0.899990 7.835484 0.491049 0.547255
72.299995 0.899990 7.831383 0.488349 0.547055
72.400002 0.899530 7.833750 0.488054 0.547936
72.500000 0.899690 7.837384 0.488749 0.543754
72.599998 0.899790 7.839284 0.491549 0.542654
72.699997 0.900130 7.838348 0.489553 0.541937
72.799995 0.900250 7.837519 0.490045 0.540470
72.900002 0.899570 7.838051 0.492648 0.546464
73.000000 0.899460 7.836834 0.490996 0.546919
73.099998 0.899010 7.836716 0.489151 0.546645
73.199997 0.896200 7.818900 0.486600 0.547000
73.299995 0.897751 7.837381 0.485257 0.547027
73.400002 0.897331 7.837949 0.486754 0.543337
73.500000 0.892357 7.805122 0.482493 0.539716
73.599998 0.896241 7.839864 0.485906 0.542483
73.699997 0.896210 7.829317 0.487051 0.542546
73.799995 0.897920 7.840932 0.489802 0.540492
73.900002 0.898169 7.839452 0.497849 0.541663
74.000000 0.898480 7.829465 0.498100 0.538608
74.099998 0.898300 7.828700 0.497600 0.534700
74.199997 0.898880 7.840468 0.496299 0.534507
74.299995 0.898690 7.841284 0.494549 0.532053
74.400002 0.899490 7.841084 0.491149 0.531753
74.500000 0.897310 7.824218 0.493451 0.529947
74.599998 0.898780 7.841569 0.493899 0.530406
74.699997 0.898870 7.841352 0.494448 0.527558
74.799995 0.898249 7.834017 0.492146 0.522761
74.900002 0.899500 7.837600 0.489900 0.526000
75.000000 0.899050 7.839081 0.488356 0.524238
75.099998 0.899091 7.840943 0.487162 0.526426
75.199997 0.897990 7.835084 0.484848 0.527653
75.299995 0.898200 7.839001 0.483300 0.525200
75.400002 0.898840 7.840564 0.481108 0.526090
75.500000 0.899240 7.840564 0.484206 0.531687
75.599998 0.897200 7.827100 0.482100 0.531200
75.699997 0.899610 7.840016 0.478752 0.530847
75.799995 0.898670 7.826548 0.472842 0.524257
75.900002 0.899790 7.839584 0.474447 0.524752
76.000000 0.899460 7.844237 0.474390 0.525510
76.099998 0.898480 7.834667 0.472394 0.528506
76.199997 0.899790 7.844385 0.472747 0.530553
76.299995 0.899310 7.845915 0.469953 0.533647
76.400002 0.896951 7.825287 0.468466 0.532234
76.500000 0.898961 7.846092 0.469119 0.532381
76.599998 0.896000 7.828100 0.467400 0.527900
76.699997 0.898630 7.846146 0.468160 0.533640
76.799995 0.898210 7.848616 0.468153 0.535846
76.900002 0.897800 7.846099 0.468900 0.529100
77.000000 0.898010 7.847115 0.469053 0.525347
77.099998 0.896279 7.832067 0.466793 0.522404
77.199997 0.897900 7.844201 0.464600 0.526100
77.299995 0.898620 7.845630 0.467107 0.521596
77.400002 0.896800 7.832699 0.467500 0.523500
77.500000 0.898561 7.845293 0.468019 0.523686
77.599998 0.898180 7.842669 0.469094 0.521904
77.699997 0.895942 7.822571 0.468313 0.519292
77.799995 0.898770 7.840753 0.468240 0.518756
77.900002 0.900040 7.840464 0.466413 0.521192
78.000000 0.900410 7.841316 0.467553 0.522248
78.099998 0.900660 7.840536 0.464986 0.523009
78.199997 0.900950 7.841120 0.467034 0.524062
78.299995 0.898860 7.825530 0.466287 0.518007
78.400002 0.898400 7.825701 0.464900 0.519800
78.500000 0.899980 7.838967 0.463593 0.521304
78.599998 0.896100 7.808600 0.460200 0.519900
78.699997 0.898000 7.827400 0.459000 0.518900
78.799995 0.899590 7.836383 0.455746 0.521952
78.900002 0.899800 7.835700 0.452300 0.521600
79.000000 0.899330 7.838148 0.449065 0.520644
79.099998 0.898890 7.838184 0.447545 0.517852
79.199997 0.896748 7.825512 0.444822 0.518559
79.299995 0.898329 7.838387 0.442410 0.516261
79.400002 0.897790 7.838684 0.442544 0.515952
79.500000 0.896459 7.828832 0.438776 0.519608
79.599998 0.891624 7.798359 0.439007 0.516261
79.699997 0.896290 7.836283 0.441344 0.516852
79.799995 0.896569 7.835950 0.439632 0.518656
79.900002 0.897310 7.838216 0.440756 0.520548
80.000000 0.897520 7.835233 0.440212 0.518896
80.099998 0.897400 7.836300 0.442900 0.524200
80.199997 0.897610 7.838417 0.444356 0.525647
80.299995 0.897680 7.837767 0.446789 0.525505
80.400002 0.898190 7.839184 0.444444 0.528053
80.500000 0.897010 7.837317 0.440156 0.528247
80.599998 0.896690 7.838284 0.441444 0.531653
80.699997 0.897118 7.840572 0.440052 0.531625
80.799995 0.897790 7.839684 0.435244 0.533753
80.900002 0.896890 7.839784 0.430743 0.533753
81.000000 0.897931 7.839149 0.427172 0.528142
81.099998 0.895069 7.814944 0.425128 0.529259
81.199997 0.898280 7.837067 0.428186 0.532707
81.299995 0.899240 7.838565 0.428129 0.533986
81.400002 0.899360 7.837534 0.423970 0.534314
81.500000 0.899340 7.836465 0.427629 0.535686
81.599998 0.897059 7.818327 0.424370 0.528611
81.699997 0.897059 7.824330 0.424270 0.529412
81.799995 0.896590 7.827483 0.421342 0.531353
81.900002 0.896918 7.823959 0.421537 0.531225
82.000000 0.897159 7.825931 0.418467 0.528812
82.099998 0.897300 7.827000 0.417500 0.529800
82.199997 0.898331 7.832250 0.415575 0.528242
82.299995 0.898120 7.833833 0.414017 0.528394
82.400002 0.898259 7.835534 0.416166 0.528311
82.500000 0.898069 7.837451 0.415925 0.528058
82.599998 0.898000 7.838300 0.418700 0.524600
82.699997 0.897169 7.832550 0.418526 0.526458
82.799995 0.898700 7.836500 0.417400 0.524100
82.900002 0.897279 7.827666 0.415583 0.519504
83.000000 0.898020 7.837232 0.411618 0.515897
83.099998 0.897861 7.837197 0.410054 0.515990
83.199997 0.893025 7.801260 0.409687 0.512959
83.299995 0.897520 7.836732 0.406619 0.512398
83.400002 0.895579 7.829166 0.409182 0.506401
83.500000 0.895400 7.832900 0.406700 0.507300
83.599998 0.890600 7.795800 0.404500 0.505800
83.699997 0.895569 7.836551 0.398119 0.510653
83.799995 0.895890 7.836683 0.399340 0.511151
83.900002 0.897372 7.837214 0.400719 0.511442
84.000000 0.894268 7.811244 0.400720 0.510353
84.099998 0.896800 7.836000 0.400300 0.514700
84.199997 0.897021 7.834333 0.396221 0.510798
84.299995 0.898100 7.834599 0.392700 0.506400
84.400002 0.898619 7.834167 0.390112 0.508907
84.500000 0.898661 7.833700 0.391965 0.508195
84.599998 0.898641 7.834167 0.389744 0.507197
84.699997 0.897259 7.820228 0.382553 0.507603
84.799995 0.897390 7.825783 0.382138 0.505050
84.900002 0.897990 7.831783 0.376038 0.503150
85.000000 0.899210 7.837416 0.375762 0.502850
85.099998 0.898690 7.838884 0.374237 0.501250
85.199997 0.897079 7.830667 0.371274 0.500700
85.299995 0.898539 7.837803 0.369021 0.502001
85.400002 0.897818 7.834668 0.368195 0.503303
85.500000 0.898290 7.835683 0.366037 0.504150
85.599998 0.898840 7.834366 0.364254 0.504098
85.699997 0.897680 7.830667 0.364473 0.502100
85.799995 0.898002 7.834865 0.363836 0.503596
85.900002 0.898649 7.836218 0.363982 0.503252
86.000000 0.898670 7.839652 0.362509 0.502351
86.099998 0.898790 7.838384 0.363436 0.501450
86.199997 0.897600 7.825800 0.361200 0.498300
86.299995 0.898300 7.836401 0.364100 0.497800
86.400002 0.898559 7.836935 0.364746 0.498399
86.500000 0.898729 7.836586 0.363655 0.499550
86.599998 0.898881 7.840927 0.363010 0.500600
86.699997 0.898249 7.838219 0.360880 0.500050
86.799995 0.897477 7.839908 0.361434 0.502203
86.900002 0.898839 7.842505 0.360216 0.506004
87.000000 0.898249 7.841821 0.358379 0.506853
87.099998 0.898090 7.839884 0.357436 0.505150
87.199997 0.896700 7.832900 0.351200 0.508300
87.299995 0.898420 7.841832 0.349530 0.510198
87.400002 0.899790 7.842885 0.349235 0.510051
87.500000 0.901120 7.843131 0.346731 0.504699
87.599998 0.900880 7.844669 0.343069 0.504901
87.699997 0.898990 7.833783 0.338834 0.505050
87.799995 0.897926 7.829511 0.338375 0.503656
87.900002 0.898950 7.839820 0.339170 0.505553
88.000000 0.899050 7.841779 0.338231 0.501249
88.099998 0.899480 7.846369 0.336867 0.502801
88.199997 0.899399 7.845545 0.334635 0.505506
88.299995 0.899600 7.845800 0.334900 0.505300
88.400002 0.899269 7.845499 0.337739 0.508761
88.500000 0.900500 7.848100 0.337800 0.505900
88.599998 0.900600 7.849600 0.332200 0.507900
88.699997 0.901100 7.849800 0.330700 0.508700
88.799995 0.901210 7.849714 0.331167 0.505949
88.900002 0.901941 7.848509 0.330999 0.501201
89.000000 0.901100 7.842200 0.332000 0.500300
89.099998 0.901790 7.846785 0.331033 0.502350
89.199997 0.901880 7.848570 0.329366 0.503501
89.299995 0.902390 7.847384 0.327433 0.504951
89.400002 0.902490 7.847885 0.327233 0.502550
89.500000 0.902632 7.847394 0.326429 0.502752
89.599998 0.902913 7.852968 0.330998 0.506956
89.699997 0.903490 7.852385 0.331733 0.506451
89.799995 0.903990 7.852885 0.334033 0.506451
89.900002 0.903100 7.844900 0.334100 0.507600
90.000000 0.904481 7.850970 0.334867 0.505501
90.099998 0.904810 7.851915 0.333767 0.505250
90.199997 0.904790 7.846785 0.334233 0.501950
90.299995 0.899810 7.809329 0.333600 0.498649
90.400002 0.904300 7.847899 0.332300 0.502600
90.500000 0.904071 7.846954 0.329399 0.506152
90.599998 0.904100 7.848700 0.329100 0.509100
90.699997 0.903442 7.834001 0.332099 0.507705
90.799995 0.902990 7.832283 0.331233 0.510551
90.900002 0.905253 7.846623 0.330765 0.507754
91.000000 0.905619 7.848531 0.330934 0.502999
91.099998 0.905653 7.846623 0.332166 0.502952
91.199997 0.905019 7.843331 0.330034 0.499900
91.299995 0.904210 7.841816 0.326467 0.498450
91.400002 0.903742 7.839904 0.325495 0.497599
91.500000 0.902271 7.843553 0.325398 0.496349
91.599998 0.901949 7.844877 0.321639 0.499450
91.699997 0.900460 7.834434 0.322529 0.499700
91.799995 0.902329 7.849045 0.320904 0.495551
91.900002 0.901880 7.849270 0.324865 0.494699
92.000000 0.899590 7.835119 0.326059 0.493543
92.099998 0.900390 7.849985 0.327333 0.496950
92.199997 0.899620 7.849730 0.327934 0.497201
92.299995 0.899710 7.850815 0.330667 0.495750
92.400002 0.899490 7.849885 0.329233 0.494249
92.500000 0.898719 7.845076 0.326361 0.492294
92.599998 0.897149 7.843922 0.323762 0.493647
92.699997 0.899000 7.851600 0.323400 0.492900
92.799995 0.898810 7.850115 0.321868 0.492251
92.900002 0.899000 7.850400 0.319900 0.492100
93.000000 0.899370 7.851056 0.318596 0.495749
93.099998 0.899079 7.853024 0.315278 0.494894
93.199997 0.899309 7.850465 0.312081 0.493844
93.299995 0.898920 7.849930 0.309238 0.498200
93.400002 0.899720 7.850330 0.312138 0.499900
93.500000 0.898157 7.840676 0.313038 0.496495
93.599998 0.899200 7.847500 0.312500 0.499300
93.699997 0.899630 7.850045 0.311507 0.500050
93.799995 0.895579 7.821765 0.309862 0.498600
93.900002 0.898710 7.845315 0.310669 0.501350
94.000000 0.899290 7.844385 0.308431 0.500850
94.099998 0.898680 7.843369 0.307762 0.502000
94.199997 0.898020 7.841931 0.307239 0.502400
94.299995 0.895948 7.830415 0.305453 0.497949
94.400002 0.898141 7.843963 0.302079 0.499800
94.500000 0.895979 7.830766 0.302160 0.497600
94.599998 0.897541 7.845762 0.304378 0.496601
94.699997 0.896990 7.845085 0.303430 0.497550
94.799995 0.896690 7.845884 0.304530 0.498450
94.900002 0.896448 7.844422 0.303452 0.496748
95.000000 0.896042 7.843762 0.303179 0.497601
95.099998 0.895490 7.840884 0.304330 0.500150
95.199997 0.893257 7.827631 0.303822 0.499200
95.299995 0.895779 7.841368 0.307261 0.498000
95.400002 0.896348 7.845123 0.309455 0.496448
95.500000 0.894468 7.830849 0.310793 0.493048
95.599998 0.894889 7.841384 0.309231 0.494449
95.699997 0.894289 7.839584 0.310531 0.495550
95.799995 0.892368 7.834451 0.314194 0.494348
95.900002 0.894389 7.842685 0.313831 0.497650
96.000000 0.895048 7.844022 0.314357 0.498249
96.099998 0.894073 7.836504 0.313276 0.498198
96.199997 0.895279 7.842869 0.314963 0.498500
96.299995 0.895879 7.841068 0.316763 0.500200
96.400002 0.891246 7.815608 0.316158 0.499150
96.500000 0.894537 7.839603 0.313788 0.502602
96.599998 0.894879 7.838768 0.313863 0.502400
96.699997 0.895390 7.839684 0.312531 0.502950
96.799995 0.892579 7.825165 0.312162 0.503401
96.900002 0.893900 7.839600 0.308100 0.506400
97.000000 0.894211 7.840016 0.309469 0.506449
97.099998 0.893211 7.841416 0.304470 0.511249
97.199997 0.894136 7.842005 0.304383 0.510606
97.299995 0.892035 7.822293 0.302181 0.514208
97.400002 0.894521 7.842031 0.303739 0.514997
97.500000 0.894511 7.841616 0.300770 0.515548
97.599998 0.894668 7.840552 0.298189 0.515255
97.699997 0.896510 7.841316 0.294371 0.516048
97.799995 0.896959 7.840937 0.292517 0.519508
97.900002 0.896548 7.836118 0.292046 0.519960
98.000000 0.897869 7.841053 0.292588 0.517355
98.099998 0.895679 7.825165 0.293259 0.517904
98.199997 0.897710 7.833916 0.291771 0.516548
98.299995 0.898139 7.839303 0.292776 0.517711
98.400002 0.897541 7.838564 0.294682 0.514894
98.500000 0.897218 7.837670 0.294135 0.512910
98.599998 0.895958 7.831032 0.294018 0.512405
98.699997 0.897631 7.839248 0.296111 0.511946
98.799995 0.896090 7.832583 0.297030 0.512751
98.900002 0.896959 7.840337 0.293717 0.514706
99.000000 0.894168 7.819146 0.294488 0.513454
99.099998 0.897849 7.839621 0.295248 0.512656
99.199997 0.897790 7.839684 0.293029 0.512851
99.299995 0.898490 7.841884 0.295130 0.511651
99.400002 0.899260 7.842638 0.294618 0.511204
99.500000 0.899210 7.838217 0.295970 0.508849
99.599998 0.899640 7.842063 0.297981 0.510296
99.699997 0.899740 7.842263 0.297381 0.510496
99.799995 0.899309 7.837554 0.297868 0.508458
99.900002 0.898078 7.831798 0.299359 0.504505
100.000000 0.897857 7.839275 0.300220 0.503805
100.099998 0.898388 7.840624 0.298028 0.504054
100.199997 0.898720 7.843431 0.298640 0.502300
100.299995 0.897941 7.841963 0.297581 0.498800
100.400002 0.898789 7.844629 0.299329 0.498248
100.500000 0.898351 7.844878 0.300350 0.493353
100.599998 0.898320 7.845231 0.300840 0.495301
100.699997 0.898780 7.844269 0.301960 0.498200
100.799995 0.898839 7.843707 0.304082 0.496798
100.900002 0.897369 7.836851 0.300990 0.497349
101.000000 0.897851 7.842079 0.301349 0.496352
101.099998 0.898929 7.843290 0.297708 0.493746
101.199997 0.896069 7.820546 0.295289 0.490947
101.299995 0.899360 7.844938 0.293417 0.490696
101.400002 0.899280 7.845169 0.292158 0.489298
101.500000 0.899450 7.844422 0.290945 0.487744
101.599998 0.900190 7.842784 0.293729 0.488649
101.699997 0.899600 7.842400 0.294600 0.491300
101.799995 0.899161 7.842295 0.295523 0.491505
101.900002 0.897179 7.829466 0.290358 0.492098
102.000000 0.900090 7.844584 0.287929 0.491149
102.099998 0.900230 7.844047 0.285814 0.491752
102.199997 0.901160 7.842237 0.284314 0.492897
102.299995 0.901100 7.842800 0.284000 0.493300
102.399994 0.901280 7.842668 0.282657 0.491298
102.500000 0.900590 7.835484 0.284128 0.491449
102.599998 0.901331 7.840189 0.285400 0.489643
102.699997 0.901680 7.840868 0.287558 0.490598
102.799995 0.901400 7.835999 0.287300 0.491000
102.899994 0.901500 7.833401 0.288300 0.486900
103.000000 0.901761 7.838535 0.288115 0.483393
103.099998 0.901861 7.836035 0.287615 0.487295
103.199997 0.902742 7.844107 0.283470 0.488593
103.299995 0.903804 7.847447 0.283483 0.487287
103.399994 0.904810 7.845515 0.286671 0.484852
103.500000 0.905281 7.842569 0.285257 0.483597
103.599998 0.903590 7.840584 0.283228 0.485049
103.699997 0.902461 7.838835 0.283213 0.483293
103.799995 0.903600 7.847100 0.284500 0.483500
103.899994 0.902400 7.839600 0.283500 0.481500
104.000000 0.899970 7.819446 0.285186 0.479744
104.099998 0.902320 7.845431 0.286743 0.484803
104.199997 0.901900 7.843900 0.288600 0.484800
104.299995 0.901210 7.840415 0.287571 0.483952
104.399994 0.901630 7.844646 0.285714 0.486154
104.500000 0.902100 7.844100 0.283800 0.485200
104.599998 0.901400 7.843500 0.283100 0.483700
104.699997 0.901829 7.841247 0.281516 0.482655
104.799995 0.901790 7.841484 0.280428 0.482048
104.899994 0.900970 7.841153 0.278183 0.484645
105.000000 0.900990 7.843684 0.279628 0.483048
105.099998 0.900890 7.846785 0.281028 0.481148
105.199997 0.898529 7.827379 0.281297 0.481137
105.299995 0.899100 7.835300 0.281100 0.482600
105.399994 0.900820 7.845531 0.281444 0.483703
105.500000 0.901800 7.845100 0.280400 0.482200
105.599998 0.902329 7.846346 0.276017 0.483255
105.699997 0.902603 7.842342 0.274875 0.482282
105.799995 0.904071 7.847555 0.275683 0.483345
105.899994 0.903661 7.844638 0.275710 0.485894
106.000000 0.903919 7.850530 0.274245 0.487702
106.099998 0.904414 7.851066 0.272946 0.483835
106.199997 0.901490 7.836384 0.272027 0.480348
106.299995 0.903800 7.850801 0.270900 0.482300
106.399994 0.903110 7.849015 0.270873 0.482552
106.500000 0.903371 7.847954 0.269581 0.479344
106.599998 0.902771 7.847554 0.269681 0.479244
106.699997 0.902378 7.845923 0.269784 0.478517
106.799995 0.901980 7.847470 0.273055 0.479096
106.899994 0.902890 7.852185 0.273227 0.482248
107.000000 0.902100 7.845800 0.275100 0.481500
107.099998 0.901671 7.849655 0.273582 0.482345
107.199997 0.900960 7.845538 0.272209 0.475690
107.299995 0.898400 7.826000 0.270500 0.471300
107.399994 0.902100 7.849899 0.272300 0.480600
107.500000 0.903019 7.851230 0.273645 0.479904
107.599998 0.902400 7.844200 0.274000 0.481100
107.699997 0.902031 7.851596 0.272891 0.480436
107.799995 0.900500 7.843500 0.270800 0.476900
107.899994 0.901590 7.853985 0.270127 0.477448
108.000000 0.901060 7.851140 0.273309 0.479092
108.099998 0.901090 7.851585 0.274627 0.476048
108.199997 0.900980 7.848070 0.270554 0.477295
108.299995 0.900620 7.847930 0.271346 0.479004
108.399994 0.901490 7.847985 0.271227 0.478748
108.500000 0.898480 7.819564 0.268154 0.478596
108.599998 0.901880 7.846969 0.273655 0.477996
108.699997 0.902210 7.845816 0.271073 0.478752
108.799995 0.899480 7.829165 0.267353 0.476895
108.899994 0.901120 7.847930 0.269346 0.476505
109.000000 0.900950 7.846623 0.267634 0.476338
109.099998 0.901490 7.848285 0.270227 0.475748
109.199997 0.900400 7.845700 0.270700 0.478400
109.299995 0.900390 7.847085 0.274427 0.479448
109.399994 0.900000 7.840199 0.277100 0.483800
109.500000 0.901480 7.848570 0.280056 0.478496
109.599998 0.898990 7.832783 0.280228 0.477648
109.699997 0.901720 7.852529 0.283743 0.479404
109.799995 0.902200 7.851500 0.279700 0.484900
109.899994 0.900860 7.837935 0.276411 0.483693
110.000000 0.901610 7.848815 0.277772 0.479952
110.099998 0.901539 7.846662 0.276190 0.481407
110.199997 0.897980 7.821465 0.276055 0.477996
110.299995 0.899690 7.839484 0.276028 0.476148
110.399994 0.901390 7.843884 0.277228 0.474347
110.500000 0.901249 7.844878 0.276862 0.474363
110.599998 0.900720 7.844031 0.275445 0.475605
110.699997 0.901040 7.843163 0.278189 0.472511
110.799995 0.899990 7.837984 0.278528 0.471247
110.899994 0.900710 7.843616 0.280172 0.468053
111.000000 0.899500 7.836900 0.280300 0.468200
111.099998 0.898400 7.829600 0.277400 0.470100
111.199997 0.897808 7.829247 0.279952 0.471825
111.299995 0.897700 7.830800 0.279700 0.471900
111.399994 0.899560 7.847092 0.277633 0.474715
111.500000 0.898069 7.831349 0.279084 0.470741
111.599998 0.898670 7.840652 0.279484 0.470041
111.699997 0.896800 7.828700 0.275800 0.466300
111.799995 0.898790 7.848185 0.280428 0.468647
111.899994 0.897559 7.841836 0.278711 0.465886
112.000000 0.898420 7.847830 0.278344 0.465607
112.099998 0.898180 7.845269 0.276355 0.468994
112.199997 0.897249 7.838619 0.271436 0.468034
112.299995 0.899100 7.845300 0.267800 0.467900
112.399994 0.898620 7.844731 0.269646 0.465507
112.500000 0.896338 7.828697 0.265860 0.468181
112.599998 0.897900 7.845800 0.265900 0.471000
112.699997 0.897082 7.844824 0.265188 0.474321
112.799995 0.897810 7.843815 0.262574 0.475552
112.899994 0.897269 7.845054 0.260378 0.474642
113.000000 0.896590 7.843384 0.260026 0.474747
113.099998 0.897290 7.844784 0.257126 0.474547
113.199997 0.897600 7.846200 0.256500 0.472700
113.299995 0.897390 7.846085 0.256226 0.474147
113.399994 0.897600 7.845500 0.257200 0.476300
113.500000 0.897579 7.845669 0.258552 0.478096
113.599998 0.896369 7.836951 0.257877 0.477143
113.699997 0.896900 7.847200 0.258100 0.479100
113.799995 0.897159 7.848440 0.256603 0.475390
113.899994 0.897690 7.846684 0.255626 0.475648
114.000000 0.896390 7.835083 0.257226 0.475448
114.099998 0.898751 7.847177 0.257971 0.478861
114.199997 0.898559 7.847438 0.255102 0.481893
114.299995 0.898429 7.844892 0.252677 0.482438
114.399994 0.896600 7.835000 0.252100 0.479200
114.500000 0.897759 7.846439 0.251501 0.478792
114.599998 0.896910 7.846016 0.250875 0.478452
114.699997 0.896179 7.829866 0.251650 0.476695
114.799995 0.897890 7.844785 0.252925 0.479448
114.899994 0.898790 7.844184 0.250825 0.481648
115.000000 0.898700 7.847100 0.253200 0.482200
115.099998 0.898851 7.847077 0.253773 0.486257
115.199997 0.899100 7.844600 0.254100 0.487100
115.299995 0.899710 7.849515 0.251675 0.490351
115.399994 0.900349 7.851323 0.253719 0.486171
115.500000 0.900851 7.849674 0.253280 0.483525
115.599998 0.900410 7.850415 0.256074 0.480352
115.699997 0.900910 7.849615 0.252375 0.482852
115.799995 0.900470 7.847354 0.253076 0.483645
115.899994 0.900320 7.848830 0.253249 0.484203
116.000000 0.899510 7.839016 0.252375 0.487551
116.099998 0.901639 7.846561 0.253499 0.483007
116.199997 0.900960 7.849440 0.254102 0.479592
116.299995 0.901090 7.848585 0.257026 0.478748
116.399994 0.900280 7.838868 0.257952 0.477896
116.500000 0.900540 7.849410 0.257555 0.477987
116.599998 0.897890 7.824183 0.256826 0.481748
116.699997 0.901420 7.851930 0.253649 0.487303
116.799995 0.901270 7.853556 0.252876 0.486546
116.899994 0.900250 7.853773 0.251774 0.487856
117.000000 0.900690 7.854685 0.249425 0.488649
117.099998 0.899120 7.842631 0.250350 0.487702
117.199997 0.900610 7.856714 0.252375 0.489151
117.299995 0.901630 7.857343 0.252624 0.491253
117.399994 0.900040 7.846808 0.252652 0.495597
117.500000 0.901049 7.856172 0.253873 0.492354
117.599998 0.900110 7.855215 0.255474 0.489651
117.699997 0.899950 7.853827 0.257529 0.489445
117.799995 0.900310 7.852815 0.259074 0.484252
117.899994 0.899940 7.850510 0.259256 0.484991
118.000000 0.898810 7.850215 0.259574 0.485751
118.099998 0.898840 7.850460 0.256597 0.485706
118.199997 0.898570 7.850255 0.259278 0.484045
118.299995 0.897939 7.843406 0.259556 0.481789
118.399994 0.895827 7.832083 0.261683 0.480536
118.500000 0.897349 7.846824 0.259730 0.480340
118.599998 0.897179 7.847069 0.259052 0.477395
118.699997 0.896379 7.842068 0.256251 0.477395
118.799995 0.895579 7.840168 0.255351 0.479696
118.899994 0.897151 7.846577 0.256272 0.478161
119.000000 0.896800 7.845300 0.254500 0.476500
119.099998 0.896590 7.846284 0.254325 0.474247
119.199997 0.897110 7.846716 0.254874 0.475652
119.299995 0.894768 7.825747 0.253676 0.469941
119.399994 0.897941 7.845262 0.252599 0.472611
119.500000 0.896700 7.831900 0.251600 0.476700
119.599998 0.897328 7.845292 0.253678 0.475933
119.699997 0.898910 7.847516 0.251575 0.473253
119.799995 0.899100 7.844300 0.250200 0.470300
119.899994 0.898169 7.828349 0.248675 0.469541
120.000000 0.895090 7.812381 0.250125 0.469147
120.099998 0.897900 7.841900 0.249700 0.470600
120.199997 0.897810 7.840616 0.251175 0.472053
120.299995 0.896079 7.836367 0.251050 0.469894
120.399994 0.895537 7.838703 0.253152 0.470182
120.500000 0.893657 7.820528 0.251601 0.465586
120.599998 0.895169 7.837051 0.252576 0.463939
120.699997 0.896293 7.841942 0.253172 0.463183
120.799995 0.896169 7.840952 0.251976 0.462039
120.899994 0.895048 7.830115 0.248324 0.460130
121.000000 0.897300 7.841000 0.245600 0.461600
121.099998 0.898271 7.844209 0.245828 0.462876
121.199997 0.898409 7.844060 0.248323 0.459914
121.299995 0.899950 7.846023 0.247024 0.461631
121.399994 0.899330 7.841889 0.244771 0.462424
121.500000 0.898590 7.836884 0.246425 0.460146
121.599998 0.899220 7.844031 0.246151 0.459008
121.699997 0.897090 7.828283 0.247025 0.458046
121.799995 0.897896 7.832365 0.248497 0.455511
121.899994 0.898870 7.842453 0.247974 0.455737
122.000000 0.899100 7.841599 0.250600 0.451400
122.099998 0.898349 7.837619 0.250225 0.449024
122.199997 0.897159 7.829932 0.247799 0.448679
122.299995 0.898840 7.844862 0.245302 0.448421
122.399994 0.898400 7.843200 0.247600 0.445400
122.500000 0.898331 7.844347 0.247726 0.446466
122.599998 0.897880 7.839768 0.246749 0.445089
122.699997 0.898730 7.835849 0.246126 0.445666
122.799995 0.898770 7.840652 0.245574 0.449935
122.899994 0.898500 7.841600 0.243900 0.452700
123.000000 0.898849 7.841821 0.240120 0.451026
123.099998 0.895427 7.815071 0.240769 0.448214
123.199997 0.898420 7.842831 0.242551 0.446311
123.299995 0.898220 7.841632 0.241752 0.444711
123.399994 0.896648 7.830515 0.240420 0.446723
123.500000 0.898141 7.843462 0.240404 0.448721
123.599998 0.897469 7.843452 0.237771 0.446334
123.699997 0.897710 7.841516 0.238676 0.443156
123.799995 0.896479 7.838468 0.239948 0.441988
123.899994 0.898791 7.846138 0.243281 0.438905
124.000000 0.899070 7.846854 0.241873 0.441632
124.099998 0.899790 7.846732 0.241366 0.442987
124.199997 0.898200 7.835300 0.241500 0.438200
124.299995 0.898830 7.842348 0.240228 0.436469
124.399994 0.898200 7.840600 0.240000 0.432200
124.500000 0.897841 7.839664 0.237305 0.430128
124.599998 0.898720 7.840632 0.240952 0.427614
124.699997 0.898118 7.840472 0.244996 0.426041
124.799995 0.898280 7.840268 0.248050 0.421484
124.899994 0.898840 7.839664 0.245202 0.424730
125.000000 0.900060 7.842595 0.247152 0.423546
125.099998 0.900380 7.844869 0.247850 0.425885
125.199997 0.899370 7.835951 0.250575 0.428128
125.299995 0.899650 7.841979 0.250975 0.428386
125.399994 0.899000 7.841400 0.250400 0.426700
125.500000 0.899070 7.839952 0.250875 0.429429
125.599998 0.899380 7.839968 0.248350 0.430386
125.699997 0.897190 7.824182 0.248725 0.426843
125.799995 0.898891 7.841643 0.248876 0.430113
125.899994 0.898568 7.835085 0.248423 0.427956
126.000000 0.898768 7.839892 0.246220 0.426054
126.099998 0.898169 7.838751 0.247074 0.424927
126.199997 0.897890 7.837084 0.244924 0.426543
126.299995 0.895790 7.824782 0.247425 0.425643
126.399994 0.896042 7.835066 0.244802 0.424930
126.500000 0.895369 7.836251 0.246174 0.424027
126.599998 0.894900 7.837200 0.251500 0.425500
126.699997 0.895800 7.837500 0.251700 0.425000
126.799995 0.892689 7.811281 0.254425 0.422742
126.899994 0.896042 7.836965 0.255798 0.423531
127.000000 0.895579 7.837267 0.254951 0.423585
127.099998 0.895600 7.838900 0.251100 0.423400
127.199997 0.895579 7.839267 0.253151 0.421684
127.299995 0.896621 7.841532 0.254149 0.420416
127.399994 0.896479 7.842369 0.253551 0.422985
127.500000 0.892779 7.815163 0.256851 0.421284
127.599998 0.896710 7.843515 0.258074 0.424558
127.699997 0.896410 7.842116 0.259774 0.425957
127.799995 0.896531 7.842047 0.257923 0.426672
127.899994 0.896593 7.841443 0.253672 0.429314
128.000000 0.895890 7.841584 0.249425 0.429543
128.099991 0.893479 7.815963 0.250950 0.429786
128.199997 0.896145 7.839924 0.251847 0.428999
128.300003 0.895090 7.829683 0.251725 0.429043
128.399994 0.896352 7.842879 0.256072 0.432784
128.500000 0.896421 7.841332 0.257548 0.428514
128.599991 0.897079 7.843969 0.252551 0.428486
128.699997 0.897000 7.840300 0.252500 0.429100
128.800003 0.898190 7.842985 0.253225 0.424442
128.899994 0.897500 7.839400 0.254500 0.425400
129.000000 0.893100 7.807899 0.250900 0.421700
129.099991 0.896300 7.836500 0.248500 0.425300
129.199997 0.894200 7.827800 0.249400 0.423600
129.300003 0.894889 7.840684 0.252625 0.425343
129.399994 0.895248 7.840920 0.253527 0.424512
129.500000 0.894158 7.834634 0.254802 0.425570
129.599991 0.894800 7.839200 0.255700 0.428500
129.699997 0.894568 7.840352 0.254676 0.423827
129.800003 0.895427 7.840488 0.255079 0.423997
129.899994 0.895290 7.838584 0.255626 0.422642
130.000000 0.895048 7.832016 0.256728 0.422011
130.099991 0.894789 7.831083 0.255926 0.424242
130.199997 0.896417 7.841673 0.258807 0.420737
130.300003 0.895579 7.827765 0.256951 0.419884
130.399994 0.896903 7.838461 0.258042 0.421878
130.500000 0.895848 7.832416 0.254827 0.423312
130.599991 0.895479 7.837368 0.255951 0.421084
130.699997 0.895790 7.834184 0.256626 0.423142
130.800003 0.896110 7.835417 0.256274 0.422458
130.899994 0.896559 7.834834 0.257003 0.423970
131.000000 0.896317 7.831264 0.252602 0.424440
131.099991 0.897059 7.835034 0.252001 0.421268
131.199997 0.895900 7.816600 0.251500 0.418600
131.300003 0.895069 7.819546 0.249575 0.422227
131.399994 0.895983 7.832834 0.250100 0.424261
131.500000 0.894547 7.827313 0.250625 0.426813
131.599991 0.892768 7.816845 0.249875 0.426128
131.699997 0.894889 7.833484 0.255126 0.427843
131.800003 0.895779 7.835167 0.254651 0.429686
131.899994 0.896979 7.832666 0.260352 0.426285
132.000000 0.896279 7.827566 0.259852 0.425085
132.099991 0.893604 7.810530 0.263137 0.422480
132.199997 0.890503 7.792326 0.261571 0.419054
132.300003 0.893845 7.823276 0.264134 0.420509
132.399994 0.893179 7.822965 0.265253 0.422284
132.500000 0.893958 7.832333 0.267007 0.419968
132.599991 0.893100 7.827100 0.266600 0.418800
132.699997 0.893489 7.828282 0.267127 0.419042
132.800003 0.891513 7.814452 0.266113 0.421137
132.899994 0.894900 7.833700 0.266300 0.419200
133.000000 0.895110 7.835217 0.264874 0.417058
133.099991 0.895610 7.834217 0.268773 0.416758
133.199997 0.894742 7.827569 0.271991 0.418033
133.300003 0.896110 7.833117 0.271573 0.414859
133.399994 0.895858 7.832833 0.271509 0.413165
133.500000 0.895990 7.834984 0.272227 0.418842
133.599991 0.895962 7.834400 0.268139 0.420148
133.699997 0.896069 7.834851 0.270381 0.419826
133.800003 0.894311 7.828117 0.269273 0.418858
133.899994 0.895200 7.837200 0.267700 0.415400
134.000000 0.895600 7.836700 0.268700 0.415400
134.099991 0.896552 7.837681 0.268966 0.415592
134.199997 0.896210 7.837016 0.269073 0.410959
134.300003 0.896321 7.835133 0.265347 0.408418
134.399994 0.895410 7.834517 0.264674 0.407359
134.500000 0.895516 7.829163 0.266914 0.404223
134.599991 0.896031 7.834750 0.267320 0.403979
134.699997 0.895637 7.835001 0.266660 0.402341
134.800003 0.894400 7.825700 0.265300 0.400200
134.899994 0.895721 7.836233 0.263947 0.399520
135.000000 0.896810 7.838916 0.261374 0.400660
135.099991 0.896600 7.838200 0.263200 0.403100
135.199997 0.895858 7.837035 0.261405 0.402961
135.300003 0.895952 7.836882 0.264068 0.406697
135.399994 0.896548 7.836518 0.263232 0.410205
135.500000 0.897210 7.835717 0.262674 0.406359
135.599991 0.893889 7.814481 0.263026 0.401840
135.699997 0.896600 7.834900 0.262100 0.400700
135.800003 0.894458 7.819727 0.260804 0.399760
135.899994 0.894289 7.823682 0.259926 0.401240
136.000000 0.894700 7.831300 0.260900 0.402000
136.099991 0.893804 7.827846 0.258032 0.401661
136.199997 0.892311 7.822818 0.260774 0.399960
136.300003 0.892589 7.830483 0.264226 0.398240
136.399994 0.892732 7.832950 0.263921 0.398380
136.500000 0.892457 7.831733 0.264406 0.404362
136.599991 0.892278 7.829466 0.261352 0.408782
136.699997 0.893004 7.830247 0.263137 0.408167
136.800003 0.892911 7.831216 0.263374 0.405959
136.899994 0.892800 7.829600 0.266600 0.409800
137.000000 0.893443 7.832467 0.266393 0.405438
137.099991 0.893315 7.833867 0.268315 0.407026
137.199997 0.894532 7.833850 0.269919 0.408178
137.300003 0.891091 7.808809 0.269770 0.407307
137.399994 0.894100 7.831200 0.270700 0.405400
137.500000 0.894379 7.837268 0.268754 0.406881
137.599991 0.895610 7.837816 0.268573 0.406459
137.699997 0.894611 7.834517 0.269773 0.403360
137.800003 0.894389 7.837183 0.268027 0.404640
137.899994 0.891178 7.812463 0.268154 0.405881
138.000000 0.890611 7.814919 0.268973 0.409859
138.099991 0.890878 7.816963 0.271754 0.412382
138.199997 0.893657 7.840636 0.273009 0.414766
138.300003 0.892422 7.840532 0.274445 0.413617
138.399994 0.890178 7.827266 0.273055 0.412483
138.500000 0.891724 7.838887 0.268588 0.415891
138.599991 0.891589 7.838084 0.268327 0.416342
138.699997 0.892611 7.838916 0.265573 0.417958
138.800003 0.894089 7.840684 0.266427 0.418642
138.899994 0.893689 7.841484 0.269227 0.417842
139.000000 0.893500 7.835999 0.267100 0.419200
139.099991 0.893932 7.841147 0.266120 0.418374
139.199997 0.894995 7.843443 0.270671 0.420020
139.300003 0.895410 7.843016 0.271173 0.420758
139.399994 0.895769 7.842753 0.269281 0.419426
139.500000 0.890989 7.811581 0.266327 0.416142
139.599991 0.895858 7.844038 0.267007 0.422369
139.699997 0.894789 7.842484 0.269027 0.420242
139.800003 0.895521 7.841831 0.266847 0.417616
139.899994 0.896517 7.843074 0.261910 0.417434
140.000000 0.897110 7.843016 0.260274 0.419858
140.099991 0.897269 7.841252 0.261178 0.421727
140.199997 0.898200 7.843500 0.264000 0.420000
140.300003 0.896900 7.841700 0.263300 0.418500
140.399994 0.896669 7.839852 0.261679 0.416825
140.500000 0.896810 7.837616 0.261174 0.420658
140.599991 0.894026 7.826979 0.258381 0.418293
140.699997 0.896179 7.836668 0.259952 0.418484
140.800003 0.893679 7.823364 0.257852 0.418284
140.899994 0.895110 7.833917 0.257974 0.417558
141.000000 0.893379 7.821964 0.259052 0.415783
141.099991 0.893611 7.830216 0.257074 0.414659
141.199997 0.893858 7.833633 0.255502 0.417967
141.300003 0.893389 7.832083 0.254325 0.419142
141.399994 0.894700 7.836300 0.256000 0.418500
141.500000 0.894937 7.835101 0.254253 0.419352
141.599991 0.893389 7.822282 0.251425 0.419742
141.699997 0.895785 7.836821 0.250075 0.423866
141.800003 0.895869 7.837251 0.248274 0.421326
141.899994 0.897472 7.839313 0.251224 0.421705
142.000000 0.896779 7.839368 0.251050 0.421284
142.099991 0.895921 7.839832 0.251150 0.422516
142.199997 0.895621 7.839332 0.253349 0.419616
142.300003 0.895469 7.839352 0.251876 0.416925
142.399994 0.895348 7.837519 0.249025 0.415708
142.500000 0.894974 7.837214 0.247827 0.412711
142.599991 0.893700 7.825500 0.246700 0.414100
142.699997 0.894874 7.839212 0.248126 0.414410
142.800003 0.893089 7.827783 0.244924 0.416142
142.899994 0.893336 7.829998 0.245247 0.414549
143.000000 0.895200 7.835001 0.248300 0.414800
143.099991 0.896227 7.838787 0.248574 0.415491
143.199997 0.895910 7.838116 0.247875 0.416458
143.300003 0.895621 7.838333 0.243451 0.417017
143.399994 0.895490 7.833183 0.240124 0.417442
143.500000 0.895731 7.839149 0.242927 0.419374
143.599991 0.894768 7.827849 0.245874 0.421927
143.699997 0.895569 7.839652 0.246274 0.422727
143.800003 0.895742 7.841763 0.243303 0.423331
143.899994 0.895263 7.841795 0.243054 0.421847
144.000000 0.895938 7.840304 0.237843 0.424955
144.099991 0.896600 7.836900 0.236400 0.421200
144.199997 0.897031 7.839548 0.236729 0.418974
144.300003 0.894668 7.824748 0.236571 0.415225
144.399994 0.896600 7.840300 0.237600 0.412700
144.500000 0.896369 7.836751 0.237271 0.409623
144.599991 0.895569 7.839052 0.237871 0.409723
144.699997 0.896293 7.838346 0.239484 0.412429
144.800003 0.896579 7.834467 0.239748 0.411182
144.899994 0.896897 7.837738 0.240440 0.408709
145.000000 0.896452 7.837381 0.241179 0.411694
145.099991 0.894868 7.826048 0.240372 0.409923
145.199997 0.893236 7.816590 0.240144 0.410546
145.300003 0.894826 7.832283 0.238667 0.412689
145.399994 0.894674 7.832817 0.237834 0.412511
145.500000 0.893811 7.831917 0.237276 0.412159
145.599991 0.894011 7.833717 0.238376 0.411959
145.699997 0.894389 7.832983 0.239324 0.407941
145.800003 0.894337 7.834500 0.238043 0.409145
145.899994 0.893832 7.836249 0.237029 0.405278
146.000000 0.894568 7.838252 0.234970 0.408322
146.099991 0.894242 7.837764 0.234406 0.405038
146.199997 0.894089 7.836483 0.235524 0.401840
146.300003 0.894400 7.836800 0.236200 0.400700
146.399994 0.892768 7.831550 0.236071 0.401220
146.500000 0.891289 7.822382 0.236524 0.398440
146.599991 0.893279 7.835167 0.235047 0.402480
146.699997 0.893021 7.835633 0.236353 0.398720
146.800003 0.892811 7.838116 0.238076 0.393461
146.899994 0.891278 7.827466 0.240148 0.389378
147.000000 0.889345 7.817509 0.237619 0.386593
147.099991 0.892546 7.838619 0.232916 0.388594
147.199997 0.893411 7.842016 0.235576 0.387961
147.300003 0.893521 7.841432 0.234953 0.390822
147.399994 0.893332 7.841547 0.235529 0.388883
147.500000 0.893236 7.838503 0.231839 0.391535
147.599991 0.893300 7.837100 0.229700 0.388600
147.699997 0.893100 7.837801 0.231900 0.387600
147.800003 0.892268 7.835951 0.227668 0.390417
147.899994 0.891389 7.837384 0.225723 0.393239
148.000000 0.892511 7.837516 0.224378 0.393061
148.099991 0.892300 7.834300 0.221700 0.393900
148.199997 0.892489 7.834984 0.222722 0.394339
148.300003 0.893079 7.834167 0.224245 0.390478
148.399994 0.893168 7.830549 0.224867 0.390117
148.500000 0.894332 7.836750 0.222633 0.387484
148.599991 0.890090 7.806406 0.218118 0.383083
148.699997 0.893028 7.836895 0.221934 0.387934
148.800003 0.893400 7.835600 0.225000 0.385200
148.899994 0.893989 7.835683 0.224022 0.388039
149.000000 0.893547 7.834217 0.223912 0.388094
149.099991 0.893789 7.833683 0.224522 0.385239
149.199997 0.892868 7.834150 0.223967 0.385316
149.300003 0.893100 7.835999 0.223400 0.382300
149.399994 0.894000 7.837100 0.224100 0.381700
149.500000 0.894232 7.837049 0.226332 0.380086
149.599991 0.893547 7.828815 0.225713 0.379790
149.699997 0.894221 7.839332 0.225055 0.379224
149.800003 0.894779 7.838068 0.223345 0.383277
149.899994 0.894711 7.837816 0.224878 0.383062
150.000000 0.894132 7.837049 0.223533 0.384385
150.099991 0.894658 7.835635 0.222489 0.388856
150.199997 0.893157 7.829031 0.224990 0.385854
150.300003 0.890778 7.818364 0.223745 0.381376
150.399994 0.892186 7.834232 0.222322 0.380396
150.500000 0.891800 7.833899 0.223800 0.378300
150.599991 0.892054 7.833083 0.224788 0.372314
150.699997 0.892211 7.833417 0.226877 0.370163
150.800003 0.892225 7.834785 0.229661 0.372561
150.899994 0.891911 7.834316 0.228777 0.370363
151.000000 0.891500 7.833900 0.228500 0.369600
151.099991 0.892289 7.833483 0.226923 0.369737
151.199997 0.891678 7.832967 0.225145 0.369874
151.300003 0.893153 7.834783 0.224988 0.368916
151.399994 0.892979 7.832466 0.223245 0.365273
151.500000 0.892550 7.826457 0.218806 0.366914
151.599991 0.892600 7.831300 0.216600 0.365800
151.699997 0.890178 7.819163 0.219044 0.361672
151.800003 0.892532 7.835150 0.217635 0.364391
151.899994 0.892789 7.835884 0.217922 0.361336
152.000000 0.893842 7.836466 0.218713 0.357857
152.099991 0.893668 7.834851 0.219766 0.357907
152.199997 0.887599 7.789310 0.216295 0.356821
152.300003 0.889857 7.816262 0.215881 0.357965
152.399994 0.892175 7.833917 0.215149 0.359448
152.500000 0.893289 7.836684 0.215322 0.357436
152.599991 0.890112 7.818655 0.215172 0.357186
152.699997 0.893000 7.835700 0.210600 0.355000
152.800003 0.893500 7.835700 0.213000 0.352300
152.899994 0.894642 7.835665 0.210616 0.353159
153.000000 0.895237 7.835501 0.209626 0.354112
153.099991 0.895479 7.837968 0.210042 0.354071
153.199997 0.895000 7.833001 0.212000 0.355200
153.300003 0.892289 7.816982 0.211121 0.355836
153.399994 0.894311 7.836016 0.213179 0.354865
153.500000 0.894479 7.836367 0.216043 0.354971
153.599991 0.894874 7.839512 0.215849 0.355551
153.699997 0.895642 7.840764 0.212515 0.358657
153.800003 0.895537 7.841405 0.214529 0.359316
153.899994 0.895021 7.840732 0.213357 0.357129
154.000000 0.892214 7.816854 0.215572 0.354884
154.099991 0.891015 7.817791 0.217971 0.353601
154.199997 0.892700 7.836100 0.216500 0.356200
154.300003 0.893168 7.835950 0.216665 0.355607
154.399994 0.893711 7.836316 0.215178 0.352865
154.500000 0.893168 7.825248 0.212864 0.353206
154.599991 0.893947 7.832016 0.215408 0.355178
154.699997 0.892700 7.826700 0.211400 0.354000
154.800003 0.893411 7.835816 0.213079 0.353165
154.899994 0.893911 7.835716 0.213379 0.352765
155.000000 0.893347 7.831516 0.210105 0.351876
155.099991 0.893640 7.827341 0.210215 0.353030
155.199997 0.894368 7.836351 0.207662 0.356707
155.300003 0.890889 7.812781 0.207121 0.355836
155.399994 0.893647 7.834918 0.207604 0.356178
155.500000 0.893300 7.830800 0.205900 0.358600
155.599991 0.894479 7.837668 0.205441 0.356071
155.699997 0.894000 7.837200 0.206400 0.358700
155.800003 0.893836 7.837903 0.205924 0.356614
155.899994 0.894158 7.839436 0.204082 0.356943
156.000000 0.893989 7.839684 0.205121 0.356336
156.099991 0.892268 7.823847 0.205462 0.351005
156.199997 0.895221 7.841531 0.206159 0.352430
156.300003 0.894068 7.834650 0.203361 0.350305
156.399994 0.894621 7.839532 0.202060 0.350730
156.500000 0.894053 7.839180 0.204997 0.353123
156.599991 0.892857 7.827931 0.203081 0.353541
156.699997 0.894421 7.839132 0.203159 0.351530
156.800003 0.894368 7.831249 0.202661 0.350605
156.899994 0.894847 7.839220 0.202501 0.351776
157.000000 0.894289 7.837984 0.202820 0.352235
157.099991 0.893968 7.836651 0.203161 0.350505
157.199997 0.894810 7.841916 0.204080 0.347665
157.300003 0.894400 7.837100 0.206000 0.347100
157.399994 0.893889 7.836483 0.202720 0.348135
157.500000 0.894021 7.826234 0.201460 0.352430
157.599991 0.893268 7.827348 0.200560 0.349505
157.699997 0.895431 7.836649 0.197741 0.353794
157.800003 0.891167 7.812644 0.198159 0.354806
157.899994 0.892700 7.835000 0.196700 0.357600
158.000000 0.892211 7.833817 0.195080 0.356964
158.099991 0.890023 7.819674 0.193135 0.357750
158.199997 0.890600 7.826400 0.194000 0.360800
158.300003 0.889746 7.823553 0.192469 0.362808
158.399994 0.890980 7.833117 0.191411 0.361698
158.500000 0.891932 7.834550 0.191742 0.361392
158.599991 0.891089 7.831883 0.188519 0.362236
158.699997 0.890978 7.835668 0.186737 0.364073
158.800003 0.891522 7.834533 0.186663 0.363427
158.899994 0.889578 7.815563 0.184637 0.365473
159.000000 0.891289 7.836584 0.185219 0.367937
159.099991 0.888989 7.816882 0.182418 0.366737
159.199997 0.892068 7.837852 0.184755 0.366210
159.300003 0.891600 7.839200 0.185100 0.365300
159.399994 0.891746 7.838920 0.185893 0.364382
159.500000 0.891822 7.837233 0.186563 0.366727
159.599991 0.890612 7.830665 0.185348 0.365893
159.699997 0.891500 7.835900 0.189300 0.362800
159.800003 0.892168 7.837852 0.188757 0.360508
159.899994 0.891411 7.836516 0.187281 0.359664
160.000000 0.891289 7.835684 0.184918 0.358136
160.099991 0.892100 7.830300 0.185400 0.357300
160.199997 0.892668 7.833650 0.185756 0.357607
160.300003 0.892511 7.821118 0.185781 0.360364
160.399994 0.893011 7.831616 0.183782 0.363864
160.500000 0.890980 7.814997 0.182200 0.362599
160.599991 0.892000 7.833700 0.184100 0.364000
160.699997 0.891822 7.833233 0.187363 0.363827
160.800003 0.890500 7.823400 0.187200 0.361700
160.899994 0.891897 7.830453 0.188031 0.361674
161.000000 0.891478 7.830766 0.187337 0.361872
161.099991 0.891632 7.831651 0.189143 0.363091
161.199997 0.891722 7.832434 0.188562 0.363727
161.300003 0.891889 7.832684 0.187219 0.367237
161.399994 0.891657 7.833734 0.183774 0.367747
161.500000 0.891778 7.831067 0.184437 0.364273
161.599991 0.891011 7.832916 0.184382 0.364364
161.699997 0.892168 7.833250 0.183055 0.364409
161.800003 0.891978 7.836167 0.180436 0.361872
161.899994 0.890645 7.833217 0.181091 0.366583
162.000000 0.891067 7.838152 0.182555 0.365710
162.099991 0.890989 7.837184 0.182418 0.368337
162.199997 0.890845 7.834017 0.181691 0.369385
162.300003 0.890167 7.829249 0.181054 0.369211
162.399994 0.891222 7.834233 0.179464 0.371326
162.500000 0.891808 7.834266 0.176523 0.372128
162.599991 0.891911 7.836616 0.178482 0.374063
162.699997 0.892243 7.835766 0.179528 0.371851
162.800003 0.891743 7.835166 0.179928 0.370452
162.899994 0.890945 7.829414 0.182491 0.369885
163.000000 0.889578 7.823065 0.180336 0.368274
163.099991 0.891411 7.825417 0.178582 0.367263
163.199997 0.890900 7.820900 0.180500 0.363500
163.300003 0.891333 7.830651 0.178147 0.363491
163.399994 0.891189 7.825283 0.177118 0.360636
163.500000 0.891700 7.828200 0.178900 0.362100
163.599991 0.892689 7.831583 0.183218 0.359636
163.699997 0.892332 7.832150 0.181945 0.358992
163.800003 0.892154 7.832384 0.181010 0.362219
163.899994 0.892964 7.832801 0.182191 0.363682
164.000000 0.894379 7.834967 0.181636 0.362873
164.099991 0.893046 7.828815 0.182091 0.360080
164.199997 0.893021 7.835433 0.183563 0.363827
164.300003 0.892278 7.826765 0.181936 0.362473
164.399994 0.892257 7.833033 0.181973 0.365846
164.500000 0.891878 7.830367 0.180936 0.363973
164.599991 0.891800 7.832300 0.181800 0.366300
164.699997 0.891089 7.831684 0.181818 0.363136
164.800003 0.892332 7.831951 0.180846 0.359292
164.899994 0.892721 7.832133 0.181364 0.359128
165.000000 0.893400 7.832700 0.180300 0.358500
165.099991 0.892200 7.821000 0.179400 0.353400
165.199997 0.891046 7.815308 0.178889 0.353777
165.300003 0.893868 7.833850 0.180454 0.353706
165.399994 0.892536 7.835802 0.181009 0.353512
165.500000 0.892900 7.837500 0.178900 0.352100
165.599991 0.893211 7.835516 0.179782 0.349765
165.699997 0.893168 7.836451 0.180554 0.350505
165.800003 0.893711 7.834616 0.180082 0.349665
165.899994 0.894532 7.835450 0.180046 0.353294
166.000000 0.893668 7.831449 0.178253 0.352406
166.099991 0.893036 7.833300 0.175705 0.356514
166.199997 0.892600 7.832300 0.176400 0.354900
166.300003 0.892846 7.829815 0.175188 0.352776
166.399994 0.893447 7.830515 0.173587 0.353977
166.500000 0.892135 7.822994 0.173704 0.352511
166.599991 0.891289 7.823582 0.174017 0.353035
166.699997 0.892411 7.830817 0.172083 0.354365
166.800003 0.891511 7.830617 0.171083 0.353765
166.899994 0.892111 7.830717 0.170383 0.356564
167.000000 0.891678 7.830666 0.170734 0.357371
167.099991 0.891378 7.830866 0.169734 0.359472
167.199997 0.890767 7.831550 0.170951 0.358608
167.300003 0.890578 7.822964 0.168834 0.356671
167.399994 0.890289 7.825683 0.168317 0.357936
167.500000 0.891465 7.830301 0.167799 0.358585
167.599991 0.892322 7.830734 0.168266 0.358428
167.699997 0.893657 7.827731 0.170968 0.361845
167.800003 0.893879 7.827166 0.171334 0.360072
167.899994 0.894153 7.828986 0.170015 0.364618
168.000000 0.894389 7.827183 0.170717 0.364636
168.099991 0.894321 7.827434 0.174165 0.361528
168.199997 0.893189 7.824583 0.174117 0.362736
168.300003 0.892936 7.821292 0.174104 0.363818
168.399994 0.893389 7.827682 0.176718 0.364436
168.500000 0.892921 7.827535 0.177465 0.364827
168.599991 0.892979 7.824565 0.173935 0.363973
168.699997 0.892311 7.821618 0.174583 0.363964
168.800003 0.892900 7.825200 0.175800 0.363600
168.899994 0.890367 7.810443 0.174852 0.362309
169.000000 0.890713 7.815152 0.174440 0.361689
169.099991 0.891611 7.823518 0.174383 0.361064
169.199997 0.891481 7.820903 0.173991 0.364201
169.300003 0.892600 7.824800 0.172500 0.366800
169.399994 0.889700 7.801900 0.169700 0.362800
169.500000 0.892764 7.827703 0.170498 0.363282
169.599991 0.891622 7.824035 0.171766 0.363527
169.699997 0.892289 7.828883 0.171517 0.361836
169.800003 0.892532 7.829751 0.171449 0.362591
169.899994 0.891911 7.831617 0.171483 0.363964
170.000000 0.891889 7.831083 0.171017 0.366237
170.099991 0.891100 7.826700 0.173000 0.366900
170.199997 0.890989 7.825983 0.170117 0.370037
170.300003 0.891754 7.831184 0.169915 0.370415
170.399994 0.893104 7.832950 0.169052 0.369833
170.500000 0.893357 7.829832 0.168667 0.366747
170.599991 0.892500 7.825000 0.167700 0.364900
170.699997 0.893168 7.829148 0.166650 0.363909
170.800003 0.889100 7.798900 0.167000 0.364300
170.899994 0.891056 7.820828 0.168667 0.364546
171.000000 0.890811 7.826718 0.170183 0.366163
171.099991 0.890156 7.828331 0.168968 0.365346
171.199997 0.890444 7.825170 0.167733 0.362355
171.300003 0.891589 7.827283 0.169517 0.362836
171.399994 0.891435 7.828397 0.169302 0.364118
171.500000 0.890089 7.827383 0.170117 0.359936
171.599991 0.891246 7.829114 0.170785 0.360680
171.699997 0.891811 7.826717 0.170583 0.361764
171.800003 0.892311 7.828718 0.170283 0.359064
171.899994 0.891167 7.825647 0.170951 0.359808
172.000000 0.892886 7.832434 0.168265 0.360711
172.099991 0.891189 7.816282 0.169617 0.358836
172.199997 0.892511 7.829517 0.169183 0.360864
172.300003 0.892836 7.831099 0.166100 0.358615
172.399994 0.893200 7.833000 0.166600 0.361100
172.500000 0.892124 7.824877 0.166617 0.362754
172.599991 0.893632 7.832650 0.163351 0.366490
172.699997 0.893900 7.834000 0.162500 0.365400
172.800003 0.894258 7.834033 0.163766 0.362545
172.899994 0.893679 7.836368 0.161532 0.365573
173.000000 0.892914 7.836769 0.163231 0.366693
173.099991 0.892989 7.837684 0.160216 0.364736
173.199997 0.890534 7.825996 0.158595 0.361517
173.300003 0.892468 7.836751 0.157147 0.365610
173.399994 0.892289 7.836383 0.154115 0.366237
173.500000 0.891478 7.829766 0.151630 0.360372
173.599991 0.894085 7.837131 0.151978 0.357814
173.699997 0.894253 7.835582 0.153423 0.359021
173.800003 0.891746 7.811806 0.154177 0.354477
173.899994 0.892414 7.813752 0.153122 0.352982
174.000000 0.894600 7.834300 0.155400 0.354700
174.099991 0.894453 7.834482 0.156822 0.353523
174.199997 0.894011 7.835816 0.155984 0.354265
174.300003 0.894600 7.837200 0.157700 0.355600
174.399994 0.894789 7.838883 0.158216 0.355136
174.500000 0.893868 7.833249 0.158147 0.357007
174.599991 0.893600 7.838300 0.157400 0.355600
174.699997 0.892511 7.838716 0.157484 0.354765
174.800003 0.893525 7.839388 0.158811 0.352747
174.899994 0.892968 7.834350 0.161048 0.351505
175.000000 0.893747 7.836618 0.160980 0.353077
175.099991 0.894279 7.840768 0.159132 0.348770
175.199997 0.894658 7.844137 0.159964 0.347339
175.300003 0.895100 7.845300 0.157600 0.347200
175.399994 0.894179 7.838568 0.157031 0.349770
175.500000 0.895290 7.843784 0.156516 0.349635
175.599991 0.894368 7.842553 0.156647 0.347904
175.699997 0.894100 7.837400 0.155700 0.347700
175.800003 0.894447 7.833217 0.153877 0.345973
175.899994 0.896169 7.844153 0.155247 0.346104
176.000000 0.897000 7.843400 0.152100 0.346700
176.099991 0.897438 7.844606 0.153592 0.344707
176.199997 0.894816 7.831965 0.153823 0.347078
176.300003 0.896831 7.844247 0.154554 0.347896
176.399994 0.896969 7.842353 0.154246 0.346604
176.500000 0.895938 7.841505 0.151991 0.344307
176.599991 0.896110 7.844016 0.150285 0.345465
176.699997 0.895510 7.841016 0.151385 0.347065
176.800003 0.895590 7.836983 0.150215 0.346235
176.899994 0.895600 7.839500 0.147900 0.349100
177.000000 0.894468 7.835951 0.147644 0.349605
177.099991 0.895700 7.841300 0.149100 0.348700
177.199997 0.894889 7.838084 0.148515 0.349935
177.300003 0.896690 7.842684 0.145315 0.353235
177.399994 0.897041 7.840564 0.144642 0.359156
177.500000 0.896538 7.837102 0.143786 0.361317
177.599991 0.896590 7.843185 0.147015 0.362036
177.699997 0.897490 7.844184 0.144314 0.363336
177.800003 0.898600 7.845000 0.143300 0.361000
177.899994 0.897500 7.843700 0.142800 0.365200
178.000000 0.896190 7.835184 0.143114 0.363836
178.099991 0.895717 7.834167 0.144416 0.362190
178.199997 0.897541 7.847661 0.145242 0.362255
178.300003 0.897920 7.847031 0.146871 0.360928
178.399994 0.897490 7.846685 0.145615 0.362936
178.500000 0.897900 7.849500 0.148200 0.363200
178.599991 0.898680 7.849770 0.148430 0.363273
178.699997 0.897590 7.840584 0.148915 0.361536
178.800003 0.897780 7.843969 0.151130 0.362873
178.899994 0.898300 7.848800 0.149400 0.363700
179.000000 0.898690 7.847785 0.151715 0.364636
179.099991 0.897100 7.834500 0.151900 0.362900
179.199997 0.897310 7.843116 0.150785 0.364864
179.300003 0.898388 7.844329 0.153168 0.368505
179.399994 0.899300 7.845900 0.151000 0.374500
179.500000 0.900600 7.848400 0.153100 0.371400
179.599991 0.900790 7.847785 0.153815 0.371237
179.699997 0.899900 7.847900 0.152000 0.374100
179.800003 0.900240 7.845708 0.154993 0.373324
179.899994 0.900871 7.843997 0.153099 0.371683
180.000000 0.901820 7.845831 0.149770 0.374625
180.099991 0.903439 7.847861 0.149540 0.372551
180.199997 0.903990 7.848785 0.149215 0.375138
180.300003 0.903290 7.844584 0.149415 0.373837
180.399994 0.902790 7.836184 0.150415 0.370937
180.500000 0.903129 7.847246 0.150155 0.368889
180.599991 0.902710 7.849316 0.148685 0.368563
180.699997 0.902251 7.850025 0.147874 0.366883
180.800003 0.902380 7.849870 0.148330 0.366173
180.899994 0.901570 7.847655 0.146844 0.367610
181.000000 0.902742 7.849209 0.145287 0.366820
181.099991 0.902922 7.849279 0.143615 0.365492
181.199997 0.903910 7.852715 0.142186 0.368863
181.300003 0.903300 7.854300 0.141100 0.364800
181.399994 0.901070 7.833950 0.139842 0.364909
181.500000 0.903290 7.852785 0.140714 0.367537
181.599991 0.902700 7.852000 0.139400 0.368800
181.699997 0.901470 7.842453 0.138842 0.368411
181.800003 0.902671 7.853656 0.140342 0.370111
181.899994 0.902881 7.853170 0.139928 0.368974
182.000000 0.902971 7.851856 0.139242 0.365810
182.099991 0.903022 7.849880 0.139912 0.362890
182.199997 0.902871 7.848755 0.141142 0.363309
182.300003 0.901920 7.848530 0.141772 0.364227
182.399994 0.902380 7.849070 0.140628 0.362973
182.500000 0.902300 7.846800 0.139700 0.362800
182.599991 0.902480 7.847570 0.142428 0.361972
182.699997 0.902341 7.849810 0.141085 0.359316
182.800003 0.900750 7.836919 0.143272 0.360380
182.899994 0.899640 7.835401 0.141785 0.358715
183.000000 0.901090 7.846485 0.142514 0.359436
183.099991 0.901920 7.848430 0.143671 0.359628
183.199997 0.901561 7.844438 0.144458 0.355442
183.300003 0.902322 7.849880 0.145416 0.360789
183.399994 0.902251 7.853626 0.146973 0.358279
183.500000 0.902139 7.856358 0.146242 0.361056
183.599991 0.901470 7.852356 0.145344 0.361709
183.699997 0.902139 7.853559 0.145342 0.361755
183.800003 0.898790 7.832083 0.147215 0.363236
183.899994 0.901090 7.852685 0.145115 0.365237
184.000000 0.901700 7.851601 0.147500 0.365300
184.099991 0.902890 7.854385 0.145915 0.365937
184.199997 0.903510 7.855114 0.144886 0.367163
184.300003 0.903800 7.854700 0.145300 0.364900
184.399994 0.904281 7.856671 0.143629 0.367173
184.500000 0.904967 7.855501 0.144999 0.364745
184.599991 0.905138 7.856857 0.143343 0.368253
184.699997 0.905209 7.855714 0.143086 0.368963
184.800003 0.905572 7.857957 0.145244 0.369711
184.899994 0.905500 7.856600 0.144900 0.373500
185.000000 0.900780 7.824665 0.143429 0.375775
185.099991 0.905300 7.856100 0.143500 0.378100
185.199997 0.904952 7.852226 0.142671 0.378389
185.300003 0.905581 7.856171 0.144529 0.375575
185.399994 0.905328 7.851945 0.144557 0.374588
185.500000 0.905528 7.851844 0.142457 0.373188
185.599991 0.903290 7.837284 0.142314 0.374037
185.699997 0.906284 7.855930 0.143871 0.376961
185.800003 0.899760 7.810123 0.144058 0.375050
185.899994 0.905324 7.853783 0.146217 0.382906
186.000000 0.903181 7.835967 0.146129 0.380676
186.099991 0.904776 7.852717 0.146882 0.377998
186.199997 0.903461 7.845539 0.148960 0.374850
186.300003 0.903271 7.850656 0.152146 0.374212
186.399994 0.901382 7.838706 0.147777 0.371145
186.500000 0.902310 7.845116 0.148285 0.370763
186.599991 0.902739 7.847961 0.146641 0.373051
186.699997 0.903400 7.846200 0.145200 0.373700
186.800003 0.903790 7.848685 0.144114 0.368137
186.899994 0.902971 7.848354 0.142943 0.367410
187.000000 0.903652 7.851526 0.141771 0.364282
187.099991 0.903342 7.852411 0.140985 0.363518
187.199997 0.903519 7.853629 0.140672 0.364327
187.300003 0.900570 7.830449 0.141442 0.364209
187.399994 0.903300 7.852500 0.139000 0.362000
187.500000 0.902890 7.852185 0.139514 0.364336
187.599991 0.902971 7.852756 0.141042 0.360508
187.699997 0.903510 7.853915 0.141586 0.357364
187.800003 0.901841 7.849810 0.138583 0.361217
187.899994 0.901871 7.849154 0.137741 0.362109
188.000000 0.902510 7.853815 0.138486 0.362864
188.099991 0.902061 7.844637 0.139556 0.360044
188.199997 0.903648 7.854772 0.142329 0.359620
188.300003 0.902600 7.850500 0.143000 0.363700
188.399994 0.901231 7.840188 0.144101 0.363554
188.500000 0.901170 7.838452 0.143643 0.361909
188.599991 0.899930 7.838587 0.146102 0.362854
188.699997 0.900690 7.854285 0.146815 0.364937
188.800003 0.900000 7.853600 0.146600 0.362100
188.899994 0.900320 7.856229 0.147471 0.361628
189.000000 0.900620 7.854729 0.147371 0.358128
189.099991 0.900570 7.854957 0.145644 0.358708
189.199997 0.899780 7.852871 0.145529 0.357772
189.300003 0.900540 7.850110 0.146188 0.357915
189.399994 0.900900 7.851700 0.145300 0.358200
189.500000 0.899190 7.841784 0.144014 0.356536
189.599991 0.900970 7.852856 0.141142 0.358207
189.699997 0.900590 7.854085 0.139414 0.356036
189.800003 0.901090 7.855786 0.138214 0.351235
189.899994 0.901590 7.857585 0.139014 0.349635
190.000000 0.900831 7.855299 0.135995 0.351946
190.099991 0.901469 7.855801 0.137604 0.354452
190.199997 0.901160 7.854442 0.137755 0.354842
190.300003 0.901290 7.853985 0.138314 0.353235
190.399994 0.899460 7.838536 0.137255 0.353842
190.500000 0.900610 7.851715 0.136586 0.354865
190.599991 0.901810 7.854914 0.135286 0.354465
190.699997 0.902919 7.854928 0.133073 0.359528
190.800003 0.901300 7.837400 0.133200 0.355100
190.899994 0.902400 7.854300 0.132300 0.354000
191.000000 0.901871 7.853256 0.132240 0.351205
191.099991 0.899440 7.844207 0.130979 0.349009
191.199997 0.900430 7.850445 0.130061 0.349095
191.300003 0.898039 7.835701 0.129778 0.349410
191.399994 0.898759 7.846939 0.130752 0.350340
191.500000 0.899180 7.849970 0.131126 0.348070
191.599991 0.898801 7.851448 0.131369 0.347153
191.699997 0.898190 7.850385 0.129813 0.345835
191.800003 0.897021 7.838032 0.128474 0.340132
191.899994 0.899560 7.851041 0.128251 0.340636
192.000000 0.899161 7.853488 0.131721 0.343294
192.099991 0.899570 7.852556 0.129839 0.341402
192.199997 0.899120 7.852329 0.127375 0.343131
192.300003 0.898990 7.850685 0.126513 0.343634
192.399994 0.896748 7.838919 0.127164 0.343972
192.500000 0.895195 7.831932 0.125325 0.345445
192.599991 0.897400 7.846700 0.124400 0.342600
192.699997 0.897300 7.847400 0.125600 0.345600
192.800003 0.898090 7.850285 0.125113 0.347735
192.899994 0.898131 7.850245 0.125362 0.350995
193.000000 0.898820 7.851830 0.125475 0.345931
193.099991 0.894779 7.821364 0.123525 0.346569
193.199997 0.898619 7.848979 0.124800 0.347878
193.300003 0.898570 7.848855 0.125138 0.349705
193.399994 0.899490 7.849385 0.124512 0.350735
193.500000 0.898930 7.848146 0.121863 0.348895
193.599991 0.898930 7.851345 0.119564 0.349195
193.699997 0.898830 7.845346 0.121164 0.347696
193.800003 0.899400 7.848100 0.120100 0.345500
193.899994 0.898900 7.840200 0.118600 0.343800
194.000000 0.898190 7.831183 0.117812 0.344534
194.099991 0.899480 7.841768 0.118824 0.344369
194.199997 0.898890 7.842084 0.120212 0.339634
194.300003 0.900730 7.846693 0.117082 0.342340
194.399994 0.901520 7.852429 0.117976 0.342232
194.500000 0.900960 7.854142 0.118047 0.338235
194.599991 0.901510 7.854115 0.116888 0.333767
194.699997 0.901633 7.855654 0.116198 0.335871
194.800003 0.901851 7.855028 0.117459 0.335668
194.899994 0.901510 7.855914 0.115888 0.336166
195.000000 0.901759 7.856686 0.114831 0.338297
195.099991 0.902400 7.853601 0.116800 0.335300
195.199997 0.902568 7.854802 0.116818 0.335565
195.300003 0.902529 7.858142 0.115165 0.338598
195.399994 0.902649 7.858571 0.114743 0.343028
195.500000 0.902190 7.856485 0.113411 0.347735
195.599991 0.902061 7.853842 0.113545 0.348639
195.699997 0.903510 7.857214 0.114789 0.348065
195.800003 0.903381 7.855771 0.114223 0.347970
195.899994 0.903790 7.856586 0.113211 0.349135
196.000000 0.901710 7.849215 0.113189 0.346665
196.099991 0.902271 7.851455 0.113234 0.341302
196.199997 0.902500 7.851100 0.114500 0.340700
196.300003 0.900470 7.839052 0.112134 0.343103
196.399994 0.898990 7.835684 0.113011 0.344634
196.500000 0.900180 7.848670 0.111622 0.346169
196.599991 0.899900 7.849500 0.112900 0.344800
196.699997 0.900200 7.852100 0.112600 0.350000
196.800003 0.899400 7.847900 0.113100 0.353300
196.899994 0.897690 7.835383 0.113811 0.350635
197.000000 0.899310 7.850914 0.114189 0.348565
197.099991 0.897929 7.838888 0.115181 0.347543
197.199997 0.897069 7.837051 0.112934 0.345404
197.300003 0.898429 7.847693 0.110377 0.345942
197.399994 0.897490 7.846585 0.109011 0.346635
197.500000 0.894558 7.830632 0.106843 0.344338
197.599991 0.892478 7.822364 0.107722 0.346069
197.699997 0.892457 7.821329 0.108043 0.346639
197.800003 0.894379 7.846769 0.107421 0.345369
197.899994 0.891811 7.835016 0.106789 0.344466
198.000000 0.893411 7.847515 0.106189 0.345066
198.099991 0.891267 7.833750 0.102731 0.344203
198.199997 0.892846 7.847024 0.103852 0.344472
198.300003 0.892478 7.845570 0.100920 0.345269
198.399994 0.892600 7.843500 0.100900 0.343500
198.500000 0.892378 7.843069 0.100320 0.341368
198.599991 0.891778 7.841068 0.100220 0.342168
198.699997 0.892400 7.844699 0.099600 0.340500
198.800003 0.891500 7.842400 0.101800 0.341600
198.899994 0.889556 7.831832 0.100240 0.339636
199.000000 0.891489 7.845385 0.097810 0.339934
199.099991 0.891335 7.845207 0.098259 0.340404
199.199997 0.891800 7.848300 0.097700 0.339000
199.300003 0.892000 7.848000 0.098700 0.336000
199.399994 0.891554 7.847976 0.098951 0.336532
199.500000 0.891300 7.848600 0.098300 0.339100
199.599991 0.890145 7.844623 0.099550 0.339370
199.699997 0.888978 7.834667 0.101320 0.335667
199.800003 0.890467 7.848955 0.101831 0.336101
199.899994 0.891957 7.849940 0.104042 0.337735
