0.000000 0.993001 7.944505 0.000000 0.993401
0.100000 0.904895 7.248474 0.000000 0.906297
0.200000 0.824519 6.615785 0.000000 0.826723
0.300000 0.750977 6.027647 0.000000 0.753581
0.400000 0.686147 5.516038 0.000000 0.688953
0.500000 0.622167 5.019659 0.000000 0.628385
0.600000 0.564319 4.566125 0.000000 0.572948
0.700000 0.511948 4.176506 0.000000 0.522892
0.800000 0.464343 3.820310 0.000000 0.479510
0.900000 0.417605 3.481511 0.000000 0.435289
1.000000 0.379224 3.202936 0.000000 0.399437
1.100000 0.340076 2.921296 0.000000 0.362621
1.200000 0.306104 2.672139 0.000000 0.331890
1.300000 0.276932 2.463670 0.000000 0.305553
1.400000 0.251791 2.273378 0.000000 0.282357
1.500000 0.226731 2.103372 0.000000 0.261559
1.600000 0.207032 1.964232 0.000000 0.243306
1.700000 0.185680 1.811286 0.000000 0.223200
1.800000 0.167527 1.683166 0.000000 0.206701
1.900000 0.149833 1.559518 0.000000 0.191571
2.000000 0.133746 1.450720 0.000000 0.178868
2.100000 0.121372 1.366450 0.000000 0.168662
2.200000 0.109475 1.285061 0.000000 0.159338
2.300000 0.098984 1.211585 0.000000 0.150813
2.400000 0.089106 1.145967 0.000000 0.142712
2.500000 0.080941 1.091122 0.000000 0.136225
2.600000 0.073670 1.039026 0.000000 0.130935
2.700000 0.067721 0.992147 0.000000 0.124324
2.800000 0.060733 0.946514 0.000000 0.118506
2.900000 0.051992 0.892543 0.000000 0.112257
3.000000 0.047127 0.860254 0.000000 0.107749
3.100000 0.043082 0.829615 0.000000 0.103868
3.200000 0.039427 0.804711 0.000000 0.100563
3.300000 0.036183 0.780648 0.000000 0.097068
3.400000 0.032933 0.756028 0.000000 0.093465
3.500000 0.029575 0.730746 0.000000 0.090881
3.600000 0.026521 0.708265 0.000000 0.087685
3.700000 0.024177 0.692078 0.000000 0.086008
3.800000 0.020700 0.667250 0.000000 0.082801
3.900000 0.018041 0.646598 0.000000 0.081134
4.000000 0.015994 0.630069 0.000000 0.079558
4.100000 0.014770 0.618364 0.000000 0.078186
4.200000 0.013234 0.606700 0.000000 0.076510
4.300000 0.011902 0.590975 0.000000 0.074208
4.400000 0.010981 0.580649 0.000000 0.072724
4.500000 0.009851 0.569370 0.000000 0.071962
4.600000 0.008927 0.560100 0.000000 0.070583
4.700000 0.008105 0.549979 0.000000 0.069825
4.800000 0.007281 0.541398 0.000000 0.068650
4.900000 0.006663 0.532639 0.000000 0.067673
5.000000 0.006462 0.526733 0.000000 0.067118
5.100000 0.005947 0.520292 0.000000 0.066145
5.200000 0.005431 0.512585 0.000000 0.064961
5.300000 0.005227 0.507266 0.000000 0.064192
5.400000 0.004709 0.499791 0.000000 0.063520
5.500000 0.004190 0.493453 0.000000 0.063056
5.600000 0.003041 0.484848 0.000000 0.062074
5.700000 0.002729 0.478010 0.000000 0.061090
5.800000 0.002417 0.470947 0.000000 0.059998
5.900000 0.002314 0.466765 0.000000 0.059739
6.000000 0.002211 0.460729 0.000000 0.059276
6.100000 0.002108 0.454421 0.000000 0.059121
6.200000 0.001899 0.449895 0.000000 0.058650
6.300000 0.001795 0.445840 0.000000 0.058171
6.400000 0.001479 0.441086 0.000000 0.057487
6.500000 0.001058 0.435160 0.000000 0.056378
6.600000 0.000953 0.430432 0.000000 0.055591
6.700000 0.000848 0.425058 0.000000 0.054696
6.800000 0.000637 0.420947 0.000000 0.054329
6.900000 0.000637 0.416507 0.000000 0.053431
7.000000 0.000638 0.412484 0.000000 0.052956
7.100000 0.000639 0.410049 0.000000 0.052267
7.200000 0.000533 0.407289 0.000000 0.051364
7.300000 0.000533 0.402923 0.000000 0.050779
7.400000 0.000320 0.399509 0.000000 0.049979
7.500000 0.000321 0.397862 0.000000 0.049813
7.600000 0.000214 0.392295 0.000000 0.049224
7.700000 0.000214 0.388990 0.000000 0.048945
7.800000 0.000000 0.385077 0.000000 0.048242
7.900000 0.000000 0.381520 0.000000 0.047650
8.000000 0.000000 0.377914 0.000000 0.047051
8.099999 0.000000 0.374126 0.000000 0.046672
8.200000 0.000000 0.370574 0.000000 0.046497
8.300000 0.000000 0.366555 0.000000 0.046116
8.400000 0.000000 0.364215 0.000000 0.045406
8.500000 0.000000 0.362017 0.000000 0.045023
8.599999 0.000000 0.357436 0.000000 0.044639
8.700000 0.000000 0.353711 0.000000 0.043713
8.800000 0.000000 0.351062 0.000000 0.043111
8.900000 0.000000 0.346704 0.000000 0.042931
9.000000 0.000000 0.343608 0.000000 0.042544
9.099999 0.000000 0.339526 0.000000 0.041830
9.200000 0.000000 0.335001 0.000000 0.041440
9.300000 0.000000 0.331228 0.000000 0.041159
9.400000 0.000000 0.328101 0.000000 0.040876
9.500000 0.000000 0.323985 0.000000 0.040594
9.599999 0.000000 0.321136 0.000000 0.040306
9.700000 0.000000 0.318500 0.000000 0.039908
9.800000 0.000000 0.315674 0.000000 0.039733
9.900000 0.000000 0.312185 0.000000 0.039448
10.000000 0.000000 0.308249 0.000000 0.039162
10.099999 0.000000 0.303832 0.000000 0.038761
10.200000 0.000000 0.301638 0.000000 0.038474
10.300000 0.000000 0.299219 0.000000 0.038296
10.400000 0.000000 0.297422 0.000000 0.037894
10.500000 0.000000 0.292535 0.000000 0.037601
10.599999 0.000000 0.291138 0.000000 0.037744
10.700000 0.000000 0.288997 0.000000 0.037671
10.800000 0.000000 0.286883 0.000000 0.037271
10.900000 0.000000 0.284322 0.000000 0.036980
11.000000 0.000000 0.280838 0.000000 0.036795
11.099999 0.000000 0.278043 0.000000 0.036725
11.200000 0.000000 0.274020 0.000000 0.036210
11.300000 0.000000 0.271403 0.000000 0.035802
11.400000 0.000000 0.269479 0.000000 0.035619
11.500000 0.000000 0.266436 0.000000 0.035659
11.599999 0.000000 0.263945 0.000000 0.035475
11.700000 0.000000 0.261559 0.000000 0.035068
11.800000 0.000000 0.259839 0.000000 0.034772
11.900000 0.000000 0.257667 0.000000 0.034587
12.000000 0.000000 0.254006 0.000000 0.034510
12.099999 0.000000 0.251346 0.000000 0.034208
12.200000 0.000000 0.248933 0.000000 0.033910
12.300000 0.000000 0.246403 0.000000 0.033723
12.400000 0.000000 0.243079 0.000000 0.033198
12.500000 0.000000 0.239973 0.000000 0.032898
12.599999 0.000000 0.237875 0.000000 0.032709
12.700000 0.000000 0.235321 0.000000 0.032520
12.799999 0.000000 0.233752 0.000000 0.032101
12.900000 0.000000 0.231640 0.000000 0.031232
13.000000 0.000000 0.229410 0.000000 0.030588
13.099999 0.000000 0.227402 0.000000 0.030282
13.200000 0.000000 0.225957 0.000000 0.029749
13.299999 0.000000 0.224054 0.000000 0.029328
13.400000 0.000000 0.221919 0.000000 0.029020
13.500000 0.000000 0.220007 0.000000 0.028825
13.599999 0.000000 0.218091 0.000000 0.028630
13.700000 0.000000 0.216830 0.000000 0.028545
13.799999 0.000000 0.213992 0.000000 0.028464
13.900000 0.000000 0.211719 0.000000 0.028038
14.000000 0.000000 0.210014 0.000000 0.027498
14.099999 0.000000 0.208740 0.000000 0.027526
14.200000 0.000000 0.207601 0.000000 0.026869
14.299999 0.000000 0.204736 0.000000 0.026555
14.400000 0.000000 0.202555 0.000000 0.026470
14.500000 0.000000 0.200599 0.000000 0.026386
14.599999 0.000000 0.198293 0.000000 0.026185
14.700000 0.000000 0.196905 0.000000 0.025985
14.799999 0.000000 0.195051 0.000000 0.025552
14.900000 0.000000 0.192615 0.000000 0.025350
15.000000 0.000000 0.191332 0.000000 0.025264
15.099999 0.000000 0.189233 0.000000 0.024945
15.200000 0.000000 0.188364 0.000000 0.024852
15.299999 0.000000 0.185792 0.000000 0.024765
15.400000 0.000000 0.183913 0.000000 0.024328
15.500000 0.000000 0.181680 0.000000 0.024123
15.599999 0.000000 0.179909 0.000000 0.024035
15.700000 0.000000 0.178250 0.000000 0.023829
15.799999 0.000000 0.176588 0.000000 0.023272
15.900000 0.000000 0.174804 0.000000 0.023182
16.000000 0.000000 0.173485 0.000000 0.023209
16.100000 0.000000 0.170755 0.000000 0.022885
16.199999 0.000000 0.169075 0.000000 0.022324
16.299999 0.000000 0.166922 0.000000 0.021997
16.400000 0.000000 0.164998 0.000000 0.021670
16.500000 0.000000 0.163660 0.000000 0.021578
16.600000 0.000000 0.161846 0.000000 0.021131
16.699999 0.000000 0.160719 0.000000 0.021153
16.799999 0.000000 0.159726 0.000000 0.020942
16.900000 0.000000 0.157901 0.000000 0.020730
17.000000 0.000000 0.156191 0.000000 0.020754
17.100000 0.000000 0.154577 0.000000 0.020776
17.199999 0.000000 0.152859 0.000000 0.020563
17.299999 0.000000 0.151000 0.000000 0.020704
17.400000 0.000000 0.149273 0.000000 0.019895
17.500000 0.000000 0.147662 0.000000 0.019442
17.600000 0.000000 0.145450 0.000000 0.019465
17.699999 0.000000 0.144429 0.000000 0.019249
17.799999 0.000000 0.143028 0.000000 0.019150
17.900000 0.000000 0.142001 0.000000 0.018933
18.000000 0.000000 0.141435 0.000000 0.018594
18.100000 0.000000 0.140884 0.000000 0.018616
18.199999 0.000000 0.140075 0.000000 0.018637
18.299999 0.000000 0.139762 0.000000 0.018418
18.400000 0.000000 0.138484 0.000000 0.018079
18.500000 0.000000 0.136358 0.000000 0.017859
18.600000 0.000000 0.135556 0.000000 0.017881
18.699999 0.000000 0.134148 0.000000 0.017661
18.799999 0.000000 0.133099 0.000000 0.017440
18.900000 0.000000 0.131078 0.000000 0.017461
19.000000 0.000000 0.130023 0.000000 0.017482
19.100000 0.000000 0.128966 0.000000 0.017139
19.199999 0.000000 0.127175 0.000000 0.017160
19.299999 0.000000 0.125868 0.000000 0.016937
19.400000 0.000000 0.124802 0.000000 0.016713
19.500000 0.000000 0.123611 0.000000 0.016612
19.600000 0.000000 0.122050 0.000000 0.016510
19.699999 0.000000 0.120240 0.000000 0.016163
19.799999 0.000000 0.119284 0.000000 0.015569
19.900000 0.000000 0.117958 0.000000 0.015589
20.000000 0.000000 0.116859 0.000000 0.015237
20.100000 0.000000 0.115527 0.000000 0.015256
20.199999 0.000000 0.114807 0.000000 0.015152
20.299999 0.000000 0.113084 0.000000 0.015168
20.400000 0.000000 0.111619 0.000000 0.015064
20.500000 0.000000 0.109902 0.000000 0.014959
20.600000 0.000000 0.108553 0.000000 0.014853
20.699999 0.000000 0.107696 0.000000 0.014872
20.799999 0.000000 0.106589 0.000000 0.014890
20.900000 0.000000 0.105727 0.000000 0.014536
21.000000 0.000000 0.105113 0.000000 0.014554
21.100000 0.000000 0.104372 0.000000 0.014323
21.199999 0.000000 0.103754 0.000000 0.014092
21.299999 0.000000 0.102996 0.000000 0.014107
21.400000 0.000000 0.102375 0.000000 0.014000
21.500000 0.000000 0.102128 0.000000 0.013517
21.600000 0.000000 0.100752 0.000000 0.013409
21.699999 0.000000 0.099862 0.000000 0.013298
21.799999 0.000000 0.098606 0.000000 0.013189
21.900000 0.000000 0.097082 0.000000 0.012953
22.000000 0.000000 0.096072 0.000000 0.012717
22.100000 0.000000 0.094806 0.000000 0.012355
22.199999 0.000000 0.094042 0.000000 0.012118
22.299999 0.000000 0.092897 0.000000 0.012133
22.400000 0.000000 0.091622 0.000000 0.012022
22.500000 0.000000 0.091485 0.000000 0.012038
22.600000 0.000000 0.090840 0.000000 0.012053
22.699999 0.000000 0.089304 0.000000 0.011814
22.799999 0.000000 0.087637 0.000000 0.011829
22.900000 0.000000 0.087239 0.000000 0.011589
23.000000 0.000000 0.086574 0.000000 0.011730
23.100000 0.000000 0.085397 0.000000 0.011488
23.199999 0.000000 0.084867 0.000000 0.011503
23.299999 0.000000 0.084336 0.000000 0.011518
23.400000 0.000000 0.083162 0.000000 0.011533
23.500000 0.000000 0.081858 0.000000 0.011547
23.600000 0.000000 0.081449 0.000000 0.011562
23.699999 0.000000 0.080782 0.000000 0.011448
23.799999 0.000000 0.080371 0.000000 0.011463
23.900000 0.000000 0.078927 0.000000 0.011478
24.000000 0.000000 0.078771 0.000000 0.011364
24.100000 0.000000 0.078355 0.000000 0.011249
24.199999 0.000000 0.077421 0.000000 0.011264
24.299999 0.000000 0.076614 0.000000 0.011278
24.400000 0.000000 0.075935 0.000000 0.011033
24.500000 0.000000 0.075114 0.000000 0.010916
24.600000 0.000000 0.074040 0.000000 0.010800
24.699999 0.000000 0.072834 0.000000 0.010423
24.799999 0.000000 0.071624 0.000000 0.010046
24.900000 0.000000 0.071065 0.000000 0.010059
25.000000 0.000000 0.070111 0.000000 0.010072
25.100000 0.000000 0.069286 0.000000 0.009692
25.199999 0.000000 0.068066 0.000000 0.009705
25.299999 0.000000 0.066448 0.000000 0.009455
25.400000 0.000000 0.065746 0.000000 0.009467
25.500000 0.000000 0.065569 0.000000 0.009480
25.599998 0.000000 0.064733 0.000000 0.009492
25.699999 0.000000 0.063894 0.000000 0.009373
25.799999 0.000000 0.063318 0.000000 0.009385
25.900000 0.000000 0.062475 0.000000 0.009398
26.000000 0.000000 0.062293 0.000000 0.009278
26.099998 0.000000 0.061579 0.000000 0.009290
26.199999 0.000000 0.061262 0.000000 0.009169
26.299999 0.000000 0.060679 0.000000 0.009182
26.400000 0.000000 0.060093 0.000000 0.009194
26.500000 0.000000 0.059239 0.000000 0.008806
26.599998 0.000000 0.058383 0.000000 0.008818
26.699999 0.000000 0.057391 0.000000 0.008696
26.799999 0.000000 0.056530 0.000000 0.008573
26.900000 0.000000 0.056070 0.000000 0.008451
27.000000 0.000000 0.055473 0.000000 0.008462
27.099998 0.000000 0.055279 0.000000 0.008473
27.199999 0.000000 0.054680 0.000000 0.008485
27.299999 0.000000 0.054080 0.000000 0.008227
27.400000 0.000000 0.053612 0.000000 0.007968
27.500000 0.000000 0.053550 0.000000 0.007978
27.599998 0.000000 0.052674 0.000000 0.007854
27.699999 0.000000 0.051797 0.000000 0.007729
27.799999 0.000000 0.051188 0.000000 0.007739
27.900000 0.000000 0.050850 0.000000 0.007750
28.000000 0.000000 0.050647 0.000000 0.007760
28.099998 0.000000 0.049352 0.000000 0.007498
28.199999 0.000000 0.048874 0.000000 0.007372
28.299999 0.000000 0.048394 0.000000 0.007245
28.400000 0.000000 0.047639 0.000000 0.007118
28.500000 0.000000 0.047293 0.000000 0.006991
28.599998 0.000000 0.046946 0.000000 0.006863
28.699999 0.000000 0.046460 0.000000 0.006873
28.799999 0.000000 0.045974 0.000000 0.006882
28.900000 0.000000 0.045762 0.000000 0.006892
29.000000 0.000000 0.045687 0.000000 0.006763
29.099998 0.000000 0.045612 0.000000 0.006496
29.199999 0.000000 0.045121 0.000000 0.006505
29.299999 0.000000 0.044491 0.000000 0.006514
29.400000 0.000000 0.044414 0.000000 0.006384
29.500000 0.000000 0.044058 0.000000 0.006254
29.599998 0.000000 0.043424 0.000000 0.006263
29.699999 0.000000 0.042787 0.000000 0.006272
29.799999 0.000000 0.042568 0.000000 0.006281
29.900000 0.000000 0.042208 0.000000 0.006289
30.000000 0.000000 0.041847 0.000000 0.006298
30.099998 0.000000 0.041766 0.000000 0.006307
30.199999 0.000000 0.040982 0.000000 0.006316
30.299999 0.000000 0.040618 0.000000 0.006325
30.400000 0.000000 0.040253 0.000000 0.006052
30.500000 0.000000 0.040028 0.000000 0.006061
30.599998 0.000000 0.039802 0.000000 0.005928
30.699999 0.000000 0.039435 0.000000 0.005936
30.799999 0.000000 0.038924 0.000000 0.005945
30.900000 0.000000 0.038554 0.000000 0.005811
31.000000 0.000000 0.038183 0.000000 0.005678
31.099998 0.000000 0.038095 0.000000 0.005686
31.199999 0.000000 0.037580 0.000000 0.005694
31.299999 0.000000 0.037063 0.000000 0.005560
31.400000 0.000000 0.036974 0.000000 0.005567
31.500000 0.000000 0.036598 0.000000 0.005575
31.599998 0.000000 0.036077 0.000000 0.005583
31.699999 0.000000 0.035699 0.000000 0.005591
31.799999 0.000000 0.035032 0.000000 0.005599
31.900000 0.000000 0.034939 0.000000 0.005607
32.000000 0.000000 0.034989 0.000000 0.005616
32.099998 0.000000 0.034607 0.000000 0.005335
32.200001 0.000000 0.034224 0.000000 0.005343
32.299999 0.000000 0.033839 0.000000 0.005351
32.399998 0.000000 0.033454 0.000000 0.005214
32.500000 0.000000 0.032922 0.000000 0.005076
32.599998 0.000000 0.032820 0.000000 0.005083
32.700001 0.000000 0.032432 0.000000 0.005090
32.799999 0.000000 0.032479 0.000000 0.005098
32.899998 0.000000 0.032526 0.000000 0.005105
33.000000 0.000000 0.031989 0.000000 0.005112
33.099998 0.000000 0.031890 0.000000 0.005120
33.200001 0.000000 0.031644 0.000000 0.005127
33.299999 0.000000 0.031543 0.000000 0.005135
33.399998 0.000000 0.031296 0.000000 0.004849
33.500000 0.000000 0.031048 0.000000 0.004709
33.599998 0.000000 0.030504 0.000000 0.004716
33.700001 0.000000 0.030401 0.000000 0.004723
33.799999 0.000000 0.030003 0.000000 0.004730
33.899998 0.000000 0.029603 0.000000 0.004737
34.000000 0.000000 0.029499 0.000000 0.004744
34.099998 0.000000 0.029394 0.000000 0.004751
34.200001 0.000000 0.028992 0.000000 0.004758
34.299999 0.000000 0.028737 0.000000 0.004765
34.399998 0.000000 0.028482 0.000000 0.004772
34.500000 0.000000 0.027927 0.000000 0.004630
34.599998 0.000000 0.027670 0.000000 0.004487
34.700001 0.000000 0.027412 0.000000 0.004494
34.799999 0.000000 0.027453 0.000000 0.004500
34.899998 0.000000 0.026893 0.000000 0.004507
35.000000 0.000000 0.026332 0.000000 0.004514
35.099998 0.000000 0.025618 0.000000 0.004521
35.200001 0.000000 0.025506 0.000000 0.004528
35.299999 0.000000 0.025091 0.000000 0.004534
35.399998 0.000000 0.024675 0.000000 0.004541
35.500000 0.000000 0.024560 0.000000 0.004397
35.599998 0.000000 0.024446 0.000000 0.004403
35.700001 0.000000 0.024483 0.000000 0.004258
35.799999 0.000000 0.024216 0.000000 0.004112
35.899998 0.000000 0.023795 0.000000 0.004118
36.000000 0.000000 0.023679 0.000000 0.003972
36.099998 0.000000 0.023715 0.000000 0.003978
36.200001 0.000000 0.023598 0.000000 0.003984
36.299999 0.000000 0.023481 0.000000 0.003990
36.399998 0.000000 0.023363 0.000000 0.003843
36.500000 0.000000 0.022783 0.000000 0.003849
36.599998 0.000000 0.022510 0.000000 0.003854
36.700001 0.000000 0.021927 0.000000 0.003860
36.799999 0.000000 0.021652 0.000000 0.003866
36.899998 0.000000 0.021685 0.000000 0.003563
37.000000 0.000000 0.021409 0.000000 0.003413
37.099998 0.000000 0.021442 0.000000 0.003108
37.200001 0.000000 0.021008 0.000000 0.003112
37.299999 0.000000 0.021041 0.000000 0.003117
37.399998 0.000000 0.020918 0.000000 0.003122
37.500000 0.000000 0.020794 0.000000 0.003127
37.599998 0.000000 0.020827 0.000000 0.003132
37.700001 0.000000 0.020232 0.000000 0.003137
37.799999 0.000000 0.019478 0.000000 0.003142
37.899998 0.000000 0.019194 0.000000 0.002989
38.000000 0.000000 0.019067 0.000000 0.002994
38.099998 0.000000 0.018782 0.000000 0.002841
38.200001 0.000000 0.018811 0.000000 0.002845
38.299999 0.000000 0.018683 0.000000 0.002692
38.399998 0.000000 0.018237 0.000000 0.002696
38.500000 0.000000 0.018266 0.000000 0.002541
38.599998 0.000000 0.017976 0.000000 0.002545
38.700001 0.000000 0.017686 0.000000 0.002549
38.799999 0.000000 0.017395 0.000000 0.002553
38.899998 0.000000 0.017263 0.000000 0.002558
39.000000 0.000000 0.017291 0.000000 0.002562
39.099998 0.000000 0.017158 0.000000 0.002566
39.200001 0.000000 0.017025 0.000000 0.002570
39.299999 0.000000 0.016731 0.000000 0.002574
39.399998 0.000000 0.016597 0.000000 0.002578
39.500000 0.000000 0.016624 0.000000 0.002582
39.599998 0.000000 0.016489 0.000000 0.002586
39.700001 0.000000 0.016354 0.000000 0.002591
39.799999 0.000000 0.016056 0.000000 0.002595
39.899998 0.000000 0.015919 0.000000 0.002599
40.000000 0.000000 0.015945 0.000000 0.002603
40.099998 0.000000 0.015808 0.000000 0.002608
40.200001 0.000000 0.015834 0.000000 0.002612
40.299999 0.000000 0.015697 0.000000 0.002616
40.399998 0.000000 0.015722 0.000000 0.002620
40.500000 0.000000 0.015420 0.000000 0.002625
40.599998 0.000000 0.014952 0.000000 0.002629
40.700001 0.000000 0.014648 0.000000 0.002633
40.799999 0.000000 0.014670 0.000000 0.002802
40.899998 0.000000 0.014529 0.000000 0.002642
41.000000 0.000000 0.014387 0.000000 0.002646
41.099998 0.000000 0.014245 0.000000 0.002485
41.200001 0.000000 0.013937 0.000000 0.002489
41.299999 0.000000 0.013794 0.000000 0.002493
41.399998 0.000000 0.013651 0.000000 0.002497
41.500000 0.000000 0.013674 0.000000 0.002501
41.599998 0.000000 0.013696 0.000000 0.002505
41.700001 0.000000 0.013719 0.000000 0.002510
41.799999 0.000000 0.013575 0.000000 0.002346
41.899998 0.000000 0.013597 0.000000 0.002182
42.000000 0.000000 0.013620 0.000000 0.002186
42.099998 0.000000 0.013306 0.000000 0.002190
42.200001 0.000000 0.013329 0.000000 0.002193
42.299999 0.000000 0.013182 0.000000 0.002197
42.399998 0.000000 0.013035 0.000000 0.002201
42.500000 0.000000 0.013057 0.000000 0.002205
42.599998 0.000000 0.012740 0.000000 0.002038
42.700001 0.000000 0.012421 0.000000 0.002042
42.799999 0.000000 0.012272 0.000000 0.002045
42.899998 0.000000 0.012122 0.000000 0.002049
43.000000 0.000000 0.011801 0.000000 0.001881
43.099998 0.000000 0.011821 0.000000 0.001885
43.200001 0.000000 0.011498 0.000000 0.001888
43.299999 0.000000 0.011518 0.000000 0.001891
43.399998 0.000000 0.011538 0.000000 0.001894
43.500000 0.000000 0.011558 0.000000 0.001898
43.599998 0.000000 0.011405 0.000000 0.001901
43.700001 0.000000 0.011425 0.000000 0.001904
43.799999 0.000000 0.011444 0.000000 0.001907
43.899998 0.000000 0.011291 0.000000 0.001911
44.000000 0.000000 0.010962 0.000000 0.001914
44.099998 0.000000 0.010633 0.000000 0.001917
44.200001 0.000000 0.010477 0.000000 0.001921
44.299999 0.000000 0.010495 0.000000 0.001924
44.399998 0.000000 0.010338 0.000000 0.001927
44.500000 0.000000 0.010181 0.000000 0.001931
44.599998 0.000000 0.010199 0.000000 0.001758
44.700001 0.000000 0.010041 0.000000 0.001761
44.799999 0.000000 0.010058 0.000000 0.001765
44.899998 0.000000 0.010076 0.000000 0.001768
45.000000 0.000000 0.010094 0.000000 0.001771
45.099998 0.000000 0.010112 0.000000 0.001774
45.200001 0.000000 0.009952 0.000000 0.001777
45.299999 0.000000 0.009792 0.000000 0.001780
45.399998 0.000000 0.009809 0.000000 0.001783
45.500000 0.000000 0.009827 0.000000 0.001787
45.599998 0.000000 0.009844 0.000000 0.001790
45.700001 0.000000 0.009503 0.000000 0.001793
45.799999 0.000000 0.009520 0.000000 0.001796
45.899998 0.000000 0.009538 0.000000 0.001800
46.000000 0.000000 0.009374 0.000000 0.001803
46.099998 0.000000 0.009391 0.000000 0.001806
46.200001 0.000000 0.009408 0.000000 0.001809
46.299999 0.000000 0.009425 0.000000 0.001813
46.399998 0.000000 0.009443 0.000000 0.001816
46.500000 0.000000 0.009460 0.000000 0.001819
46.599998 0.000000 0.009477 0.000000 0.001640
46.700001 0.000000 0.009494 0.000000 0.001461
46.799999 0.000000 0.009512 0.000000 0.001463
46.899998 0.000000 0.009529 0.000000 0.001466
47.000000 0.000000 0.009363 0.000000 0.001469
47.099998 0.000000 0.009196 0.000000 0.001471
47.200001 0.000000 0.009213 0.000000 0.001290
47.299999 0.000000 0.009230 0.000000 0.001292
47.399998 0.000000 0.009247 0.000000 0.001295
47.500000 0.000000 0.009264 0.000000 0.001297
47.599998 0.000000 0.009096 0.000000 0.001114
47.700001 0.000000 0.009113 0.000000 0.001116
47.799999 0.000000 0.009130 0.000000 0.001118
47.899998 0.000000 0.009147 0.000000 0.001120
48.000000 0.000000 0.009164 0.000000 0.001122
48.099998 0.000000 0.009181 0.000000 0.001124
48.200001 0.000000 0.009198 0.000000 0.001126
48.299999 0.000000 0.009216 0.000000 0.001128
48.399998 0.000000 0.009233 0.000000 0.001131
48.500000 0.000000 0.009062 0.000000 0.001133
48.599998 0.000000 0.009079 0.000000 0.001135
48.700001 0.000000 0.008907 0.000000 0.001137
48.799999 0.000000 0.008923 0.000000 0.001139
48.899998 0.000000 0.008940 0.000000 0.001141
49.000000 0.000000 0.008957 0.000000 0.001144
49.099998 0.000000 0.008975 0.000000 0.001146
49.200001 0.000000 0.008992 0.000000 0.001148
49.299999 0.000000 0.008817 0.000000 0.001150
49.399998 0.000000 0.008642 0.000000 0.001152
49.500000 0.000000 0.008659 0.000000 0.001155
49.599998 0.000000 0.008483 0.000000 0.001157
49.700001 0.000000 0.008499 0.000000 0.001159
49.799999 0.000000 0.008322 0.000000 0.001161
49.899998 0.000000 0.007950 0.000000 0.001163
50.000000 0.000000 0.007966 0.000000 0.001166
50.099998 0.000000 0.007981 0.000000 0.001168
50.200001 0.000000 0.007997 0.000000 0.001170
50.299999 0.000000 0.008013 0.000000 0.001173
50.399998 0.000000 0.008028 0.000000 0.001175
50.500000 0.000000 0.008044 0.000000 0.001177
50.599998 0.000000 0.007863 0.000000 0.001179
50.700001 0.000000 0.007879 0.000000 0.001182
50.799999 0.000000 0.007697 0.000000 0.001184
50.899998 0.000000 0.007514 0.000000 0.001186
51.000000 0.000000 0.007331 0.000000 0.001189
51.099998 0.000000 0.007346 0.000000 0.001191
51.199997 0.000000 0.007161 0.000000 0.001194
51.299999 0.000000 0.007176 0.000000 0.001196
51.399998 0.000000 0.007190 0.000000 0.001198
51.500000 0.000000 0.007004 0.000000 0.001201
51.599998 0.000000 0.007018 0.000000 0.001203
51.699997 0.000000 0.006831 0.000000 0.001206
51.799999 0.000000 0.006845 0.000000 0.001007
51.899998 0.000000 0.006657 0.000000 0.001009
52.000000 0.000000 0.006671 0.000000 0.001011
52.099998 0.000000 0.006684 0.000000 0.001013
52.199997 0.000000 0.006698 0.000000 0.001015
52.299999 0.000000 0.006711 0.000000 0.001017
52.399998 0.000000 0.006725 0.000000 0.001019
52.500000 0.000000 0.006739 0.000000 0.001021
52.599998 0.000000 0.006548 0.000000 0.001023
52.699997 0.000000 0.006561 0.000000 0.001025
52.799999 0.000000 0.006575 0.000000 0.001027
52.899998 0.000000 0.006588 0.000000 0.001029
53.000000 0.000000 0.006396 0.000000 0.001032
53.099998 0.000000 0.006202 0.000000 0.001034
53.199997 0.000000 0.006008 0.000000 0.001036
53.299999 0.000000 0.006020 0.000000 0.001038
53.399998 0.000000 0.006033 0.000000 0.001040
53.500000 0.000000 0.006045 0.000000 0.001042
53.599998 0.000000 0.006058 0.000000 0.001044
53.699997 0.000000 0.006071 0.000000 0.001047
53.799999 0.000000 0.006083 0.000000 0.000839
53.899998 0.000000 0.006096 0.000000 0.000841
54.000000 0.000000 0.006109 0.000000 0.000843
54.099998 0.000000 0.006122 0.000000 0.000844
54.199997 0.000000 0.006135 0.000000 0.000846
54.299999 0.000000 0.006148 0.000000 0.000848
54.399998 0.000000 0.005736 0.000000 0.000850
54.500000 0.000000 0.005748 0.000000 0.000852
54.599998 0.000000 0.005761 0.000000 0.000853
54.699997 0.000000 0.005773 0.000000 0.000855
54.799999 0.000000 0.005785 0.000000 0.000857
54.899998 0.000000 0.005583 0.000000 0.000859
55.000000 0.000000 0.005595 0.000000 0.000861
55.099998 0.000000 0.005607 0.000000 0.000863
55.199997 0.000000 0.005403 0.000000 0.000864
55.299999 0.000000 0.005415 0.000000 0.000866
55.399998 0.000000 0.005427 0.000000 0.000868
55.500000 0.000000 0.005438 0.000000 0.000870
55.599998 0.000000 0.005450 0.000000 0.000872
55.699997 0.000000 0.005244 0.000000 0.000874
55.799999 0.000000 0.005255 0.000000 0.000876
55.899998 0.000000 0.005267 0.000000 0.000878
56.000000 0.000000 0.005278 0.000000 0.000880
56.099998 0.000000 0.005290 0.000000 0.000882
56.199997 0.000000 0.005302 0.000000 0.000884
56.299999 0.000000 0.005092 0.000000 0.000886
56.399998 0.000000 0.005103 0.000000 0.000888
56.500000 0.000000 0.005115 0.000000 0.000889
56.599998 0.000000 0.004903 0.000000 0.000891
56.699997 0.000000 0.004914 0.000000 0.000893
56.799999 0.000000 0.004925 0.000000 0.000895
56.899998 0.000000 0.004936 0.000000 0.000897
57.000000 0.000000 0.004947 0.000000 0.000899
57.099998 0.000000 0.004958 0.000000 0.000902
57.199997 0.000000 0.004970 0.000000 0.000904
57.299999 0.000000 0.004981 0.000000 0.000906
57.399998 0.000000 0.004992 0.000000 0.000908
57.500000 0.000000 0.004549 0.000000 0.000910
57.599998 0.000000 0.004331 0.000000 0.000912
57.699997 0.000000 0.004341 0.000000 0.000914
57.799999 0.000000 0.004351 0.000000 0.000916
57.899998 0.000000 0.004131 0.000000 0.000918
58.000000 0.000000 0.004141 0.000000 0.000920
58.099998 0.000000 0.003920 0.000000 0.000922
58.199997 0.000000 0.003929 0.000000 0.000924
58.299999 0.000000 0.003706 0.000000 0.000927
58.399998 0.000000 0.003715 0.000000 0.000929
58.500000 0.000000 0.003724 0.000000 0.000698
58.599998 0.000000 0.003732 0.000000 0.000700
58.699997 0.000000 0.003741 0.000000 0.000701
58.799999 0.000000 0.003750 0.000000 0.000703
58.899998 0.000000 0.003524 0.000000 0.000705
59.000000 0.000000 0.003532 0.000000 0.000706
59.099998 0.000000 0.003540 0.000000 0.000708
59.199997 0.000000 0.003549 0.000000 0.000710
59.299999 0.000000 0.003320 0.000000 0.000711
59.399998 0.000000 0.003328 0.000000 0.000713
59.500000 0.000000 0.003336 0.000000 0.000715
59.599998 0.000000 0.003344 0.000000 0.000717
59.699997 0.000000 0.003352 0.000000 0.000718
59.799999 0.000000 0.003360 0.000000 0.000720
59.899998 0.000000 0.003368 0.000000 0.000722
60.000000 0.000000 0.003135 0.000000 0.000723
60.099998 0.000000 0.003142 0.000000 0.000725
60.199997 0.000000 0.003150 0.000000 0.000727
60.299999 0.000000 0.003158 0.000000 0.000729
60.399998 0.000000 0.003165 0.000000 0.000730
60.500000 0.000000 0.003173 0.000000 0.000732
60.599998 0.000000 0.003181 0.000000 0.000734
60.699997 0.000000 0.003189 0.000000 0.000736
60.799999 0.000000 0.002951 0.000000 0.000738
60.899998 0.000000 0.002958 0.000000 0.000739
61.000000 0.000000 0.002965 0.000000 0.000741
61.099998 0.000000 0.002973 0.000000 0.000743
61.199997 0.000000 0.002980 0.000000 0.000745
61.299999 0.000000 0.002987 0.000000 0.000747
61.399998 0.000000 0.002995 0.000000 0.000749
61.500000 0.000000 0.003002 0.000000 0.000751
61.599998 0.000000 0.003010 0.000000 0.000752
61.699997 0.000000 0.003017 0.000000 0.000754
61.799999 0.000000 0.003025 0.000000 0.000504
61.899998 0.000000 0.003033 0.000000 0.000253
62.000000 0.000000 0.003040 0.000000 0.000253
62.099998 0.000000 0.003048 0.000000 0.000254
62.199997 0.000000 0.003056 0.000000 0.000255
62.299999 0.000000 0.003064 0.000000 0.000255
62.399998 0.000000 0.003071 0.000000 0.000256
62.500000 0.000000 0.003079 0.000000 0.000257
62.599998 0.000000 0.003087 0.000000 0.000257
62.699997 0.000000 0.003095 0.000000 0.000258
62.799999 0.000000 0.003103 0.000000 0.000259
62.899998 0.000000 0.003111 0.000000 0.000259
63.000000 0.000000 0.003119 0.000000 0.000260
63.099998 0.000000 0.003127 0.000000 0.000261
63.199997 0.000000 0.003136 0.000000 0.000261
63.299999 0.000000 0.003144 0.000000 0.000262
63.399998 0.000000 0.003152 0.000000 0.000263
63.500000 0.000000 0.003160 0.000000 0.000263
63.599998 0.000000 0.003169 0.000000 0.000264
63.699997 0.000000 0.003177 0.000000 0.000265
63.799999 0.000000 0.003186 0.000000 0.000265
63.899998 0.000000 0.003194 0.000000 0.000266
64.000000 0.000000 0.003203 0.000000 0.000267
64.099998 0.000000 0.002944 0.000000 0.000268
64.199997 0.000000 0.002683 0.000000 0.000268
64.299995 0.000000 0.002690 0.000000 0.000269
64.400002 0.000000 0.002698 0.000000 0.000270
64.500000 0.000000 0.002705 0.000000 0.000270
64.599998 0.000000 0.002712 0.000000 0.000271
64.699997 0.000000 0.002720 0.000000 0.000272
64.799995 0.000000 0.002727 0.000000 0.000273
64.900002 0.000000 0.002734 0.000000 0.000273
65.000000 0.000000 0.002742 0.000000 0.000274
65.099998 0.000000 0.002750 0.000000 0.000275
65.199997 0.000000 0.002757 0.000000 0.000276
65.299995 0.000000 0.002765 0.000000 0.000276
65.400002 0.000000 0.002772 0.000000 0.000277
65.500000 0.000000 0.002780 0.000000 0.000278
65.599998 0.000000 0.002788 0.000000 0.000279
65.699997 0.000000 0.002796 0.000000 0.000280
65.799995 0.000000 0.002523 0.000000 0.000280
