0.000000 0.990600 7.926700 0.000000 0.990700
0.100000 0.902180 7.227445 0.000000 0.905281
0.200000 0.822340 6.592033 0.000000 0.827645
0.300000 0.748823 6.020030 0.000000 0.754031
0.400000 0.683166 5.517635 0.000000 0.690782
0.500000 0.622933 5.048110 0.000000 0.632254
0.600000 0.564995 4.610331 0.000000 0.577533
0.700000 0.513546 4.223360 0.000000 0.529701
0.800000 0.466426 3.869617 0.000000 0.485697
0.900000 0.427067 3.571629 0.000000 0.448736
1.000000 0.386067 3.276249 0.000000 0.411263
1.100000 0.348232 2.997991 0.000000 0.376557
1.200000 0.315715 2.759144 0.000000 0.347669
1.300000 0.284723 2.530524 0.000000 0.319220
1.400000 0.256114 2.325752 0.000000 0.294153
1.500000 0.232659 2.156448 0.000000 0.272828
1.600000 0.209387 1.985195 0.000000 0.251385
1.700000 0.191715 1.863421 0.000000 0.236770
1.800000 0.173071 1.733838 0.000000 0.220777
1.900000 0.153745 1.601756 0.000000 0.204119
2.000000 0.137415 1.493584 0.000000 0.190058
2.100000 0.122573 1.391889 0.000000 0.176477
2.200000 0.111842 1.316397 0.000000 0.166802
2.300000 0.100476 1.241568 0.000000 0.156487
2.400000 0.091840 1.179524 0.000000 0.148505
2.500000 0.082471 1.116352 0.000000 0.141307
2.600000 0.074736 1.058184 0.000000 0.134850
2.700000 0.067493 1.006200 0.000000 0.129600
2.800000 0.061349 0.962560 0.000000 0.124021
2.900000 0.055301 0.918729 0.000000 0.119564
3.000000 0.047915 0.868386 0.000000 0.112957
3.100000 0.043061 0.838163 0.000000 0.108469
3.200000 0.039326 0.806537 0.000000 0.104699
3.300000 0.035375 0.775994 0.000000 0.100910
3.400000 0.032228 0.757111 0.000000 0.098731
3.500000 0.028469 0.731285 0.000000 0.095648
3.600000 0.025418 0.708312 0.000000 0.092446
3.700000 0.022250 0.687173 0.000000 0.090126
3.800000 0.020115 0.670977 0.000000 0.088259
3.900000 0.017976 0.655881 0.000000 0.086389
4.000000 0.016656 0.642710 0.000000 0.083899
4.100000 0.014614 0.626840 0.000000 0.082227
4.200000 0.012770 0.614933 0.000000 0.080433
4.300000 0.011649 0.604948 0.000000 0.079278
4.400000 0.010216 0.593128 0.000000 0.077804
4.500000 0.009400 0.584547 0.000000 0.076232
4.600000 0.008479 0.574398 0.000000 0.075070
4.700000 0.007763 0.566298 0.000000 0.074009
4.800000 0.007046 0.559320 0.000000 0.073257
4.900000 0.005809 0.548595 0.000000 0.072088
5.000000 0.005607 0.541584 0.000000 0.071228
5.100000 0.005092 0.533777 0.000000 0.070671
5.200000 0.004578 0.526841 0.000000 0.069913
5.300000 0.004269 0.521400 0.000000 0.068729
5.400000 0.003857 0.514592 0.000000 0.067751
5.500000 0.003652 0.507826 0.000000 0.066674
5.600000 0.003342 0.501358 0.000000 0.065803
5.700000 0.002823 0.493779 0.000000 0.065238
5.800000 0.002302 0.487024 0.000000 0.064148
5.900000 0.002095 0.481982 0.000000 0.063692
6.000000 0.001992 0.476515 0.000000 0.062592
6.100000 0.001784 0.471453 0.000000 0.061923
6.200000 0.001576 0.466597 0.000000 0.061029
6.300000 0.001472 0.463674 0.000000 0.060667
6.400000 0.001263 0.457952 0.000000 0.059362
6.500000 0.001264 0.453540 0.000000 0.058997
6.600000 0.001055 0.448745 0.000000 0.058532
6.700000 0.000950 0.441829 0.000000 0.058171
6.800000 0.000740 0.437117 0.000000 0.056965
6.900000 0.000635 0.432818 0.000000 0.056179
7.000000 0.000530 0.427664 0.000000 0.055709
7.100000 0.000424 0.424589 0.000000 0.055432
7.200000 0.000318 0.419310 0.000000 0.054960
7.300000 0.000212 0.414126 0.000000 0.054169
7.400000 0.000106 0.409144 0.000000 0.053907
7.500000 0.000106 0.404577 0.000000 0.053646
7.600000 0.000107 0.400810 0.000000 0.053377
7.700000 0.000107 0.397078 0.000000 0.053008
7.800000 0.000107 0.392228 0.000000 0.052418
7.900000 0.000107 0.388800 0.000000 0.051833
8.000000 0.000107 0.385537 0.000000 0.051027
8.099999 0.000107 0.381840 0.000000 0.050755
8.200000 0.000107 0.379247 0.000000 0.050059
8.300000 0.000107 0.375858 0.000000 0.049356
8.400000 0.000107 0.372288 0.000000 0.049087
8.500000 0.000108 0.368778 0.000000 0.048812
8.599999 0.000108 0.366161 0.000000 0.048219
8.700000 0.000108 0.362569 0.000000 0.047624
8.800000 0.000108 0.360254 0.000000 0.047552
8.900000 0.000108 0.356757 0.000000 0.047280
9.000000 0.000108 0.353901 0.000000 0.046683
9.099999 0.000108 0.349957 0.000000 0.045976
9.200000 0.000108 0.346870 0.000000 0.045484
9.300000 0.000108 0.344536 0.000000 0.045425
9.400000 0.000109 0.341942 0.000000 0.045361
9.500000 0.000109 0.338438 0.000000 0.044966
9.599999 0.000109 0.335109 0.000000 0.044688
9.700000 0.000000 0.331773 0.000000 0.044628
9.800000 0.000000 0.327994 0.000000 0.044241
9.900000 0.000000 0.324607 0.000000 0.044066
10.000000 0.000000 0.322926 0.000000 0.043886
10.099999 0.000000 0.319856 0.000000 0.043711
10.200000 0.000000 0.315830 0.000000 0.042774
10.300000 0.000000 0.312562 0.000000 0.042274
10.400000 0.000000 0.309944 0.000000 0.041991
10.500000 0.000000 0.307760 0.000000 0.041159
10.599999 0.000000 0.304252 0.000000 0.040875
10.700000 0.000000 0.301727 0.000000 0.040810
10.800000 0.000000 0.298503 0.000000 0.040520
10.900000 0.000000 0.295933 0.000000 0.040339
11.000000 0.000000 0.292508 0.000000 0.039943
11.099999 0.000000 0.290290 0.000000 0.039766
11.200000 0.000000 0.285525 0.000000 0.039257
11.300000 0.000000 0.280859 0.000000 0.038858
11.400000 0.000000 0.278369 0.000000 0.038342
11.500000 0.000000 0.275984 0.000000 0.038380
11.599999 0.000000 0.273848 0.000000 0.038090
11.700000 0.000000 0.271595 0.000000 0.037910
11.800000 0.000000 0.269338 0.000000 0.037618
11.900000 0.000000 0.265961 0.000000 0.036992
12.000000 0.000000 0.262911 0.000000 0.036364
12.099999 0.000000 0.260860 0.000000 0.035846
12.200000 0.000000 0.258021 0.000000 0.035774
12.300000 0.000000 0.255512 0.000000 0.035143
12.400000 0.000000 0.253109 0.000000 0.034398
12.500000 0.000000 0.251038 0.000000 0.034212
12.599999 0.000000 0.248849 0.000000 0.033914
12.700000 0.000000 0.247442 0.000000 0.033839
12.799999 0.000000 0.245245 0.000000 0.033652
12.900000 0.000000 0.243268 0.000000 0.033465
13.000000 0.000000 0.239820 0.000000 0.033277
13.099999 0.000000 0.238708 0.000000 0.032859
13.200000 0.000000 0.236152 0.000000 0.032896
13.299999 0.000000 0.234808 0.000000 0.032590
13.400000 0.000000 0.232355 0.000000 0.032627
13.500000 0.000000 0.230350 0.000000 0.032211
13.599999 0.000000 0.228455 0.000000 0.031566
13.700000 0.000000 0.226983 0.000000 0.031371
13.799999 0.000000 0.224738 0.000000 0.031179
13.900000 0.000000 0.222944 0.000000 0.030873
14.000000 0.000000 0.220803 0.000000 0.030224
14.099999 0.000000 0.217630 0.000000 0.029916
14.200000 0.000000 0.215135 0.000000 0.029835
14.299999 0.000000 0.212863 0.000000 0.029412
14.400000 0.000000 0.211274 0.000000 0.029216
14.500000 0.000000 0.209452 0.000000 0.029135
14.599999 0.000000 0.207051 0.000000 0.028594
14.700000 0.000000 0.204415 0.000000 0.028167
14.799999 0.000000 0.202348 0.000000 0.027970
14.900000 0.000000 0.199355 0.000000 0.027426
15.000000 0.000000 0.197739 0.000000 0.027111
15.099999 0.000000 0.195773 0.000000 0.026796
15.200000 0.000000 0.193339 0.000000 0.026596
15.299999 0.000000 0.192174 0.000000 0.026048
15.400000 0.000000 0.189268 0.000000 0.025498
15.500000 0.000000 0.188167 0.000000 0.025174
15.599999 0.000000 0.186527 0.000000 0.025087
15.700000 0.000000 0.184651 0.000000 0.024884
15.799999 0.000000 0.183469 0.000000 0.024913
15.900000 0.000000 0.181935 0.000000 0.024825
16.000000 0.000000 0.180513 0.000000 0.024271
16.100000 0.000000 0.179068 0.000000 0.024296
16.199999 0.000000 0.177055 0.000000 0.023974
16.299999 0.000000 0.175389 0.000000 0.023416
16.400000 0.000000 0.173602 0.000000 0.022858
16.500000 0.000000 0.171693 0.000000 0.022650
16.600000 0.000000 0.169545 0.000000 0.022559
16.699999 0.000000 0.168333 0.000000 0.022115
16.799999 0.000000 0.165921 0.000000 0.022021
16.900000 0.000000 0.164466 0.000000 0.021693
17.000000 0.000000 0.163480 0.000000 0.021128
17.100000 0.000000 0.162255 0.000000 0.021035
17.199999 0.000000 0.160435 0.000000 0.020705
17.299999 0.000000 0.158256 0.000000 0.020730
17.400000 0.000000 0.157614 0.000000 0.020517
17.500000 0.000000 0.156020 0.000000 0.020541
17.600000 0.000000 0.154422 0.000000 0.020566
17.699999 0.000000 0.152702 0.000000 0.020352
17.799999 0.000000 0.151573 0.000000 0.020138
17.900000 0.000000 0.149368 0.000000 0.019924
18.000000 0.000000 0.148113 0.000000 0.019947
18.100000 0.000000 0.146257 0.000000 0.019852
18.199999 0.000000 0.145235 0.000000 0.019756
18.299999 0.000000 0.143850 0.000000 0.019660
18.400000 0.000000 0.142343 0.000000 0.019323
18.500000 0.000000 0.141312 0.000000 0.019106
18.600000 0.000000 0.140005 0.000000 0.019245
18.699999 0.000000 0.138487 0.000000 0.019147
18.799999 0.000000 0.137087 0.000000 0.019050
18.900000 0.000000 0.135804 0.000000 0.018831
19.000000 0.000000 0.133913 0.000000 0.018613
19.100000 0.000000 0.132865 0.000000 0.018635
19.199999 0.000000 0.131435 0.000000 0.018534
19.299999 0.000000 0.130746 0.000000 0.018557
19.400000 0.000000 0.129447 0.000000 0.018336
19.500000 0.000000 0.128267 0.000000 0.018116
19.600000 0.000000 0.127206 0.000000 0.018016
19.699999 0.000000 0.126508 0.000000 0.017916
19.799999 0.000000 0.125564 0.000000 0.017938
19.900000 0.000000 0.123885 0.000000 0.017960
20.000000 0.000000 0.122569 0.000000 0.017859
20.100000 0.000000 0.121862 0.000000 0.017514
20.199999 0.000000 0.119804 0.000000 0.017290
20.299999 0.000000 0.119091 0.000000 0.017188
20.400000 0.000000 0.117271 0.000000 0.017210
20.500000 0.000000 0.115200 0.000000 0.017108
20.600000 0.000000 0.113740 0.000000 0.017006
20.699999 0.000000 0.112139 0.000000 0.016778
20.799999 0.000000 0.110919 0.000000 0.016798
20.900000 0.000000 0.109077 0.000000 0.016696
21.000000 0.000000 0.108222 0.000000 0.016592
21.100000 0.000000 0.107612 0.000000 0.016613
21.199999 0.000000 0.107001 0.000000 0.016509
21.299999 0.000000 0.106264 0.000000 0.016406
21.400000 0.000000 0.105152 0.000000 0.016177
21.500000 0.000000 0.103663 0.000000 0.015824
21.600000 0.000000 0.102420 0.000000 0.015469
21.699999 0.000000 0.101049 0.000000 0.015363
21.799999 0.000000 0.100550 0.000000 0.015133
21.900000 0.000000 0.098923 0.000000 0.014901
22.000000 0.000000 0.098044 0.000000 0.014794
22.100000 0.000000 0.097163 0.000000 0.014311
22.199999 0.000000 0.096154 0.000000 0.013952
22.299999 0.000000 0.095394 0.000000 0.013592
22.400000 0.000000 0.094128 0.000000 0.013483
22.500000 0.000000 0.093490 0.000000 0.013500
22.600000 0.000000 0.092345 0.000000 0.013264
22.699999 0.000000 0.091829 0.000000 0.013281
22.799999 0.000000 0.091439 0.000000 0.013171
22.900000 0.000000 0.090540 0.000000 0.012934
23.000000 0.000000 0.089766 0.000000 0.012951
23.100000 0.000000 0.089118 0.000000 0.012967
23.199999 0.000000 0.088849 0.000000 0.012984
23.299999 0.000000 0.088325 0.000000 0.013000
23.400000 0.000000 0.086779 0.000000 0.012762
23.500000 0.000000 0.085995 0.000000 0.012778
23.600000 0.000000 0.085338 0.000000 0.012666
23.699999 0.000000 0.084807 0.000000 0.012554
23.799999 0.000000 0.084787 0.000000 0.012442
23.900000 0.000000 0.084382 0.000000 0.012330
24.000000 0.000000 0.083591 0.000000 0.012217
24.100000 0.000000 0.082797 0.000000 0.012233
24.199999 0.000000 0.081485 0.000000 0.012249
24.299999 0.000000 0.080945 0.000000 0.012135
24.400000 0.000000 0.079886 0.000000 0.011892
24.500000 0.000000 0.079213 0.000000 0.011778
24.600000 0.000000 0.078279 0.000000 0.011664
24.699999 0.000000 0.077083 0.000000 0.011549
24.799999 0.000000 0.076273 0.000000 0.011564
24.900000 0.000000 0.075852 0.000000 0.011319
25.000000 0.000000 0.074648 0.000000 0.011204
25.100000 0.000000 0.072919 0.000000 0.011218
25.199999 0.000000 0.072623 0.000000 0.010972
25.299999 0.000000 0.071933 0.000000 0.010855
25.400000 0.000000 0.070980 0.000000 0.010870
25.500000 0.000000 0.070548 0.000000 0.010884
25.599998 0.000000 0.070116 0.000000 0.010898
25.699999 0.000000 0.069550 0.000000 0.010649
25.799999 0.000000 0.068852 0.000000 0.010664
25.900000 0.000000 0.068416 0.000000 0.010414
26.000000 0.000000 0.067318 0.000000 0.009900
26.099998 0.000000 0.067010 0.000000 0.009781
26.199999 0.000000 0.066570 0.000000 0.009529
26.299999 0.000000 0.066260 0.000000 0.009541
26.400000 0.000000 0.065154 0.000000 0.009554
26.500000 0.000000 0.064310 0.000000 0.009567
26.599998 0.000000 0.064130 0.000000 0.009447
26.699999 0.000000 0.063416 0.000000 0.009326
26.799999 0.000000 0.062967 0.000000 0.009338
26.900000 0.000000 0.062250 0.000000 0.009351
27.000000 0.000000 0.061932 0.000000 0.009363
27.099998 0.000000 0.061211 0.000000 0.009242
27.199999 0.000000 0.060354 0.000000 0.009120
27.299999 0.000000 0.059361 0.000000 0.008864
27.400000 0.000000 0.058768 0.000000 0.008876
27.500000 0.000000 0.058039 0.000000 0.008484
27.599998 0.000000 0.057443 0.000000 0.008495
27.699999 0.000000 0.056981 0.000000 0.008507
27.799999 0.000000 0.056652 0.000000 0.008383
27.900000 0.000000 0.056187 0.000000 0.008259
28.000000 0.000000 0.055857 0.000000 0.008270
28.099998 0.000000 0.055525 0.000000 0.008281
28.199999 0.000000 0.054785 0.000000 0.008157
28.299999 0.000000 0.053907 0.000000 0.008168
28.400000 0.000000 0.053435 0.000000 0.008043
28.500000 0.000000 0.052826 0.000000 0.007781
28.599998 0.000000 0.052214 0.000000 0.007791
28.699999 0.000000 0.051601 0.000000 0.007802
28.799999 0.000000 0.051535 0.000000 0.007675
28.900000 0.000000 0.050920 0.000000 0.007549
29.000000 0.000000 0.050852 0.000000 0.007284
29.099998 0.000000 0.050784 0.000000 0.007294
29.199999 0.000000 0.050441 0.000000 0.007029
29.299999 0.000000 0.049959 0.000000 0.007038
29.400000 0.000000 0.049751 0.000000 0.006910
29.500000 0.000000 0.049267 0.000000 0.006919
29.599998 0.000000 0.049058 0.000000 0.006790
29.699999 0.000000 0.048848 0.000000 0.006661
29.799999 0.000000 0.048221 0.000000 0.006531
29.900000 0.000000 0.047593 0.000000 0.006540
30.000000 0.000000 0.046683 0.000000 0.006550
30.099998 0.000000 0.046330 0.000000 0.006559
30.199999 0.000000 0.045696 0.000000 0.006428
30.299999 0.000000 0.045760 0.000000 0.006437
30.400000 0.000000 0.045263 0.000000 0.006166
30.500000 0.000000 0.045180 0.000000 0.006314
30.599998 0.000000 0.045103 0.000000 0.006323
30.699999 0.000000 0.044463 0.000000 0.006332
30.799999 0.000000 0.044385 0.000000 0.006341
30.900000 0.000000 0.044024 0.000000 0.006350
31.000000 0.000000 0.043380 0.000000 0.006359
31.099998 0.000000 0.043017 0.000000 0.006368
31.199999 0.000000 0.042936 0.000000 0.006377
31.299999 0.000000 0.042713 0.000000 0.006244
31.400000 0.000000 0.042620 0.000000 0.006535
31.500000 0.000000 0.042254 0.000000 0.006402
31.599998 0.000000 0.042171 0.000000 0.006411
31.699999 0.000000 0.042089 0.000000 0.006278
31.799999 0.000000 0.041720 0.000000 0.006287
31.900000 0.000000 0.041351 0.000000 0.006296
32.000000 0.000000 0.040980 0.000000 0.006305
32.099998 0.000000 0.040172 0.000000 0.006456
32.200001 0.000000 0.039799 0.000000 0.006466
32.299999 0.000000 0.039568 0.000000 0.006043
32.399998 0.000000 0.039193 0.000000 0.006052
32.500000 0.000000 0.038672 0.000000 0.005916
32.599998 0.000000 0.038584 0.000000 0.005925
32.700001 0.000000 0.038350 0.000000 0.005933
32.799999 0.000000 0.037681 0.000000 0.005797
32.899998 0.000000 0.037591 0.000000 0.005806
33.000000 0.000000 0.037209 0.000000 0.005814
33.099998 0.000000 0.036827 0.000000 0.005531
33.200001 0.000000 0.036589 0.000000 0.005394
33.299999 0.000000 0.035912 0.000000 0.005401
33.399998 0.000000 0.035526 0.000000 0.005263
33.500000 0.000000 0.035286 0.000000 0.005124
33.599998 0.000000 0.035044 0.000000 0.005132
33.700001 0.000000 0.034949 0.000000 0.005140
33.799999 0.000000 0.035000 0.000000 0.005147
33.899998 0.000000 0.034757 0.000000 0.004860
34.000000 0.000000 0.034661 0.000000 0.004720
34.099998 0.000000 0.034417 0.000000 0.004727
34.200001 0.000000 0.033580 0.000000 0.004734
34.299999 0.000000 0.033185 0.000000 0.004741
34.399998 0.000000 0.032789 0.000000 0.004748
34.500000 0.000000 0.032689 0.000000 0.004606
34.599998 0.000000 0.032440 0.000000 0.004613
34.700001 0.000000 0.031595 0.000000 0.004471
34.799999 0.000000 0.031343 0.000000 0.004478
34.899998 0.000000 0.031390 0.000000 0.004335
35.000000 0.000000 0.031138 0.000000 0.004341
35.099998 0.000000 0.030885 0.000000 0.004198
35.200001 0.000000 0.030480 0.000000 0.004204
35.299999 0.000000 0.029774 0.000000 0.004211
35.399998 0.000000 0.029367 0.000000 0.004217
35.500000 0.000000 0.029261 0.000000 0.004223
35.599998 0.000000 0.029003 0.000000 0.004079
35.700001 0.000000 0.028896 0.000000 0.003933
35.799999 0.000000 0.028788 0.000000 0.003939
35.899998 0.000000 0.028376 0.000000 0.003945
36.000000 0.000000 0.027964 0.000000 0.003951
36.099998 0.000000 0.027397 0.000000 0.003805
36.200001 0.000000 0.026677 0.000000 0.003659
36.299999 0.000000 0.026260 0.000000 0.003664
36.399998 0.000000 0.025994 0.000000 0.003670
36.500000 0.000000 0.025881 0.000000 0.003675
36.599998 0.000000 0.025613 0.000000 0.003681
36.700001 0.000000 0.025038 0.000000 0.003687
36.799999 0.000000 0.024923 0.000000 0.003538
36.899998 0.000000 0.024961 0.000000 0.003544
37.000000 0.000000 0.024383 0.000000 0.003549
37.099998 0.000000 0.024420 0.000000 0.003555
37.200001 0.000000 0.024149 0.000000 0.003560
37.299999 0.000000 0.024031 0.000000 0.003411
37.399998 0.000000 0.024065 0.000000 0.003571
37.500000 0.000000 0.023947 0.000000 0.003421
37.599998 0.000000 0.023361 0.000000 0.003426
37.700001 0.000000 0.022305 0.000000 0.003276
37.799999 0.000000 0.022184 0.000000 0.003281
37.899998 0.000000 0.020967 0.000000 0.003286
38.000000 0.000000 0.020530 0.000000 0.003291
38.099998 0.000000 0.020405 0.000000 0.002982
38.200001 0.000000 0.019337 0.000000 0.002987
38.299999 0.000000 0.019210 0.000000 0.002992
38.399998 0.000000 0.019082 0.000000 0.002681
38.500000 0.000000 0.018796 0.000000 0.002685
38.599998 0.000000 0.018510 0.000000 0.002689
38.700001 0.000000 0.018222 0.000000 0.002694
38.799999 0.000000 0.018251 0.000000 0.002539
38.899998 0.000000 0.018121 0.000000 0.002543
39.000000 0.000000 0.017513 0.000000 0.002547
39.099998 0.000000 0.017541 0.000000 0.002551
39.200001 0.000000 0.017569 0.000000 0.002556
39.299999 0.000000 0.017597 0.000000 0.002560
39.399998 0.000000 0.017305 0.000000 0.002564
39.500000 0.000000 0.017012 0.000000 0.002568
39.599998 0.000000 0.017039 0.000000 0.002572
39.700001 0.000000 0.017066 0.000000 0.002254
39.799999 0.000000 0.017094 0.000000 0.002258
39.899998 0.000000 0.017122 0.000000 0.002261
40.000000 0.000000 0.016988 0.000000 0.002265
40.099998 0.000000 0.017015 0.000000 0.002269
40.200001 0.000000 0.017043 0.000000 0.002272
40.299999 0.000000 0.017070 0.000000 0.002276
40.399998 0.000000 0.016935 0.000000 0.002280
40.500000 0.000000 0.016963 0.000000 0.002283
40.599998 0.000000 0.016501 0.000000 0.002287
40.700001 0.000000 0.016200 0.000000 0.002127
40.799999 0.000000 0.016227 0.000000 0.002131
40.899998 0.000000 0.016089 0.000000 0.002134
41.000000 0.000000 0.015787 0.000000 0.002138
41.099998 0.000000 0.015483 0.000000 0.002141
41.200001 0.000000 0.015344 0.000000 0.002145
41.299999 0.000000 0.015039 0.000000 0.001818
41.399998 0.000000 0.015064 0.000000 0.001821
41.500000 0.000000 0.014923 0.000000 0.001824
41.599998 0.000000 0.014782 0.000000 0.001827
41.700001 0.000000 0.014473 0.000000 0.001830
41.799999 0.000000 0.013998 0.000000 0.001833
41.899998 0.000000 0.014021 0.000000 0.001836
42.000000 0.000000 0.014044 0.000000 0.001839
42.099998 0.000000 0.013901 0.000000 0.001842
42.200001 0.000000 0.013924 0.000000 0.001845
42.299999 0.000000 0.013947 0.000000 0.001848
42.399998 0.000000 0.013971 0.000000 0.001852
42.500000 0.000000 0.013994 0.000000 0.001686
42.599998 0.000000 0.014018 0.000000 0.001689
42.700001 0.000000 0.014042 0.000000 0.001692
42.799999 0.000000 0.013896 0.000000 0.001695
42.899998 0.000000 0.013920 0.000000 0.001698
43.000000 0.000000 0.013943 0.000000 0.001700
43.099998 0.000000 0.013967 0.000000 0.001703
43.200001 0.000000 0.013991 0.000000 0.001706
43.299999 0.000000 0.014015 0.000000 0.001538
43.399998 0.000000 0.013696 0.000000 0.001541
43.500000 0.000000 0.013720 0.000000 0.001543
43.599998 0.000000 0.013569 0.000000 0.001718
43.700001 0.000000 0.013593 0.000000 0.001721
43.799999 0.000000 0.013616 0.000000 0.001724
43.899998 0.000000 0.013467 0.000000 0.001554
44.000000 0.000000 0.013317 0.000000 0.001557
44.099998 0.000000 0.012821 0.000000 0.001559
44.200001 0.000000 0.012669 0.000000 0.001562
44.299999 0.000000 0.012517 0.000000 0.001391
44.399998 0.000000 0.012365 0.000000 0.001393
44.500000 0.000000 0.012212 0.000000 0.001396
44.599998 0.000000 0.012233 0.000000 0.001398
44.700001 0.000000 0.011905 0.000000 0.001401
44.799999 0.000000 0.011926 0.000000 0.001403
44.899998 0.000000 0.011771 0.000000 0.001405
45.000000 0.000000 0.011792 0.000000 0.001232
45.099998 0.000000 0.011812 0.000000 0.001234
45.200001 0.000000 0.011833 0.000000 0.001236
45.299999 0.000000 0.011854 0.000000 0.001238
45.399998 0.000000 0.011343 0.000000 0.001241
45.500000 0.000000 0.011364 0.000000 0.001243
45.599998 0.000000 0.011384 0.000000 0.001245
45.700001 0.000000 0.011226 0.000000 0.001247
45.799999 0.000000 0.011246 0.000000 0.001250
45.899998 0.000000 0.011266 0.000000 0.001073
46.000000 0.000000 0.011286 0.000000 0.001075
46.099998 0.000000 0.011307 0.000000 0.001077
46.200001 0.000000 0.011327 0.000000 0.001079
46.299999 0.000000 0.011347 0.000000 0.001081
46.399998 0.000000 0.011368 0.000000 0.001083
46.500000 0.000000 0.011027 0.000000 0.001085
46.599998 0.000000 0.011047 0.000000 0.001087
46.700001 0.000000 0.010885 0.000000 0.000907
46.799999 0.000000 0.010723 0.000000 0.000909
46.899998 0.000000 0.010561 0.000000 0.000910
47.000000 0.000000 0.010398 0.000000 0.000912
47.099998 0.000000 0.010417 0.000000 0.000914
47.200001 0.000000 0.010436 0.000000 0.000732
47.299999 0.000000 0.010455 0.000000 0.000734
47.399998 0.000000 0.010290 0.000000 0.000735
47.500000 0.000000 0.010309 0.000000 0.000736
47.599998 0.000000 0.010328 0.000000 0.000738
47.700001 0.000000 0.010163 0.000000 0.000739
47.799999 0.000000 0.010181 0.000000 0.000740
47.899998 0.000000 0.010200 0.000000 0.000742
48.000000 0.000000 0.010219 0.000000 0.000743
48.099998 0.000000 0.009866 0.000000 0.000558
48.200001 0.000000 0.009884 0.000000 0.000559
48.299999 0.000000 0.009903 0.000000 0.000561
48.399998 0.000000 0.009360 0.000000 0.000562
48.500000 0.000000 0.009377 0.000000 0.000563
48.599998 0.000000 0.009395 0.000000 0.000564
48.700001 0.000000 0.009036 0.000000 0.000565
48.799999 0.000000 0.009053 0.000000 0.000566
48.899998 0.000000 0.008881 0.000000 0.000567
49.000000 0.000000 0.008519 0.000000 0.000568
49.099998 0.000000 0.008536 0.000000 0.000379
49.200001 0.000000 0.008172 0.000000 0.000380
49.299999 0.000000 0.008187 0.000000 0.000381
49.399998 0.000000 0.008203 0.000000 0.000382
49.500000 0.000000 0.007836 0.000000 0.000382
49.599998 0.000000 0.007660 0.000000 0.000383
49.700001 0.000000 0.007483 0.000000 0.000384
49.799999 0.000000 0.007497 0.000000 0.000384
49.899998 0.000000 0.007512 0.000000 0.000385
50.000000 0.000000 0.007526 0.000000 0.000386
50.099998 0.000000 0.007541 0.000000 0.000387
50.200001 0.000000 0.007168 0.000000 0.000387
50.299999 0.000000 0.006988 0.000000 0.000388
50.399998 0.000000 0.007001 0.000000 0.000389
50.500000 0.000000 0.007015 0.000000 0.000390
50.599998 0.000000 0.007029 0.000000 0.000390
50.700001 0.000000 0.007042 0.000000 0.000391
50.799999 0.000000 0.007056 0.000000 0.000392
50.899998 0.000000 0.007070 0.000000 0.000393
51.000000 0.000000 0.006887 0.000000 0.000394
51.099998 0.000000 0.006901 0.000000 0.000394
51.199997 0.000000 0.006914 0.000000 0.000395
51.299999 0.000000 0.006730 0.000000 0.000396
51.399998 0.000000 0.006743 0.000000 0.000397
51.500000 0.000000 0.006757 0.000000 0.000397
51.599998 0.000000 0.006571 0.000000 0.000398
51.699997 0.000000 0.006584 0.000000 0.000399
51.799999 0.000000 0.006597 0.000000 0.000400
51.899998 0.000000 0.006810 0.000000 0.000601
52.000000 0.000000 0.006823 0.000000 0.000602
52.099998 0.000000 0.006837 0.000000 0.000603
52.199997 0.000000 0.006246 0.000000 0.000604
52.299999 0.000000 0.006057 0.000000 0.000606
52.399998 0.000000 0.006069 0.000000 0.000607
52.500000 0.000000 0.006081 0.000000 0.000608
52.599998 0.000000 0.006094 0.000000 0.000406
52.699997 0.000000 0.006106 0.000000 0.000407
52.799999 0.000000 0.006119 0.000000 0.000408
52.899998 0.000000 0.005518 0.000000 0.000409
53.000000 0.000000 0.005529 0.000000 0.000410
53.099998 0.000000 0.005541 0.000000 0.000410
53.199997 0.000000 0.005346 0.000000 0.000411
53.299999 0.000000 0.005358 0.000000 0.000412
53.399998 0.000000 0.005369 0.000000 0.000413
53.500000 0.000000 0.005380 0.000000 0.000414
53.599998 0.000000 0.005391 0.000000 0.000415
53.699997 0.000000 0.005194 0.000000 0.000416
53.799999 0.000000 0.005205 0.000000 0.000416
53.899998 0.000000 0.005216 0.000000 0.000417
54.000000 0.000000 0.005227 0.000000 0.000418
54.099998 0.000000 0.005238 0.000000 0.000419
54.199997 0.000000 0.005249 0.000000 0.000420
54.299999 0.000000 0.005260 0.000000 0.000421
54.399998 0.000000 0.005271 0.000000 0.000422
54.500000 0.000000 0.005071 0.000000 0.000423
54.599998 0.000000 0.004870 0.000000 0.000423
54.699997 0.000000 0.004880 0.000000 0.000424
54.799999 0.000000 0.004890 0.000000 0.000425
54.899998 0.000000 0.004901 0.000000 0.000213
55.000000 0.000000 0.004911 0.000000 0.000214
55.099998 0.000000 0.004922 0.000000 0.000214
55.199997 0.000000 0.004932 0.000000 0.000214
55.299999 0.000000 0.004943 0.000000 0.000215
55.399998 0.000000 0.004954 0.000000 0.000215
55.500000 0.000000 0.004964 0.000000 0.000216
55.599998 0.000000 0.004975 0.000000 0.000216
55.699997 0.000000 0.004986 0.000000 0.000217
55.799999 0.000000 0.004997 0.000000 0.000217
55.899998 0.000000 0.005008 0.000000 0.000218
56.000000 0.000000 0.005019 0.000000 0.000218
56.099998 0.000000 0.005030 0.000000 0.000219
56.199997 0.000000 0.005041 0.000000 0.000219
56.299999 0.000000 0.005052 0.000000 0.000220
56.399998 0.000000 0.005063 0.000000 0.000220
56.500000 0.000000 0.005074 0.000000 0.000221
56.599998 0.000000 0.004864 0.000000 0.000221
56.699997 0.000000 0.004875 0.000000 0.000222
56.799999 0.000000 0.004886 0.000000 0.000222
56.899998 0.000000 0.004897 0.000000 0.000223
57.000000 0.000000 0.004907 0.000000 0.000223
57.099998 0.000000 0.004695 0.000000 0.000224
57.199997 0.000000 0.004705 0.000000 0.000224
57.299999 0.000000 0.004716 0.000000 0.000225
57.399998 0.000000 0.004727 0.000000 0.000225
57.500000 0.000000 0.004737 0.000000 0.000226
57.599998 0.000000 0.004748 0.000000 0.000226
57.699997 0.000000 0.004759 0.000000 0.000227
57.799999 0.000000 0.004769 0.000000 0.000227
57.899998 0.000000 0.004780 0.000000 0.000228
58.000000 0.000000 0.004791 0.000000 0.000228
58.099998 0.000000 0.004802 0.000000 0.000229
58.199997 0.000000 0.004813 0.000000 0.000229
58.299999 0.000000 0.004824 0.000000 0.000230
58.399998 0.000000 0.004605 0.000000 0.000230
58.500000 0.000000 0.004616 0.000000 0.000231
58.599998 0.000000 0.004626 0.000000 0.000231
58.699997 0.000000 0.004637 0.000000 0.000232
58.799999 0.000000 0.004648 0.000000 0.000232
58.899998 0.000000 0.004659 0.000000 0.000233
59.000000 0.000000 0.004670 0.000000 0.000233
59.099998 0.000000 0.004681 0.000000 0.000234
59.199997 0.000000 0.004692 0.000000 0.000235
59.299999 0.000000 0.004467 0.000000 0.000235
59.399998 0.000000 0.004242 0.000000 0.000236
59.500000 0.000000 0.004252 0.000000 0.000236
59.599998 0.000000 0.004026 0.000000 0.000237
59.699997 0.000000 0.003798 0.000000 0.000237
59.799999 0.000000 0.003807 0.000000 0.000238
59.899998 0.000000 0.003816 0.000000 0.000238
60.000000 0.000000 0.003825 0.000000 0.000239
60.099998 0.000000 0.003834 0.000000 0.000240
60.199997 0.000000 0.003843 0.000000 0.000240
60.299999 0.000000 0.003853 0.000000 0.000241
60.399998 0.000000 0.003862 0.000000 0.000241
60.500000 0.000000 0.003871 0.000000 0.000242
60.599998 0.000000 0.003881 0.000000 0.000243
60.699997 0.000000 0.003890 0.000000 0.000243
60.799999 0.000000 0.003900 0.000000 0.000244
60.899998 0.000000 0.003665 0.000000 0.000244
61.000000 0.000000 0.003674 0.000000 0.000245
61.099998 0.000000 0.003683 0.000000 0.000246
61.199997 0.000000 0.003692 0.000000 0.000246
61.299999 0.000000 0.003701 0.000000 0.000247
61.399998 0.000000 0.003710 0.000000 0.000247
61.500000 0.000000 0.003719 0.000000 0.000248
61.599998 0.000000 0.003480 0.000000 0.000249
61.699997 0.000000 0.003489 0.000000 0.000249
61.799999 0.000000 0.003497 0.000000 0.000250
61.899998 0.000000 0.003506 0.000000 0.000250
62.000000 0.000000 0.003515 0.000000 0.000251
62.099998 0.000000 0.003524 0.000000 0.000252
62.199997 0.000000 0.003533 0.000000 0.000252
62.299999 0.000000 0.003542 0.000000 0.000253
62.399998 0.000000 0.003551 0.000000 0.000254
62.500000 0.000000 0.003305 0.000000 0.000254
62.599998 0.000000 0.003314 0.000000 0.000255
62.699997 0.000000 0.003322 0.000000 0.000256
62.799999 0.000000 0.003331 0.000000 0.000256
62.899998 0.000000 0.003339 0.000000 0.000257
63.000000 0.000000 0.003348 0.000000 0.000258
63.099998 0.000000 0.003357 0.000000 0.000258
63.199997 0.000000 0.003365 0.000000 0.000259
63.299999 0.000000 0.003374 0.000000 0.000260
63.399998 0.000000 0.003383 0.000000 0.000260
63.500000 0.000000 0.003392 0.000000 0.000261
63.599998 0.000000 0.003400 0.000000 0.000262
63.699997 0.000000 0.003409 0.000000 0.000262
63.799999 0.000000 0.003418 0.000000 0.000263
63.899998 0.000000 0.003427 0.000000 0.000264
64.000000 0.000000 0.003436 0.000000 0.000264
64.099998 0.000000 0.003180 0.000000 0.000265
64.199997 0.000000 0.003189 0.000000 0.000266
64.299995 0.000000 0.003197 0.000000 0.000266
64.400002 0.000000 0.003206 0.000000 0.000267
64.500000 0.000000 0.003215 0.000000 0.000268
64.599998 0.000000 0.003223 0.000000 0.000269
64.699997 0.000000 0.003232 0.000000 0.000000
64.799995 0.000000 0.003241 0.000000 0.000000
64.900002 0.000000 0.003249 0.000000 0.000000
65.000000 0.000000 0.003258 0.000000 0.000000
65.099998 0.000000 0.003267 0.000000 0.000000
65.199997 0.000000 0.003276 0.000000 0.000000
65.299995 0.000000 0.003285 0.000000 0.000000
65.400002 0.000000 0.003294 0.000000 0.000000
65.500000 0.000000 0.003303 0.000000 0.000000
65.599998 0.000000 0.003312 0.000000 0.000000
65.699997 0.000000 0.003321 0.000000 0.000000
65.799995 0.000000 0.003331 0.000000 0.000000
65.900002 0.000000 0.003340 0.000000 0.000000
66.000000 0.000000 0.003349 0.000000 0.000000
66.099998 0.000000 0.003359 0.000000 0.000000
66.199997 0.000000 0.003368 0.000000 0.000000
66.299995 0.000000 0.003377 0.000000 0.000000
66.400002 0.000000 0.003387 0.000000 0.000000
66.500000 0.000000 0.003397 0.000000 0.000000
66.599998 0.000000 0.003406 0.000000 0.000000
66.699997 0.000000 0.003416 0.000000 0.000000
66.799995 0.000000 0.003426 0.000000 0.000000
66.900002 0.000000 0.003435 0.000000 0.000000
67.000000 0.000000 0.003445 0.000000 0.000000
67.099998 0.000000 0.003455 0.000000 0.000000
67.199997 0.000000 0.003465 0.000000 0.000000
67.299995 0.000000 0.003475 0.000000 0.000000
67.400002 0.000000 0.003195 0.000000 0.000000
67.500000 0.000000 0.003204 0.000000 0.000000
67.599998 0.000000 0.003214 0.000000 0.000000
67.699997 0.000000 0.003223 0.000000 0.000000
67.799995 0.000000 0.003232 0.000000 0.000000
67.900002 0.000000 0.003242 0.000000 0.000000
68.000000 0.000000 0.003252 0.000000 0.000000
68.099998 0.000000 0.003261 0.000000 0.000000
68.199997 0.000000 0.003271 0.000000 0.000000
68.299995 0.000000 0.003281 0.000000 0.000000
68.400002 0.000000 0.003290 0.000000 0.000000
68.500000 0.000000 0.003300 0.000000 0.000000
68.599998 0.000000 0.003310 0.000000 0.000000
68.699997 0.000000 0.003320 0.000000 0.000000
68.799995 0.000000 0.003330 0.000000 0.000000
68.900002 0.000000 0.003340 0.000000 0.000000
69.000000 0.000000 0.003351 0.000000 0.000000
69.099998 0.000000 0.003361 0.000000 0.000000
69.199997 0.000000 0.003371 0.000000 0.000000
69.299995 0.000000 0.003074 0.000000 0.000000
