0.000000 0.991899 7.934894 0.000000 0.992199
0.100000 0.906863 7.266807 0.000000 0.910064
0.200000 0.829583 6.658166 0.000000 0.833683
0.300000 0.756551 6.092518 0.000000 0.762552
0.400000 0.688482 5.576804 0.000000 0.696788
0.500000 0.625238 5.082724 0.000000 0.636054
0.600000 0.569783 4.658051 0.000000 0.582507
0.700000 0.518396 4.278997 0.000000 0.533233
0.800000 0.470759 3.926472 0.000000 0.488414
0.900000 0.426565 3.608547 0.000000 0.447933
1.000000 0.382763 3.286345 0.000000 0.405739
1.100000 0.342705 3.008636 0.000000 0.371222
1.200000 0.308682 2.759847 0.000000 0.340635
1.300000 0.276666 2.530210 0.000000 0.311551
1.400000 0.250805 2.347887 0.000000 0.290040
1.500000 0.227835 2.175103 0.000000 0.270404
1.600000 0.206105 2.020046 0.000000 0.250428
1.700000 0.186832 1.884150 0.000000 0.232607
1.800000 0.166936 1.744045 0.000000 0.215079
1.900000 0.152642 1.639661 0.000000 0.200626
2.000000 0.136589 1.532201 0.000000 0.188050
2.100000 0.123710 1.444770 0.000000 0.177220
2.200000 0.112067 1.358271 0.000000 0.166329
2.300000 0.101135 1.278881 0.000000 0.156769
2.400000 0.091693 1.208439 0.000000 0.149305
2.500000 0.081405 1.141393 0.000000 0.141799
2.600000 0.072531 1.081776 0.000000 0.134600
2.700000 0.064552 1.032124 0.000000 0.127376
2.800000 0.057591 0.983720 0.000000 0.122304
2.900000 0.050825 0.937360 0.000000 0.117234
3.000000 0.046799 0.908136 0.000000 0.113479
3.100000 0.043376 0.880384 0.000000 0.109308
3.200000 0.038619 0.845116 0.000000 0.105027
3.300000 0.034670 0.813868 0.000000 0.101043
3.400000 0.031839 0.787060 0.000000 0.098382
3.500000 0.027772 0.757942 0.000000 0.094589
3.600000 0.025231 0.740615 0.000000 0.092000
3.700000 0.022485 0.719096 0.000000 0.089528
3.800000 0.020039 0.699723 0.000000 0.087041
3.900000 0.017589 0.682987 0.000000 0.084653
4.000000 0.014928 0.664470 0.000000 0.082261
4.100000 0.012986 0.651345 0.000000 0.080388
4.200000 0.011555 0.635510 0.000000 0.078201
4.300000 0.011152 0.625878 0.000000 0.077241
4.400000 0.010440 0.612466 0.000000 0.075667
4.500000 0.009104 0.602111 0.000000 0.074281
4.600000 0.007664 0.587614 0.000000 0.072701
4.700000 0.006739 0.578996 0.000000 0.072154
4.800000 0.006227 0.572022 0.000000 0.071918
4.900000 0.005818 0.564824 0.000000 0.071265
5.000000 0.005408 0.556676 0.000000 0.070403
5.100000 0.004685 0.548720 0.000000 0.069123
5.200000 0.004168 0.541580 0.000000 0.068362
5.300000 0.004172 0.538229 0.000000 0.067487
5.400000 0.003863 0.531377 0.000000 0.066722
5.500000 0.003553 0.526646 0.000000 0.066040
5.600000 0.003242 0.519925 0.000000 0.065684
5.700000 0.003141 0.514657 0.000000 0.065222
5.800000 0.002934 0.509222 0.000000 0.064766
5.900000 0.002833 0.503462 0.000000 0.064100
6.000000 0.002731 0.497795 0.000000 0.063537
6.100000 0.002523 0.491748 0.000000 0.062651
6.200000 0.002210 0.486267 0.000000 0.061665
6.300000 0.002107 0.481041 0.000000 0.061091
6.400000 0.001898 0.476381 0.000000 0.060734
6.500000 0.001583 0.470234 0.000000 0.059848
6.600000 0.001479 0.465659 0.000000 0.059172
6.700000 0.001375 0.461075 0.000000 0.058917
6.800000 0.001271 0.455104 0.000000 0.058132
6.900000 0.001166 0.449968 0.000000 0.057452
7.000000 0.001061 0.446743 0.000000 0.056758
7.100000 0.000956 0.441695 0.000000 0.056393
7.200000 0.000957 0.437168 0.000000 0.055922
7.300000 0.000745 0.433057 0.000000 0.055556
7.400000 0.000746 0.429256 0.000000 0.054869
7.500000 0.000640 0.425021 0.000000 0.054394
7.600000 0.000641 0.419772 0.000000 0.053806
7.700000 0.000534 0.415411 0.000000 0.053222
7.800000 0.000535 0.411041 0.000000 0.052744
7.900000 0.000535 0.407903 0.000000 0.052474
8.000000 0.000429 0.403195 0.000000 0.052101
8.099999 0.000429 0.399657 0.000000 0.051728
8.200000 0.000430 0.393747 0.000000 0.051461
8.300000 0.000430 0.389892 0.000000 0.050753
8.400000 0.000431 0.385534 0.000000 0.050371
8.500000 0.000323 0.380562 0.000000 0.049887
8.599999 0.000216 0.377804 0.000000 0.049396
8.700000 0.000216 0.374001 0.000000 0.048694
8.800000 0.000216 0.371839 0.000000 0.048520
8.900000 0.000216 0.368848 0.000000 0.048459
9.000000 0.000217 0.366215 0.000000 0.047970
9.099999 0.000108 0.361734 0.000000 0.047588
9.200000 0.000109 0.357135 0.000000 0.046880
9.300000 0.000109 0.352526 0.000000 0.045953
9.400000 0.000109 0.348847 0.000000 0.045455
9.500000 0.000109 0.345308 0.000000 0.044633
9.599999 0.000109 0.342415 0.000000 0.044137
9.700000 0.000109 0.339625 0.000000 0.043749
9.800000 0.000109 0.337374 0.000000 0.043469
9.900000 0.000109 0.335010 0.000000 0.043079
10.000000 0.000109 0.332713 0.000000 0.043121
10.099999 0.000110 0.330010 0.000000 0.042949
10.200000 0.000110 0.327374 0.000000 0.043102
10.300000 0.000110 0.324844 0.000000 0.042595
10.400000 0.000110 0.322637 0.000000 0.042637
10.500000 0.000110 0.319802 0.000000 0.041804
10.599999 0.000110 0.316520 0.000000 0.041189
10.700000 0.000000 0.313382 0.000000 0.040564
10.800000 0.000000 0.311079 0.000000 0.039947
10.900000 0.000000 0.308330 0.000000 0.039770
11.000000 0.000000 0.305685 0.000000 0.039482
11.099999 0.000000 0.302591 0.000000 0.039526
11.200000 0.000000 0.300565 0.000000 0.038790
11.300000 0.000000 0.296683 0.000000 0.038056
11.400000 0.000000 0.293791 0.000000 0.037765
11.500000 0.000000 0.291115 0.000000 0.037474
11.599999 0.000000 0.287988 0.000000 0.037293
11.700000 0.000000 0.285635 0.000000 0.036777
11.800000 0.000000 0.282829 0.000000 0.036595
11.900000 0.000000 0.279459 0.000000 0.036524
12.000000 0.000000 0.276194 0.000000 0.036006
12.099999 0.000000 0.273480 0.000000 0.035486
12.200000 0.000000 0.270985 0.000000 0.035302
12.300000 0.000000 0.267699 0.000000 0.035117
12.400000 0.000000 0.265416 0.000000 0.034483
12.500000 0.000000 0.262679 0.000000 0.034184
12.599999 0.000000 0.259343 0.000000 0.034106
12.700000 0.000000 0.256818 0.000000 0.034032
12.799999 0.000000 0.253836 0.000000 0.033619
12.900000 0.000000 0.251073 0.000000 0.033205
13.000000 0.000000 0.249208 0.000000 0.032678
13.099999 0.000000 0.246661 0.000000 0.032488
13.200000 0.000000 0.243767 0.000000 0.032298
13.299999 0.000000 0.242087 0.000000 0.032104
13.400000 0.000000 0.238728 0.000000 0.031914
13.500000 0.000000 0.236357 0.000000 0.032060
13.599999 0.000000 0.233895 0.000000 0.031869
13.700000 0.000000 0.232680 0.000000 0.031335
13.799999 0.000000 0.231234 0.000000 0.031257
13.900000 0.000000 0.228960 0.000000 0.031061
14.000000 0.000000 0.226592 0.000000 0.030525
14.099999 0.000000 0.223761 0.000000 0.030445
14.200000 0.000000 0.222617 0.000000 0.030362
14.299999 0.000000 0.220349 0.000000 0.030397
14.400000 0.000000 0.218879 0.000000 0.030317
14.500000 0.000000 0.216372 0.000000 0.030122
14.599999 0.000000 0.214088 0.000000 0.029926
14.700000 0.000000 0.212376 0.000000 0.029846
14.799999 0.000000 0.210751 0.000000 0.029415
14.900000 0.000000 0.208916 0.000000 0.029449
15.000000 0.000000 0.207168 0.000000 0.029133
15.099999 0.000000 0.205671 0.000000 0.028819
15.200000 0.000000 0.204287 0.000000 0.028737
15.299999 0.000000 0.201044 0.000000 0.028074
15.400000 0.000000 0.198839 0.000000 0.027875
15.500000 0.000000 0.197442 0.000000 0.027674
15.599999 0.000000 0.194878 0.000000 0.027357
15.700000 0.000000 0.193240 0.000000 0.027156
15.799999 0.000000 0.191249 0.000000 0.026604
15.900000 0.000000 0.189464 0.000000 0.026632
16.000000 0.000000 0.185826 0.000000 0.026547
16.100000 0.000000 0.183351 0.000000 0.026226
16.199999 0.000000 0.182138 0.000000 0.026020
16.299999 0.000000 0.180453 0.000000 0.025930
16.400000 0.000000 0.179725 0.000000 0.025255
16.500000 0.000000 0.177702 0.000000 0.024697
16.600000 0.000000 0.175439 0.000000 0.024255
16.699999 0.000000 0.173995 0.000000 0.023812
16.799999 0.000000 0.172784 0.000000 0.023604
16.900000 0.000000 0.172023 0.000000 0.023511
17.000000 0.000000 0.170215 0.000000 0.023421
17.100000 0.000000 0.167910 0.000000 0.023327
17.199999 0.000000 0.165975 0.000000 0.023118
17.299999 0.000000 0.164154 0.000000 0.023027
17.400000 0.000000 0.162686 0.000000 0.022935
17.500000 0.000000 0.160381 0.000000 0.022725
17.600000 0.000000 0.159261 0.000000 0.022513
17.699999 0.000000 0.157543 0.000000 0.022182
17.799999 0.000000 0.155940 0.000000 0.022090
17.900000 0.000000 0.154334 0.000000 0.021877
18.000000 0.000000 0.152364 0.000000 0.021424
18.100000 0.000000 0.150869 0.000000 0.021330
18.199999 0.000000 0.149454 0.000000 0.021471
18.299999 0.000000 0.148295 0.000000 0.021494
18.400000 0.000000 0.146429 0.000000 0.021039
18.500000 0.000000 0.145282 0.000000 0.020823
18.600000 0.000000 0.144011 0.000000 0.020848
18.699999 0.000000 0.142978 0.000000 0.020874
18.799999 0.000000 0.142288 0.000000 0.020775
18.900000 0.000000 0.141371 0.000000 0.020559
19.000000 0.000000 0.140211 0.000000 0.020463
19.100000 0.000000 0.138909 0.000000 0.020121
19.199999 0.000000 0.137015 0.000000 0.019782
19.299999 0.000000 0.135601 0.000000 0.019320
19.400000 0.000000 0.134672 0.000000 0.018978
19.500000 0.000000 0.132887 0.000000 0.018758
19.600000 0.000000 0.130610 0.000000 0.018049
19.699999 0.000000 0.129670 0.000000 0.018071
19.799999 0.000000 0.128729 0.000000 0.017848
19.900000 0.000000 0.127295 0.000000 0.017748
20.000000 0.000000 0.126225 0.000000 0.017525
20.100000 0.000000 0.124893 0.000000 0.017544
20.199999 0.000000 0.123941 0.000000 0.017443
20.299999 0.000000 0.122740 0.000000 0.017341
20.400000 0.000000 0.121906 0.000000 0.017239
20.500000 0.000000 0.120562 0.000000 0.016889
20.600000 0.000000 0.119230 0.000000 0.016786
20.699999 0.000000 0.117771 0.000000 0.016807
20.799999 0.000000 0.116555 0.000000 0.016456
20.900000 0.000000 0.115709 0.000000 0.016229
21.000000 0.000000 0.115108 0.000000 0.016249
21.100000 0.000000 0.114257 0.000000 0.016145
21.199999 0.000000 0.113156 0.000000 0.015792
21.299999 0.000000 0.111927 0.000000 0.015812
21.400000 0.000000 0.110820 0.000000 0.015582
21.500000 0.000000 0.110210 0.000000 0.015352
21.600000 0.000000 0.109973 0.000000 0.015246
21.699999 0.000000 0.109095 0.000000 0.015138
21.799999 0.000000 0.108105 0.000000 0.014907
21.900000 0.000000 0.106610 0.000000 0.014800
22.000000 0.000000 0.104986 0.000000 0.014693
22.100000 0.000000 0.103973 0.000000 0.014710
22.199999 0.000000 0.103600 0.000000 0.014476
22.299999 0.000000 0.101966 0.000000 0.014369
22.400000 0.000000 0.100833 0.000000 0.014260
22.500000 0.000000 0.099318 0.000000 0.014278
22.600000 0.000000 0.098178 0.000000 0.014044
22.699999 0.000000 0.097669 0.000000 0.013935
22.799999 0.000000 0.096271 0.000000 0.013952
22.900000 0.000000 0.094488 0.000000 0.013843
23.000000 0.000000 0.093845 0.000000 0.013733
23.100000 0.000000 0.093328 0.000000 0.013624
23.199999 0.000000 0.092427 0.000000 0.013259
23.299999 0.000000 0.091396 0.000000 0.013148
23.400000 0.000000 0.090363 0.000000 0.012781
23.500000 0.000000 0.089327 0.000000 0.012798
23.600000 0.000000 0.088160 0.000000 0.012814
23.699999 0.000000 0.087620 0.000000 0.012572
23.799999 0.000000 0.086834 0.000000 0.012588
23.900000 0.000000 0.086302 0.000000 0.012347
24.000000 0.000000 0.085501 0.000000 0.012490
24.100000 0.000000 0.084322 0.000000 0.012506
24.199999 0.000000 0.083527 0.000000 0.012264
24.299999 0.000000 0.082730 0.000000 0.012022
24.400000 0.000000 0.082061 0.000000 0.012037
24.500000 0.000000 0.081130 0.000000 0.012053
24.600000 0.000000 0.080197 0.000000 0.011679
24.699999 0.000000 0.079262 0.000000 0.011564
24.799999 0.000000 0.078834 0.000000 0.011318
24.900000 0.000000 0.077895 0.000000 0.011072
25.000000 0.000000 0.077214 0.000000 0.011086
25.100000 0.000000 0.076792 0.000000 0.010840
25.199999 0.000000 0.075968 0.000000 0.010722
25.299999 0.000000 0.075151 0.000000 0.010736
25.400000 0.000000 0.074594 0.000000 0.010750
25.500000 0.000000 0.073641 0.000000 0.010764
25.599998 0.000000 0.073212 0.000000 0.010647
25.699999 0.000000 0.072782 0.000000 0.010661
25.799999 0.000000 0.071824 0.000000 0.010543
25.900000 0.000000 0.070995 0.000000 0.010557
26.000000 0.000000 0.070560 0.000000 0.010439
26.099998 0.000000 0.069860 0.000000 0.010453
26.199999 0.000000 0.068627 0.000000 0.010466
26.299999 0.000000 0.068586 0.000000 0.010480
26.400000 0.000000 0.067747 0.000000 0.010361
26.500000 0.000000 0.066773 0.000000 0.010375
26.599998 0.000000 0.066196 0.000000 0.010389
26.699999 0.000000 0.066018 0.000000 0.010136
26.799999 0.000000 0.065572 0.000000 0.010150
26.900000 0.000000 0.065124 0.000000 0.009896
27.000000 0.000000 0.064274 0.000000 0.009909
27.099998 0.000000 0.063824 0.000000 0.009386
27.199999 0.000000 0.063507 0.000000 0.008861
27.299999 0.000000 0.062912 0.000000 0.008738
27.400000 0.000000 0.062593 0.000000 0.008615
27.500000 0.000000 0.062407 0.000000 0.008492
27.599998 0.000000 0.061412 0.000000 0.008503
27.699999 0.000000 0.060819 0.000000 0.008380
27.799999 0.000000 0.060089 0.000000 0.008120
27.900000 0.000000 0.059621 0.000000 0.008130
28.000000 0.000000 0.059159 0.000000 0.008141
28.099998 0.000000 0.058832 0.000000 0.008016
28.199999 0.000000 0.057959 0.000000 0.008027
28.299999 0.000000 0.057629 0.000000 0.007902
28.400000 0.000000 0.056617 0.000000 0.007776
28.500000 0.000000 0.056284 0.000000 0.007787
28.599998 0.000000 0.055951 0.000000 0.007524
28.699999 0.000000 0.055068 0.000000 0.007534
28.799999 0.000000 0.054595 0.000000 0.007270
28.900000 0.000000 0.054396 0.000000 0.007143
29.000000 0.000000 0.053232 0.000000 0.006740
29.099998 0.000000 0.053306 0.000000 0.006749
29.199999 0.000000 0.053103 0.000000 0.006759
29.299999 0.000000 0.052901 0.000000 0.006768
29.400000 0.000000 0.052282 0.000000 0.006777
29.500000 0.000000 0.051378 0.000000 0.006924
29.599998 0.000000 0.050894 0.000000 0.006934
29.699999 0.000000 0.050549 0.000000 0.006943
29.799999 0.000000 0.050341 0.000000 0.006675
29.900000 0.000000 0.050132 0.000000 0.006406
30.000000 0.000000 0.049923 0.000000 0.006415
30.099998 0.000000 0.049993 0.000000 0.006284
30.199999 0.000000 0.049776 0.000000 0.006292
30.299999 0.000000 0.048586 0.000000 0.006301
30.400000 0.000000 0.048233 0.000000 0.006169
30.500000 0.000000 0.047880 0.000000 0.006038
30.599998 0.000000 0.047103 0.000000 0.006046
30.699999 0.000000 0.046888 0.000000 0.005773
30.799999 0.000000 0.046390 0.000000 0.005640
30.900000 0.000000 0.046315 0.000000 0.005648
31.000000 0.000000 0.046239 0.000000 0.005656
31.099998 0.000000 0.045596 0.000000 0.005664
31.199999 0.000000 0.044526 0.000000 0.005672
31.299999 0.000000 0.044441 0.000000 0.005821
31.400000 0.000000 0.044078 0.000000 0.005830
31.500000 0.000000 0.043571 0.000000 0.005553
31.599998 0.000000 0.043063 0.000000 0.005561
31.699999 0.000000 0.042982 0.000000 0.005569
31.799999 0.000000 0.042757 0.000000 0.005577
31.900000 0.000000 0.042245 0.000000 0.005442
32.000000 0.000000 0.041876 0.000000 0.005450
32.099998 0.000000 0.041361 0.000000 0.005314
32.200001 0.000000 0.040989 0.000000 0.005178
32.299999 0.000000 0.040616 0.000000 0.005185
32.399998 0.000000 0.040242 0.000000 0.005048
32.500000 0.000000 0.039867 0.000000 0.004911
32.599998 0.000000 0.039202 0.000000 0.004918
32.700001 0.000000 0.038824 0.000000 0.004925
32.799999 0.000000 0.038445 0.000000 0.004787
32.899998 0.000000 0.038210 0.000000 0.004794
33.000000 0.000000 0.038120 0.000000 0.004801
33.099998 0.000000 0.037884 0.000000 0.004808
33.200001 0.000000 0.037356 0.000000 0.004669
33.299999 0.000000 0.036826 0.000000 0.004676
33.399998 0.000000 0.035855 0.000000 0.004683
33.500000 0.000000 0.035761 0.000000 0.004690
33.599998 0.000000 0.035227 0.000000 0.004550
33.700001 0.000000 0.034985 0.000000 0.004557
33.799999 0.000000 0.034300 0.000000 0.004564
33.899998 0.000000 0.034203 0.000000 0.004570
34.000000 0.000000 0.033515 0.000000 0.004577
34.099998 0.000000 0.033121 0.000000 0.004584
34.200001 0.000000 0.032430 0.000000 0.004591
34.299999 0.000000 0.032033 0.000000 0.004597
34.399998 0.000000 0.031635 0.000000 0.004456
34.500000 0.000000 0.031087 0.000000 0.004314
34.599998 0.000000 0.030831 0.000000 0.004468
34.700001 0.000000 0.030728 0.000000 0.004326
34.799999 0.000000 0.030624 0.000000 0.004183
34.899998 0.000000 0.030072 0.000000 0.004189
35.000000 0.000000 0.029667 0.000000 0.004195
35.099998 0.000000 0.029562 0.000000 0.004202
35.200001 0.000000 0.029155 0.000000 0.004208
35.299999 0.000000 0.029049 0.000000 0.004214
35.399998 0.000000 0.028791 0.000000 0.004221
35.500000 0.000000 0.028533 0.000000 0.004227
35.599998 0.000000 0.028273 0.000000 0.004082
35.700001 0.000000 0.028165 0.000000 0.004088
35.799999 0.000000 0.027601 0.000000 0.004095
35.899998 0.000000 0.027339 0.000000 0.003949
36.000000 0.000000 0.027228 0.000000 0.003955
36.099998 0.000000 0.027118 0.000000 0.003961
36.200001 0.000000 0.026549 0.000000 0.003967
36.299999 0.000000 0.026436 0.000000 0.003973
36.399998 0.000000 0.026171 0.000000 0.003979
36.500000 0.000000 0.026058 0.000000 0.003679
36.599998 0.000000 0.025791 0.000000 0.003531
36.700001 0.000000 0.025830 0.000000 0.003536
36.799999 0.000000 0.025870 0.000000 0.003542
36.899998 0.000000 0.025447 0.000000 0.003547
37.000000 0.000000 0.025023 0.000000 0.003398
37.099998 0.000000 0.024907 0.000000 0.003249
37.200001 0.000000 0.024636 0.000000 0.003254
37.299999 0.000000 0.024515 0.000000 0.003413
37.399998 0.000000 0.024087 0.000000 0.003263
37.500000 0.000000 0.023502 0.000000 0.003268
37.599998 0.000000 0.023227 0.000000 0.003274
37.700001 0.000000 0.023107 0.000000 0.003279
37.799999 0.000000 0.023143 0.000000 0.003284
37.899998 0.000000 0.022709 0.000000 0.003289
38.000000 0.000000 0.022745 0.000000 0.003294
38.099998 0.000000 0.022467 0.000000 0.003299
38.200001 0.000000 0.022345 0.000000 0.003304
38.299999 0.000000 0.022380 0.000000 0.003152
38.399998 0.000000 0.021942 0.000000 0.002999
38.500000 0.000000 0.021660 0.000000 0.003004
38.599998 0.000000 0.021694 0.000000 0.003009
38.700001 0.000000 0.021412 0.000000 0.002855
38.799999 0.000000 0.021446 0.000000 0.002859
38.899998 0.000000 0.021321 0.000000 0.002864
39.000000 0.000000 0.021195 0.000000 0.002709
39.099998 0.000000 0.021069 0.000000 0.002713
39.200001 0.000000 0.020943 0.000000 0.002718
39.299999 0.000000 0.020817 0.000000 0.002722
39.399998 0.000000 0.020369 0.000000 0.002727
39.500000 0.000000 0.020241 0.000000 0.002731
39.599998 0.000000 0.020113 0.000000 0.002735
39.700001 0.000000 0.020145 0.000000 0.002740
39.799999 0.000000 0.020016 0.000000 0.002744
39.899998 0.000000 0.019887 0.000000 0.002749
40.000000 0.000000 0.019757 0.000000 0.002591
40.099998 0.000000 0.019789 0.000000 0.002595
40.200001 0.000000 0.019496 0.000000 0.002600
40.299999 0.000000 0.019365 0.000000 0.002441
40.399998 0.000000 0.019234 0.000000 0.002445
40.500000 0.000000 0.019102 0.000000 0.002449
40.599998 0.000000 0.018806 0.000000 0.002453
40.700001 0.000000 0.018673 0.000000 0.002457
40.799999 0.000000 0.018704 0.000000 0.002461
40.899998 0.000000 0.018735 0.000000 0.002465
41.000000 0.000000 0.018272 0.000000 0.002469
41.099998 0.000000 0.018137 0.000000 0.002473
41.200001 0.000000 0.018167 0.000000 0.002477
41.299999 0.000000 0.017701 0.000000 0.002481
41.399998 0.000000 0.017564 0.000000 0.002486
41.500000 0.000000 0.017427 0.000000 0.002490
41.599998 0.000000 0.017456 0.000000 0.002494
41.700001 0.000000 0.017319 0.000000 0.002498
41.799999 0.000000 0.016847 0.000000 0.002335
41.899998 0.000000 0.016374 0.000000 0.002339
42.000000 0.000000 0.015900 0.000000 0.002343
42.099998 0.000000 0.015926 0.000000 0.002347
42.200001 0.000000 0.015953 0.000000 0.002351
42.299999 0.000000 0.015812 0.000000 0.002187
42.399998 0.000000 0.015670 0.000000 0.002190
42.500000 0.000000 0.015696 0.000000 0.002194
42.599998 0.000000 0.015723 0.000000 0.002198
42.700001 0.000000 0.015749 0.000000 0.002202
42.799999 0.000000 0.015606 0.000000 0.002205
42.899998 0.000000 0.015633 0.000000 0.002209
43.000000 0.000000 0.015660 0.000000 0.002213
43.099998 0.000000 0.015345 0.000000 0.002217
43.200001 0.000000 0.015201 0.000000 0.002050
43.299999 0.000000 0.015227 0.000000 0.002053
43.399998 0.000000 0.015253 0.000000 0.001885
43.500000 0.000000 0.014764 0.000000 0.001888
43.599998 0.000000 0.014789 0.000000 0.001892
43.700001 0.000000 0.014815 0.000000 0.001895
43.799999 0.000000 0.014668 0.000000 0.001898
43.899998 0.000000 0.014520 0.000000 0.001901
44.000000 0.000000 0.014372 0.000000 0.001905
44.099998 0.000000 0.014397 0.000000 0.001735
44.200001 0.000000 0.014248 0.000000 0.001738
44.299999 0.000000 0.014273 0.000000 0.001741
44.399998 0.000000 0.014298 0.000000 0.001744
44.500000 0.000000 0.014148 0.000000 0.001747
44.599998 0.000000 0.013998 0.000000 0.001750
44.700001 0.000000 0.014023 0.000000 0.001753
44.799999 0.000000 0.013696 0.000000 0.001756
44.899998 0.000000 0.013544 0.000000 0.001759
45.000000 0.000000 0.013568 0.000000 0.001762
45.099998 0.000000 0.013416 0.000000 0.001589
45.200001 0.000000 0.013439 0.000000 0.001592
45.299999 0.000000 0.013286 0.000000 0.001417
45.399998 0.000000 0.012955 0.000000 0.001242
45.500000 0.000000 0.012978 0.000000 0.001244
45.599998 0.000000 0.012823 0.000000 0.001247
45.700001 0.000000 0.012846 0.000000 0.001249
45.799999 0.000000 0.012869 0.000000 0.001251
45.899998 0.000000 0.012713 0.000000 0.001253
46.000000 0.000000 0.012735 0.000000 0.001256
46.099998 0.000000 0.012579 0.000000 0.001078
46.200001 0.000000 0.012601 0.000000 0.001080
46.299999 0.000000 0.012263 0.000000 0.001082
46.399998 0.000000 0.012285 0.000000 0.000723
46.500000 0.000000 0.012308 0.000000 0.000724
46.599998 0.000000 0.012149 0.000000 0.000725
46.700001 0.000000 0.012171 0.000000 0.000727
46.799999 0.000000 0.012193 0.000000 0.000546
46.899998 0.000000 0.011851 0.000000 0.000547
47.000000 0.000000 0.011689 0.000000 0.000548
47.099998 0.000000 0.011711 0.000000 0.000549
47.200001 0.000000 0.011732 0.000000 0.000367
47.299999 0.000000 0.011570 0.000000 0.000367
47.399998 0.000000 0.011592 0.000000 0.000368
47.500000 0.000000 0.011613 0.000000 0.000369
47.599998 0.000000 0.011265 0.000000 0.000369
47.700001 0.000000 0.011286 0.000000 0.000370
47.799999 0.000000 0.011307 0.000000 0.000371
47.899998 0.000000 0.011328 0.000000 0.000371
48.000000 0.000000 0.011349 0.000000 0.000372
48.099998 0.000000 0.011184 0.000000 0.000373
48.200001 0.000000 0.011018 0.000000 0.000373
48.299999 0.000000 0.010851 0.000000 0.000374
48.399998 0.000000 0.010872 0.000000 0.000375
48.500000 0.000000 0.010892 0.000000 0.000376
48.599998 0.000000 0.010913 0.000000 0.000376
48.700001 0.000000 0.010556 0.000000 0.000377
48.799999 0.000000 0.010387 0.000000 0.000378
48.899998 0.000000 0.010407 0.000000 0.000378
49.000000 0.000000 0.010427 0.000000 0.000379
49.099998 0.000000 0.010446 0.000000 0.000380
49.200001 0.000000 0.010466 0.000000 0.000381
49.299999 0.000000 0.010486 0.000000 0.000381
49.399998 0.000000 0.010506 0.000000 0.000382
49.500000 0.000000 0.010335 0.000000 0.000383
49.599998 0.000000 0.010163 0.000000 0.000384
49.700001 0.000000 0.010183 0.000000 0.000384
49.799999 0.000000 0.009625 0.000000 0.000385
49.899998 0.000000 0.009257 0.000000 0.000386
50.000000 0.000000 0.008696 0.000000 0.000386
50.099998 0.000000 0.008712 0.000000 0.000387
50.200001 0.000000 0.008729 0.000000 0.000388
50.299999 0.000000 0.008552 0.000000 0.000389
50.399998 0.000000 0.008569 0.000000 0.000389
50.500000 0.000000 0.008585 0.000000 0.000390
50.599998 0.000000 0.008407 0.000000 0.000391
50.700001 0.000000 0.008423 0.000000 0.000392
50.799999 0.000000 0.008440 0.000000 0.000393
50.899998 0.000000 0.008456 0.000000 0.000393
51.000000 0.000000 0.008079 0.000000 0.000394
51.099998 0.000000 0.008095 0.000000 0.000395
51.199997 0.000000 0.008111 0.000000 0.000396
51.299999 0.000000 0.008127 0.000000 0.000396
51.399998 0.000000 0.008143 0.000000 0.000397
51.500000 0.000000 0.007960 0.000000 0.000398
51.599998 0.000000 0.007976 0.000000 0.000399
51.699997 0.000000 0.007992 0.000000 0.000400
51.799999 0.000000 0.008008 0.000000 0.000400
51.899998 0.000000 0.008024 0.000000 0.000401
52.000000 0.000000 0.008040 0.000000 0.000402
52.099998 0.000000 0.008056 0.000000 0.000403
52.199997 0.000000 0.008073 0.000000 0.000404
52.299999 0.000000 0.008089 0.000000 0.000404
52.399998 0.000000 0.008105 0.000000 0.000405
52.500000 0.000000 0.008122 0.000000 0.000406
52.599998 0.000000 0.008138 0.000000 0.000407
52.699997 0.000000 0.008155 0.000000 0.000408
52.799999 0.000000 0.008172 0.000000 0.000409
52.899998 0.000000 0.007984 0.000000 0.000409
53.000000 0.000000 0.008000 0.000000 0.000410
53.099998 0.000000 0.008016 0.000000 0.000411
53.199997 0.000000 0.008033 0.000000 0.000412
53.299999 0.000000 0.008050 0.000000 0.000413
53.399998 0.000000 0.008066 0.000000 0.000414
53.500000 0.000000 0.008083 0.000000 0.000415
53.599998 0.000000 0.007684 0.000000 0.000415
53.699997 0.000000 0.007700 0.000000 0.000416
53.799999 0.000000 0.007716 0.000000 0.000417
53.899998 0.000000 0.007524 0.000000 0.000418
54.000000 0.000000 0.007539 0.000000 0.000419
54.099998 0.000000 0.007555 0.000000 0.000420
54.199997 0.000000 0.007571 0.000000 0.000421
54.299999 0.000000 0.007587 0.000000 0.000421
54.399998 0.000000 0.007603 0.000000 0.000422
54.500000 0.000000 0.007407 0.000000 0.000423
54.599998 0.000000 0.007422 0.000000 0.000636
54.699997 0.000000 0.007012 0.000000 0.000637
54.799999 0.000000 0.006814 0.000000 0.000639
54.899998 0.000000 0.006615 0.000000 0.000640
55.000000 0.000000 0.006630 0.000000 0.000428
55.099998 0.000000 0.006644 0.000000 0.000429
55.199997 0.000000 0.006443 0.000000 0.000430
55.299999 0.000000 0.006027 0.000000 0.000430
55.399998 0.000000 0.006040 0.000000 0.000431
55.500000 0.000000 0.006053 0.000000 0.000432
55.599998 0.000000 0.006066 0.000000 0.000433
55.699997 0.000000 0.006079 0.000000 0.000434
55.799999 0.000000 0.006092 0.000000 0.000435
55.899998 0.000000 0.005887 0.000000 0.000436
56.000000 0.000000 0.005900 0.000000 0.000219
56.099998 0.000000 0.005913 0.000000 0.000219
56.199997 0.000000 0.005707 0.000000 0.000219
56.299999 0.000000 0.005719 0.000000 0.000220
56.399998 0.000000 0.005732 0.000000 0.000220
56.500000 0.000000 0.005745 0.000000 0.000221
56.599998 0.000000 0.005757 0.000000 0.000221
56.699997 0.000000 0.005548 0.000000 0.000222
56.799999 0.000000 0.004893 0.000000 0.000222
56.899998 0.000000 0.004904 0.000000 0.000223
57.000000 0.000000 0.004915 0.000000 0.000223
57.099998 0.000000 0.004926 0.000000 0.000224
57.199997 0.000000 0.004713 0.000000 0.000224
57.299999 0.000000 0.004723 0.000000 0.000225
57.399998 0.000000 0.004734 0.000000 0.000225
57.500000 0.000000 0.004519 0.000000 0.000226
57.599998 0.000000 0.004303 0.000000 0.000226
57.699997 0.000000 0.004312 0.000000 0.000227
57.799999 0.000000 0.004322 0.000000 0.000227
57.899998 0.000000 0.004104 0.000000 0.000228
58.000000 0.000000 0.004113 0.000000 0.000229
58.099998 0.000000 0.004123 0.000000 0.000229
58.199997 0.000000 0.004132 0.000000 0.000230
58.299999 0.000000 0.004142 0.000000 0.000230
58.399998 0.000000 0.004151 0.000000 0.000231
58.500000 0.000000 0.004161 0.000000 0.000231
58.599998 0.000000 0.004171 0.000000 0.000232
58.699997 0.000000 0.004180 0.000000 0.000232
58.799999 0.000000 0.004190 0.000000 0.000233
58.899998 0.000000 0.004200 0.000000 0.000233
59.000000 0.000000 0.004210 0.000000 0.000234
59.099998 0.000000 0.004219 0.000000 0.000234
59.199997 0.000000 0.004229 0.000000 0.000235
59.299999 0.000000 0.004239 0.000000 0.000236
59.399998 0.000000 0.004249 0.000000 0.000236
59.500000 0.000000 0.004259 0.000000 0.000237
59.599998 0.000000 0.004032 0.000000 0.000237
59.699997 0.000000 0.004042 0.000000 0.000238
59.799999 0.000000 0.004051 0.000000 0.000238
59.899998 0.000000 0.003822 0.000000 0.000239
60.000000 0.000000 0.003831 0.000000 0.000239
60.099998 0.000000 0.003841 0.000000 0.000000
60.199997 0.000000 0.003850 0.000000 0.000000
60.299999 0.000000 0.003859 0.000000 0.000000
60.399998 0.000000 0.003627 0.000000 0.000000
60.500000 0.000000 0.003635 0.000000 0.000000
60.599998 0.000000 0.003401 0.000000 0.000000
60.699997 0.000000 0.003410 0.000000 0.000000
60.799999 0.000000 0.003418 0.000000 0.000000
60.899998 0.000000 0.003426 0.000000 0.000000
61.000000 0.000000 0.003189 0.000000 0.000000
61.099998 0.000000 0.003197 0.000000 0.000000
61.199997 0.000000 0.002959 0.000000 0.000000
61.299999 0.000000 0.002719 0.000000 0.000000
61.399998 0.000000 0.002725 0.000000 0.000000
61.500000 0.000000 0.002484 0.000000 0.000000
61.599998 0.000000 0.002490 0.000000 0.000000
61.699997 0.000000 0.002496 0.000000 0.000000
61.799999 0.000000 0.002503 0.000000 0.000000
61.899998 0.000000 0.002509 0.000000 0.000000
62.000000 0.000000 0.002515 0.000000 0.000000
62.099998 0.000000 0.002269 0.000000 0.000000
