0.000000 0.988600 7.916600 0.000000 0.989200
0.100000 0.906125 7.251501 0.000000 0.905024
0.200000 0.829144 6.643365 0.000000 0.829444
0.300000 0.751879 6.040886 0.000000 0.752480
0.400000 0.683039 5.506315 0.000000 0.685144
0.500000 0.615562 4.995288 0.000000 0.621879
0.600000 0.555076 4.539226 0.000000 0.564707
0.700000 0.501455 4.135447 0.000000 0.514197
0.800000 0.454427 3.780667 0.000000 0.469785
0.900000 0.413159 3.472928 0.000000 0.430939
1.000000 0.374573 3.191960 0.000000 0.397889
1.100000 0.338797 2.932824 0.000000 0.364743
1.200000 0.302646 2.674313 0.000000 0.331422
1.300000 0.273231 2.474479 0.000000 0.306554
1.400000 0.244888 2.276317 0.000000 0.281858
1.500000 0.221416 2.107985 0.000000 0.259629
1.600000 0.199516 1.959330 0.000000 0.240589
1.700000 0.182222 1.841212 0.000000 0.226162
1.800000 0.163785 1.714993 0.000000 0.209989
1.900000 0.148118 1.606435 0.000000 0.196985
2.000000 0.134177 1.504608 0.000000 0.184304
2.100000 0.121009 1.408230 0.000000 0.173001
2.200000 0.108136 1.320146 0.000000 0.162102
2.300000 0.095441 1.231191 0.000000 0.150878
2.400000 0.086068 1.162077 0.000000 0.142973
2.500000 0.076383 1.096623 0.000000 0.135273
2.600000 0.066877 1.033795 0.000000 0.127138
2.700000 0.059794 0.983294 0.000000 0.121218
2.800000 0.054349 0.943714 0.000000 0.115734
2.900000 0.048888 0.903144 0.000000 0.111247
3.000000 0.043723 0.869241 0.000000 0.107263
3.100000 0.038344 0.832209 0.000000 0.103272
3.200000 0.035210 0.809928 0.000000 0.100102
3.300000 0.032268 0.786519 0.000000 0.097931
3.400000 0.028911 0.763277 0.000000 0.094833
3.500000 0.026062 0.742561 0.000000 0.091217
3.600000 0.023621 0.723734 0.000000 0.089144
3.700000 0.021692 0.705767 0.000000 0.086872
3.800000 0.019858 0.689680 0.000000 0.085091
3.900000 0.018538 0.677652 0.000000 0.083419
4.000000 0.016701 0.661649 0.000000 0.081753
4.100000 0.015170 0.648916 0.000000 0.080083
4.200000 0.013326 0.633161 0.000000 0.078409
4.300000 0.012203 0.619338 0.000000 0.076525
4.400000 0.010972 0.605217 0.000000 0.074940
4.500000 0.010258 0.596311 0.000000 0.073878
4.600000 0.009335 0.583964 0.000000 0.072607
4.700000 0.008307 0.573149 0.000000 0.071747
4.800000 0.007172 0.559817 0.000000 0.070471
4.900000 0.006347 0.549371 0.000000 0.069088
5.000000 0.005729 0.541819 0.000000 0.068222
5.100000 0.005213 0.535550 0.000000 0.067452
5.200000 0.004905 0.528804 0.000000 0.066479
5.300000 0.004178 0.520213 0.000000 0.065706
5.400000 0.003765 0.512914 0.000000 0.064833
5.500000 0.003559 0.507170 0.000000 0.064168
5.600000 0.003248 0.500891 0.000000 0.063292
5.700000 0.003042 0.494598 0.000000 0.062625
5.800000 0.002730 0.487661 0.000000 0.061955
5.900000 0.002418 0.482393 0.000000 0.061179
6.000000 0.002420 0.477323 0.000000 0.060823
6.100000 0.002212 0.472193 0.000000 0.060565
6.200000 0.002109 0.467580 0.000000 0.060200
6.300000 0.001794 0.461636 0.000000 0.059314
6.400000 0.001690 0.458003 0.000000 0.058214
6.500000 0.001586 0.453949 0.000000 0.057841
6.600000 0.000952 0.446926 0.000000 0.056937
6.700000 0.000848 0.441996 0.000000 0.055938
6.800000 0.000636 0.436055 0.000000 0.055779
6.900000 0.000425 0.430421 0.000000 0.055196
7.000000 0.000425 0.424716 0.000000 0.054511
7.100000 0.000425 0.420062 0.000000 0.054037
7.200000 0.000319 0.415141 0.000000 0.053450
7.300000 0.000320 0.410893 0.000000 0.052867
7.400000 0.000213 0.406637 0.000000 0.052283
7.500000 0.000214 0.402371 0.000000 0.051592
7.600000 0.000214 0.398310 0.000000 0.050898
7.700000 0.000214 0.395804 0.000000 0.050947
7.800000 0.000214 0.390978 0.000000 0.050573
7.900000 0.000214 0.388740 0.000000 0.050509
8.000000 0.000215 0.384326 0.000000 0.049812
8.099999 0.000215 0.382293 0.000000 0.049748
8.200000 0.000215 0.377326 0.000000 0.049263
8.300000 0.000215 0.372847 0.000000 0.048880
8.400000 0.000216 0.369652 0.000000 0.048497
8.500000 0.000216 0.365588 0.000000 0.048004
8.599999 0.000216 0.361987 0.000000 0.047084
8.700000 0.000216 0.357475 0.000000 0.046481
8.800000 0.000108 0.353024 0.000000 0.046305
8.900000 0.000108 0.350049 0.000000 0.046139
9.000000 0.000000 0.347246 0.000000 0.045967
9.099999 0.000000 0.344150 0.000000 0.045040
9.200000 0.000000 0.341445 0.000000 0.044541
9.300000 0.000000 0.336705 0.000000 0.044154
9.400000 0.000000 0.333696 0.000000 0.044094
9.500000 0.000000 0.330245 0.000000 0.043597
9.599999 0.000000 0.326678 0.000000 0.043099
9.700000 0.000000 0.322119 0.000000 0.042927
9.800000 0.000000 0.319081 0.000000 0.042756
9.900000 0.000000 0.316585 0.000000 0.042146
10.000000 0.000000 0.314301 0.000000 0.041863
10.099999 0.000000 0.311794 0.000000 0.040922
10.200000 0.000000 0.310674 0.000000 0.040962
10.300000 0.000000 0.308157 0.000000 0.040897
10.400000 0.000000 0.306185 0.000000 0.040392
10.500000 0.000000 0.302556 0.000000 0.039775
10.599999 0.000000 0.300243 0.000000 0.039488
10.700000 0.000000 0.298377 0.000000 0.039188
10.800000 0.000000 0.296464 0.000000 0.038785
10.900000 0.000000 0.294658 0.000000 0.038713
11.000000 0.000000 0.292437 0.000000 0.038202
11.099999 0.000000 0.289547 0.000000 0.037468
11.200000 0.000000 0.286095 0.000000 0.036955
11.300000 0.000000 0.282969 0.000000 0.036218
11.400000 0.000000 0.279026 0.000000 0.035810
11.500000 0.000000 0.277332 0.000000 0.035627
11.599999 0.000000 0.274409 0.000000 0.035667
11.700000 0.000000 0.270810 0.000000 0.035483
11.800000 0.000000 0.268320 0.000000 0.034964
11.900000 0.000000 0.266048 0.000000 0.034780
12.000000 0.000000 0.263883 0.000000 0.034483
12.099999 0.000000 0.261907 0.000000 0.034405
12.200000 0.000000 0.259172 0.000000 0.033659
12.300000 0.000000 0.256655 0.000000 0.033023
12.400000 0.000000 0.254357 0.000000 0.032722
12.500000 0.000000 0.251266 0.000000 0.032309
12.599999 0.000000 0.248845 0.000000 0.032120
12.700000 0.000000 0.246869 0.000000 0.031479
12.799999 0.000000 0.244720 0.000000 0.031282
12.900000 0.000000 0.242171 0.000000 0.031204
13.000000 0.000000 0.239728 0.000000 0.031013
13.099999 0.000000 0.237734 0.000000 0.030822
13.200000 0.000000 0.235281 0.000000 0.030630
13.299999 0.000000 0.232822 0.000000 0.030210
13.400000 0.000000 0.230813 0.000000 0.029676
13.500000 0.000000 0.227775 0.000000 0.029596
13.599999 0.000000 0.224957 0.000000 0.029174
13.700000 0.000000 0.222248 0.000000 0.028979
13.799999 0.000000 0.219989 0.000000 0.028555
13.900000 0.000000 0.217724 0.000000 0.028359
14.000000 0.000000 0.214997 0.000000 0.028277
14.099999 0.000000 0.213295 0.000000 0.027966
14.200000 0.000000 0.211130 0.000000 0.027768
14.299999 0.000000 0.209650 0.000000 0.027226
14.400000 0.000000 0.206786 0.000000 0.027142
14.500000 0.000000 0.205066 0.000000 0.026943
14.599999 0.000000 0.202997 0.000000 0.026744
14.700000 0.000000 0.201731 0.000000 0.026197
14.799999 0.000000 0.198498 0.000000 0.025997
14.900000 0.000000 0.196877 0.000000 0.025448
15.000000 0.000000 0.195252 0.000000 0.025478
15.099999 0.000000 0.193021 0.000000 0.025388
15.200000 0.000000 0.191620 0.000000 0.024838
15.299999 0.000000 0.188938 0.000000 0.024402
15.400000 0.000000 0.186249 0.000000 0.024314
15.500000 0.000000 0.184719 0.000000 0.024109
15.599999 0.000000 0.183631 0.000000 0.024018
15.700000 0.000000 0.181723 0.000000 0.023926
15.799999 0.000000 0.180065 0.000000 0.023370
15.900000 0.000000 0.179223 0.000000 0.023046
16.000000 0.000000 0.177208 0.000000 0.023073
16.100000 0.000000 0.175188 0.000000 0.022749
16.199999 0.000000 0.173398 0.000000 0.022658
16.299999 0.000000 0.171603 0.000000 0.022214
16.400000 0.000000 0.170844 0.000000 0.022238
16.500000 0.000000 0.169494 0.000000 0.022261
16.600000 0.000000 0.167571 0.000000 0.022052
16.699999 0.000000 0.166116 0.000000 0.021960
16.799999 0.000000 0.164657 0.000000 0.021749
16.900000 0.000000 0.163649 0.000000 0.021773
17.000000 0.000000 0.162422 0.000000 0.021680
17.100000 0.000000 0.160598 0.000000 0.021587
17.199999 0.000000 0.158295 0.000000 0.021375
17.299999 0.000000 0.157651 0.000000 0.021401
17.400000 0.000000 0.156648 0.000000 0.021307
17.500000 0.000000 0.154928 0.000000 0.020975
17.600000 0.000000 0.153323 0.000000 0.020761
17.699999 0.000000 0.152550 0.000000 0.020786
17.799999 0.000000 0.151638 0.000000 0.020689
17.900000 0.000000 0.150126 0.000000 0.020711
18.000000 0.000000 0.148747 0.000000 0.020736
18.100000 0.000000 0.147606 0.000000 0.020521
18.199999 0.000000 0.146582 0.000000 0.020425
18.299999 0.000000 0.144833 0.000000 0.020209
18.400000 0.000000 0.143201 0.000000 0.019872
18.500000 0.000000 0.142168 0.000000 0.019776
18.600000 0.000000 0.141236 0.000000 0.019918
18.699999 0.000000 0.138869 0.000000 0.019821
18.799999 0.000000 0.138190 0.000000 0.019603
18.900000 0.000000 0.136160 0.000000 0.019382
19.000000 0.000000 0.135112 0.000000 0.019042
19.100000 0.000000 0.134879 0.000000 0.018939
19.199999 0.000000 0.133706 0.000000 0.018840
19.299999 0.000000 0.132774 0.000000 0.018863
19.400000 0.000000 0.131839 0.000000 0.018764
19.500000 0.000000 0.129926 0.000000 0.018665
19.600000 0.000000 0.129458 0.000000 0.018564
19.699999 0.000000 0.128516 0.000000 0.018464
19.799999 0.000000 0.127816 0.000000 0.018364
19.900000 0.000000 0.126869 0.000000 0.018019
20.000000 0.000000 0.125184 0.000000 0.017796
20.100000 0.000000 0.124232 0.000000 0.017695
20.199999 0.000000 0.123031 0.000000 0.017594
20.299999 0.000000 0.122444 0.000000 0.017369
20.400000 0.000000 0.120715 0.000000 0.017263
20.500000 0.000000 0.118998 0.000000 0.016911
20.600000 0.000000 0.118280 0.000000 0.016685
20.699999 0.000000 0.117312 0.000000 0.016335
20.799999 0.000000 0.116714 0.000000 0.016231
20.900000 0.000000 0.115618 0.000000 0.016127
21.000000 0.000000 0.114893 0.000000 0.015774
21.100000 0.000000 0.113792 0.000000 0.015670
21.199999 0.000000 0.112190 0.000000 0.015565
21.299999 0.000000 0.110959 0.000000 0.015459
21.400000 0.000000 0.109974 0.000000 0.015354
21.500000 0.000000 0.109111 0.000000 0.015248
21.600000 0.000000 0.107746 0.000000 0.015142
21.699999 0.000000 0.106615 0.000000 0.015159
21.799999 0.000000 0.105620 0.000000 0.014927
21.900000 0.000000 0.104371 0.000000 0.014946
22.000000 0.000000 0.103496 0.000000 0.014713
22.100000 0.000000 0.102367 0.000000 0.014480
22.199999 0.000000 0.101740 0.000000 0.014372
22.299999 0.000000 0.100732 0.000000 0.014264
22.400000 0.000000 0.099848 0.000000 0.014156
22.500000 0.000000 0.098203 0.000000 0.014047
22.600000 0.000000 0.097314 0.000000 0.014065
22.699999 0.000000 0.095534 0.000000 0.013829
22.799999 0.000000 0.094385 0.000000 0.013847
22.900000 0.000000 0.093488 0.000000 0.013737
23.000000 0.000000 0.092715 0.000000 0.013754
23.100000 0.000000 0.091431 0.000000 0.013772
23.199999 0.000000 0.090781 0.000000 0.013790
23.299999 0.000000 0.090258 0.000000 0.013679
23.400000 0.000000 0.089094 0.000000 0.013569
23.500000 0.000000 0.088054 0.000000 0.013458
23.600000 0.000000 0.087141 0.000000 0.013090
23.699999 0.000000 0.086096 0.000000 0.013107
23.799999 0.000000 0.084792 0.000000 0.012867
23.900000 0.000000 0.083999 0.000000 0.012883
24.000000 0.000000 0.082301 0.000000 0.012642
24.100000 0.000000 0.081999 0.000000 0.012913
24.199999 0.000000 0.081588 0.000000 0.012801
24.299999 0.000000 0.080777 0.000000 0.012816
24.400000 0.000000 0.079974 0.000000 0.012703
24.500000 0.000000 0.079169 0.000000 0.012719
24.600000 0.000000 0.078493 0.000000 0.012476
24.699999 0.000000 0.078194 0.000000 0.012620
24.799999 0.000000 0.076993 0.000000 0.012507
24.900000 0.000000 0.076702 0.000000 0.012262
25.000000 0.000000 0.075758 0.000000 0.012147
25.100000 0.000000 0.074680 0.000000 0.012032
25.199999 0.000000 0.073337 0.000000 0.012048
25.299999 0.000000 0.072515 0.000000 0.011933
25.400000 0.000000 0.071166 0.000000 0.011949
25.500000 0.000000 0.070602 0.000000 0.011833
25.599998 0.000000 0.070423 0.000000 0.011978
25.699999 0.000000 0.069856 0.000000 0.011862
25.799999 0.000000 0.068893 0.000000 0.011746
25.900000 0.000000 0.068455 0.000000 0.011762
26.000000 0.000000 0.067619 0.000000 0.011777
26.099998 0.000000 0.066782 0.000000 0.011528
26.199999 0.000000 0.065941 0.000000 0.011410
26.299999 0.000000 0.064966 0.000000 0.011293
26.400000 0.000000 0.064520 0.000000 0.011308
26.500000 0.000000 0.064207 0.000000 0.011323
26.599998 0.000000 0.063625 0.000000 0.011204
26.699999 0.000000 0.063043 0.000000 0.011219
26.799999 0.000000 0.062324 0.000000 0.011234
26.900000 0.000000 0.061998 0.000000 0.011382
27.000000 0.000000 0.061947 0.000000 0.011263
27.099998 0.000000 0.061090 0.000000 0.011144
27.199999 0.000000 0.060366 0.000000 0.011159
27.299999 0.000000 0.059774 0.000000 0.010905
27.400000 0.000000 0.059585 0.000000 0.010650
27.500000 0.000000 0.058720 0.000000 0.010664
27.599998 0.000000 0.057178 0.000000 0.010408
27.699999 0.000000 0.056849 0.000000 0.010422
27.799999 0.000000 0.056241 0.000000 0.010571
27.900000 0.000000 0.055774 0.000000 0.010585
28.000000 0.000000 0.055035 0.000000 0.010599
28.099998 0.000000 0.054565 0.000000 0.010614
28.199999 0.000000 0.053277 0.000000 0.010628
28.299999 0.000000 0.052804 0.000000 0.010643
28.400000 0.000000 0.052193 0.000000 0.010657
28.500000 0.000000 0.051717 0.000000 0.010672
28.599998 0.000000 0.050966 0.000000 0.010549
28.699999 0.000000 0.050899 0.000000 0.010564
28.799999 0.000000 0.050556 0.000000 0.010578
28.900000 0.000000 0.049801 0.000000 0.010455
29.000000 0.000000 0.049731 0.000000 0.010332
29.099998 0.000000 0.049110 0.000000 0.010346
29.199999 0.000000 0.048487 0.000000 0.010361
29.299999 0.000000 0.048139 0.000000 0.010098
29.400000 0.000000 0.047929 0.000000 0.010112
29.500000 0.000000 0.047441 0.000000 0.009988
29.599998 0.000000 0.046673 0.000000 0.009862
29.699999 0.000000 0.045903 0.000000 0.009737
29.799999 0.000000 0.045550 0.000000 0.009472
29.900000 0.000000 0.045474 0.000000 0.009346
30.000000 0.000000 0.045397 0.000000 0.009359
30.099998 0.000000 0.045181 0.000000 0.009372
30.199999 0.000000 0.044684 0.000000 0.009245
30.299999 0.000000 0.044326 0.000000 0.009118
30.400000 0.000000 0.043826 0.000000 0.009130
30.500000 0.000000 0.043325 0.000000 0.009143
30.599998 0.000000 0.043246 0.000000 0.009156
30.699999 0.000000 0.043165 0.000000 0.008887
30.799999 0.000000 0.042661 0.000000 0.008900
30.900000 0.000000 0.042297 0.000000 0.008912
31.000000 0.000000 0.042357 0.000000 0.008783
31.099998 0.000000 0.042134 0.000000 0.008796
31.199999 0.000000 0.041619 0.000000 0.008949
31.299999 0.000000 0.041110 0.000000 0.008962
31.400000 0.000000 0.040741 0.000000 0.008974
31.500000 0.000000 0.040514 0.000000 0.008987
31.599998 0.000000 0.040143 0.000000 0.008857
31.699999 0.000000 0.039056 0.000000 0.008727
31.799999 0.000000 0.038682 0.000000 0.008596
31.900000 0.000000 0.038164 0.000000 0.008608
32.000000 0.000000 0.037931 0.000000 0.008477
32.099998 0.000000 0.037410 0.000000 0.008489
32.200001 0.000000 0.036744 0.000000 0.008357
32.299999 0.000000 0.036364 0.000000 0.008369
32.399998 0.000000 0.035983 0.000000 0.008382
32.500000 0.000000 0.035745 0.000000 0.008394
32.599998 0.000000 0.035792 0.000000 0.008405
32.700001 0.000000 0.035699 0.000000 0.008417
32.799999 0.000000 0.035751 0.000000 0.008429
32.899998 0.000000 0.034784 0.000000 0.008441
33.000000 0.000000 0.034252 0.000000 0.008454
33.099998 0.000000 0.034302 0.000000 0.008466
33.200001 0.000000 0.033767 0.000000 0.008040
33.299999 0.000000 0.033816 0.000000 0.007905
33.399998 0.000000 0.033426 0.000000 0.007917
33.500000 0.000000 0.032741 0.000000 0.007928
33.599998 0.000000 0.032348 0.000000 0.007646
33.700001 0.000000 0.031954 0.000000 0.007510
33.799999 0.000000 0.031559 0.000000 0.007521
33.899998 0.000000 0.031310 0.000000 0.007237
34.000000 0.000000 0.031060 0.000000 0.007247
34.099998 0.000000 0.030514 0.000000 0.007258
34.200001 0.000000 0.030263 0.000000 0.007121
34.299999 0.000000 0.030010 0.000000 0.007131
34.399998 0.000000 0.029460 0.000000 0.006993
34.500000 0.000000 0.029355 0.000000 0.007003
34.599998 0.000000 0.029249 0.000000 0.006715
34.700001 0.000000 0.029293 0.000000 0.006725
34.799999 0.000000 0.029038 0.000000 0.006736
34.899998 0.000000 0.028631 0.000000 0.006596
35.000000 0.000000 0.028524 0.000000 0.006455
35.099998 0.000000 0.028417 0.000000 0.006465
35.200001 0.000000 0.028008 0.000000 0.006475
35.299999 0.000000 0.027748 0.000000 0.006334
35.399998 0.000000 0.027488 0.000000 0.006343
35.500000 0.000000 0.027227 0.000000 0.006353
35.599998 0.000000 0.026966 0.000000 0.006363
35.700001 0.000000 0.026703 0.000000 0.006372
35.799999 0.000000 0.026592 0.000000 0.006382
35.899998 0.000000 0.026476 0.000000 0.006391
36.000000 0.000000 0.026055 0.000000 0.006247
36.099998 0.000000 0.025942 0.000000 0.006104
36.200001 0.000000 0.025829 0.000000 0.005961
36.299999 0.000000 0.025869 0.000000 0.005817
36.399998 0.000000 0.025908 0.000000 0.005826
36.500000 0.000000 0.025641 0.000000 0.005834
36.599998 0.000000 0.025680 0.000000 0.005690
36.700001 0.000000 0.025566 0.000000 0.005698
36.799999 0.000000 0.025297 0.000000 0.005707
36.899998 0.000000 0.025182 0.000000 0.005407
37.000000 0.000000 0.024911 0.000000 0.005261
37.099998 0.000000 0.024481 0.000000 0.005423
37.200001 0.000000 0.024364 0.000000 0.005431
37.299999 0.000000 0.024246 0.000000 0.005440
37.399998 0.000000 0.023817 0.000000 0.005448
37.500000 0.000000 0.023542 0.000000 0.005145
37.599998 0.000000 0.023423 0.000000 0.005153
37.700001 0.000000 0.023459 0.000000 0.005005
37.799999 0.000000 0.023026 0.000000 0.005013
37.899998 0.000000 0.022749 0.000000 0.005020
38.000000 0.000000 0.022313 0.000000 0.004714
38.099998 0.000000 0.022348 0.000000 0.004721
38.200001 0.000000 0.022226 0.000000 0.004571
38.299999 0.000000 0.021945 0.000000 0.004421
38.399998 0.000000 0.021980 0.000000 0.004428
38.500000 0.000000 0.021539 0.000000 0.004435
38.599998 0.000000 0.021256 0.000000 0.004442
38.700001 0.000000 0.021290 0.000000 0.004449
38.799999 0.000000 0.021165 0.000000 0.004456
38.899998 0.000000 0.020880 0.000000 0.004463
39.000000 0.000000 0.020594 0.000000 0.004470
39.099998 0.000000 0.020307 0.000000 0.004477
39.200001 0.000000 0.019699 0.000000 0.004484
39.299999 0.000000 0.019249 0.000000 0.004491
39.399998 0.000000 0.019280 0.000000 0.004338
39.500000 0.000000 0.019311 0.000000 0.004345
39.599998 0.000000 0.019342 0.000000 0.004352
39.700001 0.000000 0.019374 0.000000 0.004359
39.799999 0.000000 0.019082 0.000000 0.004366
39.899998 0.000000 0.018626 0.000000 0.004211
40.000000 0.000000 0.018657 0.000000 0.004218
40.099998 0.000000 0.018362 0.000000 0.004062
40.200001 0.000000 0.018229 0.000000 0.004069
40.299999 0.000000 0.018259 0.000000 0.004076
40.399998 0.000000 0.018289 0.000000 0.004082
40.500000 0.000000 0.018155 0.000000 0.004089
40.599998 0.000000 0.017693 0.000000 0.004096
40.700001 0.000000 0.017558 0.000000 0.004102
40.799999 0.000000 0.017423 0.000000 0.004109
40.899998 0.000000 0.017122 0.000000 0.003951
41.000000 0.000000 0.016821 0.000000 0.003958
41.099998 0.000000 0.016683 0.000000 0.003964
41.200001 0.000000 0.016545 0.000000 0.003805
41.299999 0.000000 0.016241 0.000000 0.003812
41.399998 0.000000 0.016102 0.000000 0.003652
41.500000 0.000000 0.016129 0.000000 0.003658
41.599998 0.000000 0.016156 0.000000 0.003664
41.700001 0.000000 0.015849 0.000000 0.003504
41.799999 0.000000 0.015876 0.000000 0.003509
41.899998 0.000000 0.015902 0.000000 0.003515
42.000000 0.000000 0.015929 0.000000 0.003521
42.099998 0.000000 0.015788 0.000000 0.003527
42.200001 0.000000 0.015646 0.000000 0.003365
42.299999 0.000000 0.015504 0.000000 0.003370
42.399998 0.000000 0.015024 0.000000 0.003376
42.500000 0.000000 0.014711 0.000000 0.003382
42.599998 0.000000 0.014736 0.000000 0.003388
42.700001 0.000000 0.014421 0.000000 0.003393
42.799999 0.000000 0.014446 0.000000 0.003399
42.899998 0.000000 0.014471 0.000000 0.003405
43.000000 0.000000 0.013984 0.000000 0.003411
43.099998 0.000000 0.013837 0.000000 0.003416
43.200001 0.000000 0.013689 0.000000 0.003080
43.299999 0.000000 0.013713 0.000000 0.003085
43.399998 0.000000 0.013736 0.000000 0.003091
43.500000 0.000000 0.013588 0.000000 0.002924
43.599998 0.000000 0.013094 0.000000 0.002929
43.700001 0.000000 0.013117 0.000000 0.002934
43.799999 0.000000 0.012794 0.000000 0.002939
43.899998 0.000000 0.012816 0.000000 0.002771
44.000000 0.000000 0.012838 0.000000 0.002602
44.099998 0.000000 0.012687 0.000000 0.002607
44.200001 0.000000 0.012709 0.000000 0.002611
44.299999 0.000000 0.012557 0.000000 0.002616
44.399998 0.000000 0.012404 0.000000 0.002621
44.500000 0.000000 0.012251 0.000000 0.002625
44.599998 0.000000 0.011921 0.000000 0.002630
44.700001 0.000000 0.011591 0.000000 0.002634
44.799999 0.000000 0.011436 0.000000 0.002639
44.899998 0.000000 0.011456 0.000000 0.002644
45.000000 0.000000 0.011476 0.000000 0.002648
45.099998 0.000000 0.011496 0.000000 0.002653
45.200001 0.000000 0.011339 0.000000 0.002658
45.299999 0.000000 0.011360 0.000000 0.002662
45.399998 0.000000 0.011378 0.000000 0.002844
45.500000 0.000000 0.011220 0.000000 0.002850
45.599998 0.000000 0.011062 0.000000 0.002676
45.700001 0.000000 0.011081 0.000000 0.002681
45.799999 0.000000 0.010922 0.000000 0.002686
45.899998 0.000000 0.010404 0.000000 0.002691
46.000000 0.000000 0.010422 0.000000 0.002516
46.099998 0.000000 0.010261 0.000000 0.002520
46.200001 0.000000 0.010099 0.000000 0.002525
46.299999 0.000000 0.009937 0.000000 0.002529
46.399998 0.000000 0.009955 0.000000 0.002534
46.500000 0.000000 0.009973 0.000000 0.002357
46.599998 0.000000 0.009991 0.000000 0.002361
46.700001 0.000000 0.009827 0.000000 0.002184
46.799999 0.000000 0.009663 0.000000 0.002188
46.899998 0.000000 0.009680 0.000000 0.002192
47.000000 0.000000 0.009515 0.000000 0.002196
47.099998 0.000000 0.009349 0.000000 0.002200
47.200001 0.000000 0.009366 0.000000 0.002204
47.299999 0.000000 0.009016 0.000000 0.002208
47.399998 0.000000 0.008848 0.000000 0.002212
47.500000 0.000000 0.008864 0.000000 0.002216
47.599998 0.000000 0.008881 0.000000 0.002220
47.700001 0.000000 0.008712 0.000000 0.002224
47.799999 0.000000 0.008542 0.000000 0.002228
47.899998 0.000000 0.008558 0.000000 0.002233
48.000000 0.000000 0.008388 0.000000 0.002237
48.099998 0.000000 0.008403 0.000000 0.002241
48.200001 0.000000 0.008232 0.000000 0.002245
48.299999 0.000000 0.008247 0.000000 0.002062
48.399998 0.000000 0.008075 0.000000 0.002066
48.500000 0.000000 0.007902 0.000000 0.002070
48.599998 0.000000 0.007917 0.000000 0.002074
48.700001 0.000000 0.007932 0.000000 0.001889
48.799999 0.000000 0.007758 0.000000 0.001892
48.899998 0.000000 0.007773 0.000000 0.001896
49.000000 0.000000 0.007787 0.000000 0.001899
49.099998 0.000000 0.007802 0.000000 0.001903
49.200001 0.000000 0.007817 0.000000 0.001907
49.299999 0.000000 0.007832 0.000000 0.001910
49.399998 0.000000 0.007847 0.000000 0.001722
49.500000 0.000000 0.007862 0.000000 0.001534
49.599998 0.000000 0.007685 0.000000 0.001345
49.700001 0.000000 0.007700 0.000000 0.001155
49.799999 0.000000 0.007715 0.000000 0.001157
49.899998 0.000000 0.007729 0.000000 0.001159
50.000000 0.000000 0.007551 0.000000 0.001162
50.099998 0.000000 0.007565 0.000000 0.001164
50.200001 0.000000 0.007580 0.000000 0.000972
50.299999 0.000000 0.007595 0.000000 0.000974
50.399998 0.000000 0.007415 0.000000 0.000976
50.500000 0.000000 0.007038 0.000000 0.000978
50.599998 0.000000 0.007052 0.000000 0.000784
50.700001 0.000000 0.007066 0.000000 0.000785
50.799999 0.000000 0.006883 0.000000 0.000787
50.899998 0.000000 0.006897 0.000000 0.000788
51.000000 0.000000 0.006515 0.000000 0.000790
51.099998 0.000000 0.005935 0.000000 0.000791
51.199997 0.000000 0.005946 0.000000 0.000793
51.299999 0.000000 0.005760 0.000000 0.000794
51.399998 0.000000 0.005771 0.000000 0.000796
51.500000 0.000000 0.005783 0.000000 0.000798
51.599998 0.000000 0.005794 0.000000 0.000799
51.699997 0.000000 0.005806 0.000000 0.000801
51.799999 0.000000 0.005817 0.000000 0.000802
51.899998 0.000000 0.005427 0.000000 0.000804
52.000000 0.000000 0.005438 0.000000 0.000806
52.099998 0.000000 0.005449 0.000000 0.000807
52.199997 0.000000 0.005258 0.000000 0.000809
52.299999 0.000000 0.005268 0.000000 0.000811
52.399998 0.000000 0.005279 0.000000 0.000812
52.500000 0.000000 0.005290 0.000000 0.000814
52.599998 0.000000 0.005097 0.000000 0.000815
52.699997 0.000000 0.005107 0.000000 0.000817
52.799999 0.000000 0.005118 0.000000 0.000819
52.899998 0.000000 0.005128 0.000000 0.000821
53.000000 0.000000 0.005139 0.000000 0.000822
53.099998 0.000000 0.005149 0.000000 0.000824
53.199997 0.000000 0.005160 0.000000 0.000826
53.299999 0.000000 0.005171 0.000000 0.000827
53.399998 0.000000 0.005181 0.000000 0.000829
53.500000 0.000000 0.004984 0.000000 0.000831
53.599998 0.000000 0.004995 0.000000 0.000832
53.699997 0.000000 0.004797 0.000000 0.000834
53.799999 0.000000 0.004598 0.000000 0.000836
53.899998 0.000000 0.004607 0.000000 0.000838
54.000000 0.000000 0.004617 0.000000 0.000839
54.099998 0.000000 0.004627 0.000000 0.000841
54.199997 0.000000 0.004426 0.000000 0.000843
54.299999 0.000000 0.004435 0.000000 0.000845
54.399998 0.000000 0.004444 0.000000 0.000847
54.500000 0.000000 0.004454 0.000000 0.000848
54.599998 0.000000 0.004463 0.000000 0.000850
54.699997 0.000000 0.004473 0.000000 0.000852
54.799999 0.000000 0.004482 0.000000 0.000854
54.899998 0.000000 0.004492 0.000000 0.000856
55.000000 0.000000 0.004287 0.000000 0.000857
55.099998 0.000000 0.004296 0.000000 0.000859
55.199997 0.000000 0.004306 0.000000 0.000861
55.299999 0.000000 0.004315 0.000000 0.000647
55.399998 0.000000 0.004324 0.000000 0.000649
55.500000 0.000000 0.004334 0.000000 0.000650
55.599998 0.000000 0.004343 0.000000 0.000651
55.699997 0.000000 0.004353 0.000000 0.000653
55.799999 0.000000 0.004362 0.000000 0.000654
55.899998 0.000000 0.004372 0.000000 0.000656
56.000000 0.000000 0.004381 0.000000 0.000657
56.099998 0.000000 0.004391 0.000000 0.000659
56.199997 0.000000 0.004400 0.000000 0.000660
56.299999 0.000000 0.004410 0.000000 0.000662
56.399998 0.000000 0.004420 0.000000 0.000663
56.500000 0.000000 0.004430 0.000000 0.000664
56.599998 0.000000 0.004440 0.000000 0.000666
56.699997 0.000000 0.004449 0.000000 0.000667
56.799999 0.000000 0.004459 0.000000 0.000669
56.899998 0.000000 0.004469 0.000000 0.000670
57.000000 0.000000 0.004255 0.000000 0.000672
57.099998 0.000000 0.004265 0.000000 0.000673
57.199997 0.000000 0.004274 0.000000 0.000675
57.299999 0.000000 0.004284 0.000000 0.000676
57.399998 0.000000 0.004294 0.000000 0.000678
57.500000 0.000000 0.004304 0.000000 0.000680
57.599998 0.000000 0.004313 0.000000 0.000681
57.699997 0.000000 0.004323 0.000000 0.000683
57.799999 0.000000 0.004333 0.000000 0.000684
57.899998 0.000000 0.004343 0.000000 0.000686
58.000000 0.000000 0.004353 0.000000 0.000687
58.099998 0.000000 0.004133 0.000000 0.000689
58.199997 0.000000 0.004143 0.000000 0.000690
58.299999 0.000000 0.004152 0.000000 0.000692
58.399998 0.000000 0.004162 0.000000 0.000694
58.500000 0.000000 0.004171 0.000000 0.000695
58.599998 0.000000 0.003949 0.000000 0.000697
58.699997 0.000000 0.003958 0.000000 0.000698
58.799999 0.000000 0.003967 0.000000 0.000700
58.899998 0.000000 0.003977 0.000000 0.000702
59.000000 0.000000 0.003986 0.000000 0.000703
59.099998 0.000000 0.003995 0.000000 0.000705
59.199997 0.000000 0.003769 0.000000 0.000707
59.299999 0.000000 0.003778 0.000000 0.000708
59.399998 0.000000 0.003787 0.000000 0.000710
59.500000 0.000000 0.003559 0.000000 0.000712
59.599998 0.000000 0.003329 0.000000 0.000713
59.699997 0.000000 0.003337 0.000000 0.000715
59.799999 0.000000 0.003106 0.000000 0.000717
59.899998 0.000000 0.003114 0.000000 0.000719
60.000000 0.000000 0.003121 0.000000 0.000720
60.099998 0.000000 0.003129 0.000000 0.000722
60.199997 0.000000 0.003136 0.000000 0.000724
60.299999 0.000000 0.003144 0.000000 0.000726
60.399998 0.000000 0.003152 0.000000 0.000727
60.500000 0.000000 0.003159 0.000000 0.000729
60.599998 0.000000 0.003167 0.000000 0.000731
60.699997 0.000000 0.003175 0.000000 0.000733
60.799999 0.000000 0.003182 0.000000 0.000734
60.899998 0.000000 0.003190 0.000000 0.000736
61.000000 0.000000 0.003198 0.000000 0.000738
61.099998 0.000000 0.003206 0.000000 0.000740
61.199997 0.000000 0.003214 0.000000 0.000742
61.299999 0.000000 0.003222 0.000000 0.000743
61.399998 0.000000 0.003230 0.000000 0.000745
61.500000 0.000000 0.003238 0.000000 0.000747
61.599998 0.000000 0.003246 0.000000 0.000749
61.699997 0.000000 0.003254 0.000000 0.000751
61.799999 0.000000 0.003262 0.000000 0.000753
61.899998 0.000000 0.003270 0.000000 0.000755
62.000000 0.000000 0.003279 0.000000 0.000757
62.099998 0.000000 0.003287 0.000000 0.000759
62.199997 0.000000 0.003295 0.000000 0.000760
62.299999 0.000000 0.003304 0.000000 0.000762
62.399998 0.000000 0.003312 0.000000 0.000764
62.500000 0.000000 0.003065 0.000000 0.000766
62.599998 0.000000 0.003073 0.000000 0.000768
62.699997 0.000000 0.003081 0.000000 0.000770
62.799999 0.000000 0.003089 0.000000 0.000772
62.899998 0.000000 0.003097 0.000000 0.000774
63.000000 0.000000 0.003105 0.000000 0.000776
63.099998 0.000000 0.003113 0.000000 0.000778
63.199997 0.000000 0.003121 0.000000 0.000520
63.299999 0.000000 0.003129 0.000000 0.000522
63.399998 0.000000 0.003137 0.000000 0.000523
63.500000 0.000000 0.003145 0.000000 0.000524
63.599998 0.000000 0.002891 0.000000 0.000263
63.699997 0.000000 0.002899 0.000000 0.000264
63.799999 0.000000 0.002906 0.000000 0.000264
63.899998 0.000000 0.002914 0.000000 0.000265
64.000000 0.000000 0.002922 0.000000 0.000266
64.099998 0.000000 0.002929 0.000000 0.000266
64.199997 0.000000 0.002937 0.000000 0.000267
64.299995 0.000000 0.002945 0.000000 0.000268
64.400002 0.000000 0.002685 0.000000 0.000268
64.500000 0.000000 0.002692 0.000000 0.000269
64.599998 0.000000 0.002699 0.000000 0.000270
64.699997 0.000000 0.002706 0.000000 0.000271
64.799995 0.000000 0.002714 0.000000 0.000271
64.900002 0.000000 0.002721 0.000000 0.000272
65.000000 0.000000 0.002729 0.000000 0.000273
65.099998 0.000000 0.002736 0.000000 0.000274
65.199997 0.000000 0.002743 0.000000 0.000274
65.299995 0.000000 0.002751 0.000000 0.000275
65.400002 0.000000 0.002483 0.000000 0.000276
65.500000 0.000000 0.002213 0.000000 0.000277
