0.000000 0.000500 0.008499 0.001400 0.001400
0.100000 0.010500 0.082000 0.010200 0.009900
0.200000 0.020208 0.150260 0.019808 0.018407
0.300000 0.028903 0.211121 0.029203 0.028403
0.400000 0.039339 0.265966 0.037938 0.037738
0.500000 0.048382 0.309426 0.046780 0.045978
0.600000 0.058358 0.355560 0.052943 0.054046
0.700000 0.067235 0.398194 0.060612 0.063522
0.800000 0.076730 0.433564 0.068695 0.071608
0.900000 0.084045 0.464562 0.074796 0.077410
1.000000 0.093480 0.499396 0.082008 0.085832
1.100000 0.100504 0.531118 0.089728 0.092044
1.200000 0.108871 0.555343 0.096270 0.096774
1.300000 0.118555 0.586924 0.104631 0.101806
1.400000 0.127550 0.616239 0.110584 0.107150
1.500000 0.136359 0.644092 0.114829 0.114829
1.600000 0.143955 0.677491 0.118563 0.120384
1.700000 0.154586 0.705912 0.125734 0.124722
1.800000 0.160790 0.733333 0.130193 0.131206
1.900000 0.168711 0.755348 0.133529 0.135152
2.000000 0.176291 0.783112 0.138942 0.139551
2.100000 0.183887 0.808189 0.145687 0.145281
2.200000 0.192210 0.835045 0.150107 0.149802
2.300000 0.199389 0.865751 0.154402 0.153893
2.400000 0.206805 0.903321 0.160860 0.156072
2.500000 0.214643 0.928826 0.166310 0.161007
2.600000 0.222676 0.961221 0.172160 0.163486
2.700000 0.229701 0.997242 0.175774 0.167501
2.800000 0.236581 1.036908 0.180145 0.171966
2.900000 0.245063 1.078891 0.184590 0.177121
3.000000 0.253380 1.116653 0.187116 0.183941
3.100000 0.260072 1.151615 0.193849 0.188006
3.200000 0.267570 1.189084 0.195650 0.192777
3.300000 0.273670 1.226433 0.197577 0.195728
3.400000 0.280942 1.263466 0.201891 0.198499
3.500000 0.288434 1.314057 0.207244 0.201173
3.600000 0.294705 1.360631 0.211990 0.206943
3.700000 0.302196 1.402516 0.217754 0.213733
3.800000 0.309804 1.447265 0.222704 0.217750
3.900000 0.316012 1.489359 0.229339 0.223760
4.000000 0.323131 1.535519 0.234516 0.229862
4.100000 0.329538 1.585696 0.236493 0.232871
4.200000 0.335371 1.634065 0.241297 0.237049
4.300000 0.341838 1.682016 0.247666 0.242273
4.400000 0.348386 1.727395 0.254645 0.247483
4.500000 0.357581 1.771589 0.256365 0.252000
4.600000 0.363362 1.816915 0.262665 0.256632
4.700000 0.370197 1.869416 0.268666 0.262106
4.800000 0.376525 1.914521 0.272490 0.266653
4.900000 0.383387 1.962851 0.277366 0.273192
5.000000 0.389324 2.009715 0.283819 0.278178
5.100000 0.396069 2.061271 0.288582 0.283877
5.200000 0.403391 2.111576 0.294850 0.289826
5.300000 0.409367 2.156329 0.299455 0.294321
5.400000 0.414202 2.207258 0.304804 0.299559
5.500000 0.420937 2.260185 0.310479 0.303969
5.600000 0.426800 2.307514 0.316027 0.308986
5.700000 0.431878 2.354340 0.321410 0.313624
5.800000 0.436440 2.399895 0.325856 0.317430
5.900000 0.441539 2.444808 0.332103 0.323036
6.000000 0.446391 2.492085 0.338012 0.329675
6.100000 0.451616 2.540566 0.344602 0.334143
6.200000 0.457382 2.592745 0.347927 0.340419
6.300000 0.463159 2.638683 0.353695 0.345649
6.400000 0.469267 2.683870 0.358838 0.351738
6.500000 0.474008 2.731912 0.364736 0.358477
6.600000 0.479715 2.779524 0.371495 0.363530
6.700000 0.484053 2.824580 0.377525 0.369977
6.800000 0.489357 2.872180 0.382503 0.375372
6.900000 0.495099 2.921159 0.389090 0.380780
7.000000 0.500267 2.968327 0.395969 0.386051
7.100000 0.504751 3.018363 0.400769 0.391160
7.200000 0.509565 3.062413 0.407716 0.395746
7.300000 0.514497 3.106772 0.412860 0.401840
7.400000 0.519546 3.152297 0.416943 0.406769
7.500000 0.523534 3.196419 0.421572 0.411065
7.600000 0.528818 3.234947 0.423527 0.416658
7.700000 0.535726 3.280219 0.429139 0.422908
7.800000 0.541573 3.322362 0.434334 0.428095
7.900000 0.546570 3.369549 0.440078 0.432863
8.000000 0.550932 3.411663 0.443678 0.439043
8.099999 0.555412 3.456243 0.449768 0.445236
8.200000 0.559469 3.498866 0.455871 0.450470
8.300000 0.563642 3.540500 0.461123 0.455932
8.400000 0.566851 3.584389 0.467143 0.462380
8.500000 0.570716 3.625122 0.469817 0.466566
8.599999 0.574699 3.669199 0.473690 0.472605
8.700000 0.579342 3.710981 0.478332 0.476485
8.800000 0.582799 3.753289 0.482984 0.481896
8.900000 0.586699 3.797431 0.487972 0.485904
9.000000 0.590607 3.836439 0.491773 0.490356
9.099999 0.594197 3.875750 0.497218 0.495255
9.200000 0.598602 3.912208 0.502511 0.499782
9.300000 0.601990 3.950700 0.507980 0.505684
9.400000 0.605384 3.987196 0.513570 0.511053
9.500000 0.609553 4.027060 0.518076 0.515447
9.599999 0.613841 4.065584 0.523360 0.519851
9.700000 0.618028 4.102986 0.527668 0.524155
9.800000 0.622225 4.141350 0.532974 0.528358
9.900000 0.625660 4.176826 0.538622 0.531250
10.000000 0.629144 4.216213 0.544113 0.534751
10.099999 0.633366 4.249531 0.550116 0.538648
10.200000 0.636163 4.281046 0.555580 0.542554
10.300000 0.640955 4.317383 0.559730 0.546359
10.400000 0.644540 4.350149 0.563558 0.550393
10.500000 0.648173 4.381838 0.568106 0.554042
10.599999 0.650776 4.418293 0.571508 0.558647
10.700000 0.654384 4.452608 0.575250 0.562375
10.800000 0.657222 4.482778 0.579667 0.566667
10.900000 0.660845 4.518353 0.584093 0.571524
11.000000 0.663920 4.550334 0.588753 0.574165
11.099999 0.667113 4.582720 0.592531 0.577035
11.200000 0.670424 4.615179 0.597098 0.581473
11.300000 0.674413 4.647039 0.601453 0.585363
11.400000 0.678635 4.678412 0.604474 0.589709
11.500000 0.681111 4.709775 0.608331 0.593663
11.599999 0.684452 4.739267 0.611591 0.598588
11.700000 0.688398 4.767729 0.616023 0.602446
11.800000 0.690968 4.797686 0.620085 0.606268
11.900000 0.693545 4.828947 0.622695 0.609762
12.000000 0.696949 4.859056 0.626027 0.612293
12.099999 0.700890 4.888087 0.628874 0.615801
12.200000 0.702922 4.918199 0.633194 0.619542
12.300000 0.705105 4.945222 0.636548 0.623221
12.400000 0.708616 4.971054 0.639190 0.625848
12.500000 0.710729 5.000226 0.641354 0.629018
12.599999 0.713833 5.028775 0.644840 0.632718
12.700000 0.715890 5.062493 0.648293 0.635817
12.799999 0.718519 5.089588 0.650846 0.639151
12.900000 0.721723 5.117654 0.653746 0.643515
13.000000 0.723797 5.143735 0.656310 0.647548
13.099999 0.726102 5.170446 0.660704 0.650906
13.200000 0.728642 5.195848 0.663397 0.654158
13.299999 0.731301 5.221309 0.667580 0.656389
13.400000 0.733966 5.248428 0.672002 0.660455
13.500000 0.736324 5.277295 0.676814 0.664454
13.599999 0.739001 5.302704 0.680339 0.667278
13.700000 0.741340 5.327139 0.683872 0.669534
13.799999 0.742880 5.352090 0.686151 0.673748
13.900000 0.745344 5.375374 0.689584 0.678202
14.000000 0.746892 5.400092 0.693025 0.681515
14.099999 0.750288 5.426711 0.696820 0.684605
14.200000 0.752538 5.451546 0.699469 0.687356
14.299999 0.754678 5.478632 0.701663 0.689882
14.400000 0.757169 5.503353 0.703400 0.693686
14.500000 0.759782 5.529058 0.706182 0.695647
14.599999 0.762170 5.551807 0.709898 0.698771
14.700000 0.763054 5.576352 0.712578 0.702019
14.799999 0.765915 5.599907 0.715381 0.705274
14.900000 0.767969 5.623401 0.718423 0.708188
15.000000 0.769795 5.646832 0.721006 0.712389
15.099999 0.772441 5.669270 0.723828 0.715085
15.200000 0.773926 5.692694 0.726541 0.718137
15.299999 0.775999 5.715004 0.730311 0.720379
15.400000 0.777726 5.739003 0.732803 0.723093
15.500000 0.778871 5.760600 0.734598 0.726048
15.599999 0.780840 5.783302 0.736632 0.729128
15.700000 0.782930 5.803593 0.739258 0.731862
15.799999 0.785731 5.826751 0.741302 0.734720
15.900000 0.788068 5.848670 0.742998 0.736997
16.000000 0.789585 5.866871 0.745523 0.739986
16.100000 0.792428 5.887486 0.748437 0.743720
16.199999 0.794191 5.908254 0.750030 0.745306
16.299999 0.796312 5.928715 0.752571 0.746424
16.400000 0.797846 5.945911 0.754172 0.748609
16.500000 0.799739 5.965754 0.756369 0.750444
16.600000 0.801400 5.985526 0.759402 0.752996
16.699999 0.802827 6.005107 0.762205 0.754959
16.799999 0.804495 6.024617 0.763468 0.757046
16.900000 0.806882 6.046792 0.766282 0.759495
17.000000 0.808440 6.064013 0.768626 0.762189
17.100000 0.810382 6.080072 0.770167 0.763126
17.199999 0.811709 6.094743 0.772282 0.764755
17.299999 0.813517 6.112559 0.774163 0.767703
17.400000 0.814850 6.127185 0.776048 0.769222
17.500000 0.815947 6.146523 0.778177 0.772902
17.600000 0.817527 6.163745 0.780432 0.775030
17.699999 0.819111 6.182092 0.783534 0.776563
17.799999 0.820840 6.199735 0.786307 0.778005
17.900000 0.822070 6.217203 0.789664 0.780508
18.000000 0.824147 6.235677 0.791219 0.782535
18.100000 0.825866 6.253472 0.792416 0.784567
18.199999 0.827107 6.269980 0.794583 0.786725
18.299999 0.828955 6.285075 0.796998 0.789130
18.400000 0.830324 6.302387 0.798449 0.792510
18.500000 0.831574 6.321684 0.800510 0.793593
18.600000 0.833192 6.337748 0.802211 0.795651
18.699999 0.835057 6.354702 0.804403 0.797470
18.799999 0.836682 6.366947 0.805870 0.799050
18.900000 0.837947 6.381660 0.807828 0.801853
19.000000 0.840435 6.396045 0.809669 0.803321
19.100000 0.841340 6.409852 0.811637 0.805036
19.199999 0.842981 6.423572 0.813976 0.807245
19.299999 0.844014 6.438549 0.815464 0.809092
19.400000 0.845908 6.453318 0.816955 0.811557
19.500000 0.846825 6.466528 0.818204 0.814273
19.600000 0.848112 6.483828 0.819948 0.816136
19.699999 0.849772 6.497845 0.821697 0.817633
19.799999 0.851066 6.511528 0.823696 0.818518
19.900000 0.852364 6.524256 0.824466 0.820022
20.000000 0.854035 6.537264 0.825238 0.820912
20.100000 0.855340 6.551664 0.827002 0.822547
20.199999 0.856647 6.566968 0.828522 0.824805
20.299999 0.857834 6.578712 0.830790 0.827689
20.400000 0.859024 6.590734 0.831946 0.828965
20.500000 0.859719 6.602039 0.832732 0.830245
20.600000 0.861288 6.613622 0.834890 0.831652
20.699999 0.862611 6.624610 0.835432 0.833811
20.799999 0.863313 6.640369 0.836725 0.836475
20.900000 0.864767 6.652668 0.838145 0.837895
21.000000 0.866475 6.663246 0.840696 0.839444
21.100000 0.867811 6.675855 0.842752 0.840872
21.199999 0.868900 6.686614 0.843056 0.841551
21.299999 0.870242 6.696898 0.845120 0.843236
21.400000 0.871463 6.709093 0.846309 0.844548
21.500000 0.873064 6.720690 0.848004 0.846115
21.600000 0.874795 6.732695 0.849578 0.847812
21.699999 0.876152 6.744981 0.850776 0.849514
21.799999 0.877512 6.756289 0.852484 0.850841
21.900000 0.879003 6.766738 0.853436 0.851538
22.000000 0.880750 6.777468 0.854391 0.853124
22.100000 0.881106 6.787337 0.855729 0.854206
22.199999 0.881464 6.796976 0.857324 0.856054
22.299999 0.882712 6.810457 0.858669 0.856761
22.400000 0.884728 6.820788 0.860400 0.858362
22.500000 0.885346 6.830889 0.862007 0.859329
22.600000 0.887371 6.842676 0.862980 0.860299
22.699999 0.888775 6.854513 0.863846 0.861544
22.799999 0.890041 6.864952 0.864823 0.862775
22.900000 0.890925 6.873238 0.866957 0.863753
23.000000 0.891698 6.881817 0.867573 0.864622
23.100000 0.892458 6.891430 0.868817 0.866247
23.199999 0.893349 6.903126 0.870449 0.868262
23.299999 0.894113 6.911375 0.871699 0.869767
23.400000 0.894879 6.922095 0.873339 0.870115
23.500000 0.896293 6.932584 0.874596 0.871239
23.600000 0.897840 6.940902 0.876374 0.872107
23.699999 0.898744 6.952350 0.879063 0.872847
23.799999 0.899520 6.961624 0.880850 0.874238
23.900000 0.899909 6.970531 0.881734 0.875763
24.000000 0.899779 6.978682 0.882881 0.877681
24.100000 0.900039 6.988546 0.883769 0.878303
24.199999 0.901082 6.996742 0.885442 0.878926
24.299999 0.902127 7.005219 0.886206 0.879943
24.400000 0.902653 7.013720 0.887234 0.880308
24.500000 0.903703 7.022243 0.888656 0.881068
24.600000 0.904101 7.031443 0.890083 0.881829
24.699999 0.905024 7.040403 0.890594 0.883510
24.799999 0.905950 7.047287 0.891633 0.884277
24.900000 0.908063 7.057083 0.892016 0.884914
25.000000 0.909127 7.066772 0.892928 0.885816
25.100000 0.909930 7.075037 0.893973 0.886852
25.199999 0.910603 7.081078 0.894229 0.888683
25.299999 0.911146 7.090308 0.895147 0.889859
25.400000 0.911294 7.101681 0.896200 0.890110
25.500000 0.912104 7.110036 0.897388 0.891025
25.599998 0.912386 7.118280 0.898580 0.891411
25.699999 0.913200 7.125615 0.898976 0.892463
25.799999 0.914415 7.133768 0.899774 0.893651
25.900000 0.914967 7.142477 0.901506 0.894442
26.000000 0.915532 7.151721 0.902722 0.894716
26.099998 0.916088 7.161144 0.903928 0.895911
26.199999 0.917581 7.168719 0.904736 0.896842
26.299999 0.918419 7.174682 0.904889 0.896852
26.400000 0.918578 7.182830 0.905969 0.898055
26.500000 0.919409 7.188986 0.907455 0.899664
26.599998 0.920646 7.195965 0.908137 0.900336
26.699999 0.920808 7.204310 0.909764 0.901549
26.799999 0.921106 7.211059 0.911126 0.901821
26.900000 0.921945 7.218367 0.912221 0.902498
27.000000 0.921839 7.225558 0.913320 0.903584
27.099998 0.922817 7.232092 0.913880 0.903724
27.199999 0.924068 7.240000 0.915119 0.904000
27.299999 0.924382 7.248574 0.915151 0.904833
27.400000 0.924687 7.255574 0.915715 0.905791
27.500000 0.925946 7.263409 0.917098 0.906616
27.599998 0.926118 7.271538 0.918075 0.906625
27.699999 0.926972 7.275184 0.918782 0.908408
27.799999 0.927419 7.282942 0.919355 0.910060
27.900000 0.927457 7.288393 0.920066 0.910895
28.000000 0.928317 7.293997 0.921053 0.911458
28.099998 0.928768 7.300164 0.921905 0.912298
28.199999 0.930044 7.305800 0.923035 0.913002
28.299999 0.930223 7.312139 0.923892 0.914258
28.400000 0.931781 7.318633 0.924201 0.914967
28.500000 0.932652 7.324317 0.924924 0.915540
28.599998 0.932974 7.329464 0.925650 0.916667
28.699999 0.933158 7.335594 0.926377 0.916828
28.799999 0.933897 7.342433 0.926829 0.917267
28.900000 0.934360 7.346795 0.927422 0.918263
29.000000 0.934825 7.353251 0.928016 0.918427
29.099998 0.935430 7.359170 0.928472 0.919148
29.199999 0.935758 7.364409 0.929487 0.919732
29.299999 0.935668 7.369383 0.930366 0.920458
29.400000 0.936845 7.374458 0.930977 0.920917
29.500000 0.936897 7.378900 0.931580 0.921925
29.599998 0.936808 7.383915 0.932184 0.921956
29.699999 0.937000 7.389083 0.932931 0.923530
29.799999 0.937193 7.394548 0.933820 0.924125
29.900000 0.937245 7.399043 0.934290 0.924159
30.000000 0.938707 7.406932 0.934057 0.924193
30.099998 0.939326 7.412163 0.934669 0.924651
30.199999 0.939805 7.418398 0.934859 0.924827
30.299999 0.940427 7.422810 0.935333 0.925287
30.400000 0.941335 7.427660 0.935950 0.926173
30.500000 0.942245 7.433518 0.936285 0.927203
30.599998 0.942873 7.439818 0.936194 0.927952
30.699999 0.943788 7.444713 0.936957 0.928988
30.799999 0.944278 7.448340 0.938150 0.929314
30.900000 0.944627 7.452547 0.938633 0.930213
31.000000 0.945977 7.457625 0.939117 0.930970
31.099998 0.946193 7.462650 0.939325 0.931025
31.199999 0.946690 7.465893 0.939811 0.931212
31.299999 0.947474 7.471154 0.940298 0.931831
31.400000 0.947399 7.476286 0.940931 0.932596
31.500000 0.948187 7.480570 0.941134 0.933362
31.599998 0.948833 7.486308 0.941626 0.933843
31.699999 0.949192 7.491195 0.941975 0.934325
31.799999 0.949986 7.493640 0.942035 0.935241
31.900000 0.950347 7.497105 0.942241 0.935582
32.000000 0.950565 7.500726 0.942592 0.935778
32.099998 0.950494 7.502903 0.942799 0.936556
32.200001 0.951003 7.506979 0.943443 0.936464
32.299999 0.951077 7.512667 0.943943 0.936954
32.399998 0.950860 7.516477 0.944153 0.937737
32.500000 0.950935 7.519422 0.944509 0.937938
32.599998 0.951594 7.522228 0.945159 0.938725
32.700001 0.952409 7.526432 0.945380 0.938205
32.799999 0.953366 7.531750 0.945886 0.939141
32.899998 0.953885 7.534146 0.946248 0.939932
33.000000 0.954699 7.538314 0.946610 0.940874
33.099998 0.954780 7.541023 0.947268 0.941523
33.200001 0.955008 7.545508 0.947780 0.942027
33.299999 0.955385 7.548678 0.948146 0.942828
33.399998 0.955615 7.552449 0.948217 0.943187
33.500000 0.955401 7.556379 0.949030 0.943695
33.599998 0.955631 7.561656 0.949399 0.944502
33.700001 0.956011 7.565611 0.949621 0.945014
33.799999 0.956392 7.570472 0.949546 0.945825
33.899998 0.956476 7.576091 0.950216 0.946192
34.000000 0.956561 7.578892 0.950291 0.946559
34.099998 0.956645 7.582000 0.950366 0.946479
34.200001 0.957179 7.585268 0.950591 0.947298
34.299999 0.957565 7.586294 0.951417 0.948118
34.399998 0.957651 7.589728 0.951644 0.948341
34.500000 0.958340 7.593472 0.952173 0.948714
34.599998 0.959030 7.597529 0.952704 0.949239
34.700001 0.959572 7.600845 0.952783 0.949314
34.799999 0.959662 7.604472 0.953618 0.949690
34.899998 0.959601 7.607203 0.953548 0.949312
35.000000 0.960297 7.610093 0.954084 0.949386
35.099998 0.961147 7.611928 0.954621 0.949765
35.200001 0.961088 7.613163 0.955008 0.949840
35.299999 0.961029 7.615618 0.955549 0.950525
35.399998 0.961580 7.618997 0.956091 0.950755
35.500000 0.961826 7.622232 0.956482 0.951443
35.599998 0.962227 7.626395 0.957027 0.952133
35.700001 0.962322 7.629806 0.957114 0.952673
35.799999 0.962724 7.632306 0.957049 0.953367
35.899998 0.962974 7.635736 0.957751 0.953603
36.000000 0.963533 7.638867 0.957994 0.953993
36.099998 0.963323 7.640161 0.958391 0.955001
36.200001 0.963575 7.642383 0.958636 0.954931
36.299999 0.963827 7.645231 0.959035 0.955480
36.399998 0.964546 7.648243 0.959282 0.956650
36.500000 0.965266 7.650333 0.959684 0.956893
36.599998 0.965678 7.654139 0.960242 0.957136
36.700001 0.965936 7.658422 0.960336 0.957225
36.799999 0.966506 7.662564 0.960586 0.957782
36.899998 0.966609 7.665003 0.960524 0.958496
37.000000 0.967495 7.665729 0.960619 0.958431
37.099998 0.967757 7.668805 0.960557 0.958835
37.200001 0.967707 7.671422 0.961122 0.958928
37.299999 0.968127 7.674831 0.961061 0.959020
37.399998 0.968234 7.677622 0.961315 0.959585
37.500000 0.968184 7.679477 0.961569 0.959679
37.599998 0.968134 7.682442 0.961824 0.959931
37.700001 0.968241 7.685732 0.962079 0.960499
37.799999 0.968982 7.688241 0.962336 0.960753
37.899998 0.969250 7.690125 0.963069 0.960850
38.000000 0.969519 7.692332 0.962851 0.960946
38.099998 0.970107 7.695182 0.963110 0.961043
38.200001 0.970059 7.697085 0.963529 0.960981
38.299999 0.969692 7.699314 0.963950 0.961876
38.399998 0.969963 7.700112 0.964691 0.962135
38.500000 0.969915 7.702992 0.964954 0.962394
38.599998 0.969867 7.705722 0.965059 0.962654
38.700001 0.969498 7.707818 0.965163 0.962915
38.799999 0.970092 7.710886 0.965750 0.963017
38.899998 0.970205 7.713964 0.965695 0.963279
39.000000 0.970156 7.717535 0.966124 0.963381
39.099998 0.970431 7.719018 0.966715 0.963645
39.200001 0.970545 7.720829 0.967470 0.963910
39.299999 0.970822 7.722970 0.967418 0.964014
39.399998 0.971099 7.724956 0.967365 0.964280
39.500000 0.971215 7.727110 0.967474 0.964547
39.599998 0.971331 7.729108 0.967421 0.964489
39.700001 0.971284 7.730135 0.967205 0.965084
39.799999 0.971564 7.731982 0.967315 0.965844
39.899998 0.971354 7.732526 0.967261 0.966279
40.000000 0.971963 7.733399 0.967536 0.966388
40.099998 0.971752 7.735425 0.967482 0.966661
40.200001 0.971706 7.737621 0.967429 0.966606
40.299999 0.971989 7.739331 0.967540 0.966716
40.399998 0.972768 7.740387 0.967816 0.967321
40.500000 0.972888 7.743098 0.968094 0.967598
40.599998 0.972678 7.744659 0.967544 0.968041
40.700001 0.972964 7.746227 0.967490 0.968320
40.799999 0.973085 7.747134 0.967603 0.968433
40.899998 0.973040 7.748544 0.968048 0.968714
41.000000 0.973829 7.749458 0.967661 0.968661
41.099998 0.973785 7.751378 0.967607 0.969277
41.200001 0.974076 7.752635 0.967720 0.969058
41.299999 0.974033 7.754063 0.968001 0.968671
41.399998 0.974157 7.756167 0.968115 0.969290
41.500000 0.974281 7.756934 0.967894 0.969407
41.599998 0.974406 7.759555 0.968008 0.969523
41.700001 0.974532 7.760499 0.968629 0.969978
41.799999 0.974658 7.760770 0.968238 0.970265
41.899998 0.974446 7.761381 0.968523 0.970384
42.000000 0.974402 7.762841 0.968808 0.970334
42.099998 0.974529 7.764475 0.969265 0.970284
42.200001 0.974315 7.766286 0.969893 0.970403
42.299999 0.974272 7.767422 0.970012 0.970523
42.399998 0.974398 7.769244 0.970131 0.970985
42.500000 0.974526 7.769534 0.970251 0.971448
42.599998 0.974824 7.771536 0.970543 0.971913
42.700001 0.974438 7.772346 0.970836 0.972208
42.799999 0.974738 7.773673 0.971129 0.972676
42.899998 0.975383 7.774488 0.971424 0.972801
43.000000 0.976030 7.777030 0.971374 0.972926
43.099998 0.976507 7.778200 0.971498 0.973225
43.200001 0.976986 7.779201 0.971621 0.973871
43.299999 0.977119 7.781072 0.971919 0.973999
43.399998 0.977253 7.782080 0.971696 0.974127
43.500000 0.977213 7.784832 0.971821 0.974256
43.599998 0.977348 7.785677 0.971772 0.974386
43.700001 0.977483 7.787572 0.971723 0.974516
43.799999 0.977618 7.788250 0.972023 0.975345
43.899998 0.978105 7.790506 0.972500 0.975302
44.000000 0.978417 7.792244 0.972276 0.975961
44.099998 0.978555 7.796098 0.972403 0.976094
44.200001 0.978521 7.798240 0.972887 0.976056
44.299999 0.978483 7.799647 0.972840 0.976190
44.399998 0.978622 7.801236 0.972791 0.976325
44.500000 0.978938 7.802477 0.972566 0.976814
44.599998 0.979078 7.803724 0.973404 0.976773
44.700001 0.979041 7.804263 0.973712 0.976909
44.799999 0.979181 7.805161 0.974021 0.976868
44.899998 0.979144 7.806595 0.974153 0.976827
45.000000 0.978929 7.808036 0.973929 0.976964
45.099998 0.978891 7.811091 0.974061 0.976923
45.200001 0.978495 7.811291 0.973835 0.977061
45.299999 0.978456 7.811490 0.974327 0.977199
45.399998 0.978058 7.812949 0.974460 0.977338
45.500000 0.978378 7.813334 0.974775 0.977658
45.599998 0.978339 7.813899 0.975271 0.977798
45.700001 0.978662 7.813924 0.975588 0.977577
45.799999 0.978804 7.815580 0.975543 0.977899
45.899998 0.978584 7.815608 0.975136 0.978221
46.000000 0.978545 7.816363 0.975091 0.978364
46.099998 0.978324 7.817487 0.975228 0.978506
46.200001 0.978471 7.817734 0.975369 0.978289
46.299999 0.978797 7.818498 0.975873 0.978615
46.399998 0.979125 7.819080 0.976378 0.978758
46.500000 0.979270 7.820767 0.976885 0.978903
46.599998 0.979416 7.821908 0.977210 0.979048
46.700001 0.979378 7.823053 0.976984 0.979194
46.799999 0.979524 7.824756 0.977126 0.979155
46.899998 0.979486 7.824616 0.977269 0.979486
47.000000 0.979263 7.825217 0.977967 0.979633
47.099998 0.979225 7.825821 0.977741 0.979781
47.200001 0.979186 7.826055 0.977885 0.980301
47.299999 0.979147 7.826848 0.977472 0.980451
47.399998 0.979295 7.828390 0.977243 0.980601
47.500000 0.979256 7.829004 0.977201 0.980564
47.599998 0.979405 7.829620 0.977158 0.980902
47.700001 0.979366 7.830613 0.977303 0.981242
47.799999 0.979327 7.830671 0.977072 0.981582
47.899998 0.979853 7.832235 0.977029 0.981736
48.000000 0.980004 7.833240 0.977740 0.981513
48.099998 0.979966 7.832735 0.977887 0.981856
48.200001 0.979739 7.833365 0.978034 0.981632
48.299999 0.979321 7.834946 0.977993 0.981787
48.399998 0.979472 7.835393 0.977951 0.981753
48.500000 0.979813 7.835650 0.978671 0.982670
48.599998 0.979775 7.837626 0.978630 0.982637
48.700001 0.979927 7.838655 0.979545 0.982986
48.799999 0.979889 7.840452 0.980080 0.983337
48.899998 0.980618 7.841489 0.979850 0.983305
49.000000 0.980581 7.841953 0.979812 0.983080
49.099998 0.980543 7.842227 0.979580 0.983048
49.200001 0.980506 7.842695 0.979155 0.983208
49.299999 0.980855 7.843164 0.979114 0.983175
49.399998 0.981593 7.844991 0.979074 0.983143
49.500000 0.981751 7.844496 0.979033 0.983498
49.599998 0.981521 7.845166 0.979187 0.983661
49.700001 0.981290 7.845839 0.979341 0.983434
49.799999 0.981058 7.845929 0.980082 0.983792
49.899998 0.981021 7.846997 0.980434 0.983761
50.000000 0.980984 7.847285 0.980592 0.983729
50.099998 0.980947 7.848557 0.980554 0.983697
50.200001 0.980909 7.848455 0.980712 0.984058
50.299999 0.981266 7.848945 0.981069 0.984421
50.399998 0.981427 7.850425 0.981427 0.984390
50.500000 0.981786 7.850525 0.981390 0.984162
50.599998 0.981750 7.851220 0.981551 0.983932
50.700001 0.981713 7.851719 0.981713 0.983900
50.799999 0.982075 7.853216 0.982075 0.983669
50.899998 0.982439 7.853722 0.982239 0.983636
51.000000 0.983003 7.854429 0.982404 0.983403
51.099998 0.983170 7.855940 0.982368 0.983570
51.199997 0.983136 7.855651 0.982534 0.984340
51.299999 0.982901 7.854959 0.982498 0.984309
51.399998 0.982866 7.855473 0.982665 0.984479
51.500000 0.982832 7.855989 0.982832 0.984246
51.599998 0.983610 7.856940 0.982598 0.984419
51.699997 0.983577 7.857461 0.982563 0.984590
51.799999 0.983340 7.858594 0.982934 0.984965
51.899998 0.983103 7.858102 0.983103 0.985138
52.000000 0.983272 7.859241 0.983272 0.985108
52.099998 0.983238 7.860384 0.983034 0.984669
52.199997 0.983408 7.861328 0.983204 0.984023
52.299999 0.983169 7.862685 0.983374 0.984606
52.399998 0.982929 7.862402 0.983340 0.984986
52.500000 0.983306 7.863974 0.983718 0.984955
52.599998 0.983271 7.865551 0.984097 0.985130
52.699997 0.983444 7.866101 0.984065 0.985099
52.799999 0.983409 7.867067 0.984031 0.984861
52.899998 0.983167 7.869285 0.984622 0.985245
53.000000 0.983132 7.870054 0.984590 0.985214
53.099998 0.983306 7.870826 0.984766 0.985184
53.199997 0.983480 7.872020 0.984734 0.985153
53.299999 0.983445 7.873009 0.984912 0.985331
53.399998 0.983620 7.873372 0.985300 0.985090
53.500000 0.983796 7.874369 0.985269 0.985480
53.599998 0.983973 7.874526 0.985027 0.985449
53.699997 0.984150 7.876374 0.985418 0.984996
53.799999 0.984117 7.877382 0.985176 0.985176
53.899998 0.983871 7.878820 0.985357 0.985357
54.000000 0.984049 7.879413 0.985325 0.985325
54.099998 0.983802 7.880435 0.985720 0.985294
54.199997 0.983554 7.880607 0.985476 0.985476
54.299999 0.983305 7.880137 0.985659 0.985445
54.399998 0.983269 7.880952 0.985843 0.985843
54.500000 0.982803 7.881771 0.986028 0.986457
54.599998 0.982766 7.882378 0.985997 0.986644
54.699997 0.982297 7.881693 0.985967 0.986615
54.799999 0.982475 7.881869 0.985937 0.986370
54.899998 0.982654 7.883565 0.985690 0.986557
55.000000 0.983268 7.883094 0.985658 0.986962
55.099998 0.983667 7.882840 0.985627 0.986716
55.199997 0.983632 7.883676 0.985596 0.986687
55.299999 0.983815 7.884733 0.985783 0.986658
55.399998 0.983560 7.885358 0.985971 0.986848
55.500000 0.983524 7.885106 0.985940 0.987039
55.599998 0.984148 7.885073 0.986129 0.987230
55.699997 0.984113 7.884598 0.986099 0.987202
55.799999 0.984299 7.886112 0.986289 0.987174
55.899998 0.984707 7.886968 0.986037 0.987367
56.000000 0.984896 7.886495 0.986228 0.987117
56.099998 0.984862 7.887133 0.986198 0.987088
56.199997 0.984828 7.886880 0.986613 0.986613
56.299999 0.985018 7.886852 0.986807 0.986583
56.399998 0.985433 7.887046 0.986553 0.986329
56.500000 0.985175 7.887466 0.987197 0.986298
56.599998 0.985367 7.887438 0.987393 0.986493
56.699997 0.985108 7.888087 0.987139 0.987139
56.799999 0.985301 7.887381 0.987110 0.987110
56.899998 0.985494 7.888032 0.987761 0.987534
57.000000 0.985461 7.888006 0.987733 0.987733
57.099998 0.985883 7.889572 0.987705 0.987250
57.199997 0.985623 7.890004 0.987220 0.987220
57.299999 0.985819 7.890210 0.987420 0.987191
57.399998 0.985786 7.889501 0.987391 0.987162
57.500000 0.985524 7.889246 0.987362 0.987132
57.599998 0.985491 7.890372 0.987563 0.987103
57.699997 0.984995 7.890351 0.987535 0.987304
57.799999 0.985423 7.891023 0.987506 0.987274
57.899998 0.985390 7.890538 0.987709 0.987245
58.000000 0.985123 7.891446 0.988145 0.987215
58.099998 0.985089 7.893057 0.988350 0.987418
58.199997 0.985287 7.893975 0.988323 0.987623
58.299999 0.985721 7.893726 0.988530 0.987594
58.399998 0.985687 7.894885 0.989207 0.987565
58.500000 0.985889 7.896754 0.989417 0.987535
58.599998 0.985620 7.895333 0.989392 0.987270
58.699997 0.985822 7.895085 0.989603 0.987004
58.799999 0.985789 7.895784 0.989578 0.986736
58.899998 0.986230 7.895299 0.989554 0.986705
59.000000 0.986197 7.896002 0.989291 0.986435
59.099998 0.986164 7.895515 0.989265 0.986403
59.199997 0.986370 7.895983 0.989479 0.986609
59.299999 0.986098 7.895733 0.989453 0.986577
59.399998 0.985103 7.896204 0.989428 0.986545
59.500000 0.985308 7.896916 0.989403 0.986513
59.599998 0.985031 7.898117 0.989377 0.986480
59.699997 0.984753 7.898112 0.989593 0.986447
59.799999 0.984959 7.898593 0.989811 0.986414
59.899998 0.984922 7.898104 0.989786 0.986381
60.000000 0.984885 7.898099 0.990005 0.987080
60.099998 0.984848 7.898338 0.990225 0.987537
60.199997 0.984811 7.897844 0.990446 0.987506
60.299999 0.984774 7.898821 0.990177 0.987475
60.399998 0.984983 7.897834 0.990153 0.987445
60.500000 0.985192 7.897088 0.990128 0.987414
60.599998 0.985654 7.895870 0.990106 0.987138
60.699997 0.985622 7.896628 0.989836 0.986862
60.799999 0.985586 7.897862 0.990060 0.986829
60.899998 0.985551 7.899103 0.990284 0.986547
61.000000 0.985514 7.899350 0.990510 0.986513
61.099998 0.985478 7.899599 0.990235 0.986730
61.199997 0.985693 7.900352 0.990462 0.986697
61.299999 0.985657 7.900352 0.989935 0.986915
61.399998 0.985621 7.900857 0.989909 0.986882
61.500000 0.985584 7.901365 0.990137 0.987102
61.599998 0.985801 7.901623 0.990112 0.986815
61.699997 0.985765 7.902390 0.990086 0.986528
61.799999 0.985474 7.902395 0.990061 0.986493
61.899998 0.985437 7.904446 0.990036 0.986203
62.000000 0.985400 7.903945 0.990266 0.986168
62.099998 0.985362 7.903698 0.990241 0.986133
62.199997 0.985324 7.903708 0.990216 0.986612
62.299999 0.985803 7.904233 0.990191 0.986577
62.399998 0.986542 7.906056 0.990424 0.987060
62.500000 0.986248 7.907888 0.990400 0.987026
62.599998 0.985952 7.907648 0.990375 0.986733
62.699997 0.986176 7.906365 0.990089 0.986437
62.799999 0.986402 7.906903 0.990063 0.986140
62.899998 0.986366 7.906397 0.990299 0.986104
63.000000 0.986330 7.908255 0.990273 0.986067
63.099998 0.986031 7.908540 0.989984 0.986031
63.199997 0.986258 7.908563 0.990222 0.985729
63.299999 0.985957 7.908850 0.990196 0.985692
63.399998 0.986185 7.909405 0.990170 0.985122
63.500000 0.986148 7.907832 0.990410 0.984816
63.599998 0.986111 7.907585 0.990385 0.984241
63.699997 0.986342 7.908409 0.989823 0.984199
63.799999 0.985768 7.908968 0.989527 0.983888
63.899998 0.986537 7.909801 0.989768 0.984114
64.000000 0.986501 7.909557 0.989741 0.984341
64.099998 0.986194 7.909312 0.989442 0.984570
64.199997 0.986428 7.909610 0.989957 0.984528
64.299995 0.986391 7.909907 0.990474 0.984486
64.400002 0.986354 7.909389 0.990448 0.983897
64.500000 0.986316 7.909688 0.990695 0.983580
64.599998 0.986279 7.909715 0.990670 0.984083
64.699997 0.986516 7.910017 0.990644 0.984315
64.799995 0.986755 7.910320 0.990066 0.983996
64.900002 0.986718 7.910902 0.990039 0.983951
65.000000 0.986959 7.911487 0.990011 0.983907
65.099998 0.987201 7.912076 0.989983 0.983584
65.199997 0.987165 7.910994 0.989955 0.983538
65.299995 0.987129 7.911584 0.989927 0.983492
65.400002 0.987093 7.912458 0.989899 0.983446
65.500000 0.986775 7.913337 0.989871 0.983399
65.599998 0.987020 7.913093 0.989560 0.983070
65.699997 0.986984 7.912564 0.989813 0.982456
65.799995 0.986947 7.912599 0.990068 0.982690
65.900002 0.986910 7.911782 0.989755 0.981787
66.000000 0.986301 7.912385 0.989726 0.981735
66.099998 0.986548 7.912993 0.989697 0.981969
66.199997 0.986223 7.912744 0.989667 0.981917
66.299995 0.986471 7.913069 0.989637 0.982441
66.400002 0.986432 7.913395 0.989607 0.982390
66.500000 0.986682 7.913434 0.989577 0.982629
66.599998 0.986643 7.913182 0.989547 0.982869
66.699997 0.986896 7.913512 0.989517 0.982528
66.799995 0.987442 7.912967 0.989194 0.983061
66.900002 0.987112 7.913005 0.989162 0.983011
67.000000 0.987368 7.912750 0.989130 0.983549
67.099998 0.987331 7.913377 0.989393 0.983206
67.199997 0.987293 7.912825 0.989362 0.983156
67.299995 0.986959 7.911974 0.989923 0.983106
67.400002 0.987218 7.912604 0.990190 0.983056
67.500000 0.986881 7.913834 0.990459 0.983005
67.599998 0.986543 7.913577 0.990730 0.983254
67.699997 0.986803 7.913617 0.990702 0.983503
67.799995 0.987365 7.913960 0.990975 0.983454
67.900002 0.987628 7.914906 0.990947 0.983404
68.000000 0.987591 7.913741 0.990920 0.983656
68.099998 0.988160 7.913783 0.990893 0.983607
68.199997 0.987820 7.913520 0.990865 0.983861
68.299995 0.987783 7.913867 0.990226 0.984117
68.400002 0.987745 7.913603 0.990502 0.984375
68.500000 0.988015 7.912416 0.990473 0.984327
68.599998 0.987978 7.912762 0.990136 0.984587
68.699997 0.987941 7.911874 0.990105 0.984848
68.799995 0.987903 7.911601 0.990074 0.984801
68.900002 0.987554 7.911947 0.990044 0.984754
69.000000 0.987516 7.911985 0.990325 0.984707
69.099998 0.987790 7.911083 0.990607 0.985285
69.199997 0.987751 7.909234 0.990578 0.985239
69.299995 0.987713 7.908948 0.990863 0.985192
69.400002 0.987990 7.908344 0.990834 0.985145
69.500000 0.987952 7.907736 0.990805 0.985098
69.599998 0.987595 7.908079 0.991094 0.985051
69.699997 0.987875 7.908424 0.991066 0.985003
69.799995 0.987836 7.908451 0.991037 0.984955
69.900002 0.987797 7.908799 0.991329 0.984586
70.000000 0.988080 7.909471 0.990979 0.984858
70.099998 0.988365 7.909826 0.990950 0.984809
70.199997 0.988651 7.909209 0.990597 0.984760
70.299995 0.988939 7.908913 0.990891 0.985036
70.400002 0.989230 7.909922 0.990862 0.984987
70.500000 0.989522 7.910609 0.990832 0.984938
70.599998 0.989488 7.911958 0.990802 0.985217
70.699997 0.989453 7.913645 0.991101 0.984838
70.799995 0.989418 7.913029 0.991071 0.984788
70.900002 0.989051 7.912409 0.991042 0.984738
71.000000 0.989015 7.913449 0.991012 0.985020
71.099998 0.989646 7.912492 0.990648 0.984970
71.199997 0.989946 7.913874 0.990617 0.984920
71.299995 0.989913 7.913248 0.990249 0.985205
71.400002 0.989879 7.913630 0.990553 0.985155
71.500000 0.990183 7.914353 0.990521 0.985443
71.599998 0.990489 7.914402 0.990489 0.985734
71.699997 0.990457 7.914451 0.990116 0.985685
71.799995 0.990082 7.914158 0.990082 0.985636
71.900002 0.989705 7.913864 0.990048 0.985930
72.000000 0.989669 7.914600 0.989325 0.985882
72.099998 0.989979 7.916379 0.989979 0.986178
72.199997 0.990291 7.916436 0.989945 0.986130
72.299995 0.990258 7.915449 0.989910 0.986082
72.400002 0.989874 7.915503 0.989874 0.985684
72.500000 0.989488 7.914505 0.989839 0.985634
72.599998 0.989803 7.914205 0.990155 0.985935
72.699997 0.989767 7.915667 0.990120 0.985886
72.799995 0.989377 7.915014 0.990085 0.986898
72.900002 0.988984 7.914712 0.989694 0.986851
73.000000 0.990014 7.915478 0.990371 0.987161
73.099998 0.989979 7.915891 0.989979 0.987473
73.199997 0.989943 7.916667 0.990302 0.987428
73.299995 0.989906 7.916366 0.990267 0.987022
73.400002 0.989870 7.916787 0.990232 0.986614
73.500000 0.990196 7.915396 0.990559 0.986565
73.599998 0.990160 7.916545 0.990525 0.986516
73.699997 0.990124 7.915508 0.990490 0.986832
73.799995 0.989721 7.915198 0.990822 0.986417
73.900002 0.989683 7.916360 0.991157 0.986367
74.000000 0.990015 7.916420 0.991124 0.986686
74.099998 0.989978 7.916110 0.991091 0.987379
74.199997 0.989940 7.916915 0.991058 0.987332
74.299995 0.989903 7.917726 0.990651 0.987285
74.400002 0.990240 7.918168 0.990616 0.987237
74.500000 0.990203 7.918237 0.990580 0.987189
74.599998 0.990166 7.917928 0.990545 0.987519
74.699997 0.989749 7.917615 0.990509 0.987851
74.799995 0.989329 7.918445 0.990473 0.987805
74.900002 0.989671 7.918516 0.990054 0.987376
75.000000 0.989631 7.917819 0.990015 0.986943
75.099998 0.989206 7.917887 0.990362 0.986507
75.199997 0.989551 7.919118 0.990712 0.986455
75.299995 0.989899 7.919580 0.990676 0.986403
75.400002 0.990640 7.918877 0.990640 0.985959
75.500000 0.990995 7.919734 0.990603 0.985904
75.599998 0.990959 7.919025 0.990566 0.986242
75.699997 0.991713 7.918311 0.990529 0.986582
75.799995 0.991284 7.917592 0.990095 0.986926
75.900002 0.991249 7.917661 0.990056 0.986874
76.000000 0.991214 7.916933 0.989617 0.986821
76.099998 0.991580 7.915798 0.989575 0.986768
76.199997 0.991546 7.915861 0.988325 0.986715
76.299995 0.991916 7.916734 0.988278 0.986661
76.400002 0.991883 7.917207 0.988231 0.987013
76.500000 0.991850 7.917686 0.988590 0.986960
76.599998 0.992226 7.917758 0.988543 0.986907
76.699997 0.991783 7.917419 0.989318 0.986853
76.799995 0.991749 7.917492 0.989274 0.987624
76.900002 0.992129 7.916736 0.989230 0.987572
77.000000 0.992096 7.917637 0.989185 0.987937
77.099998 0.992063 7.916458 0.989557 0.987469
77.199997 0.992030 7.917366 0.989513 0.987416
77.299995 0.991997 7.917860 0.989469 0.986942
77.400002 0.991963 7.917512 0.989425 0.986887
77.500000 0.991929 7.916738 0.989380 0.987256
77.599998 0.991894 7.916809 0.989334 0.987201
77.699997 0.992288 7.916452 0.988860 0.986718
77.799995 0.992685 7.915663 0.988812 0.986661
77.900002 0.993086 7.916595 0.988764 0.986603
78.000000 0.993490 7.915798 0.988715 0.986979
78.099998 0.993461 7.916303 0.988230 0.987358
78.199997 0.993435 7.915974 0.987746 0.987309
78.299995 0.993407 7.916044 0.988132 0.987253
78.400002 0.992936 7.915674 0.988079 0.986755
78.500000 0.992905 7.915743 0.988027 0.986253
78.599998 0.992428 7.917594 0.987973 0.986192
78.699997 0.991946 7.917226 0.987919 0.986577
78.799995 0.991461 7.916854 0.988315 0.986067
78.900002 0.991422 7.918284 0.988262 0.986005
79.000000 0.991383 7.918821 0.989116 0.985488
79.099998 0.990888 7.918451 0.989066 0.985421
79.199997 0.990847 7.918535 0.989016 0.985812
79.299995 0.990805 7.915863 0.989425 0.985747
79.400002 0.990762 7.915011 0.988915 0.985681
79.500000 0.990719 7.912761 0.988399 0.985615
79.599998 0.990676 7.911888 0.988811 0.985082
79.699997 0.989696 7.913350 0.988759 0.985480
79.799995 0.989647 7.912471 0.988706 0.985412
79.900002 0.989598 7.913475 0.989125 0.985343
80.000000 0.989549 7.914014 0.989549 0.984798
80.099998 0.989499 7.914559 0.989499 0.984726
80.199997 0.989928 7.915587 0.989448 0.985132
80.299995 0.989398 7.913734 0.989398 0.985542
80.400002 0.989346 7.913317 0.989830 0.985472
80.500000 0.989294 7.912896 0.989781 0.985401
80.599998 0.989242 7.915403 0.989731 0.985330
80.699997 0.989681 7.913513 0.989681 0.985749
80.799995 0.990123 7.914568 0.990123 0.985679
80.900002 0.990074 7.914640 0.990074 0.985608
81.000000 0.990025 7.915212 0.990025 0.985037
81.099998 0.989975 7.914787 0.989975 0.984962
81.199997 0.989924 7.914357 0.989924 0.984887
81.299995 0.989873 7.913924 0.989367 0.984810
81.400002 0.989822 7.913486 0.989822 0.985242
81.500000 0.989770 7.913043 0.990281 0.986189
81.599998 0.990231 7.913111 0.990231 0.986118
81.699997 0.989664 7.913178 0.990698 0.986046
81.799995 0.989610 7.911689 0.990649 0.987013
81.900002 0.989556 7.911749 0.990078 0.987467
82.000000 0.989501 7.911811 0.990026 0.987402
82.099998 0.989446 7.912929 0.989974 0.987335
82.199997 0.989390 7.912997 0.989920 0.987268
82.299995 0.989333 7.913067 0.989333 0.987733
82.400002 0.989812 7.915818 0.988740 0.987131
82.500000 0.989757 7.916981 0.988679 0.987062
82.599998 0.989160 7.916532 0.988618 0.987534
82.699997 0.989101 7.916622 0.988556 0.987466
82.799995 0.989589 7.916164 0.988493 0.987945
82.900002 0.989532 7.915152 0.988430 0.988430
83.000000 0.989474 7.915790 0.988366 0.988366
83.099998 0.989972 7.916992 0.988301 0.988301
83.199997 0.990476 7.917647 0.988235 0.988235
83.299995 0.990423 7.918873 0.988169 0.988169
83.400002 0.990368 7.919547 0.988102 0.988102
83.500000 0.990883 7.918518 0.988034 0.988034
83.599998 0.990831 7.920917 0.988539 0.989112
83.699997 0.990778 7.919885 0.988473 0.989049
83.799995 0.990725 7.919420 0.988985 0.988985
83.900002 0.990671 7.921866 0.988921 0.989504
84.000000 0.990616 7.920821 0.989443 0.988856
84.099998 0.990560 7.923894 0.989381 0.988791
84.199997 0.989318 7.925223 0.989318 0.988724
84.299995 0.989254 7.925374 0.989254 0.988657
84.400002 0.989189 7.924925 0.989189 0.988589
84.500000 0.989728 7.926284 0.989124 0.988520
84.599998 0.990274 7.925228 0.989058 0.988450
84.699997 0.990214 7.924770 0.988991 0.988379
84.799995 0.990154 7.926154 0.988308 0.988308
84.900002 0.990093 7.927555 0.987616 0.988235
85.000000 0.989408 7.927103 0.987539 0.987539
85.099998 0.988715 7.928527 0.987461 0.987461
85.199997 0.988644 7.926814 0.987382 0.987382
85.299995 0.988571 7.925079 0.987302 0.987302
85.400002 0.989776 7.923962 0.987220 0.986581
85.500000 0.989711 7.925402 0.987138 0.985852
85.599998 0.990291 7.924272 0.987702 0.985761
85.699997 0.989577 7.923127 0.987622 0.985668
85.799995 0.990164 7.923279 0.986885 0.985574
85.900002 0.990099 7.923432 0.986799 0.985479
86.000000 0.990033 7.922923 0.987375 0.985382
86.099998 0.989967 7.923077 0.987960 0.984615
86.199997 0.989899 7.922560 0.987879 0.984512
86.299995 0.989830 7.920678 0.987797 0.985085
86.400002 0.989761 7.919455 0.988396 0.984983
86.500000 0.989691 7.920962 0.988316 0.984880
86.599998 0.990311 7.920415 0.988927 0.984775
86.699997 0.990244 7.922648 0.988850 0.984669
86.799995 0.990175 7.922807 0.988772 0.985965
86.900002 0.990106 7.923675 0.988693 0.985866
87.000000 0.990036 7.925267 0.988612 0.986477
87.099998 0.990681 7.926882 0.988530 0.987097
87.199997 0.991336 7.927797 0.988448 0.987726
87.299995 0.991273 7.928727 0.989818 0.988364
87.400002 0.989744 7.928205 0.989744 0.988278
87.500000 0.990406 7.929152 0.989668 0.988930
87.599998 0.990335 7.930112 0.989591 0.989591
87.699997 0.990262 7.929588 0.988764 0.989513
87.799995 0.990189 7.929057 0.988679 0.989434
87.900002 0.990875 7.930038 0.988593 0.989354
88.000000 0.991571 7.929502 0.990038 0.989272
88.099998 0.992278 7.928957 0.991506 0.988417
88.199997 0.992218 7.928405 0.991440 0.988327
88.299995 0.992157 7.928627 0.991373 0.988235
88.400002 0.991304 7.927273 0.991304 0.988142
88.500000 0.991235 7.926693 0.991235 0.988048
88.599998 0.991165 7.927711 0.991165 0.988755
88.699997 0.991093 7.928745 0.991093 0.987854
88.799995 0.991020 7.928979 0.991020 0.987755
88.900002 0.990947 7.928395 0.990947 0.989300
89.000000 0.990871 7.926971 0.990871 0.989212
89.099998 0.991632 7.927197 0.991632 0.989958
89.199997 0.991561 7.926582 0.991561 0.990717
89.299995 0.992340 7.925107 0.991489 0.990638
89.400002 0.992275 7.924464 0.991416 0.991416
89.500000 0.992208 7.922944 0.991342 0.991342
89.599998 0.992140 7.925764 0.990393 0.992140
89.699997 0.992070 7.925992 0.990308 0.992070
89.799995 0.992000 7.923556 0.991111 0.992000
89.900002 0.991928 7.922870 0.991031 0.991928
90.000000 0.991855 7.923077 0.990950 0.991855
90.099998 0.991781 7.922374 0.991781 0.991781
90.199997 0.991705 7.921659 0.991705 0.991705
90.299995 0.991628 7.923721 0.990698 0.990698
90.400002 0.990610 7.923005 0.990610 0.990610
90.500000 0.991469 7.926066 0.989573 0.990521
90.599998 0.991388 7.926316 0.989474 0.991388
90.699997 0.992271 7.924637 0.989372 0.991304
90.799995 0.992195 7.924878 0.988293 0.991220
90.900002 0.992118 7.923153 0.988177 0.991133
91.000000 0.992040 7.921393 0.988060 0.991045
91.099998 0.991960 7.920603 0.987940 0.990955
91.199997 0.991878 7.921827 0.987817 0.990863
91.299995 0.991795 7.920000 0.988718 0.990769
91.400002 0.991710 7.923316 0.989637 0.990674
91.500000 0.991623 7.923560 0.989529 0.990576
91.599998 0.991534 7.922751 0.989418 0.990476
91.699997 0.991444 7.922994 0.989305 0.990374
91.799995 0.991351 7.923243 0.989189 0.990270
91.900002 0.991257 7.923497 0.990164 0.990164
92.000000 0.991160 7.923757 0.990055 0.990055
92.099998 0.991061 7.924023 0.989944 0.989944
92.199997 0.990960 7.922034 0.989830 0.989830
92.299995 0.990857 7.924571 0.989714 0.989714
92.400002 0.990751 7.922544 0.989595 0.989595
92.500000 0.990643 7.922807 0.989474 0.989474
92.599998 0.990533 7.923077 0.990533 0.989349
92.699997 0.990419 7.922155 0.990419 0.989222
92.799995 0.990303 7.922424 0.990303 0.989091
92.900002 0.990184 7.922699 0.990184 0.988957
93.000000 0.991304 7.925466 0.990062 0.988820
93.099998 0.991195 7.925786 0.989937 0.988679
93.199997 0.991083 7.923567 0.989809 0.988535
93.299995 0.990968 7.926452 0.989677 0.988387
93.400002 0.990850 7.925490 0.989542 0.989542
93.500000 0.990728 7.923179 0.989404 0.990728
93.599998 0.990604 7.924832 0.989262 0.991946
93.699997 0.990476 7.926531 0.989116 0.991837
93.799995 0.990345 7.926896 0.988966 0.993103
93.900002 0.990210 7.923077 0.988811 0.993007
94.000000 0.990071 7.921986 0.988652 0.992908
94.099998 0.991367 7.919425 0.988489 0.992806
94.199997 0.992701 7.918248 0.988321 0.992701
94.299995 0.992593 7.918519 0.988148 0.989630
94.400002 0.992481 7.917293 0.987970 0.990977
94.500000 0.992366 7.916030 0.987786 0.992366
94.599998 0.992248 7.916279 0.987597 0.992248
94.699997 0.992126 7.914961 0.987402 0.992126
94.799995 0.992000 7.915200 0.988800 0.992000
94.900002 0.991870 7.915447 0.988618 0.993496
95.000000 0.991736 7.917356 0.991736 0.993388
95.099998 0.991597 7.919328 0.991597 0.993277
95.199997 0.991453 7.919659 0.991453 0.993162
95.299995 0.991304 7.923478 0.991304 0.993043
95.400002 0.992920 7.922124 0.992920 0.992920
95.500000 0.992793 7.922523 0.992793 0.992793
95.599998 0.992661 7.922936 0.992661 0.992661
95.699997 0.992523 7.919625 0.994393 0.992523
95.799995 0.992381 7.920000 0.994286 0.992381
95.900002 0.992233 7.920388 0.994175 0.992233
96.000000 0.992079 7.920792 0.994059 0.992079
96.099998 0.991919 7.921212 0.993939 0.991919
96.199997 0.989691 7.921649 0.993814 0.991753
96.299995 0.989474 7.920001 0.993684 0.991579
96.400002 0.989247 7.929032 0.993548 0.991398
96.500000 0.989011 7.923077 0.993407 0.991209
96.599998 0.986517 7.923595 0.993258 0.991011
96.699997 0.986207 7.924138 0.993103 0.990805
96.799995 0.985882 7.927059 0.992941 0.990588
96.900002 0.985542 7.927711 0.995181 0.990361
97.000000 0.985185 7.930864 0.995062 0.990123
97.099998 0.987342 7.934177 0.994937 0.989873
97.199997 0.989610 7.935065 0.994805 0.992208
97.299995 0.989333 7.933333 0.994667 0.992000
97.400002 0.991781 7.939726 0.994521 0.991781
97.500000 0.991549 7.940845 0.994366 0.991549
97.599998 0.991304 7.939131 0.994203 0.991304
97.699997 0.994030 7.940299 0.994030 0.991045
97.799995 0.993846 7.938462 0.993846 0.990769
97.900002 0.993651 7.939682 0.996825 0.990476
98.000000 0.993443 7.934426 0.996721 0.990164
98.099998 0.993220 7.935593 0.996610 0.989830
98.199997 0.992982 7.933334 0.996491 0.992982
98.299995 0.992727 7.938182 1.000000 0.989091
98.400002 0.992453 7.935849 1.000000 0.988679
98.500000 0.992157 7.941176 1.000000 0.988235
98.599998 0.995918 7.942857 1.000000 0.987755
98.699997 0.995745 7.936171 1.000000 0.987234
98.799995 0.995556 7.937778 1.000000 0.986667
98.900002 0.995349 7.944186 1.000000 0.986046
99.000000 0.995122 7.936585 1.000000 0.985366
99.099998 0.994872 7.928205 1.000000 0.984615
99.199997 0.994595 7.929729 1.000000 0.983784
99.299995 0.994286 7.931428 1.000000 0.982857
99.400002 0.993939 7.927273 1.000000 0.981818
99.500000 0.993548 7.929032 1.000000 0.980645
99.599998 1.000000 7.924138 1.000000 0.979310
99.699997 1.000000 7.925926 1.000000 0.985185
99.799995 1.000000 7.928000 1.000000 0.984000
99.900002 1.000000 7.930435 1.000000 0.982609
100.000000 1.000000 7.923810 1.000000 0.980952
100.099998 1.000000 7.915790 1.000000 0.978947
100.199997 1.000000 7.905882 1.000000 0.988235
100.299995 1.000000 7.933333 1.000000 0.986667
100.400002 1.000000 7.923077 1.000000 0.984615
100.500000 1.000000 7.927273 1.000000 0.981818
100.599998 1.000000 7.911111 1.000000 1.000000
100.699997 1.000000 7.914286 1.000000 1.000000
100.799995 1.000000 7.880000 1.000000 1.000000
100.900002 1.000000 7.866667 1.000000 1.000000
101.000000 1.000000 7.600000 1.000000 1.000000
