0.000000 0.000900 0.006500 0.001000 0.001400
0.100000 0.009299 0.082192 0.011699 0.009799
0.200000 0.016897 0.149370 0.022096 0.019996
0.300000 0.025523 0.207987 0.033130 0.028626
0.400000 0.035256 0.263622 0.042167 0.035256
0.500000 0.043404 0.315557 0.051524 0.044206
0.600000 0.053460 0.362889 0.060281 0.053561
0.700000 0.061233 0.397912 0.068962 0.060128
0.800000 0.071034 0.433337 0.078167 0.069125
0.900000 0.081741 0.465614 0.083250 0.074703
1.000000 0.090177 0.494465 0.090781 0.081522
1.100000 0.098892 0.525780 0.095972 0.087915
1.200000 0.108816 0.559496 0.100756 0.093602
1.300000 0.117588 0.587535 0.109621 0.098225
1.400000 0.124874 0.621643 0.116091 0.105492
1.500000 0.134283 0.654744 0.121754 0.112559
1.600000 0.141398 0.685344 0.126631 0.118337
1.700000 0.150724 0.719304 0.130175 0.123089
1.800000 0.158273 0.746378 0.132030 0.126457
1.900000 0.166295 0.775806 0.135267 0.128372
2.000000 0.174584 0.808161 0.141088 0.134592
2.100000 0.181957 0.843544 0.145586 0.138169
2.200000 0.190341 0.873106 0.148754 0.139807
2.300000 0.197557 0.908092 0.150636 0.146870
2.400000 0.206377 0.948660 0.155750 0.150963
2.500000 0.213419 0.984909 0.159886 0.156521
2.600000 0.220374 1.020619 0.162499 0.161886
2.700000 0.228671 1.052110 0.168182 0.166547
2.800000 0.238621 1.081211 0.173162 0.172957
2.900000 0.247415 1.121507 0.177807 0.178217
3.000000 0.254098 1.156762 0.182684 0.182787
3.100000 0.262974 1.185538 0.187179 0.187590
3.200000 0.272970 1.224926 0.194539 0.191767
3.300000 0.279930 1.265440 0.198952 0.197616
3.400000 0.287213 1.306450 0.204094 0.200494
3.500000 0.295129 1.354958 0.211719 0.206467
3.600000 0.302237 1.402330 0.217091 0.209978
3.700000 0.308605 1.448102 0.221110 0.214713
3.800000 0.315295 1.490034 0.226066 0.219973
3.900000 0.321410 1.533030 0.229608 0.225059
4.000000 0.327331 1.581807 0.233054 0.229121
4.100000 0.336786 1.627266 0.238371 0.233192
4.200000 0.342596 1.669847 0.243986 0.239009
4.300000 0.348417 1.719253 0.248365 0.243176
4.400000 0.353937 1.766050 0.254207 0.247455
4.500000 0.360961 1.814268 0.256864 0.252184
4.600000 0.366399 1.862600 0.262933 0.256480
4.700000 0.373450 1.910285 0.270084 0.263728
4.800000 0.380202 1.956295 0.277042 0.268384
4.900000 0.384672 2.000835 0.280568 0.272632
5.000000 0.391554 2.052472 0.287446 0.277935
5.100000 0.398347 2.102333 0.292247 0.282202
5.200000 0.405677 2.150309 0.298314 0.288468
5.300000 0.411660 2.201216 0.303030 0.293803
5.400000 0.418075 2.246667 0.307862 0.299045
5.500000 0.423243 2.294946 0.311653 0.304192
5.600000 0.428586 2.339188 0.318258 0.310055
5.700000 0.435835 2.382146 0.325824 0.314349
5.800000 0.442723 2.433871 0.331647 0.319949
5.900000 0.448523 2.483756 0.337975 0.325738
6.000000 0.453854 2.533896 0.344984 0.330623
6.100000 0.459359 2.582814 0.349329 0.334954
6.200000 0.463655 2.627129 0.355518 0.341128
6.300000 0.469018 2.676094 0.361614 0.347209
6.400000 0.475135 2.722299 0.368042 0.351394
6.500000 0.480310 2.766054 0.373952 0.356862
6.600000 0.485389 2.814260 0.378174 0.362554
6.700000 0.491917 2.864178 0.383004 0.367156
6.800000 0.498030 2.913020 0.387842 0.373470
6.900000 0.503357 2.960248 0.392945 0.379410
7.000000 0.507628 3.007361 0.397311 0.385896
7.100000 0.511802 3.056926 0.401794 0.391007
7.200000 0.515770 3.105527 0.406821 0.395274
7.300000 0.519212 3.149310 0.412715 0.399015
7.400000 0.524376 3.192864 0.418515 0.404479
7.500000 0.529229 3.237155 0.424541 0.409418
7.600000 0.533233 3.281757 0.428970 0.415119
7.700000 0.537726 3.328998 0.436156 0.418637
7.800000 0.542178 3.372714 0.440930 0.424898
7.900000 0.546532 3.413507 0.445713 0.429125
8.000000 0.549865 3.459838 0.451536 0.436442
8.099999 0.553805 3.500054 0.456773 0.441986
8.200000 0.559697 3.545002 0.462669 0.446461
8.300000 0.563548 3.590590 0.468145 0.452244
8.400000 0.567778 3.629710 0.472066 0.456583
8.500000 0.572342 3.669665 0.475236 0.461797
8.599999 0.576760 3.708907 0.480634 0.466529
8.700000 0.580211 3.749321 0.485392 0.474422
8.800000 0.584973 3.791671 0.489725 0.480048
8.900000 0.589638 3.828998 0.494177 0.484054
9.000000 0.593658 3.869565 0.499619 0.487850
9.099999 0.596487 3.908040 0.505182 0.492200
9.200000 0.600131 3.945512 0.508845 0.497270
9.300000 0.603083 3.983603 0.515304 0.503061
9.400000 0.607792 4.024076 0.519917 0.507879
9.500000 0.613387 4.059926 0.524869 0.512489
9.599999 0.618228 4.098048 0.530379 0.516232
9.700000 0.623079 4.137462 0.535024 0.520751
9.800000 0.626401 4.174434 0.539020 0.525940
9.900000 0.630062 4.210938 0.543464 0.531360
10.000000 0.633069 4.244327 0.547367 0.534920
10.099999 0.636524 4.277128 0.550507 0.538708
10.200000 0.640318 4.310554 0.556304 0.540958
10.300000 0.643457 4.347369 0.561118 0.545977
10.400000 0.647378 4.384820 0.564063 0.549347
10.500000 0.650642 4.418254 0.568232 0.554386
10.599999 0.654136 4.454092 0.571191 0.559326
10.700000 0.658120 4.490731 0.574870 0.563992
10.800000 0.660518 4.524169 0.578842 0.567619
10.900000 0.663515 4.558843 0.583982 0.572303
11.000000 0.666815 4.592984 0.587973 0.576503
11.099999 0.670234 4.624749 0.591862 0.579599
11.200000 0.673884 4.658148 0.595424 0.584487
11.300000 0.677207 4.687151 0.598994 0.588380
11.400000 0.679866 4.719239 0.602237 0.591834
11.500000 0.682195 4.752632 0.605599 0.596081
11.599999 0.685314 4.784417 0.609529 0.600112
11.700000 0.689113 4.816723 0.614366 0.603479
11.800000 0.692135 4.853371 0.619326 0.606854
11.900000 0.694938 4.882677 0.622722 0.610461
12.000000 0.697523 4.910248 0.626914 0.615090
12.099999 0.699324 4.942390 0.630214 0.617475
12.200000 0.702596 4.972122 0.634989 0.620429
12.300000 0.704068 4.999774 0.639887 0.623503
12.400000 0.707692 5.027489 0.644231 0.626471
12.500000 0.709999 5.055373 0.646473 0.630733
12.599999 0.713411 5.083437 0.650040 0.634282
12.700000 0.715356 5.111679 0.652253 0.638520
12.799999 0.719123 5.138166 0.656744 0.641859
12.900000 0.721647 5.165283 0.661586 0.644978
13.000000 0.723836 5.193486 0.663820 0.648673
13.099999 0.726485 5.218219 0.666173 0.652263
13.200000 0.728570 5.240954 0.669330 0.655975
13.299999 0.730888 5.269227 0.673866 0.659125
13.400000 0.733783 5.292415 0.677268 0.661709
13.500000 0.735998 5.318521 0.679304 0.664185
13.599999 0.738333 5.343194 0.682835 0.668157
13.700000 0.739869 5.365974 0.686144 0.671565
13.799999 0.742788 5.390645 0.689806 0.675669
13.900000 0.744793 5.414106 0.693246 0.678518
14.000000 0.747754 5.439415 0.696153 0.681986
14.099999 0.749337 5.464200 0.699873 0.685345
14.200000 0.751587 5.490477 0.702413 0.688214
14.299999 0.754305 5.517046 0.705189 0.690050
14.400000 0.756335 5.543330 0.708203 0.693972
14.500000 0.759064 5.567473 0.710877 0.696166
14.599999 0.761568 5.587266 0.713209 0.698829
14.700000 0.763961 5.611285 0.715662 0.702543
14.799999 0.766361 5.635243 0.717773 0.706381
14.900000 0.768067 5.656465 0.720703 0.708949
15.000000 0.770710 5.678784 0.722591 0.712105
15.099999 0.773008 5.702088 0.724834 0.715385
15.200000 0.775131 5.723409 0.727963 0.718973
15.299999 0.777440 5.743775 0.729982 0.721333
15.400000 0.779637 5.766296 0.733997 0.723464
15.500000 0.781371 5.789221 0.736380 0.726655
15.599999 0.783812 5.810205 0.739238 0.728680
15.700000 0.785907 5.831474 0.742102 0.731298
15.799999 0.788125 5.849971 0.743915 0.734039
15.900000 0.789523 5.869688 0.746792 0.735845
16.000000 0.791279 5.889098 0.748497 0.738362
16.100000 0.793274 5.909853 0.750443 0.740885
16.199999 0.795629 5.928056 0.752628 0.743296
16.299999 0.798108 5.945240 0.756121 0.745121
16.400000 0.799787 5.966138 0.758821 0.747928
16.500000 0.801683 5.985064 0.761261 0.750711
16.600000 0.803347 6.002611 0.763826 0.753501
16.699999 0.804658 6.021506 0.766041 0.754991
16.799999 0.805853 6.039258 0.768023 0.756959
16.900000 0.808004 6.058599 0.769533 0.759290
17.000000 0.810279 6.075960 0.771524 0.761627
17.100000 0.811127 6.095152 0.773639 0.763849
17.199999 0.812694 6.110925 0.775400 0.766316
17.299999 0.814146 6.126855 0.778363 0.769507
17.400000 0.815742 6.143644 0.780520 0.771654
17.500000 0.817320 6.159050 0.783135 0.774019
17.600000 0.819022 6.178216 0.784796 0.775549
17.699999 0.820269 6.195720 0.787088 0.777230
17.799999 0.822340 6.212687 0.788517 0.778527
17.900000 0.824295 6.228127 0.790311 0.780791
18.000000 0.826375 6.242640 0.793678 0.782698
18.100000 0.827999 6.257398 0.795386 0.783670
18.199999 0.829726 6.273672 0.797073 0.786189
18.299999 0.831457 6.291924 0.799491 0.787868
18.400000 0.832828 6.308522 0.801309 0.789793
18.500000 0.834446 6.323947 0.803253 0.792208
18.600000 0.835338 6.339409 0.803864 0.793900
18.699999 0.837572 6.353206 0.806302 0.795717
18.799999 0.839201 6.369473 0.807772 0.797296
18.900000 0.841078 6.385657 0.809611 0.799854
19.000000 0.843082 6.400660 0.811210 0.802052
19.100000 0.844602 6.417044 0.812447 0.804133
19.199999 0.845410 6.429988 0.814198 0.805753
19.299999 0.847059 6.443996 0.815564 0.806863
19.400000 0.848098 6.459877 0.816810 0.808712
19.500000 0.849754 6.473341 0.818550 0.810442
19.600000 0.850695 6.486411 0.820440 0.811093
19.699999 0.852235 6.500062 0.821327 0.812461
19.799999 0.853902 6.515103 0.822587 0.814203
19.900000 0.855820 6.529317 0.824096 0.816072
20.000000 0.857125 6.542455 0.825361 0.818564
20.100000 0.858928 6.555624 0.827249 0.819577
20.199999 0.860612 6.569942 0.828770 0.820468
20.299999 0.861804 6.585039 0.830418 0.821486
20.400000 0.863123 6.596820 0.832071 0.822507
20.500000 0.864196 6.609004 0.833976 0.823902
20.600000 0.866019 6.621840 0.836509 0.824928
20.699999 0.868221 6.634834 0.838175 0.827079
20.799999 0.868805 6.650855 0.839221 0.828611
20.900000 0.870266 6.663542 0.841395 0.831021
21.000000 0.871480 6.674759 0.842448 0.832562
21.100000 0.872948 6.687508 0.843503 0.834607
21.199999 0.874294 6.701418 0.844812 0.836407
21.299999 0.875157 6.714770 0.846144 0.838483
21.400000 0.876383 6.725352 0.847963 0.840669
21.500000 0.877613 6.733946 0.849786 0.842357
21.600000 0.878089 6.744579 0.851236 0.843419
21.699999 0.878692 6.755869 0.852058 0.844736
21.799999 0.880435 6.766810 0.853640 0.845677
21.900000 0.881549 6.779423 0.854467 0.848266
22.000000 0.881906 6.789407 0.855930 0.850101
22.100000 0.882771 6.803857 0.858031 0.853083
22.199999 0.883638 6.814025 0.859883 0.854294
22.299999 0.885271 6.823836 0.860977 0.855253
22.400000 0.885762 6.834692 0.862328 0.857489
22.500000 0.886764 6.846085 0.863555 0.859220
22.600000 0.887257 6.857125 0.864275 0.861338
22.699999 0.888136 6.866914 0.865380 0.862439
22.799999 0.888761 6.877752 0.865975 0.863415
22.900000 0.890028 6.888746 0.866829 0.865035
23.000000 0.891299 6.897844 0.867685 0.866658
23.100000 0.892316 6.910049 0.868414 0.867386
23.199999 0.893592 6.919712 0.869274 0.869146
23.299999 0.893455 6.927209 0.870781 0.870137
23.400000 0.894608 6.936017 0.871904 0.871517
23.500000 0.896151 6.947816 0.871997 0.872126
23.600000 0.897569 6.959001 0.873254 0.873125
23.699999 0.898472 6.969439 0.874514 0.873867
23.799999 0.898859 6.980420 0.875778 0.874222
23.900000 0.899377 6.989353 0.876915 0.875617
24.000000 0.900026 6.999090 0.877795 0.877275
24.100000 0.900286 7.008070 0.878808 0.878287
24.199999 0.901330 7.017206 0.880344 0.879823
24.299999 0.901723 7.027408 0.881493 0.880841
24.400000 0.902378 7.035677 0.882514 0.882384
24.500000 0.902774 7.043837 0.883277 0.883277
24.600000 0.903564 7.053197 0.884041 0.884434
24.699999 0.904225 7.062057 0.885201 0.885726
24.799999 0.904756 7.069759 0.885444 0.886889
24.900000 0.905288 7.078269 0.886477 0.888056
25.000000 0.906217 7.087197 0.887513 0.889357
25.100000 0.906753 7.097072 0.889079 0.890266
25.199999 0.907554 7.105388 0.890782 0.891574
25.299999 0.907696 7.115710 0.891828 0.892357
25.400000 0.908501 7.123411 0.892611 0.892479
25.500000 0.909838 7.130470 0.893530 0.893397
25.599998 0.910913 7.138741 0.894052 0.894716
25.699999 0.911726 7.144110 0.895507 0.894842
25.799999 0.913072 7.152555 0.896166 0.896033
25.900000 0.913623 7.160357 0.896828 0.897094
26.000000 0.915376 7.168980 0.897624 0.898558
26.099998 0.916333 7.175755 0.898289 0.899091
26.199999 0.917827 7.184021 0.899090 0.899893
26.299999 0.918521 7.192575 0.899893 0.900965
26.400000 0.919082 7.199007 0.901235 0.901906
26.500000 0.920317 7.204381 0.902311 0.902042
26.599998 0.921017 7.212595 0.903256 0.902449
26.699999 0.921989 7.218405 0.903934 0.903395
26.799999 0.922423 7.225310 0.904209 0.903805
26.900000 0.923129 7.231289 0.904891 0.904891
27.000000 0.923837 7.236743 0.905979 0.905303
27.099998 0.924817 7.244243 0.906936 0.905581
27.199999 0.925665 7.252171 0.907352 0.906538
27.299999 0.926650 7.259033 0.908177 0.908177
27.400000 0.926823 7.264826 0.909412 0.909140
27.500000 0.927132 7.271996 0.910242 0.910787
27.599998 0.927851 7.278232 0.910529 0.911348
27.699999 0.928435 7.285305 0.911090 0.911909
27.799999 0.929158 7.291301 0.912199 0.911926
27.900000 0.930156 7.297590 0.913038 0.912490
28.000000 0.930472 7.303346 0.913467 0.912781
28.099998 0.930926 7.310354 0.913348 0.914035
28.199999 0.931931 7.316832 0.913641 0.914466
28.299999 0.931837 7.321399 0.914899 0.915588
28.400000 0.932432 7.325979 0.915747 0.916161
28.500000 0.933306 7.331814 0.916736 0.916460
28.599998 0.933490 7.338219 0.918003 0.916759
28.699999 0.934644 7.344088 0.919136 0.916921
28.799999 0.935108 7.348032 0.919163 0.916805
28.900000 0.935573 7.352958 0.919744 0.917106
29.000000 0.936179 7.359566 0.920050 0.917964
29.099998 0.936926 7.365636 0.920217 0.918686
29.199999 0.937674 7.373117 0.921361 0.919130
29.299999 0.938006 7.377828 0.921949 0.919994
29.400000 0.938619 7.382271 0.922399 0.920721
29.500000 0.939513 7.388267 0.922851 0.921031
29.599998 0.939708 7.392737 0.923724 0.921060
29.699999 0.940887 7.398483 0.924459 0.921651
29.799999 0.941789 7.404387 0.925478 0.922244
29.900000 0.942411 7.409744 0.926077 0.923402
30.000000 0.942893 7.414552 0.926114 0.925127
30.099998 0.942813 7.422479 0.926857 0.926010
30.199999 0.943580 7.426471 0.927178 0.926612
30.299999 0.943642 7.430048 0.928066 0.926650
30.400000 0.943846 7.436047 0.928531 0.927255
30.500000 0.944050 7.442061 0.928855 0.927151
30.599998 0.945108 7.447526 0.929039 0.927332
30.699999 0.945172 7.452578 0.929222 0.928368
30.799999 0.945807 7.455077 0.929835 0.928836
30.900000 0.946158 7.460298 0.930163 0.928735
31.000000 0.947082 7.464102 0.930921 0.929491
31.099998 0.948152 7.468204 0.932111 0.930106
31.199999 0.948795 7.472892 0.932874 0.930866
31.299999 0.949296 7.476444 0.933496 0.931772
31.400000 0.949942 7.481444 0.934695 0.932969
31.500000 0.950591 7.489197 0.934889 0.933305
31.599998 0.950808 7.491489 0.935228 0.934074
31.699999 0.951315 7.496388 0.935712 0.934412
31.799999 0.951678 7.501592 0.936198 0.935041
31.900000 0.951898 7.505216 0.936540 0.935526
32.000000 0.953134 7.510157 0.936593 0.936013
32.099998 0.953647 7.513659 0.936937 0.936646
32.200001 0.953725 7.518772 0.936991 0.936409
32.299999 0.953949 7.523171 0.937773 0.937336
32.399998 0.954612 7.526708 0.938558 0.937536
32.500000 0.954838 7.533470 0.939345 0.938176
32.599998 0.955357 7.538788 0.939842 0.938525
32.700001 0.955292 7.543683 0.940193 0.939167
32.799999 0.955226 7.549325 0.940693 0.939959
32.899998 0.955160 7.552485 0.941047 0.940459
33.000000 0.955389 7.555801 0.941254 0.940518
33.099998 0.955323 7.560306 0.941610 0.941168
33.200001 0.955848 7.564235 0.941967 0.941967
33.299999 0.956374 7.568175 0.942029 0.942325
33.399998 0.957050 7.570646 0.942832 0.942091
33.500000 0.957283 7.574162 0.943489 0.941560
33.599998 0.957516 7.576054 0.944147 0.941771
33.700001 0.957602 7.579292 0.945106 0.942725
33.799999 0.957688 7.581794 0.945471 0.943087
33.899998 0.957625 7.583856 0.946434 0.943450
34.000000 0.958159 7.587717 0.946952 0.943814
34.099998 0.958396 7.591290 0.947321 0.945076
34.200001 0.958783 7.594424 0.947842 0.945444
34.299999 0.958871 7.599519 0.948364 0.945812
34.399998 0.959411 7.603728 0.948737 0.946482
34.500000 0.959952 7.607197 0.949413 0.947154
34.599998 0.960495 7.611278 0.950241 0.947678
34.700001 0.960435 7.613863 0.950317 0.948203
34.799999 0.960526 7.617362 0.950847 0.948730
34.899998 0.961072 7.622084 0.950924 0.949258
35.000000 0.961317 7.624393 0.951153 0.950243
35.099998 0.961714 7.626557 0.951535 0.951079
35.200001 0.962568 7.629337 0.952069 0.951917
35.299999 0.962816 7.633191 0.952301 0.952301
35.399998 0.963217 7.636600 0.952991 0.952534
35.500000 0.963467 7.638642 0.953531 0.953072
35.599998 0.963411 7.642223 0.953766 0.952848
35.700001 0.963355 7.644741 0.953849 0.953235
35.799999 0.963759 7.647881 0.954392 0.953778
35.899998 0.963857 7.652415 0.955091 0.953860
36.000000 0.964418 7.655577 0.955176 0.953943
36.099998 0.964671 7.658747 0.955415 0.954181
36.200001 0.964926 7.661156 0.955810 0.954728
36.299999 0.964872 7.664036 0.956360 0.954813
36.399998 0.965282 7.665065 0.956448 0.954898
36.500000 0.965389 7.667081 0.957008 0.954679
36.599998 0.965335 7.669205 0.956941 0.955231
36.700001 0.965904 7.669936 0.957652 0.955473
36.799999 0.965695 7.673320 0.958054 0.956027
36.899998 0.966266 7.676558 0.958457 0.956271
37.000000 0.966213 7.678711 0.958548 0.956984
37.099998 0.966943 7.680244 0.958953 0.957543
37.200001 0.967362 7.683352 0.959046 0.957634
37.299999 0.968097 7.685525 0.959453 0.958196
37.399998 0.968361 7.686762 0.959861 0.958130
37.500000 0.969257 7.689422 0.959798 0.958379
37.599998 0.969841 7.692563 0.960051 0.958629
37.700001 0.969793 7.696505 0.960462 0.958880
37.799999 0.970537 7.698400 0.961666 0.958974
37.899998 0.971129 7.700191 0.962088 0.958756
38.000000 0.971242 7.702733 0.962345 0.959644
38.099998 0.971197 7.704647 0.962444 0.959898
38.200001 0.971151 7.706885 0.962544 0.960472
38.299999 0.971584 7.708972 0.962963 0.960409
38.399998 0.971698 7.711226 0.963064 0.960665
38.500000 0.971973 7.713805 0.963645 0.961243
38.599998 0.972249 7.716554 0.964389 0.961181
38.700001 0.972686 7.719152 0.965135 0.961279
38.799999 0.972642 7.720309 0.965562 0.961056
38.899998 0.972437 7.722599 0.965345 0.961476
39.000000 0.973523 7.723281 0.965612 0.962222
39.099998 0.973480 7.725905 0.966203 0.962646
39.200001 0.974409 7.729187 0.965824 0.963071
39.299999 0.974854 7.731830 0.966418 0.963336
39.399998 0.974976 7.734969 0.966526 0.963276
39.500000 0.975260 7.737142 0.966797 0.963379
39.599998 0.975220 7.737528 0.966906 0.963319
39.700001 0.975343 7.740039 0.967178 0.963586
39.799999 0.975303 7.741576 0.967615 0.964344
39.899998 0.975917 7.742301 0.967562 0.964450
40.000000 0.976534 7.744174 0.967509 0.964227
40.099998 0.976496 7.745234 0.967620 0.964497
40.200001 0.976622 7.746131 0.967896 0.964603
40.299999 0.976748 7.746866 0.968008 0.964875
40.399998 0.976710 7.750083 0.968451 0.965147
40.500000 0.977002 7.752482 0.968729 0.965751
40.599998 0.977130 7.754723 0.968512 0.966523
40.700001 0.977258 7.756308 0.969123 0.966799
40.799999 0.977552 7.756734 0.969571 0.967077
40.899998 0.977519 7.758368 0.969858 0.967194
41.000000 0.977982 7.758966 0.969975 0.967139
41.099998 0.978112 7.759900 0.969925 0.967084
41.200001 0.978243 7.760334 0.969875 0.966862
41.299999 0.978206 7.762280 0.969656 0.967477
41.399998 0.978338 7.763728 0.970109 0.967758
41.500000 0.978133 7.766358 0.970563 0.967872
41.599998 0.978265 7.767818 0.971188 0.968324
41.700001 0.978734 7.769958 0.971646 0.968439
41.799999 0.978867 7.771259 0.971598 0.968554
41.899998 0.979001 7.773243 0.971719 0.968501
42.000000 0.979135 7.775234 0.971671 0.968278
42.099998 0.979269 7.777400 0.972133 0.968394
42.200001 0.979404 7.779233 0.972255 0.968340
42.299999 0.979710 7.781415 0.972549 0.968116
42.399998 0.980188 7.783945 0.972673 0.968232
42.500000 0.980838 7.785286 0.972455 0.968349
42.599998 0.980634 7.785604 0.972237 0.968809
42.700001 0.980601 7.786266 0.972189 0.969099
42.799999 0.980739 7.787962 0.972657 0.969218
42.899998 0.980706 7.790009 0.972610 0.969509
43.000000 0.980673 7.791027 0.972908 0.969974
43.099998 0.980812 7.793431 0.973034 0.970441
43.200001 0.980779 7.794458 0.973507 0.970390
43.299999 0.980572 7.797398 0.973287 0.970685
43.399998 0.980539 7.799827 0.973588 0.970634
43.500000 0.980853 7.800174 0.973890 0.970757
43.599998 0.980645 7.800698 0.974019 0.970706
43.700001 0.980611 7.803319 0.974148 0.970480
43.799999 0.980927 7.804199 0.974628 0.970954
43.899998 0.981069 7.805960 0.974934 0.971253
44.000000 0.981036 7.808429 0.975066 0.971554
44.099998 0.981530 7.811082 0.975198 0.972032
44.200001 0.981498 7.810749 0.975683 0.971982
44.299999 0.981289 7.811828 0.975993 0.972462
44.399998 0.981609 7.813262 0.976304 0.972944
44.500000 0.981754 7.815767 0.976439 0.973074
44.599998 0.981899 7.816681 0.976398 0.972848
44.700001 0.981870 7.816922 0.976715 0.972627
44.799999 0.982194 7.818732 0.977030 0.972934
44.899998 0.981984 7.819300 0.976811 0.972886
45.000000 0.981951 7.821480 0.976769 0.972659
45.099998 0.981919 7.822592 0.977265 0.972968
45.200001 0.981707 7.823350 0.977224 0.972920
45.299999 0.981674 7.824650 0.977363 0.973410
45.399998 0.981282 7.823794 0.977322 0.974262
45.500000 0.981067 7.825460 0.977822 0.973855
45.599998 0.980853 7.824783 0.978324 0.974350
45.700001 0.980818 7.824829 0.978465 0.974303
45.799999 0.980783 7.825235 0.978789 0.974982
45.899998 0.980567 7.825826 0.979114 0.975118
46.000000 0.980895 7.826965 0.979440 0.975255
46.099998 0.980860 7.826832 0.979767 0.975210
46.200001 0.981008 7.827977 0.979547 0.975347
46.299999 0.980973 7.828759 0.979693 0.975119
46.399998 0.981122 7.829362 0.979472 0.975806
46.500000 0.981271 7.829415 0.979434 0.975946
46.599998 0.982156 7.830574 0.979765 0.975901
46.700001 0.982492 7.831183 0.979912 0.975857
46.799999 0.982644 7.831610 0.980059 0.975812
46.899998 0.982797 7.832963 0.980207 0.975583
47.000000 0.983321 7.833766 0.980726 0.975537
47.099998 0.983476 7.834385 0.980876 0.976049
47.200001 0.984003 7.836124 0.981213 0.975632
47.299999 0.983973 7.836936 0.981364 0.975401
47.399998 0.984130 7.837752 0.980956 0.975168
47.500000 0.984474 7.837823 0.981107 0.975496
47.599998 0.984258 7.839018 0.980885 0.975450
47.700001 0.984604 7.840405 0.981036 0.975404
47.799999 0.984763 7.840670 0.981565 0.975546
47.899998 0.984734 7.840746 0.981153 0.975499
48.000000 0.984894 7.841578 0.981118 0.975642
48.099998 0.985055 7.842981 0.980704 0.975785
48.200001 0.984837 7.843631 0.980857 0.975929
48.299999 0.984808 7.842765 0.981010 0.975883
48.399998 0.984399 7.843037 0.980784 0.976027
48.500000 0.984178 7.842737 0.980938 0.976172
48.599998 0.984148 7.843773 0.981283 0.976700
48.700001 0.984309 7.844814 0.981630 0.976655
48.799999 0.984471 7.843942 0.981787 0.976610
48.899998 0.984633 7.845178 0.982136 0.976373
49.000000 0.984796 7.845843 0.982102 0.976520
49.099998 0.984767 7.846895 0.982646 0.976475
49.200001 0.984930 7.847373 0.982805 0.976430
49.299999 0.984901 7.846691 0.983159 0.976965
49.399998 0.984872 7.847168 0.983320 0.976726
49.500000 0.984843 7.847843 0.983094 0.976681
49.599998 0.984424 7.848715 0.983061 0.976636
49.700001 0.984393 7.849395 0.983223 0.976980
49.799999 0.984363 7.850860 0.982995 0.976935
49.899998 0.984332 7.850960 0.982765 0.977282
50.000000 0.984498 7.851452 0.982535 0.977237
50.099998 0.985057 7.852930 0.982698 0.977782
50.200001 0.985225 7.854019 0.982664 0.977738
50.299999 0.985195 7.854718 0.982629 0.977497
50.399998 0.985166 7.855024 0.983188 0.977650
50.500000 0.985137 7.855727 0.983155 0.977210
50.599998 0.984909 7.857823 0.983122 0.977363
50.700001 0.984879 7.859331 0.983088 0.977318
50.799999 0.984848 7.860247 0.983254 0.977273
50.899998 0.984618 7.861366 0.983620 0.977227
51.000000 0.984788 7.862289 0.983787 0.977782
51.099998 0.984757 7.862816 0.984356 0.978339
51.199997 0.984727 7.864349 0.984526 0.978497
51.299999 0.984897 7.865686 0.984495 0.978856
51.399998 0.984665 7.866223 0.984665 0.979015
51.500000 0.984836 7.866356 0.984432 0.979377
51.599998 0.984603 7.867504 0.984603 0.979538
51.699997 0.985181 7.868453 0.985181 0.979700
51.799999 0.985354 7.868795 0.985354 0.979658
51.899998 0.985324 7.870771 0.985324 0.979413
52.000000 0.985703 7.871733 0.985090 0.979371
52.099998 0.985878 7.871674 0.985059 0.979943
52.199997 0.986054 7.871821 0.985234 0.980107
52.299999 0.985820 7.872380 0.984792 0.980271
52.399998 0.985585 7.872529 0.984555 0.980231
52.500000 0.985555 7.872885 0.984936 0.980190
52.599998 0.985525 7.873242 0.985112 0.981183
52.699997 0.985495 7.873808 0.984874 0.980937
52.799999 0.985465 7.873546 0.984842 0.981312
52.899998 0.985435 7.873907 0.985019 0.981273
53.000000 0.985404 7.873645 0.985613 0.981234
53.099998 0.985374 7.873589 0.985583 0.981195
53.199997 0.985553 7.875000 0.985762 0.981365
53.299999 0.985522 7.876416 0.985942 0.981116
53.399998 0.985282 7.876998 0.986333 0.981497
53.500000 0.985251 7.878424 0.986304 0.981458
53.599998 0.985431 7.879645 0.986275 0.981208
53.699997 0.985400 7.880448 0.986246 0.982014
53.799999 0.985157 7.880195 0.986429 0.982188
53.899998 0.985125 7.880578 0.986825 0.982363
54.000000 0.985307 7.880963 0.986584 0.982538
54.099998 0.985275 7.880922 0.986983 0.982074
54.199997 0.985244 7.881523 0.987168 0.982250
54.299999 0.984998 7.881483 0.987141 0.982640
54.399998 0.985610 7.883376 0.987113 0.982388
54.500000 0.985579 7.883771 0.987086 0.982350
54.599998 0.985979 7.883736 0.987058 0.982528
54.699997 0.985949 7.883485 0.987030 0.982274
54.799999 0.986135 7.883233 0.987435 0.982236
54.899998 0.986105 7.883413 0.987408 0.981980
55.000000 0.986075 7.883159 0.987598 0.981941
55.099998 0.986263 7.883340 0.988007 0.981901
55.199997 0.985577 7.883086 0.987981 0.981862
55.299999 0.985545 7.883268 0.988173 0.982041
55.399998 0.985953 7.883889 0.988586 0.981782
55.500000 0.986142 7.884953 0.988561 0.981962
55.599998 0.986111 7.884480 0.988316 0.981922
55.699997 0.986301 7.884445 0.988511 0.981882
55.799999 0.986271 7.885076 0.988043 0.982064
55.899998 0.986241 7.885486 0.988460 0.982024
56.000000 0.986432 7.885453 0.988434 0.981762
56.099998 0.986402 7.885644 0.988185 0.981944
56.199997 0.986372 7.885612 0.988159 0.981903
56.299999 0.986341 7.886699 0.987685 0.982311
56.399998 0.986759 7.887118 0.987657 0.982495
56.500000 0.987179 7.887539 0.987629 0.982906
56.599998 0.986925 7.887962 0.987827 0.982642
56.699997 0.987573 7.888387 0.987799 0.982603
56.799999 0.987772 7.888813 0.987772 0.983016
56.899998 0.987744 7.889469 0.987290 0.983205
57.000000 0.987944 7.889445 0.986806 0.982939
57.099998 0.987916 7.889648 0.987232 0.983128
57.199997 0.987660 7.890311 0.987203 0.982861
57.299999 0.988319 7.892120 0.987403 0.982822
57.399998 0.988522 7.892333 0.987144 0.982553
57.500000 0.988495 7.892545 0.987575 0.982513
57.599998 0.988699 7.893219 0.987546 0.982472
57.699997 0.989135 7.892741 0.987517 0.982432
57.799999 0.989110 7.892957 0.987488 0.982623
57.899998 0.989317 7.892476 0.987459 0.981886
58.000000 0.989292 7.892691 0.987663 0.982076
58.099998 0.989267 7.893607 0.987634 0.982035
58.199997 0.989242 7.894761 0.987839 0.981993
58.299999 0.988983 7.895687 0.987811 0.981950
58.399998 0.989427 7.896147 0.987312 0.982143
58.500000 0.989166 7.897551 0.987282 0.982101
58.599998 0.988905 7.898489 0.987252 0.982295
58.699997 0.988878 7.898485 0.987222 0.982253
58.799999 0.988852 7.898482 0.987192 0.981973
58.899998 0.988826 7.898240 0.987399 0.981931
59.000000 0.988561 7.898952 0.987846 0.982602
59.099998 0.988294 7.899187 0.988055 0.983039
59.199997 0.988506 7.900383 0.987787 0.983238
59.299999 0.988478 7.900384 0.987998 0.983437
59.399998 0.988450 7.900626 0.988450 0.983397
59.500000 0.988423 7.901833 0.988181 0.983116
59.599998 0.988636 7.902079 0.987911 0.982834
59.699997 0.988609 7.902327 0.987882 0.983034
59.799999 0.988338 7.901846 0.987852 0.982993
59.899998 0.988553 7.902338 0.987579 0.982952
60.000000 0.988525 7.902344 0.987793 0.983154
60.099998 0.988253 7.902349 0.987763 0.983113
60.199997 0.988714 7.902110 0.987488 0.983562
60.299999 0.988933 7.902853 0.987457 0.983768
60.399998 0.988905 7.902120 0.987426 0.983728
60.500000 0.988878 7.902373 0.987395 0.984182
60.599998 0.988850 7.902379 0.987364 0.984143
60.699997 0.988574 7.902136 0.986836 0.984103
60.799999 0.988546 7.901892 0.986803 0.983815
60.899998 0.988517 7.901398 0.987019 0.983525
61.000000 0.988989 7.900651 0.986737 0.983483
61.099998 0.988961 7.901404 0.986453 0.982940
61.199997 0.989437 7.901157 0.986922 0.983149
61.299999 0.989410 7.902168 0.987645 0.982854
61.399998 0.989130 7.902427 0.987614 0.983569
61.500000 0.988849 7.903193 0.987836 0.983781
61.599998 0.989329 7.904471 0.988059 0.983486
61.699997 0.989302 7.905247 0.988283 0.983189
61.799999 0.989275 7.904750 0.988253 0.983912
61.899998 0.989759 7.905018 0.988223 0.984895
62.000000 0.989733 7.904004 0.988193 0.984856
62.099998 0.989707 7.904272 0.987391 0.984560
62.199997 0.990196 7.904541 0.987358 0.984778
62.299999 0.989653 7.904552 0.988101 0.985256
62.399998 0.989627 7.905602 0.988071 0.984699
62.500000 0.989600 7.906136 0.988039 0.984659
62.599998 0.989572 7.906152 0.988530 0.984619
62.699997 0.989284 7.905384 0.988500 0.984841
62.799999 0.989780 7.905923 0.988470 0.984801
62.899998 0.989753 7.905412 0.988439 0.984761
63.000000 0.990253 7.905163 0.988409 0.984984
63.099998 0.989963 7.906234 0.988114 0.984945
63.199997 0.989936 7.907574 0.988347 0.984905
63.299999 0.989910 7.907329 0.988582 0.984599
63.399998 0.989883 7.907349 0.988552 0.984292
63.500000 0.989856 7.906567 0.988254 0.984250
63.599998 0.990364 7.907923 0.988223 0.984743
63.699997 0.990070 7.908213 0.988728 0.985239
63.799999 0.990043 7.907697 0.988967 0.985468
63.899998 0.990286 7.907448 0.988937 0.985429
64.000000 0.990260 7.907738 0.989177 0.985660
64.099998 0.990505 7.907759 0.989419 0.985621
64.199997 0.990207 7.908052 0.989391 0.985310
64.299995 0.990180 7.907801 0.989907 0.985270
64.400002 0.989880 7.907276 0.990153 0.985503
64.500000 0.989852 7.907570 0.990126 0.985738
64.599998 0.990099 7.907866 0.990374 0.985974
64.699997 0.990072 7.908163 0.990348 0.985659
64.799995 0.990044 7.908739 0.990321 0.985619
64.900002 0.989739 7.908764 0.990849 0.985580
65.000000 0.989711 7.908509 0.990545 0.985818
65.099998 0.989961 7.909091 0.990519 0.986057
65.199997 0.989374 7.908557 0.990492 0.986298
65.299995 0.989624 7.907459 0.990466 0.986259
65.400002 0.989595 7.908324 0.990439 0.986220
65.500000 0.989566 7.908629 0.990694 0.986464
65.599998 0.989536 7.908654 0.990667 0.986708
65.699997 0.989507 7.909245 0.990925 0.986954
65.799995 0.989477 7.909841 0.991183 0.987201
65.900002 0.989447 7.910725 0.991158 0.987165
66.000000 0.989416 7.910183 0.991133 0.986842
66.099998 0.989386 7.910786 0.991107 0.986804
66.199997 0.989356 7.910817 0.991082 0.986766
66.299995 0.989325 7.910560 0.991633 0.986440
66.400002 0.989294 7.910591 0.991609 0.986400
66.500000 0.989843 7.911202 0.991584 0.986651
66.599998 0.989814 7.910361 0.991560 0.987194
66.699997 0.990368 7.910683 0.991243 0.986865
66.799995 0.990047 7.911592 0.990632 0.987119
66.900002 0.990018 7.912214 0.990311 0.987082
67.000000 0.989988 7.912544 0.990577 0.987044
67.099998 0.989959 7.913467 0.989663 0.986710
67.199997 0.989929 7.913804 0.989336 0.986671
67.299995 0.990493 7.913548 0.989305 0.986334
67.400002 0.990465 7.914780 0.989571 0.985697
67.500000 0.990436 7.914226 0.989241 0.985655
67.599998 0.990408 7.913969 0.989209 0.985911
67.699997 0.990680 7.914913 0.989477 0.985869
67.799995 0.990651 7.913449 0.989445 0.985525
67.900002 0.990321 7.913188 0.989413 0.985783
68.000000 0.990291 7.913228 0.989381 0.985740
68.099998 0.990262 7.913269 0.989044 0.985697
68.199997 0.990232 7.913309 0.989011 0.985653
68.299995 0.989896 7.913350 0.988671 0.985609
68.400002 0.989865 7.912469 0.988636 0.985872
68.500000 0.989834 7.913124 0.988909 0.985829
68.599998 0.989802 7.913165 0.988566 0.986094
68.699997 0.989771 7.912895 0.988531 0.986051
68.799995 0.989428 7.912935 0.987873 0.986318
68.900002 0.989395 7.913599 0.988147 0.985964
69.000000 0.989049 7.913016 0.988110 0.985920
69.099998 0.988701 7.912116 0.988073 0.985876
69.199997 0.988665 7.911524 0.988350 0.985831
69.299995 0.988945 7.912508 0.989261 0.986102
69.400002 0.988910 7.911914 0.989227 0.986375
69.500000 0.989193 7.911316 0.989193 0.986650
69.599998 0.988839 7.911671 0.989158 0.986607
69.699997 0.989123 7.912667 0.988804 0.986564
69.799995 0.989089 7.911746 0.988126 0.986842
69.900002 0.988732 7.913072 0.988088 0.986800
70.000000 0.988695 7.913436 0.988372 0.987080
70.099998 0.988658 7.913481 0.988010 0.987038
70.199997 0.988622 7.913199 0.987971 0.986996
70.299995 0.988911 7.912263 0.987932 0.987280
70.400002 0.988874 7.912631 0.987893 0.987238
70.500000 0.988510 7.913329 0.988510 0.987525
70.599998 0.988472 7.913702 0.988472 0.987813
70.699997 0.988103 7.912426 0.988434 0.987773
70.799995 0.987732 7.910809 0.988395 0.988064
70.900002 0.988357 7.910845 0.988024 0.988357
71.000000 0.988318 7.911549 0.987984 0.987984
71.099998 0.988279 7.911588 0.987944 0.988279
71.199997 0.988575 7.911962 0.987903 0.988239
71.299995 0.988537 7.912003 0.987525 0.988537
71.400002 0.988836 7.911705 0.987483 0.988498
71.500000 0.988798 7.911406 0.987101 0.988459
71.599998 0.988760 7.911103 0.987398 0.989101
71.699997 0.988380 7.911141 0.987355 0.989064
71.799995 0.988340 7.913923 0.987654 0.988683
71.900002 0.987956 7.912939 0.987956 0.988644
72.000000 0.987569 7.912293 0.988260 0.988605
72.099998 0.987526 7.912682 0.987872 0.988566
72.199997 0.987483 7.911683 0.987830 0.988873
72.299995 0.987090 7.912073 0.987788 0.988835
72.400002 0.987395 7.913165 0.988095 0.988796
72.500000 0.987702 7.913212 0.988053 0.988756
72.599998 0.987659 7.913258 0.987659 0.988716
72.699997 0.987261 7.914721 0.987615 0.988323
72.799995 0.987216 7.914418 0.987571 0.988281
72.900002 0.986814 7.914112 0.987883 0.988596
73.000000 0.986767 7.914163 0.987840 0.988555
73.099998 0.986719 7.915649 0.987796 0.989232
73.199997 0.986671 7.916066 0.987752 0.989193
73.299995 0.986623 7.917209 0.987708 0.988792
73.400002 0.986938 7.916909 0.987663 0.989115
73.500000 0.986890 7.918063 0.987618 0.989439
73.599998 0.986842 7.918494 0.987573 0.989401
73.699997 0.987161 7.918562 0.987894 0.988995
73.799995 0.987113 7.918630 0.988218 0.988954
73.900002 0.987435 7.920177 0.988544 0.988914
74.000000 0.987389 7.920994 0.987389 0.989243
74.099998 0.987342 7.919582 0.987714 0.989576
74.199997 0.987668 7.920777 0.987668 0.989537
74.299995 0.987622 7.921230 0.987622 0.989497
74.400002 0.987575 7.921686 0.988328 0.989458
74.500000 0.986772 7.921768 0.988662 0.989796
74.599998 0.986722 7.921852 0.988619 0.990137
74.699997 0.986672 7.922696 0.988957 0.990099
74.799995 0.987003 7.920872 0.988914 0.989679
74.900002 0.986953 7.920568 0.988872 0.990407
75.000000 0.986903 7.920262 0.988829 0.990370
75.099998 0.986852 7.919567 0.988786 0.990719
75.199997 0.986801 7.920032 0.988354 0.990683
75.299995 0.986750 7.920109 0.987529 0.990647
75.400002 0.987480 7.920970 0.987480 0.990610
75.500000 0.987431 7.920660 0.987431 0.990573
75.599998 0.988170 7.919952 0.986593 0.990931
75.699997 0.988124 7.919240 0.986936 0.990499
75.799995 0.988474 7.919317 0.986486 0.990858
75.900002 0.988827 7.919793 0.986433 0.990822
76.000000 0.988782 7.918670 0.986378 0.990785
76.099998 0.988335 7.918745 0.986323 0.990748
76.199997 0.988288 7.918417 0.986268 0.991115
76.299995 0.988240 7.916464 0.985807 0.990673
76.400002 0.988192 7.916123 0.985342 0.990635
76.500000 0.988144 7.915781 0.985282 0.990597
76.599998 0.988095 7.915025 0.985222 0.990558
76.699997 0.987634 7.917148 0.986397 0.990519
76.799995 0.987583 7.916390 0.986341 0.990066
76.900002 0.988362 7.915627 0.985869 0.990441
77.000000 0.988314 7.916110 0.985810 0.990818
77.099998 0.988684 7.916597 0.985331 0.990360
77.199997 0.989057 7.916245 0.985269 0.990320
77.299995 0.989434 7.915892 0.985207 0.990702
77.400002 0.989389 7.916808 0.985144 0.991511
77.500000 0.989344 7.916453 0.984655 0.991049
77.599998 0.988870 7.916524 0.984589 0.991010
77.699997 0.988822 7.916595 0.984523 0.990542
77.799995 0.989206 7.915803 0.984888 0.989637
77.900002 0.989159 7.916306 0.984822 0.990026
78.000000 0.989111 7.917247 0.985192 0.989983
78.099998 0.988189 7.916448 0.985564 0.989939
78.199997 0.988137 7.917838 0.985940 0.989455
78.299995 0.988085 7.916152 0.986319 0.989409
78.400002 0.988032 7.917553 0.986702 0.989362
78.500000 0.988424 7.918522 0.987088 0.989314
78.599998 0.988372 7.918604 0.987478 0.989714
78.699997 0.988320 7.918688 0.987421 0.990117
78.799995 0.988718 7.919675 0.987365 0.989621
78.900002 0.988667 7.919311 0.988214 0.989574
79.000000 0.989526 7.919854 0.987705 0.989982
79.099998 0.989021 7.920860 0.987649 0.990393
79.199997 0.988971 7.921415 0.987132 0.990349
79.299995 0.988458 7.921052 0.986150 0.990305
79.400002 0.988868 7.921150 0.986085 0.990260
79.500000 0.988350 7.921248 0.986021 0.990214
79.599998 0.988296 7.920412 0.985955 0.990169
79.699997 0.988241 7.920979 0.986359 0.989652
79.799995 0.988185 7.922023 0.986295 0.989603
79.900002 0.988129 7.922127 0.985755 0.989554
80.000000 0.988073 7.921756 0.985687 0.989981
80.099998 0.988015 7.922339 0.985618 0.989933
80.199997 0.988921 7.922447 0.986031 0.990366
80.299995 0.988867 7.922071 0.985963 0.989835
80.400002 0.988813 7.922666 0.985895 0.988813
80.500000 0.988759 7.923754 0.985337 0.988759
80.599998 0.988703 7.923379 0.985756 0.988703
80.699997 0.988648 7.923495 0.985686 0.988648
80.799995 0.988591 7.923611 0.985615 0.988591
80.900002 0.989033 7.924227 0.985543 0.988036
81.000000 0.988978 7.923848 0.985471 0.988477
81.099998 0.989426 7.924975 0.984894 0.988419
81.199997 0.989372 7.926620 0.984818 0.988360
81.299995 0.989827 7.926247 0.985249 0.988301
81.400002 0.989775 7.926380 0.986196 0.988753
81.500000 0.989722 7.926517 0.986125 0.988695
81.599998 0.989669 7.925103 0.986570 0.988636
81.699997 0.989616 7.924195 0.986501 0.988577
81.799995 0.989562 7.923800 0.986430 0.989040
81.900002 0.989507 7.923399 0.986359 0.989507
82.000000 0.988924 7.924578 0.986814 0.989451
82.099998 0.988865 7.924178 0.987275 0.989396
82.199997 0.989339 7.925906 0.987740 0.989339
82.299995 0.989818 7.927652 0.987674 0.990354
82.400002 0.989763 7.927263 0.987608 0.990302
82.500000 0.989707 7.926327 0.988624 0.990249
82.599998 0.989651 7.927015 0.989107 0.989651
82.699997 0.990690 7.927164 0.988499 0.990142
82.799995 0.990639 7.927312 0.988436 0.990088
82.900002 0.991141 7.926357 0.988372 0.991694
83.000000 0.991091 7.927061 0.988307 0.991648
83.099998 0.991041 7.926092 0.988242 0.992721
83.199997 0.990991 7.926238 0.987050 0.992117
83.299995 0.990374 7.924689 0.986976 0.992072
83.400002 0.990888 7.925399 0.987472 0.991458
83.500000 0.990836 7.924972 0.987972 0.991982
83.599998 0.990783 7.925691 0.987327 0.991359
83.699997 0.990730 7.925260 0.987254 0.991309
83.799995 0.990676 7.924825 0.987179 0.990676
83.900002 0.991207 7.924385 0.986518 0.990621
84.000000 0.991745 7.923348 0.987028 0.990566
84.099998 0.991696 7.922895 0.986951 0.990510
84.199997 0.991050 7.923031 0.986874 0.991050
84.299995 0.990996 7.922569 0.986795 0.990996
84.400002 0.991546 7.923913 0.986715 0.990942
84.500000 0.991495 7.924058 0.987242 0.990887
84.599998 0.991443 7.925428 0.987164 0.990831
84.699997 0.991390 7.926814 0.987085 0.990775
84.799995 0.991955 7.927599 0.987005 0.991337
84.900002 0.992528 7.927771 0.986924 0.991283
85.000000 0.992481 7.927319 0.986842 0.992481
85.099998 0.992434 7.928121 0.986759 0.992434
85.199997 0.993020 7.928299 0.986675 0.992386
85.299995 0.993614 7.928481 0.987229 0.991699
85.400002 0.994216 7.929306 0.986504 0.991645
85.500000 0.994179 7.928203 0.986417 0.991591
85.599998 0.993490 7.927734 0.986328 0.991536
85.699997 0.993447 7.927916 0.986239 0.991481
85.799995 0.992744 7.929420 0.986148 0.991425
85.900002 0.992696 7.931607 0.986056 0.992032
86.000000 0.992647 7.931149 0.985963 0.991979
86.099998 0.992598 7.933379 0.986541 0.991925
86.199997 0.992547 7.933604 0.987127 0.991870
86.299995 0.992497 7.933834 0.987722 0.991814
86.400002 0.992445 7.934066 0.987637 0.991758
86.500000 0.992393 7.933610 0.987552 0.991701
86.599998 0.992340 7.933148 0.987465 0.991643
86.699997 0.992286 7.932679 0.988079 0.990884
86.799995 0.992232 7.932910 0.987994 0.991525
86.900002 0.992176 7.931010 0.988620 0.991465
87.000000 0.992120 7.930516 0.987822 0.991404
87.099998 0.992063 7.930015 0.987734 0.991342
87.199997 0.992006 7.928779 0.987645 0.992733
87.299995 0.991947 7.928989 0.988287 0.992679
87.400002 0.991150 7.929203 0.988938 0.992625
87.500000 0.991085 7.928678 0.988856 0.992571
87.599998 0.991018 7.929641 0.988772 0.993263
87.699997 0.990950 7.929111 0.989442 0.993213
87.799995 0.990881 7.927812 0.989362 0.993161
87.900002 0.990812 7.927259 0.989280 0.993109
88.000000 0.989969 7.926697 0.989969 0.993056
88.099998 0.990669 7.925350 0.990669 0.993002
88.199997 0.990596 7.925549 0.990596 0.992947
88.299995 0.990521 7.924170 0.990521 0.992891
88.400002 0.990446 7.926752 0.990446 0.992834
88.500000 0.989567 7.927769 0.991172 0.993579
88.599998 0.989482 7.926375 0.990291 0.993528
88.699997 0.989396 7.925775 0.990212 0.993475
88.799995 0.989309 7.927631 0.990132 0.993421
88.900002 0.989221 7.926202 0.990050 0.994196
89.000000 0.989130 7.927258 0.989967 0.994147
89.099998 0.988196 7.924958 0.990725 0.994098
89.199997 0.987245 7.923470 0.990646 0.994048
89.299995 0.987136 7.923671 0.991424 0.993997
89.400002 0.987889 7.924740 0.990484 0.993080
89.500000 0.987784 7.923211 0.990401 0.993019
89.599998 0.986796 7.922535 0.990317 0.992958
89.699997 0.986678 7.922735 0.990231 0.992895
89.799995 0.986559 7.922939 0.990143 0.992832
89.900002 0.987342 7.924051 0.991863 0.992767
90.000000 0.987226 7.924271 0.991788 0.992701
90.099998 0.988029 7.925414 0.991713 0.992634
90.199997 0.987918 7.923792 0.991636 0.992565
90.299995 0.988743 7.924016 0.991557 0.992495
90.400002 0.988636 7.921402 0.991477 0.991477
90.500000 0.988528 7.921607 0.991396 0.991396
90.599998 0.988417 7.923745 0.991313 0.991313
90.699997 0.988304 7.922027 0.990253 0.991228
90.799995 0.988189 7.923229 0.990157 0.991142
90.900002 0.988072 7.921471 0.990060 0.992048
91.000000 0.988956 7.920682 0.989960 0.991968
91.099998 0.987830 7.921906 0.989858 0.991886
91.199997 0.987705 7.925205 0.989754 0.991803
91.299995 0.987578 7.923395 0.989648 0.991718
91.400002 0.987448 7.923640 0.989540 0.992678
91.500000 0.987315 7.922833 0.989429 0.991543
91.599998 0.987179 7.923077 0.990385 0.991453
91.699997 0.987041 7.923326 0.990281 0.991361
91.799995 0.986900 7.923581 0.991266 0.991266
91.900002 0.986755 7.922737 0.991170 0.991170
92.000000 0.987723 7.921875 0.991071 0.991071
92.099998 0.986456 7.920993 0.990971 0.990971
92.199997 0.986301 7.920091 0.992009 0.990868
92.299995 0.986143 7.919168 0.991917 0.990762
92.400002 0.987150 7.921729 0.992991 0.990654
92.500000 0.986998 7.923168 0.992908 0.990544
92.599998 0.986842 7.924641 0.992823 0.990431
92.699997 0.986683 7.921308 0.992736 0.990315
92.799995 0.987745 7.921569 0.990196 0.990196
92.900002 0.988834 7.921836 0.992556 0.988834
93.000000 0.988693 7.919598 0.992462 0.988693
93.099998 0.987277 7.919847 0.992366 0.987277
93.199997 0.987113 7.920103 0.992268 0.987113
93.299995 0.986945 7.919060 0.992167 0.986945
93.400002 0.988095 7.915344 0.992063 0.986772
93.500000 0.989276 7.912869 0.991957 0.986595
93.599998 0.989130 7.914402 0.993207 0.986413
93.699997 0.988981 7.913224 0.993113 0.986226
93.799995 0.988827 7.916201 0.993017 0.986033
93.900002 0.988669 7.916431 0.994334 0.985836
94.000000 0.988506 7.918103 0.995690 0.985632
94.099998 0.988338 7.915452 0.995627 0.983965
94.199997 0.988166 7.917160 0.997041 0.983728
94.299995 0.987988 7.915915 0.996997 0.983483
94.400002 0.987805 7.919208 0.996951 0.983232
94.500000 0.987616 7.919504 0.996904 0.984520
94.599998 0.987421 7.916667 0.996855 0.984277
94.699997 0.987220 7.920128 0.996805 0.984026
94.799995 0.987013 7.918831 0.996753 0.985390
94.900002 0.986799 7.924092 0.996700 0.985148
95.000000 0.986577 7.921141 0.996644 0.984899
95.099998 0.986348 7.919795 0.996587 0.982935
95.199997 0.986111 7.921875 0.996528 0.982639
95.299995 0.985866 7.918728 0.996466 0.984099
95.400002 0.985611 7.917266 0.996403 0.985611
95.500000 0.985348 7.917582 0.996337 0.981685
95.599998 0.983209 7.916044 0.996269 0.983209
95.699997 0.982890 7.914449 0.996198 0.984791
95.799995 0.982558 7.914728 0.996124 0.984496
95.900002 0.984190 7.913044 0.996047 0.984190
96.000000 0.981855 7.909274 0.995968 0.981855
96.099998 0.981481 7.909465 0.995885 0.981481
96.199997 0.981092 7.909664 0.995798 0.981092
96.299995 0.982833 7.914163 0.995708 0.980687
96.400002 0.982456 7.912281 0.995614 0.982456
96.500000 0.982063 7.914798 0.995516 0.984305
96.599998 0.983945 7.912844 0.995413 0.983945
96.699997 0.983568 7.915493 0.995305 0.983568
96.799995 0.983173 7.913462 0.995192 0.985577
96.900002 0.982759 7.913793 0.995074 0.987685
97.000000 0.982323 7.909091 0.994950 0.987374
97.099998 0.981865 7.911917 0.994819 0.987047
97.199997 0.984043 7.909574 0.994681 0.986702
97.299995 0.983607 7.909836 0.994536 0.986339
97.400002 0.983146 7.912921 0.994382 0.985955
97.500000 0.982659 7.910405 0.994220 0.985549
97.599998 0.985119 7.910714 0.994048 0.985119
97.699997 0.984663 7.907975 0.993865 0.987730
97.799995 0.984177 7.911392 0.996835 0.987342
97.900002 0.983660 7.911765 0.996732 0.986928
98.000000 0.983108 7.912162 0.996622 0.986486
98.099998 0.982517 7.912587 0.996503 0.986014
98.199997 0.985507 7.909420 0.996377 0.985507
98.299995 0.984962 7.902256 0.996241 0.984962
98.400002 0.984375 7.910156 0.996094 0.984375
98.500000 0.983740 7.906504 0.995935 0.983740
98.599998 0.983051 7.898305 0.995763 0.983051
98.699997 0.982301 7.898230 0.995575 0.982301
98.799995 0.981481 7.912037 0.995370 0.981481
98.900002 0.980583 7.907767 0.995146 0.980583
99.000000 0.979592 7.897959 0.994898 0.979592
99.099998 0.978495 7.897850 0.989247 0.983871
99.199997 0.977273 7.909091 0.988636 0.982955
99.299995 0.975904 7.915662 0.987952 0.981928
99.400002 0.974359 7.910257 0.987179 0.987179
99.500000 0.972603 7.904110 0.986301 0.986301
99.599998 0.970588 7.897059 0.985294 0.992647
99.699997 0.976190 7.896826 0.984127 0.992063
99.799995 0.974138 7.887930 0.982759 0.991379
99.900002 0.971698 7.877359 0.981132 1.000000
100.000000 0.968750 7.885417 0.979167 1.000000
100.099998 0.976744 7.872093 0.976744 1.000000
100.199997 0.973684 7.855264 0.973684 1.000000
100.299995 0.984848 7.863636 0.969697 1.000000
100.400002 0.982143 7.875000 0.964286 1.000000
100.500000 1.000000 7.913044 1.000000 1.000000
100.599998 1.000000 7.888889 1.000000 1.000000
100.699997 1.000000 7.923077 1.000000 1.000000
100.799995 1.000000 7.875000 1.000000 1.000000
100.900002 1.000000 8.000000 1.000000 1.000000
