0.000000 0.000801 0.007306 0.001601 0.001001
0.100000 0.010900 0.079300 0.009800 0.011500
0.200000 0.023312 0.145573 0.019210 0.021011
0.300000 0.032203 0.203120 0.028903 0.030103
0.400000 0.043631 0.263184 0.037927 0.039528
0.500000 0.054281 0.315173 0.048573 0.049875
0.600000 0.062932 0.360156 0.056118 0.057521
0.700000 0.072503 0.399318 0.064681 0.064781
0.800000 0.082714 0.439972 0.074182 0.072375
0.900000 0.091640 0.475482 0.080285 0.083199
1.000000 0.102152 0.503016 0.088277 0.090086
1.100000 0.111816 0.531300 0.092895 0.095310
1.200000 0.120480 0.562204 0.099325 0.099728
1.300000 0.128730 0.597177 0.107661 0.105645
1.400000 0.135419 0.620585 0.116044 0.111604
1.500000 0.142525 0.648485 0.122323 0.117475
1.600000 0.149530 0.681630 0.126883 0.124052
1.700000 0.158470 0.706436 0.133475 0.129124
1.800000 0.166413 0.730680 0.136534 0.133192
1.900000 0.175182 0.763788 0.142843 0.138990
2.000000 0.182971 0.794906 0.145322 0.144002
2.100000 0.191448 0.825919 0.149502 0.148182
2.200000 0.197316 0.866321 0.153502 0.153197
2.300000 0.204030 0.897018 0.159255 0.156508
2.400000 0.211914 0.930041 0.166802 0.159980
2.500000 0.219855 0.965855 0.170013 0.164407
2.600000 0.227222 1.002857 0.172431 0.168758
2.700000 0.235907 1.038807 0.178819 0.174122
2.800000 0.242461 1.076868 0.181846 0.179597
2.900000 0.249335 1.111930 0.185390 0.182832
3.000000 0.256119 1.155146 0.190374 0.187097
3.100000 0.263838 1.197930 0.192497 0.191984
3.200000 0.270265 1.235379 0.196593 0.195978
3.300000 0.276368 1.276882 0.200781 0.200678
3.400000 0.283512 1.323910 0.203845 0.205798
3.500000 0.290595 1.364993 0.206730 0.208685
3.600000 0.298486 1.409105 0.209908 0.210217
3.700000 0.305805 1.457470 0.216311 0.215280
3.800000 0.311590 1.502116 0.222211 0.221385
3.900000 0.318318 1.542205 0.225333 0.227813
4.000000 0.325266 1.591581 0.230220 0.230944
4.100000 0.332609 1.635404 0.234679 0.235507
4.200000 0.339482 1.682383 0.238653 0.238964
4.300000 0.347163 1.728244 0.243439 0.243647
4.400000 0.353546 1.784965 0.248468 0.248780
4.500000 0.360424 1.832363 0.252442 0.252650
4.600000 0.365273 1.877861 0.258115 0.257387
4.700000 0.370613 1.927731 0.263772 0.263459
4.800000 0.377775 1.978630 0.270093 0.266444
4.900000 0.384013 2.027653 0.276323 0.274027
5.000000 0.392040 2.075003 0.280894 0.279432
5.100000 0.398515 2.128725 0.287567 0.286521
5.200000 0.403915 2.178982 0.292966 0.294013
5.300000 0.410477 2.227135 0.301938 0.299005
5.400000 0.414997 2.278972 0.307813 0.304982
5.500000 0.421058 2.325950 0.313983 0.309784
5.600000 0.425704 2.373791 0.320618 0.318096
5.700000 0.430675 2.419840 0.326846 0.323270
5.800000 0.435611 2.467937 0.332000 0.331473
5.900000 0.440498 2.512280 0.338674 0.335512
6.000000 0.446344 2.562942 0.343780 0.342197
6.100000 0.451885 2.607795 0.348157 0.347840
6.200000 0.456487 2.655811 0.355715 0.353389
6.300000 0.461946 2.703609 0.361596 0.358950
6.400000 0.468263 2.755749 0.368337 0.365794
6.500000 0.475549 2.801528 0.374032 0.371380
6.600000 0.480408 2.844537 0.379526 0.377615
6.700000 0.485013 2.895089 0.383822 0.384035
6.800000 0.489839 2.947654 0.388552 0.389616
6.900000 0.494728 2.993184 0.395037 0.396102
7.000000 0.500373 3.040507 0.399957 0.401770
7.100000 0.506029 3.084943 0.403906 0.406680
7.200000 0.511056 3.128832 0.409251 0.412990
7.300000 0.515774 3.173778 0.415677 0.418458
7.400000 0.520929 3.220747 0.420833 0.423509
7.500000 0.525989 3.267281 0.427500 0.430072
7.600000 0.531431 3.313023 0.432954 0.434027
7.700000 0.534794 3.355240 0.438681 0.439755
7.800000 0.538809 3.393141 0.443991 0.445173
7.900000 0.544124 3.436182 0.450172 0.451571
8.000000 0.548912 3.476621 0.454212 0.457121
8.099999 0.553602 3.515207 0.459879 0.461389
8.200000 0.557763 3.560030 0.465018 0.465990
8.300000 0.562149 3.599762 0.468980 0.469196
8.400000 0.565137 3.642718 0.472841 0.473707
8.500000 0.569216 3.684900 0.476928 0.478553
8.599999 0.573086 3.724355 0.483409 0.482759
8.700000 0.576313 3.762267 0.487842 0.487951
8.800000 0.580635 3.802543 0.491958 0.492284
8.900000 0.585400 3.840731 0.496084 0.497933
9.000000 0.589523 3.881181 0.500871 0.503049
9.099999 0.593219 3.922481 0.505997 0.509049
9.200000 0.597468 3.966819 0.510696 0.514407
9.300000 0.600524 4.004808 0.515297 0.520323
9.400000 0.604025 4.041785 0.519799 0.525706
9.500000 0.607972 4.080377 0.523325 0.529238
9.599999 0.611818 4.116970 0.527735 0.533436
9.700000 0.614903 4.155619 0.532155 0.538411
9.800000 0.619864 4.193364 0.538014 0.542408
9.900000 0.624065 4.231742 0.543005 0.546414
10.000000 0.628056 4.266241 0.547016 0.551310
10.099999 0.631063 4.300485 0.551587 0.554563
10.200000 0.635290 4.336129 0.554734 0.559700
10.300000 0.638312 4.370747 0.558772 0.564737
10.400000 0.641783 4.404446 0.563703 0.567352
10.500000 0.645704 4.442095 0.567538 0.572852
10.599999 0.649856 4.474507 0.572822 0.577699
10.700000 0.653906 4.506214 0.577119 0.582446
10.800000 0.656188 4.538547 0.581204 0.586536
10.900000 0.659698 4.569172 0.585632 0.590525
11.000000 0.663438 4.601314 0.589735 0.594188
11.099999 0.667298 4.634752 0.593848 0.598640
11.200000 0.670869 4.668972 0.597568 0.602142
11.300000 0.675193 4.703898 0.602368 0.605384
11.400000 0.678408 4.735323 0.605949 0.608521
11.500000 0.682414 4.767603 0.609650 0.613792
11.599999 0.685420 4.799395 0.614255 0.618290
11.700000 0.689218 4.828341 0.616964 0.621452
11.800000 0.691902 4.860384 0.621925 0.624621
11.900000 0.695153 4.893849 0.625436 0.629371
12.000000 0.699651 4.921648 0.629855 0.631994
12.099999 0.702468 4.952440 0.632931 0.635185
12.200000 0.704874 4.983529 0.636733 0.639666
12.300000 0.707929 5.010843 0.639937 0.643099
12.400000 0.711330 5.041271 0.642809 0.647332
12.500000 0.714399 5.069730 0.646479 0.650668
12.599999 0.716795 5.093495 0.650839 0.654578
12.700000 0.720331 5.120490 0.654187 0.657023
12.799999 0.723989 5.148115 0.657428 0.661063
12.900000 0.726859 5.176370 0.659882 0.666250
13.000000 0.728597 5.207081 0.663365 0.669285
13.099999 0.730910 5.235012 0.666059 0.672897
13.200000 0.733911 5.261068 0.669215 0.676175
13.299999 0.737720 5.289011 0.672949 0.679118
13.400000 0.739250 5.316445 0.675892 0.682411
13.500000 0.741356 5.339821 0.679299 0.685139
13.599999 0.743466 5.366919 0.682829 0.688904
13.700000 0.745582 5.392242 0.686023 0.691531
13.799999 0.747472 5.416360 0.688534 0.694508
13.900000 0.749482 5.440304 0.691051 0.697147
14.000000 0.751152 5.461539 0.693805 0.700253
14.099999 0.752709 5.489278 0.698870 0.703828
14.200000 0.754963 5.513505 0.701754 0.706948
14.299999 0.757453 5.537555 0.705570 0.709614
14.400000 0.760643 5.561546 0.707543 0.712055
14.500000 0.762798 5.584897 0.709521 0.715080
14.599999 0.764958 5.608302 0.711851 0.717417
14.700000 0.766686 5.627743 0.714335 0.720836
14.799999 0.768739 5.649042 0.717257 0.723765
14.900000 0.770797 5.669807 0.719837 0.726236
15.000000 0.772976 5.692138 0.722772 0.729179
15.099999 0.775187 5.714668 0.725163 0.731460
15.200000 0.777376 5.738618 0.727644 0.733831
15.299999 0.778635 5.759467 0.730598 0.736793
15.400000 0.781769 5.780248 0.733092 0.739410
15.500000 0.782919 5.801546 0.735708 0.741331
15.599999 0.785597 5.818907 0.739620 0.743373
15.700000 0.788398 5.840535 0.742602 0.744481
15.799999 0.790266 5.858805 0.745121 0.747237
15.900000 0.791902 5.879355 0.748352 0.749647
16.000000 0.793542 5.900188 0.751119 0.752416
16.100000 0.795564 5.918250 0.752861 0.754512
16.199999 0.798039 5.936577 0.755049 0.756939
16.299999 0.799811 5.958260 0.758898 0.758661
16.400000 0.801468 5.978690 0.761099 0.761217
16.500000 0.802773 6.000000 0.763186 0.763423
16.600000 0.803963 6.019342 0.765753 0.765634
16.699999 0.805513 6.036355 0.767257 0.767494
16.799999 0.808017 6.054478 0.768288 0.769478
16.900000 0.809932 6.071812 0.769799 0.770513
17.000000 0.812947 6.089294 0.770744 0.772413
17.100000 0.814276 6.108020 0.772499 0.773693
17.199999 0.816205 6.127510 0.774737 0.775813
17.299999 0.818378 6.145370 0.777459 0.777937
17.400000 0.819238 6.162075 0.780426 0.779348
17.500000 0.820700 6.178460 0.783041 0.781602
17.600000 0.821566 6.197046 0.783862 0.783862
17.699999 0.823395 6.213393 0.786126 0.786367
17.799999 0.824407 6.228909 0.788783 0.788181
17.900000 0.825280 6.246535 0.790698 0.789493
18.000000 0.826638 6.263481 0.792617 0.791652
18.100000 0.827878 6.279261 0.793333 0.792729
18.199999 0.829242 6.296771 0.795018 0.794897
18.299999 0.831214 6.314082 0.797191 0.797675
18.400000 0.833192 6.330585 0.798885 0.800218
18.500000 0.834567 6.346766 0.800825 0.802160
18.600000 0.836797 6.362377 0.802649 0.804107
18.699999 0.838301 6.377053 0.804477 0.805816
18.799999 0.839445 6.392861 0.805457 0.807650
18.900000 0.841078 6.409196 0.807659 0.808757
19.000000 0.842349 6.425449 0.809378 0.811576
19.100000 0.843379 6.440640 0.810857 0.813058
19.199999 0.844045 6.452931 0.813074 0.815155
19.299999 0.845202 6.465008 0.815419 0.817134
19.400000 0.847098 6.479568 0.817155 0.818015
19.500000 0.848384 6.496130 0.818405 0.821108
19.600000 0.850185 6.509963 0.819065 0.822386
19.699999 0.851847 6.522783 0.820443 0.824015
19.799999 0.853268 6.535511 0.822565 0.826264
19.900000 0.854444 6.551358 0.824321 0.827531
20.000000 0.856613 6.567120 0.826329 0.828430
20.100000 0.858168 6.581436 0.828342 0.830322
20.199999 0.859727 6.593804 0.829864 0.831970
20.299999 0.861166 6.608809 0.831390 0.833003
20.400000 0.862112 6.623230 0.833168 0.834658
20.500000 0.862438 6.636816 0.834701 0.836816
20.600000 0.863138 6.649689 0.835616 0.838481
20.699999 0.864963 6.661347 0.836658 0.839651
20.799999 0.865793 6.672035 0.838327 0.841698
20.900000 0.866750 6.684375 0.840375 0.843125
21.000000 0.867584 6.694994 0.841802 0.844681
21.100000 0.868922 6.708271 0.843358 0.845865
21.199999 0.870514 6.720201 0.845546 0.847553
21.299999 0.872236 6.731533 0.846859 0.849623
21.400000 0.873208 6.743145 0.848176 0.851572
21.500000 0.873678 6.754157 0.850252 0.853023
21.600000 0.875158 6.767591 0.850946 0.854477
21.699999 0.875505 6.781313 0.851894 0.854924
21.799999 0.876865 6.793173 0.853224 0.856131
21.900000 0.878101 6.805950 0.853797 0.857722
22.000000 0.878961 6.817871 0.855513 0.859442
22.100000 0.879822 6.830456 0.856980 0.860914
22.199999 0.880813 6.841677 0.858450 0.861881
22.299999 0.881425 6.852545 0.859924 0.863104
22.400000 0.882817 6.865622 0.861801 0.864476
22.500000 0.883688 6.876673 0.863028 0.865833
22.600000 0.884817 6.886222 0.864385 0.867067
22.699999 0.886204 6.896816 0.866897 0.868303
22.799999 0.887082 6.907054 0.867751 0.869543
22.900000 0.888348 6.915267 0.869376 0.870145
23.000000 0.889488 6.923501 0.870620 0.871647
23.100000 0.890374 6.934071 0.871353 0.872896
23.199999 0.891520 6.945181 0.872217 0.874534
23.299999 0.892668 6.954129 0.873341 0.875531
23.400000 0.893046 6.963489 0.874468 0.876403
23.500000 0.894329 6.972226 0.875727 0.877406
23.600000 0.894853 6.982411 0.876617 0.878686
23.699999 0.895752 6.990805 0.878399 0.879306
23.799999 0.897173 7.000648 0.879798 0.880057
23.900000 0.897559 7.009868 0.881070 0.880680
24.000000 0.898206 7.017811 0.881825 0.881565
24.100000 0.899766 7.026295 0.883494 0.882713
24.199999 0.901460 7.035845 0.884515 0.883603
24.299999 0.902897 7.043461 0.885409 0.884234
24.400000 0.904077 7.051882 0.885912 0.884867
24.500000 0.904475 7.062418 0.886286 0.885763
24.600000 0.905398 7.070886 0.888103 0.886661
24.699999 0.905930 7.078457 0.889005 0.887562
24.799999 0.906595 7.086837 0.890436 0.889122
24.900000 0.906998 7.095896 0.891476 0.889766
25.000000 0.907666 7.103267 0.892387 0.891465
25.100000 0.908467 7.113690 0.893959 0.892377
25.199999 0.909271 7.120048 0.894612 0.893291
25.299999 0.910341 7.126686 0.895001 0.894340
25.400000 0.910885 7.133873 0.896716 0.895524
25.500000 0.911695 7.141474 0.897110 0.896712
25.599998 0.912772 7.149628 0.898035 0.897504
25.699999 0.913853 7.159266 0.899894 0.898431
25.799999 0.914537 7.165602 0.900825 0.899361
25.900000 0.915089 7.173954 0.901360 0.900560
26.000000 0.915777 7.182461 0.901495 0.901895
26.099998 0.916466 7.189789 0.902833 0.902566
26.199999 0.917960 7.196199 0.903506 0.903506
26.299999 0.919057 7.202895 0.904851 0.903511
26.400000 0.920156 7.209474 0.905529 0.904455
26.500000 0.920989 7.215399 0.905536 0.904999
26.599998 0.921286 7.221475 0.906889 0.905544
26.699999 0.922123 7.229319 0.907572 0.906629
26.799999 0.922693 7.235564 0.908662 0.907312
26.900000 0.924210 7.241556 0.909754 0.908133
27.000000 0.924107 7.248106 0.910444 0.908956
27.099998 0.925088 7.255893 0.911948 0.908968
27.199999 0.925665 7.263294 0.912507 0.910065
27.299999 0.925700 7.269492 0.912795 0.910758
27.400000 0.926687 7.275707 0.913221 0.911317
27.500000 0.927268 7.283166 0.914192 0.911604
27.599998 0.927714 7.289826 0.915030 0.912575
27.699999 0.927479 7.295548 0.916007 0.913412
27.799999 0.928474 7.301559 0.917533 0.913704
27.900000 0.928650 7.306902 0.918105 0.913996
28.000000 0.929512 7.310340 0.918404 0.914290
28.099998 0.929552 7.315710 0.919253 0.914584
28.199999 0.930143 7.319582 0.920380 0.915429
28.299999 0.929909 7.325392 0.921509 0.916139
28.400000 0.930374 7.331862 0.921825 0.916724
28.500000 0.930692 7.338534 0.922960 0.917990
28.599998 0.931287 7.343979 0.924236 0.918429
28.699999 0.932161 7.349301 0.924685 0.918732
28.799999 0.932899 7.354499 0.925828 0.919728
28.900000 0.933361 7.361377 0.926281 0.920450
29.000000 0.933964 7.367718 0.927012 0.920756
29.099998 0.934568 7.373382 0.928025 0.921481
29.199999 0.934476 7.378503 0.928761 0.922348
29.299999 0.935223 7.383499 0.929638 0.922937
29.400000 0.935831 7.387670 0.930519 0.923668
29.500000 0.936581 7.392832 0.931261 0.924262
29.599998 0.937053 7.399271 0.932006 0.925277
29.699999 0.937526 7.404325 0.932893 0.926716
29.799999 0.938282 7.408689 0.932799 0.926894
29.900000 0.938617 7.414614 0.932845 0.926932
30.000000 0.939377 7.421966 0.933315 0.927816
30.099998 0.940280 7.426091 0.933785 0.928844
30.199999 0.941043 7.432066 0.934540 0.929450
30.299999 0.941243 7.439049 0.934589 0.930483
30.400000 0.941727 7.446193 0.935063 0.931235
30.500000 0.942354 7.449098 0.935965 0.931989
30.599998 0.942841 7.454145 0.936869 0.932319
30.699999 0.942760 7.457781 0.937206 0.933362
30.799999 0.943106 7.460716 0.937545 0.933695
30.900000 0.943596 7.465657 0.937741 0.934028
31.000000 0.944087 7.469613 0.938939 0.934792
31.099998 0.944580 7.474438 0.939568 0.935128
31.199999 0.945217 7.478847 0.940054 0.935609
31.299999 0.945282 7.483986 0.940543 0.936091
31.400000 0.945491 7.488134 0.941033 0.936574
31.500000 0.946565 7.492150 0.941524 0.936915
31.599998 0.946921 7.497620 0.942305 0.937689
31.699999 0.947277 7.501083 0.942510 0.938177
31.799999 0.947490 7.505569 0.943874 0.938811
31.900000 0.947849 7.510358 0.944951 0.939881
32.000000 0.948644 7.516030 0.945307 0.940519
32.099998 0.948569 7.520412 0.946099 0.940578
32.200001 0.948785 7.524516 0.946166 0.942383
32.299999 0.949148 7.527029 0.946525 0.942736
32.399998 0.950824 7.531884 0.947468 0.943382
32.500000 0.951045 7.537191 0.947830 0.944323
32.599998 0.951120 7.539441 0.949071 0.944534
32.700001 0.951488 7.543162 0.949436 0.944892
32.799999 0.952004 7.546015 0.949508 0.944958
32.899998 0.952227 7.551227 0.949581 0.945906
33.000000 0.952598 7.553511 0.950537 0.946415
33.099998 0.953265 7.555654 0.951349 0.946926
33.200001 0.953935 7.558689 0.952458 0.947143
33.299999 0.954754 7.563064 0.952536 0.947065
33.399998 0.954835 7.569377 0.952762 0.947727
33.500000 0.955065 7.573632 0.953582 0.948539
33.599998 0.955592 7.577455 0.954107 0.948908
33.700001 0.955675 7.581735 0.954485 0.949130
33.799999 0.956502 7.584836 0.955013 0.949352
33.899998 0.957034 7.588990 0.955691 0.949724
34.000000 0.957418 7.591663 0.956671 0.950396
34.099998 0.957803 7.595990 0.956906 0.950172
34.200001 0.958040 7.600629 0.956991 0.950847
34.299999 0.958577 7.604232 0.957076 0.951523
34.399998 0.958665 7.606945 0.957463 0.951751
34.500000 0.958603 7.609062 0.957850 0.951829
34.599998 0.959144 7.612242 0.957938 0.951756
34.700001 0.959384 7.614977 0.958025 0.952137
34.799999 0.959323 7.617874 0.958264 0.952064
34.899998 0.959867 7.622444 0.959109 0.952294
35.000000 0.960261 7.625057 0.959351 0.952677
35.099998 0.960504 7.627982 0.959897 0.953061
35.200001 0.960901 7.629545 0.959988 0.952990
35.299999 0.960841 7.632180 0.959774 0.953223
35.399998 0.961544 7.634824 0.959713 0.953304
35.500000 0.962097 7.638239 0.959804 0.953232
35.599998 0.962957 7.641206 0.960049 0.953467
35.700001 0.962901 7.644795 0.960448 0.953856
35.799999 0.962997 7.647474 0.960848 0.954552
35.899998 0.963094 7.649086 0.960941 0.954790
36.000000 0.963499 7.651163 0.961189 0.955491
36.099998 0.963597 7.653401 0.961129 0.955885
36.200001 0.963850 7.655183 0.961533 0.955971
36.299999 0.964103 7.658363 0.961937 0.956212
36.399998 0.964358 7.660623 0.962188 0.956454
36.500000 0.964458 7.663666 0.962129 0.957318
36.599998 0.964713 7.665941 0.962381 0.957718
36.700001 0.964658 7.668379 0.962479 0.957964
36.799999 0.965383 7.670981 0.962576 0.958210
36.899998 0.965485 7.674215 0.963142 0.958457
37.000000 0.965900 7.677459 0.963085 0.958861
37.099998 0.966003 7.680244 0.963183 0.959580
37.200001 0.966107 7.683665 0.962969 0.959674
37.299999 0.966525 7.687412 0.963539 0.960239
37.399998 0.966630 7.690540 0.963797 0.960649
37.500000 0.966420 7.692417 0.963740 0.960744
37.599998 0.966367 7.694142 0.963840 0.961314
37.700001 0.966472 7.696504 0.963941 0.961885
37.799999 0.966419 7.697925 0.964042 0.961825
37.899998 0.966524 7.700619 0.964303 0.962557
38.000000 0.966947 7.703162 0.964723 0.962657
38.099998 0.967372 7.705714 0.965303 0.963075
38.200001 0.968117 7.708752 0.965407 0.963494
38.299999 0.968226 7.711480 0.965512 0.963755
38.399998 0.968335 7.713418 0.966096 0.963697
38.500000 0.968284 7.714560 0.966523 0.964120
38.599998 0.968875 7.716188 0.966950 0.964383
38.700001 0.969147 7.717018 0.967218 0.964647
38.799999 0.969258 7.718976 0.967166 0.964751
38.899998 0.969047 7.721909 0.967435 0.964856
39.000000 0.969320 7.723882 0.967544 0.965283
39.099998 0.969594 7.725538 0.967653 0.965551
39.200001 0.969869 7.727523 0.967439 0.965819
39.299999 0.969820 7.729190 0.967548 0.965926
39.399998 0.969933 7.732325 0.967658 0.966845
39.500000 0.970210 7.734006 0.967605 0.966954
39.599998 0.970814 7.736019 0.967716 0.967063
39.700001 0.970929 7.738037 0.968153 0.967336
39.799999 0.971536 7.739736 0.968919 0.967283
39.899998 0.971817 7.742422 0.969195 0.967065
40.000000 0.972263 7.743476 0.968817 0.967340
40.099998 0.972053 7.745685 0.969423 0.967286
40.200001 0.972337 7.748230 0.969537 0.967397
40.299999 0.972456 7.749135 0.970312 0.967838
40.399998 0.972741 7.751033 0.970428 0.968280
40.500000 0.972530 7.752772 0.970710 0.968393
40.599998 0.972816 7.754020 0.970496 0.968341
40.700001 0.973103 7.756433 0.970613 0.968786
40.799999 0.973391 7.757525 0.970896 0.969400
40.899998 0.973347 7.760453 0.971681 0.970182
41.000000 0.973636 7.761388 0.971133 0.970632
41.099998 0.973592 7.762661 0.971085 0.971085
41.200001 0.973380 7.764272 0.971204 0.971204
41.299999 0.973168 7.767231 0.971155 0.971323
41.399998 0.973123 7.769192 0.971107 0.971443
41.500000 0.973414 7.770150 0.971058 0.971563
41.599998 0.973706 7.771616 0.971178 0.971515
41.700001 0.973831 7.772243 0.971298 0.971467
41.799999 0.973787 7.772366 0.971757 0.971588
41.899998 0.973912 7.774352 0.972048 0.971879
42.000000 0.974037 7.774988 0.972170 0.972340
42.099998 0.974163 7.775115 0.971953 0.972973
42.200001 0.974119 7.775923 0.971905 0.973608
42.299999 0.974245 7.777247 0.971857 0.973563
42.399998 0.974543 7.778575 0.972151 0.973860
42.500000 0.974499 7.780421 0.972275 0.973815
42.599998 0.974456 7.781416 0.972570 0.973770
42.700001 0.974412 7.782930 0.973210 0.973897
42.799999 0.974368 7.784965 0.972820 0.974024
42.899998 0.974151 7.786835 0.972945 0.974324
43.000000 0.974279 7.787157 0.973071 0.974970
43.099998 0.974408 7.788864 0.973889 0.975445
43.200001 0.974363 7.789537 0.973844 0.975576
43.299999 0.974666 7.792642 0.974840 0.975707
43.399998 0.974970 7.794021 0.975143 0.975839
43.500000 0.974578 7.794707 0.975100 0.975971
43.599998 0.974533 7.795918 0.975231 0.975754
43.700001 0.974664 7.798008 0.975712 0.976062
43.799999 0.974969 7.800456 0.975495 0.976020
43.899998 0.974925 7.801157 0.975978 0.976328
44.000000 0.975057 7.802037 0.976111 0.976638
44.099998 0.975365 7.803097 0.976421 0.976597
44.200001 0.975322 7.804865 0.976379 0.976556
44.299999 0.975102 7.806287 0.976514 0.976867
44.399998 0.975062 7.807570 0.975946 0.976477
44.500000 0.975195 7.810063 0.976081 0.976435
44.599998 0.975506 7.810614 0.975861 0.976571
44.700001 0.975818 7.812234 0.976351 0.976885
44.799999 0.975597 7.813146 0.976487 0.976844
44.899998 0.976089 7.813526 0.976624 0.976802
45.000000 0.976403 7.814445 0.976403 0.976582
45.099998 0.976898 7.816261 0.976182 0.976898
45.200001 0.976498 7.817366 0.976677 0.977036
45.299999 0.976636 7.817757 0.976456 0.976995
45.399998 0.976413 7.818329 0.976053 0.977314
45.500000 0.976190 7.819624 0.976010 0.977453
45.599998 0.976328 7.820022 0.976147 0.978135
45.700001 0.976285 7.820963 0.976828 0.978096
45.799999 0.976605 7.821908 0.976968 0.978056
45.899998 0.976562 7.822674 0.977471 0.978561
46.000000 0.976702 7.824354 0.977794 0.978158
46.099998 0.977206 7.824581 0.977753 0.978301
46.200001 0.977530 7.825721 0.977713 0.978444
46.299999 0.977672 7.825951 0.977489 0.978221
46.399998 0.977631 7.827099 0.977631 0.978181
46.500000 0.977590 7.827884 0.977590 0.978325
46.599998 0.978101 7.828856 0.977549 0.978653
46.700001 0.977876 7.829646 0.977876 0.978614
46.799999 0.978389 7.830993 0.977651 0.978574
46.899998 0.978719 7.829571 0.977979 0.978719
47.000000 0.978680 7.830553 0.977938 0.978680
47.099998 0.978640 7.831538 0.977712 0.978826
47.200001 0.978415 7.832340 0.977484 0.979159
47.299999 0.978374 7.833147 0.977442 0.979493
47.399998 0.978334 7.833395 0.977400 0.979081
47.500000 0.978481 7.833645 0.977732 0.979229
47.599998 0.979190 7.834833 0.977503 0.979378
47.700001 0.979339 7.836401 0.977461 0.979151
47.799999 0.979676 7.837410 0.977418 0.979300
47.899998 0.979449 7.838047 0.977564 0.979827
48.000000 0.979977 7.839441 0.977333 0.979411
48.099998 0.980129 7.840840 0.977479 0.979561
48.200001 0.980091 7.841866 0.977436 0.979522
48.299999 0.980243 7.843656 0.977584 0.979293
48.399998 0.980396 7.844309 0.977351 0.978873
48.500000 0.980740 7.845728 0.977498 0.978833
48.599998 0.981276 7.847536 0.977455 0.979366
48.700001 0.981623 7.848775 0.977603 0.979518
48.799999 0.981972 7.850019 0.977752 0.979670
48.899998 0.981937 7.851268 0.977709 0.980015
49.000000 0.981710 7.852330 0.977859 0.980362
49.099998 0.980903 7.853009 0.978009 0.980517
49.200001 0.980866 7.853305 0.978160 0.981059
49.299999 0.981216 7.853215 0.978699 0.981410
49.399998 0.981180 7.853705 0.978269 0.981762
49.500000 0.981337 7.855365 0.978616 0.981532
49.599998 0.981301 7.855669 0.978574 0.981301
49.700001 0.981265 7.857142 0.978923 0.981460
49.799999 0.981228 7.858037 0.978881 0.981424
49.899998 0.980995 7.858150 0.979232 0.981779
50.000000 0.980958 7.858853 0.978995 0.981743
50.099998 0.981117 7.859756 0.979347 0.982101
50.200001 0.981080 7.860268 0.979503 0.982065
50.299999 0.981240 7.861374 0.979660 0.982228
50.399998 0.981401 7.861892 0.979620 0.982390
50.500000 0.981562 7.861816 0.979778 0.982950
50.599998 0.982320 7.862932 0.979738 0.982718
50.700001 0.982484 7.862858 0.979697 0.982484
50.799999 0.982449 7.862186 0.980255 0.982449
50.899998 0.982414 7.862710 0.980216 0.983413
51.000000 0.982980 7.863436 0.980376 0.983580
51.099998 0.982945 7.864366 0.980738 0.983347
51.199997 0.982509 7.865702 0.980700 0.983514
51.299999 0.982474 7.866841 0.980862 0.983481
51.399998 0.982438 7.866775 0.981025 0.983851
51.500000 0.982605 7.866910 0.981392 0.983617
51.599998 0.982570 7.867248 0.981354 0.983583
51.699997 0.982738 7.868806 0.981316 0.983753
51.799999 0.982499 7.870167 0.981481 0.983720
51.899998 0.982667 7.870718 0.981648 0.983891
52.000000 0.983040 7.872088 0.981814 0.984062
52.099998 0.982801 7.872031 0.981982 0.984848
52.199997 0.983176 7.873410 0.982150 0.984817
52.299999 0.983141 7.873972 0.982113 0.984581
52.399998 0.983313 7.874537 0.981665 0.984755
52.500000 0.983278 7.873865 0.982040 0.984723
52.599998 0.983037 7.872569 0.982416 0.984899
52.699997 0.983624 7.873756 0.982587 0.984867
52.799999 0.983590 7.874117 0.982343 0.984628
52.899998 0.983555 7.873647 0.982515 0.984804
53.000000 0.983730 7.874427 0.982687 0.984773
53.099998 0.983905 7.874582 0.982860 0.985159
53.199997 0.983871 7.876414 0.982824 0.984918
53.299999 0.983417 7.876575 0.982997 0.984467
53.399998 0.983593 7.877156 0.982962 0.984645
53.500000 0.983769 7.876686 0.982926 0.985034
53.599998 0.983735 7.877059 0.982678 0.985213
53.699997 0.984124 7.877223 0.982642 0.985182
53.799999 0.984090 7.878872 0.982817 0.985363
53.899998 0.984056 7.878401 0.983206 0.985757
54.000000 0.984022 7.878995 0.982744 0.985940
54.099998 0.984202 7.879163 0.982707 0.985909
54.199997 0.984168 7.878263 0.983098 0.986093
54.299999 0.983919 7.879074 0.983062 0.986063
54.399998 0.984315 7.879028 0.983670 0.985819
54.500000 0.984711 7.878553 0.983850 0.985788
54.599998 0.985326 7.878291 0.983815 0.985973
54.699997 0.985727 7.878460 0.983997 0.985943
54.799999 0.985912 7.877547 0.983962 0.985912
54.899998 0.985882 7.878584 0.984361 0.986533
55.000000 0.986069 7.878537 0.984327 0.986939
55.099998 0.986038 7.879363 0.984511 0.986911
55.199997 0.985789 7.878224 0.985133 0.986882
55.299999 0.985977 7.879054 0.985320 0.987292
55.399998 0.985727 7.879446 0.985288 0.987484
55.500000 0.985695 7.881382 0.985475 0.987236
55.599998 0.986105 7.881562 0.985664 0.987208
55.699997 0.985853 7.881963 0.986074 0.986958
55.799999 0.985822 7.883695 0.986265 0.987151
55.899998 0.986012 7.884992 0.986456 0.987123
56.000000 0.985536 7.884735 0.986871 0.987316
56.099998 0.985504 7.886039 0.986842 0.986842
56.199997 0.985695 7.886231 0.987036 0.987036
56.299999 0.985663 7.886201 0.987007 0.987007
56.399998 0.985406 7.886619 0.987427 0.986978
56.500000 0.985599 7.885014 0.987399 0.987174
56.599998 0.986017 7.884980 0.987370 0.987370
56.699997 0.985759 7.885171 0.987568 0.987116
56.799999 0.985727 7.886950 0.987993 0.987087
56.899998 0.985695 7.886467 0.987965 0.987057
57.000000 0.985435 7.887119 0.987938 0.986800
57.099998 0.985858 7.888002 0.987911 0.986998
57.199997 0.985825 7.889347 0.987654 0.986740
57.299999 0.985793 7.889322 0.987626 0.987168
57.399998 0.985531 7.889987 0.987368 0.987368
57.500000 0.985727 7.890193 0.987109 0.986878
57.599998 0.985695 7.892017 0.987079 0.987079
57.699997 0.985661 7.892230 0.987049 0.987280
57.799999 0.985396 7.891748 0.987019 0.987483
57.899998 0.985595 7.891961 0.986989 0.987454
58.000000 0.985794 7.892408 0.987191 0.987424
58.099998 0.985761 7.892157 0.986928 0.987162
58.199997 0.985728 7.892372 0.986898 0.987599
58.299999 0.986398 7.892824 0.986867 0.987805
58.399998 0.986601 7.893042 0.986836 0.987306
58.500000 0.986569 7.894204 0.987276 0.987276
58.599998 0.986538 7.894662 0.987246 0.987482
58.699997 0.986506 7.894650 0.987216 0.987453
58.799999 0.986474 7.895586 0.987423 0.987660
58.899998 0.986441 7.896765 0.986917 0.987631
59.000000 0.986409 7.896996 0.987363 0.987840
59.099998 0.986377 7.898183 0.987333 0.987572
59.199997 0.986344 7.898179 0.987302 0.988261
59.299999 0.986792 7.898415 0.987272 0.988473
59.399998 0.987000 7.898652 0.987482 0.989167
59.500000 0.987452 7.899131 0.987934 0.989141
59.599998 0.987421 7.899613 0.988147 0.988873
59.699997 0.987876 7.900097 0.988846 0.988603
59.799999 0.987603 7.899368 0.988333 0.989062
59.899998 0.987817 7.900097 0.988060 0.989279
60.000000 0.987787 7.901075 0.988520 0.989253
60.099998 0.987267 7.901322 0.988247 0.989226
60.199997 0.987482 7.901816 0.988218 0.989200
60.299999 0.987205 7.901328 0.988435 0.989173
60.399998 0.987173 7.902072 0.988160 0.988900
60.500000 0.987141 7.901583 0.988131 0.988625
60.599998 0.987110 7.903570 0.988101 0.988597
60.699997 0.987078 7.903330 0.988320 0.988569
60.799999 0.987294 7.902342 0.989038 0.989038
60.899998 0.987263 7.902597 0.988761 0.989261
61.000000 0.987481 7.904106 0.988983 0.989234
61.099998 0.987450 7.903363 0.989207 0.989207
61.199997 0.987418 7.902617 0.989180 0.989180
61.299999 0.987386 7.901362 0.988900 0.989405
61.399998 0.987607 7.901871 0.989125 0.989631
61.500000 0.987830 7.902891 0.989097 0.989858
61.599998 0.988561 7.904678 0.988815 0.989832
61.699997 0.988532 7.905198 0.988277 0.990061
61.799999 0.988503 7.906234 0.988247 0.990291
61.899998 0.988730 7.905993 0.988473 0.990266
62.000000 0.988701 7.906266 0.988187 0.990241
62.099998 0.988929 7.906025 0.988157 0.990216
62.199997 0.989159 7.906299 0.988126 0.990449
62.299999 0.989130 7.907609 0.987578 0.990424
62.399998 0.989102 7.906850 0.987805 0.990400
62.500000 0.989074 7.905307 0.987253 0.990375
62.599998 0.988785 7.905321 0.987480 0.990350
62.699997 0.988755 7.906642 0.987709 0.990324
62.799999 0.988988 7.906136 0.987939 0.990561
62.899998 0.989222 7.905889 0.988170 0.990536
63.000000 0.989193 7.905114 0.988403 0.990511
63.099998 0.989165 7.905391 0.988372 0.990222
63.199997 0.989136 7.906200 0.988606 0.990196
63.299999 0.988576 7.906482 0.988576 0.990170
63.399998 0.988546 7.906233 0.988812 0.990144
63.500000 0.988515 7.906250 0.988515 0.990118
63.599998 0.988752 7.907070 0.988484 0.990091
63.699997 0.988722 7.906284 0.988722 0.990333
63.799999 0.988691 7.907377 0.988422 0.990307
63.899998 0.988121 7.906858 0.988391 0.990011
64.000000 0.988360 7.907146 0.988630 0.990254
64.099998 0.988328 7.906623 0.988599 0.990499
64.199997 0.988568 7.905281 0.989113 0.990474
64.299995 0.988810 7.905295 0.989083 0.990721
64.400002 0.989053 7.905309 0.988506 0.990969
64.500000 0.988749 7.905873 0.988749 0.990670
64.599998 0.988442 7.905614 0.988718 0.990644
64.699997 0.988962 7.905904 0.988962 0.990894
64.799995 0.988655 7.905644 0.989485 0.991146
64.900002 0.988624 7.905661 0.990011 0.991121
65.000000 0.988036 7.904841 0.990262 0.991374
65.099998 0.988560 7.904297 0.990234 0.990792
65.199997 0.988528 7.905148 0.990487 0.990767
65.299995 0.988496 7.904882 0.990460 0.990460
65.400002 0.988464 7.905177 0.990433 0.990433
65.500000 0.988431 7.904910 0.990124 0.990124
65.599998 0.988398 7.907187 0.989813 0.989813
65.699997 0.988649 7.908343 0.989784 0.990068
65.799995 0.988902 7.909220 0.989755 0.990040
65.900002 0.989155 7.908390 0.989726 0.989726
66.000000 0.988838 7.909273 0.989697 0.989697
66.099998 0.988806 7.908439 0.989380 0.989954
66.199997 0.988774 7.908175 0.989349 0.989925
66.299995 0.988741 7.908776 0.989030 0.990185
66.400002 0.988419 7.909380 0.989577 0.990156
66.500000 0.988386 7.908536 0.989547 0.989547
66.599998 0.988061 7.907688 0.989225 0.989517
66.699997 0.988610 7.908879 0.988902 0.989194
66.799995 0.988576 7.908904 0.988284 0.989162
66.900002 0.988543 7.908930 0.988249 0.989130
67.000000 0.988509 7.908957 0.988214 0.989688
67.099998 0.988475 7.908392 0.987884 0.989953
67.199997 0.987848 7.909603 0.988145 0.989923
67.299995 0.987515 7.908442 0.988109 0.989596
67.400002 0.987478 7.907872 0.988074 0.989565
67.500000 0.987440 7.907595 0.988038 0.989234
67.599998 0.987402 7.908218 0.987702 0.989502
67.699997 0.987365 7.908844 0.986763 0.989471
67.799995 0.987025 7.908268 0.987327 0.989439
67.900002 0.986985 7.908596 0.987288 0.989407
68.000000 0.987250 7.910139 0.987857 0.989375
68.099998 0.987515 7.909257 0.987515 0.989342
68.199997 0.987783 7.909591 0.987783 0.989310
68.299995 0.987439 7.910233 0.988051 0.989277
68.400002 0.987707 7.909957 0.988629 0.989244
68.500000 0.987361 7.909370 0.988594 0.989211
68.599998 0.987322 7.909400 0.988559 0.989177
68.699997 0.987593 7.909120 0.988834 0.989454
68.799995 0.987866 7.907592 0.989110 0.989110
68.900002 0.987828 7.907616 0.989076 0.989388
69.000000 0.988416 7.908578 0.989042 0.989355
69.099998 0.988693 7.908291 0.989636 0.989008
69.199997 0.988028 7.908947 0.989603 0.988658
69.299995 0.987990 7.909292 0.989570 0.988622
69.400002 0.987952 7.908688 0.989537 0.988269
69.500000 0.987913 7.909351 0.989504 0.988232
69.599998 0.987875 7.909381 0.989789 0.988194
69.699997 0.988156 7.910372 0.989757 0.988156
69.799995 0.987797 7.910726 0.990045 0.988118
69.900002 0.987758 7.910116 0.990013 0.987436
70.000000 0.988041 7.910472 0.989981 0.988041
70.099998 0.988003 7.911155 0.989948 0.988003
70.199997 0.987964 7.912167 0.990241 0.987964
70.299995 0.987924 7.911554 0.990535 0.987924
70.400002 0.987885 7.910936 0.990177 0.987885
70.500000 0.987845 7.910973 0.990473 0.988173
70.599998 0.987805 7.911338 0.990442 0.988135
70.699997 0.987765 7.911045 0.990410 0.988095
70.799995 0.987392 7.910419 0.990046 0.988056
70.900002 0.987350 7.909454 0.990679 0.988016
71.000000 0.986974 7.910153 0.990648 0.987642
71.099998 0.986930 7.910188 0.990617 0.987936
71.199997 0.987223 7.909213 0.990585 0.988231
71.299995 0.987179 7.909581 0.990216 0.988529
71.400002 0.987475 7.908260 0.990183 0.988490
71.500000 0.987092 7.907948 0.989470 0.988451
71.599998 0.987730 7.907294 0.990457 0.988071
71.699997 0.987004 7.907661 0.990424 0.988030
71.799995 0.987303 7.908030 0.990391 0.987989
71.900002 0.987259 7.909435 0.990014 0.987603
72.000000 0.987215 7.909468 0.989979 0.987906
72.099998 0.987171 7.910888 0.990638 0.987864
72.199997 0.987126 7.911273 0.990605 0.988170
72.299995 0.987430 7.911313 0.990922 0.988478
72.400002 0.988437 7.911703 0.991240 0.988788
72.500000 0.988397 7.912096 0.991210 0.988397
72.599998 0.988356 7.912138 0.990826 0.988709
72.699997 0.988314 7.912535 0.991147 0.988314
72.799995 0.988628 7.911159 0.991116 0.988273
72.900002 0.988588 7.910485 0.991084 0.989301
73.000000 0.988189 7.909449 0.991410 0.989621
73.099998 0.988506 7.909842 0.991738 0.989583
73.199997 0.988464 7.910238 0.991709 0.989185
73.299995 0.988784 7.910275 0.992402 0.988784
73.400002 0.988744 7.910312 0.992375 0.988744
73.500000 0.989067 7.911079 0.992347 0.988703
73.599998 0.989027 7.911119 0.992319 0.988661
73.699997 0.988987 7.912261 0.991924 0.988253
73.799995 0.988946 7.911937 0.991894 0.988209
73.900002 0.988905 7.910873 0.992234 0.988536
74.000000 0.988864 7.910542 0.992576 0.987751
74.099998 0.988823 7.910954 0.992176 0.987705
74.199997 0.988781 7.910621 0.992147 0.987659
74.299995 0.988739 7.911036 0.992117 0.987237
74.400002 0.988320 7.909947 0.991711 0.987189
74.500000 0.988275 7.909606 0.991301 0.987141
74.599998 0.988611 7.908884 0.991268 0.987092
74.699997 0.988948 7.910442 0.991235 0.987043
74.799995 0.988523 7.909717 0.990819 0.986993
74.900002 0.988479 7.908986 0.990399 0.986943
75.000000 0.988820 7.907865 0.990362 0.987278
75.099998 0.988777 7.908281 0.989938 0.986842
75.199997 0.989122 7.909868 0.990287 0.986791
75.299995 0.988690 7.910687 0.990640 0.987130
75.400002 0.988645 7.911119 0.990603 0.987471
75.500000 0.988601 7.911163 0.990173 0.987421
75.599998 0.988950 7.911207 0.990134 0.987372
75.699997 0.989303 7.910460 0.989699 0.987322
75.799995 0.988862 7.909706 0.989658 0.986874
75.900002 0.988818 7.910144 0.989617 0.986422
76.000000 0.988773 7.911788 0.989575 0.986367
76.099998 0.989130 7.911433 0.989130 0.986312
76.199997 0.989087 7.912288 0.988278 0.986257
76.299995 0.989448 7.912337 0.988231 0.986607
76.400002 0.989405 7.913610 0.988183 0.986553
76.500000 0.989771 7.913666 0.988134 0.986498
76.599998 0.989729 7.914544 0.988907 0.986442
76.699997 0.989686 7.915842 0.988861 0.986386
76.799995 0.989644 7.916321 0.989230 0.986744
76.900002 0.989601 7.917222 0.988769 0.986689
77.000000 0.989557 7.916458 0.988722 0.986633
77.099998 0.989513 7.916107 0.989094 0.986158
77.199997 0.989469 7.917018 0.989048 0.986521
77.299995 0.989002 7.915821 0.989425 0.986464
77.400002 0.988530 7.916737 0.988955 0.987681
77.500000 0.988481 7.918515 0.989334 0.988055
77.599998 0.988432 7.919023 0.989289 0.988003
77.699997 0.987952 7.919966 0.989243 0.987952
77.799995 0.988332 7.919620 0.989628 0.988332
77.900002 0.988715 7.918837 0.989583 0.988281
78.000000 0.988666 7.919791 0.989538 0.988230
78.099998 0.988616 7.918126 0.989492 0.987741
78.199997 0.989006 7.918645 0.989446 0.987687
78.299995 0.988958 7.917845 0.989841 0.987633
78.400002 0.988465 7.917480 0.989796 0.987134
78.500000 0.989305 7.918003 0.989750 0.987077
78.599998 0.989705 7.917636 0.989705 0.987019
78.699997 0.989209 7.919065 0.989658 0.986960
78.799995 0.989160 7.920054 0.989160 0.986902
78.900002 0.989111 7.920599 0.989564 0.986842
79.000000 0.989061 7.923428 0.989061 0.986326
79.099998 0.989011 7.921704 0.989469 0.986264
79.199997 0.988960 7.921803 0.989880 0.986661
79.299995 0.989372 7.921904 0.989834 0.987061
79.400002 0.989322 7.922934 0.989786 0.986537
79.500000 0.989739 7.922108 0.989739 0.986940
79.599998 0.990628 7.924087 0.990159 0.987348
79.699997 0.990584 7.924670 0.989642 0.987288
79.799995 0.990539 7.924314 0.989593 0.987701
79.900002 0.990019 7.923954 0.989544 0.988118
80.000000 0.989494 7.924068 0.989971 0.988539
80.099998 0.989923 7.925144 0.989923 0.988484
80.199997 0.990357 7.924301 0.989875 0.988428
80.299995 0.990795 7.924903 0.989826 0.987888
80.400002 0.990750 7.925998 0.990263 0.987829
80.500000 0.990704 7.926126 0.990215 0.987769
80.599998 0.990659 7.926745 0.989184 0.988692
80.699997 0.990613 7.926383 0.989130 0.989130
80.799995 0.990566 7.925520 0.989076 0.989076
80.900002 0.990519 7.924651 0.989521 0.988523
81.000000 0.990471 7.924775 0.989468 0.988465
81.099998 0.989919 7.924899 0.989415 0.988407
81.199997 0.990375 7.925532 0.989362 0.988349
81.299995 0.989817 7.924644 0.988798 0.988289
81.400002 0.989765 7.924770 0.989253 0.988229
81.500000 0.989198 7.922840 0.988683 0.988169
81.599998 0.989659 7.921407 0.988625 0.988108
81.699997 0.990125 7.923077 0.988566 0.988046
81.799995 0.990073 7.923198 0.988506 0.987983
81.900002 0.990021 7.924370 0.988445 0.987920
82.000000 0.989968 7.924499 0.988384 0.988912
82.099998 0.989384 7.925159 0.988854 0.988323
82.199997 0.989861 7.925294 0.988794 0.988260
82.299995 0.989807 7.925966 0.988734 0.988197
82.400002 0.989752 7.925027 0.988673 0.989213
82.500000 0.990239 7.923536 0.988612 0.989154
82.599998 0.989640 7.923664 0.988550 0.990185
82.699997 0.989583 7.923794 0.988487 0.990132
82.799995 0.989526 7.925027 0.988975 0.991180
82.900002 0.990022 7.924612 0.988914 0.991131
83.000000 0.990524 7.924748 0.988852 0.991081
83.099998 0.991031 7.925448 0.988789 0.991592
83.199997 0.990417 7.923337 0.988162 0.991545
83.299995 0.990363 7.923469 0.987528 0.991497
83.400002 0.990878 7.923604 0.987457 0.991448
83.500000 0.991399 7.924312 0.987385 0.991399
83.599998 0.991926 7.924452 0.987889 0.990773
83.699997 0.991879 7.925754 0.987819 0.990139
83.799995 0.991832 7.927654 0.987748 0.990082
83.900002 0.991784 7.926056 0.987676 0.990023
84.000000 0.991145 7.925620 0.987603 0.989965
84.099998 0.991093 7.925178 0.988124 0.989905
84.199997 0.991039 7.924731 0.987455 0.990442
84.299995 0.990986 7.926082 0.987981 0.989784
84.400002 0.991536 7.925635 0.987908 0.989722
84.500000 0.991484 7.924574 0.987835 0.989051
84.599998 0.991432 7.925336 0.987760 0.988984
84.699997 0.991995 7.925493 0.987685 0.988301
84.799995 0.991946 7.925031 0.987608 0.987608
84.900002 0.991895 7.924564 0.986908 0.987531
85.000000 0.991844 7.925344 0.986826 0.987453
85.099998 0.991793 7.922980 0.986742 0.986742
85.199997 0.992376 7.922491 0.986023 0.986658
85.299995 0.992327 7.921356 0.985933 0.986573
85.400002 0.992921 7.920206 0.985843 0.987130
85.500000 0.992876 7.917098 0.985751 0.987694
85.599998 0.992829 7.917210 0.985658 0.987614
85.699997 0.992782 7.919291 0.985564 0.987533
85.799995 0.992734 7.917437 0.985469 0.988771
85.900002 0.993351 7.917553 0.984707 0.989362
86.000000 0.992637 7.917001 0.984605 0.988621
86.099998 0.992588 7.917116 0.983827 0.988544
86.199997 0.992537 7.918589 0.983718 0.988467
86.299995 0.993169 7.918033 0.983607 0.989754
86.400002 0.993810 7.920220 0.983494 0.989684
86.500000 0.993075 7.917590 0.982687 0.989612
86.599998 0.991632 7.918410 0.982566 0.989540
86.699997 0.991573 7.917837 0.982444 0.988764
86.799995 0.991513 7.917256 0.982320 0.987977
86.900002 0.992165 7.915955 0.982194 0.987892
87.000000 0.992109 7.916069 0.982783 0.987087
87.099998 0.992052 7.916185 0.981936 0.988439
87.199997 0.991994 7.917031 0.983261 0.988355
87.299995 0.991202 7.917889 0.983138 0.988270
87.400002 0.991137 7.918020 0.983013 0.988183
87.500000 0.991071 7.918155 0.982887 0.988095
87.599998 0.991005 7.918291 0.982759 0.988756
87.699997 0.990937 7.919940 0.983384 0.989426
87.799995 0.991629 7.918569 0.984018 0.989345
87.900002 0.991564 7.918712 0.983896 0.990031
88.000000 0.992272 7.918084 0.983771 0.989954
88.099998 0.992212 7.918224 0.984424 0.989097
88.199997 0.992151 7.917582 0.985086 0.989011
88.299995 0.992089 7.917722 0.984968 0.989715
88.400002 0.992025 7.917065 0.985646 0.989633
88.500000 0.991961 7.918006 0.985531 0.989550
88.599998 0.991896 7.915721 0.985413 0.989465
88.699997 0.991830 7.915032 0.985294 0.989379
88.799995 0.991763 7.915157 0.985173 0.990115
88.900002 0.991694 7.917774 0.985050 0.990033
89.000000 0.992462 7.917085 0.985762 0.989950
89.099998 0.993243 7.916386 0.984797 0.989865
89.199997 0.993186 7.915673 0.985520 0.989779
89.299995 0.993127 7.915808 0.985395 0.988832
89.400002 0.993068 7.916811 0.985269 0.989601
89.500000 0.993007 7.915210 0.985140 0.989510
89.599998 0.992945 7.915344 0.985009 0.987654
89.699997 0.992883 7.914591 0.987544 0.986655
89.799995 0.991921 7.915619 0.988330 0.986535
89.900002 0.992754 7.916666 0.988225 0.987319
90.000000 0.992687 7.915905 0.988117 0.987203
90.099998 0.992620 7.916975 0.988007 0.988007
90.199997 0.992551 7.918064 0.987896 0.987896
90.299995 0.992481 7.920113 0.987782 0.987782
90.400002 0.992410 7.921253 0.987666 0.987666
90.500000 0.993295 7.921455 0.989464 0.987548
90.599998 0.993230 7.923598 0.990329 0.987427
90.699997 0.993164 7.921875 0.990234 0.986328
90.799995 0.994083 7.921104 0.990138 0.986193
90.900002 0.994024 7.921315 0.990040 0.986056
91.000000 0.993964 7.921529 0.989940 0.986922
91.099998 0.993902 7.920731 0.988821 0.986789
91.199997 0.994867 7.920944 0.990760 0.986653
91.299995 0.994813 7.919087 0.990664 0.986515
91.400002 0.994759 7.920336 0.990566 0.986373
91.500000 0.993644 7.920551 0.990466 0.986229
91.599998 0.993576 7.921841 0.990364 0.986081
91.699997 0.993506 7.923161 0.990260 0.985931
91.799995 0.993435 7.921226 0.989059 0.985777
91.900002 0.994469 7.919248 0.988938 0.985619
92.000000 0.995526 7.919463 0.988814 0.985459
92.099998 0.995475 7.919683 0.989819 0.986425
92.199997 0.995423 7.918765 0.989703 0.986270
92.299995 0.995370 7.918981 0.989583 0.986111
92.400002 0.995316 7.919204 0.989461 0.985949
92.500000 0.995261 7.918246 0.989336 0.984597
92.599998 0.995204 7.918466 0.989209 0.985611
92.699997 0.995146 7.917476 0.989078 0.985437
92.799995 0.995086 7.918919 0.988944 0.986486
92.900002 0.996269 7.920398 0.988806 0.986318
93.000000 0.996222 7.920655 0.988665 0.986146
93.099998 0.997449 7.920918 0.988520 0.985969
93.199997 0.997416 7.922481 0.988372 0.985788
93.299995 0.997382 7.921466 0.989529 0.985602
93.400002 0.997347 7.920424 0.989390 0.985411
93.500000 0.998656 7.920699 0.989247 0.986559
93.599998 0.998638 7.919618 0.989101 0.986376
93.699997 0.998619 7.918509 0.988950 0.986188
93.799995 0.998599 7.924369 0.990196 0.985994
93.900002 0.998580 7.921875 0.990057 0.985795
94.000000 0.997118 7.922191 0.989914 0.985591
94.099998 0.997076 7.923976 0.989766 0.985380
94.199997 0.997033 7.924333 0.989614 0.985163
94.299995 0.996988 7.923193 0.989458 0.984940
94.400002 0.996942 7.925076 0.989297 0.986239
94.500000 0.996894 7.925467 0.990683 0.986025
94.599998 0.996845 7.922713 0.990536 0.985804
94.699997 0.996795 7.921475 0.990385 0.985577
94.799995 0.996743 7.921824 0.990228 0.985342
94.900002 0.996689 7.922186 0.990066 0.985099
95.000000 0.996633 7.920876 0.989899 0.984848
95.099998 0.996575 7.917808 0.989726 0.988014
95.199997 0.996516 7.916376 0.991289 0.987805
95.299995 0.996454 7.921986 0.991135 0.987589
95.400002 0.996390 7.924188 0.990975 0.987365
95.500000 0.996324 7.924633 0.988971 0.987132
95.599998 0.996255 7.926967 0.986891 0.986891
95.699997 0.996183 7.921755 0.988550 0.986641
95.799995 0.996109 7.920234 0.988327 0.986381
95.900002 0.996032 7.920635 0.990079 0.986111
96.000000 0.995951 7.921052 0.989879 0.985830
96.099998 0.995868 7.925620 0.989669 0.985537
96.199997 0.995781 7.926160 0.989451 0.985232
96.299995 0.995690 7.924569 0.989224 0.984914
96.400002 0.995595 7.927313 0.988987 0.984581
96.500000 0.995495 7.925675 0.988739 0.984234
96.599998 0.995392 7.928572 0.990783 0.981567
96.699997 0.995283 7.926887 0.990566 0.981132
96.799995 0.995169 7.929952 0.990338 0.980676
96.900002 0.995049 7.928218 0.992574 0.980198
97.000000 0.994924 7.926396 0.992386 0.979695
97.099998 0.994792 7.924479 0.989583 0.979167
97.199997 0.994652 7.927808 0.989305 0.978610
97.299995 0.994505 7.923077 0.989011 0.980769
97.400002 0.994350 7.920904 0.988701 0.980226
97.500000 0.994186 7.921512 0.988372 0.979651
97.599998 0.994012 7.925149 0.988024 0.979042
97.699997 0.993827 7.929012 0.987654 0.981481
97.799995 0.993631 7.929936 0.987261 0.980892
97.900002 0.993421 7.927632 0.993421 0.980263
98.000000 0.993197 7.928572 0.993197 0.979592
98.099998 0.992958 7.933098 0.996479 0.978873
98.199997 0.996350 7.934306 0.996350 0.978102
98.299995 0.996212 7.939394 0.996212 0.981061
98.400002 0.996063 7.944882 0.996063 0.980315
98.500000 0.995902 7.942623 0.995902 0.979508
98.599998 0.995726 7.940171 0.995726 0.978632
98.699997 0.995536 7.937500 0.995536 0.977679
98.799995 1.000000 7.939252 0.995327 0.976636
98.900002 1.000000 7.941176 0.995098 0.970588
99.000000 1.000000 7.932990 1.000000 0.969072
99.099998 1.000000 7.945652 1.000000 0.967391
99.199997 1.000000 7.942528 1.000000 0.965517
99.299995 1.000000 7.939024 0.993902 0.963415
99.400002 1.000000 7.948052 0.993506 0.967532
99.500000 1.000000 7.944445 0.993056 0.965278
99.599998 1.000000 7.947762 0.992537 0.962687
99.699997 1.000000 7.943549 0.991935 0.959677
99.799995 1.000000 7.938597 0.991228 0.991228
99.900002 1.000000 7.923077 0.990385 0.990385
100.000000 1.000000 7.914894 0.989362 0.989362
100.099998 1.000000 7.916667 0.988095 1.000000
100.199997 1.000000 7.932432 0.986486 1.000000
100.299995 1.000000 7.921875 0.984375 1.000000
100.400002 1.000000 7.907408 0.981481 1.000000
100.500000 1.000000 7.909091 0.977273 1.000000
100.599998 1.000000 7.882353 0.970588 1.000000
100.699997 1.000000 7.875000 0.958333 1.000000
100.799995 1.000000 7.857142 1.000000 1.000000
100.900002 1.000000 8.000000 1.000000 1.000000
