0.000000 0.000300 0.006909 0.001101 0.001001
0.100000 0.011303 0.082425 0.009403 0.010703
0.200000 0.019408 0.144958 0.018307 0.020108
0.300000 0.028637 0.203965 0.028737 0.028737
0.400000 0.036970 0.258792 0.037772 0.039475
0.500000 0.045628 0.305054 0.045828 0.048937
0.600000 0.054892 0.349724 0.054591 0.060411
0.700000 0.064289 0.393270 0.063787 0.068910
0.800000 0.073166 0.428241 0.074070 0.074271
0.900000 0.082185 0.465849 0.079972 0.082788
1.000000 0.091495 0.501761 0.087066 0.087871
1.100000 0.100756 0.539446 0.094509 0.095416
1.200000 0.109307 0.569124 0.101543 0.099929
1.300000 0.118353 0.598628 0.106851 0.105438
1.400000 0.126035 0.620481 0.112200 0.112503
1.500000 0.135651 0.651471 0.115334 0.115637
1.600000 0.143262 0.678268 0.120801 0.122622
1.700000 0.150349 0.708413 0.124127 0.126860
1.800000 0.157868 0.738677 0.128686 0.130814
1.900000 0.165112 0.771095 0.132353 0.136105
2.000000 0.172284 0.800812 0.135228 0.140508
2.100000 0.179555 0.832741 0.138299 0.146530
2.200000 0.187023 0.863724 0.141768 0.151429
2.300000 0.195542 0.899125 0.148005 0.156454
2.400000 0.203464 0.934488 0.155374 0.161284
2.500000 0.211197 0.974097 0.158576 0.166021
2.600000 0.217946 1.018579 0.163434 0.172519
2.700000 0.225731 1.058042 0.167178 0.176579
2.800000 0.234735 1.098190 0.170911 0.181242
2.900000 0.241630 1.137709 0.177639 0.188185
3.000000 0.249359 1.177923 0.179871 0.192375
3.100000 0.255361 1.215143 0.183031 0.196060
3.200000 0.262298 1.261990 0.185478 0.199754
3.300000 0.268839 1.294232 0.192762 0.203866
3.400000 0.276983 1.336866 0.197140 0.208046
3.500000 0.284684 1.380163 0.202905 0.212998
3.600000 0.290958 1.418600 0.207135 0.216105
3.700000 0.298658 1.457069 0.214035 0.219298
3.800000 0.306508 1.500827 0.221074 0.223967
3.900000 0.313133 1.544571 0.225129 0.228438
4.000000 0.321118 1.586128 0.228778 0.232609
4.100000 0.328601 1.630984 0.233575 0.237202
4.200000 0.333402 1.684025 0.240249 0.244087
4.300000 0.339356 1.728557 0.245691 0.248183
4.400000 0.346154 1.775468 0.253015 0.253222
4.500000 0.352653 1.818522 0.260458 0.257440
4.600000 0.359167 1.869583 0.266250 0.262812
4.700000 0.365551 1.920446 0.270775 0.268481
4.800000 0.371151 1.960234 0.274397 0.274502
4.900000 0.377455 2.013059 0.281655 0.280610
5.000000 0.383706 2.058356 0.287701 0.284982
5.100000 0.390389 2.106051 0.292399 0.288945
5.200000 0.396311 2.148695 0.296762 0.293723
5.300000 0.402706 2.198468 0.302213 0.300325
5.400000 0.409220 2.249396 0.308726 0.304211
5.500000 0.415432 2.298434 0.314307 0.310733
5.600000 0.420709 2.348522 0.321162 0.315479
5.700000 0.426691 2.402675 0.326101 0.321361
5.800000 0.432683 2.450501 0.330311 0.327464
5.900000 0.437995 2.497309 0.333615 0.332348
6.000000 0.443634 2.548125 0.336820 0.337771
6.100000 0.448334 2.592808 0.340984 0.345108
6.200000 0.454526 2.637798 0.347168 0.351826
6.300000 0.459517 2.687580 0.352904 0.356189
6.400000 0.464305 2.734380 0.358226 0.361409
6.500000 0.471063 2.782521 0.365403 0.365934
6.600000 0.476241 2.830339 0.371426 0.371957
6.700000 0.480421 2.879123 0.379336 0.377527
6.800000 0.486579 2.923200 0.382936 0.382190
6.900000 0.491737 2.969506 0.389381 0.386395
7.000000 0.497386 3.018141 0.396009 0.391740
7.100000 0.501869 3.067941 0.402201 0.397073
7.200000 0.506684 3.112074 0.407122 0.403700
7.300000 0.512365 3.154909 0.411198 0.409806
7.400000 0.518701 3.196978 0.417211 0.415390
7.500000 0.523656 3.242463 0.422594 0.420878
7.600000 0.527441 3.287187 0.427344 0.425948
7.700000 0.532738 3.335878 0.434362 0.431674
7.800000 0.537617 3.376924 0.439135 0.437197
7.900000 0.542075 3.419244 0.445642 0.443163
8.000000 0.546327 3.461331 0.449250 0.449898
8.099999 0.551452 3.505993 0.453191 0.455674
8.200000 0.555724 3.550859 0.458329 0.460491
8.300000 0.560329 3.588464 0.463370 0.464777
8.400000 0.564944 3.631026 0.467230 0.468530
8.500000 0.568810 3.670969 0.472291 0.473918
8.599999 0.573228 3.709044 0.476713 0.479427
8.700000 0.576785 3.749049 0.481143 0.484621
8.800000 0.580677 3.789142 0.485801 0.489065
8.900000 0.584949 3.826617 0.490743 0.493465
9.000000 0.589403 3.866114 0.494549 0.497601
9.099999 0.593037 3.904180 0.498745 0.501037
9.200000 0.598711 3.945045 0.502786 0.506501
9.300000 0.601334 3.981516 0.505851 0.511320
9.400000 0.605935 4.021132 0.510347 0.515822
9.500000 0.609668 4.058643 0.515401 0.520991
9.599999 0.612861 4.095797 0.519478 0.526062
9.700000 0.617708 4.132923 0.524552 0.530045
9.800000 0.620697 4.169031 0.530188 0.533267
9.900000 0.625124 4.208632 0.535616 0.538589
10.000000 0.628127 4.242147 0.540174 0.543150
10.099999 0.631469 4.275295 0.545956 0.546949
10.200000 0.635259 4.311057 0.549762 0.551088
10.300000 0.639500 4.343912 0.554130 0.555900
10.400000 0.642422 4.375734 0.558840 0.559283
10.500000 0.645905 4.414496 0.562341 0.564779
10.599999 0.649950 4.449573 0.565960 0.569400
10.700000 0.654115 4.484172 0.571698 0.574142
10.800000 0.657067 4.516180 0.576337 0.577894
10.900000 0.659913 4.549927 0.580764 0.582545
11.000000 0.662878 4.583974 0.584643 0.587095
11.099999 0.666667 4.620705 0.587238 0.591812
11.200000 0.669310 4.653674 0.590462 0.595823
11.300000 0.672294 4.686829 0.595259 0.599173
11.400000 0.675358 4.720568 0.599597 0.601835
11.500000 0.679140 4.752521 0.602622 0.605983
11.599999 0.681696 4.784432 0.606662 0.608681
11.700000 0.684595 4.817763 0.610936 0.612621
11.800000 0.688849 4.844537 0.614209 0.616007
11.900000 0.691762 4.876547 0.619739 0.619289
12.000000 0.694344 4.907503 0.623592 0.622803
12.099999 0.696594 4.936274 0.628356 0.625649
12.200000 0.699526 4.966463 0.631098 0.629178
12.300000 0.702577 4.996270 0.633733 0.632715
12.400000 0.707027 5.023311 0.637660 0.636415
12.500000 0.710660 5.052793 0.640761 0.639062
12.599999 0.714221 5.081424 0.643910 0.642776
12.700000 0.716962 5.106948 0.648501 0.646004
12.799999 0.720195 5.133310 0.652915 0.648596
12.900000 0.723012 5.161302 0.656353 0.651803
13.000000 0.725575 5.187770 0.659531 0.654748
13.099999 0.728226 5.214318 0.662677 0.657319
13.200000 0.730427 5.240356 0.665716 0.661150
13.299999 0.733204 5.268167 0.670590 0.664191
13.400000 0.735530 5.295013 0.673416 0.667124
13.500000 0.738433 5.321919 0.677050 0.670522
13.599999 0.741458 5.351066 0.679546 0.673125
13.700000 0.744146 5.377181 0.681933 0.675505
13.799999 0.746610 5.401517 0.684670 0.678235
13.900000 0.748389 5.425104 0.688564 0.680511
14.000000 0.751209 5.449206 0.690739 0.683138
14.099999 0.753459 5.472901 0.695111 0.685655
14.200000 0.755830 5.497575 0.698915 0.688409
14.299999 0.757541 5.522246 0.701260 0.691552
14.400000 0.760037 5.544834 0.704732 0.695245
14.500000 0.761612 5.570138 0.708213 0.699409
14.599999 0.763539 5.593065 0.712281 0.702540
14.700000 0.766311 5.618063 0.715579 0.705247
14.799999 0.768247 5.639471 0.719084 0.708159
14.900000 0.770770 5.663021 0.722248 0.710612
15.000000 0.772950 5.686742 0.725070 0.713537
15.099999 0.775134 5.707372 0.727082 0.717285
15.200000 0.777207 5.729916 0.730033 0.719757
15.299999 0.778583 5.751929 0.732757 0.722703
15.400000 0.780105 5.771563 0.734231 0.725453
15.500000 0.782425 5.791447 0.737083 0.728647
15.599999 0.784164 5.813373 0.740293 0.731613
15.700000 0.786847 5.839343 0.742572 0.734821
15.799999 0.788595 5.862904 0.744974 0.737213
15.900000 0.790465 5.882990 0.747734 0.739729
16.000000 0.793047 5.903595 0.749794 0.742015
16.100000 0.795280 5.921062 0.751740 0.744897
16.199999 0.796929 5.940461 0.753928 0.747076
16.299999 0.800355 5.959905 0.757422 0.750680
16.400000 0.802960 5.979633 0.759621 0.752635
16.500000 0.804884 5.999169 0.763514 0.756757
16.600000 0.807145 6.019107 0.766912 0.757892
16.699999 0.808935 6.035171 0.769843 0.760932
16.799999 0.809660 6.052105 0.771235 0.763502
16.900000 0.811577 6.071463 0.773702 0.766079
17.000000 0.813141 6.092774 0.775698 0.768781
17.100000 0.815447 6.112092 0.778680 0.771517
17.199999 0.818214 6.132185 0.780208 0.773395
17.299999 0.819792 6.150174 0.782219 0.774919
17.400000 0.820894 6.167605 0.784833 0.777285
17.500000 0.823917 6.183280 0.786254 0.778937
17.600000 0.825748 6.201033 0.788759 0.780473
17.699999 0.827342 6.217747 0.791030 0.781893
17.799999 0.829180 6.235826 0.792825 0.784158
17.900000 0.831264 6.257683 0.794263 0.786308
18.000000 0.833595 6.274768 0.796549 0.788343
18.100000 0.835810 6.291772 0.797753 0.790866
18.199999 0.837668 6.308576 0.798597 0.793516
18.299999 0.839530 6.322272 0.800775 0.795083
18.400000 0.841154 6.339275 0.804414 0.797623
18.500000 0.842418 6.358019 0.806362 0.798835
18.600000 0.843929 6.373647 0.808436 0.799319
18.699999 0.845199 6.389193 0.810150 0.801144
18.799999 0.846838 6.403071 0.812355 0.802973
18.900000 0.847768 6.417418 0.814955 0.805318
19.000000 0.849536 6.433195 0.816317 0.806424
19.100000 0.851431 6.451455 0.818293 0.808022
19.199999 0.851983 6.467067 0.820886 0.809133
19.299999 0.853150 6.481858 0.822260 0.810738
19.400000 0.854197 6.498036 0.824251 0.813574
19.500000 0.855247 6.511797 0.826124 0.815065
19.600000 0.857653 6.525836 0.827633 0.817790
19.699999 0.858832 6.537201 0.829268 0.819783
19.799999 0.860631 6.549088 0.830538 0.821534
19.900000 0.861077 6.563596 0.831440 0.823166
20.000000 0.862389 6.576904 0.832839 0.824679
20.100000 0.864323 6.591978 0.834117 0.826442
20.199999 0.865890 6.603000 0.835771 0.828706
20.299999 0.866716 6.617027 0.836932 0.829238
20.400000 0.867793 6.627858 0.838469 0.831262
20.500000 0.868997 6.639587 0.841254 0.832919
20.600000 0.870204 6.650723 0.843298 0.834454
20.699999 0.871664 6.663632 0.844724 0.835246
20.799999 0.872877 6.678946 0.846279 0.836414
20.900000 0.873968 6.692298 0.846962 0.837959
21.000000 0.875563 6.703430 0.848272 0.840386
21.100000 0.877162 6.715342 0.849586 0.841690
21.199999 0.878891 6.725402 0.851657 0.844127
21.299999 0.879241 6.738502 0.852978 0.845062
21.400000 0.880221 6.748490 0.854429 0.846754
21.500000 0.880952 6.759763 0.856135 0.848199
21.600000 0.882064 6.770813 0.857846 0.850025
21.699999 0.883051 6.781763 0.858676 0.850341
21.799999 0.883915 6.794006 0.859509 0.851796
21.900000 0.884908 6.805901 0.861484 0.853254
22.000000 0.885776 6.818712 0.862703 0.853829
22.100000 0.886266 6.829271 0.864306 0.855293
22.199999 0.887011 6.838968 0.866675 0.856634
22.299999 0.887885 6.849453 0.868542 0.858743
22.400000 0.888124 6.860092 0.870158 0.859964
22.500000 0.888875 6.871651 0.871396 0.861699
22.600000 0.890266 6.881068 0.873148 0.862417
22.699999 0.891149 6.891149 0.874137 0.863648
22.799999 0.892176 6.902037 0.875656 0.864515
22.900000 0.892679 6.913322 0.876394 0.865111
23.000000 0.893568 6.925150 0.878033 0.866093
23.100000 0.894459 6.932510 0.879419 0.868364
23.199999 0.894967 6.943622 0.880551 0.869867
23.299999 0.895734 6.952958 0.882072 0.870473
23.400000 0.896374 6.960898 0.882824 0.871467
23.500000 0.897015 6.970022 0.882801 0.872981
23.600000 0.897270 6.982791 0.884073 0.873334
23.699999 0.898562 6.991838 0.885736 0.874077
23.799999 0.898949 6.998444 0.886237 0.875211
23.900000 0.899338 7.006235 0.886998 0.875958
24.000000 0.900390 7.014694 0.888427 0.876463
24.100000 0.900911 7.022786 0.889063 0.877734
24.199999 0.902229 7.029853 0.890757 0.878634
24.299999 0.903407 7.036418 0.891790 0.878998
24.400000 0.904718 7.045093 0.892563 0.880146
24.500000 0.905510 7.054051 0.892946 0.880906
24.600000 0.906041 7.062115 0.893723 0.881667
24.699999 0.907361 7.070857 0.895027 0.882168
24.799999 0.907896 7.079753 0.895940 0.882933
24.900000 0.908828 7.087751 0.896856 0.883436
25.000000 0.909235 7.096035 0.897510 0.884468
25.100000 0.910434 7.102494 0.898562 0.885371
25.199999 0.911372 7.111082 0.899353 0.886145
25.299999 0.911652 7.119825 0.900542 0.887052
25.400000 0.913124 7.128592 0.900675 0.888094
25.500000 0.913407 7.137515 0.901074 0.888874
25.599998 0.914221 7.144868 0.902403 0.889656
25.699999 0.915570 7.152240 0.904002 0.889908
25.799999 0.916123 7.159233 0.905605 0.891492
25.900000 0.916678 7.166111 0.906812 0.892281
26.000000 0.916834 7.174476 0.907089 0.893205
26.099998 0.917524 7.179121 0.908167 0.894265
26.199999 0.917682 7.185516 0.908981 0.894793
26.299999 0.917973 7.192736 0.910334 0.896529
26.400000 0.918266 7.199034 0.911153 0.896927
26.500000 0.918828 7.207499 0.911168 0.898266
26.599998 0.919795 7.215045 0.911721 0.899206
26.699999 0.920900 7.222746 0.912680 0.900283
26.799999 0.921738 7.229254 0.913507 0.900688
26.900000 0.922578 7.236184 0.914066 0.901500
27.000000 0.923826 7.242728 0.914355 0.902584
27.099998 0.924265 7.248205 0.915188 0.903536
27.199999 0.924841 7.254375 0.915751 0.904355
27.299999 0.925554 7.261921 0.916723 0.905448
27.400000 0.926405 7.267855 0.917018 0.905999
27.500000 0.926713 7.276801 0.917177 0.906688
27.599998 0.927841 7.282908 0.918701 0.907789
27.699999 0.928835 7.289442 0.919410 0.908346
27.799999 0.929148 7.295856 0.920120 0.909178
27.900000 0.930010 7.302972 0.920970 0.910286
28.000000 0.930462 7.308737 0.921273 0.910986
28.099998 0.930916 7.314654 0.921714 0.911688
28.199999 0.931371 7.321414 0.922432 0.911842
28.299999 0.931690 7.329431 0.923427 0.912822
28.400000 0.932285 7.335954 0.924562 0.913391
28.500000 0.932330 7.341251 0.925148 0.914100
28.599998 0.932928 7.345872 0.926013 0.913705
28.699999 0.933389 7.352167 0.926603 0.914001
28.799999 0.934267 7.359174 0.927333 0.914991
28.900000 0.934870 7.362866 0.927788 0.915567
29.000000 0.936031 7.368933 0.928661 0.916562
29.099998 0.936081 7.374043 0.929119 0.917282
29.199999 0.936550 7.378887 0.930135 0.918282
29.299999 0.937160 7.383745 0.930177 0.919425
29.400000 0.937771 7.389036 0.930919 0.919731
29.500000 0.937964 7.392102 0.930962 0.921300
29.599998 0.938157 7.398682 0.931146 0.921890
29.699999 0.938351 7.405140 0.931611 0.922202
29.799999 0.939249 7.411194 0.931936 0.922936
29.900000 0.940290 7.416561 0.932122 0.923673
30.000000 0.940629 7.421238 0.933014 0.924834
30.099998 0.941675 7.427483 0.933484 0.925293
30.199999 0.942582 7.431339 0.934521 0.926602
30.299999 0.943351 7.435915 0.934853 0.927347
30.400000 0.944263 7.438945 0.934903 0.928237
30.500000 0.944752 7.443971 0.934952 0.928419
30.599998 0.945385 7.448727 0.935429 0.930024
30.699999 0.946589 7.454351 0.935907 0.930637
30.799999 0.946655 7.458138 0.936386 0.930538
30.900000 0.946722 7.463790 0.936580 0.931296
31.000000 0.947504 7.466743 0.936919 0.931769
31.099998 0.948288 7.471852 0.937688 0.932245
31.199999 0.948357 7.475541 0.938459 0.932578
31.299999 0.948714 7.478236 0.938802 0.933056
31.400000 0.949216 7.480794 0.939433 0.933966
31.500000 0.949863 7.485521 0.939778 0.934447
31.599998 0.950224 7.489107 0.940701 0.935796
31.699999 0.950441 7.493570 0.941049 0.936570
31.799999 0.951092 7.499928 0.941542 0.937057
31.900000 0.951746 7.504854 0.941458 0.937400
32.000000 0.951966 7.507328 0.941373 0.937890
32.099998 0.952478 7.510391 0.941578 0.938962
32.200001 0.952700 7.513753 0.941639 0.939019
32.299999 0.953797 7.517417 0.941699 0.940096
32.399998 0.953875 7.521530 0.942198 0.940447
32.500000 0.954539 7.525070 0.942845 0.941383
32.599998 0.954911 7.527595 0.943493 0.941297
32.700001 0.954992 7.533206 0.943850 0.941797
32.799999 0.955366 7.535311 0.944355 0.942006
32.899998 0.956183 7.539774 0.944714 0.942950
33.000000 0.956413 7.543661 0.944780 0.943602
33.099998 0.956939 7.548739 0.945583 0.944109
33.200001 0.957170 7.550879 0.945798 0.944026
33.299999 0.957255 7.552876 0.945866 0.944535
33.399998 0.957494 7.557909 0.945498 0.944905
33.500000 0.957579 7.560961 0.946307 0.945713
33.599998 0.957813 7.564320 0.946673 0.945633
33.700001 0.958346 7.567688 0.946891 0.945849
33.799999 0.958582 7.571812 0.947557 0.945918
33.899998 0.959415 7.576544 0.947777 0.946434
34.000000 0.959504 7.579349 0.948147 0.946503
34.099998 0.959443 7.582161 0.948668 0.946723
34.200001 0.959532 7.586181 0.948741 0.947842
34.299999 0.959472 7.590514 0.949114 0.948214
34.399998 0.959711 7.594107 0.949489 0.948737
34.500000 0.959350 7.597561 0.950768 0.949112
34.599998 0.959439 7.601176 0.950844 0.949940
34.700001 0.959529 7.603443 0.951676 0.950015
34.799999 0.959921 7.607985 0.952057 0.950847
34.899998 0.960164 7.611482 0.952590 0.950772
35.000000 0.960558 7.613319 0.953428 0.951305
35.099998 0.960650 7.617442 0.953510 0.952142
35.200001 0.960895 7.620512 0.954200 0.952526
35.299999 0.960988 7.623285 0.954739 0.953215
35.399998 0.961386 7.625305 0.955128 0.953297
35.500000 0.961480 7.628401 0.955212 0.954295
35.599998 0.961421 7.630588 0.955603 0.954991
35.700001 0.961822 7.631862 0.955535 0.955382
35.799999 0.962070 7.634674 0.956235 0.955927
35.899998 0.962319 7.638111 0.956321 0.956167
36.000000 0.962877 7.639556 0.956870 0.956562
36.099998 0.962974 7.643320 0.957421 0.956958
36.200001 0.963226 7.646013 0.957973 0.957046
36.299999 0.963943 7.649180 0.958217 0.957289
36.399998 0.964197 7.652356 0.958772 0.957533
36.500000 0.964452 7.655852 0.958864 0.958398
36.599998 0.965019 7.658115 0.958800 0.958955
36.700001 0.964964 7.660075 0.959203 0.959514
36.799999 0.965377 7.661416 0.959607 0.960231
36.899998 0.966104 7.664636 0.960012 0.960950
37.000000 0.966208 7.667240 0.960263 0.961358
37.099998 0.966468 7.670166 0.960201 0.961767
37.200001 0.966573 7.672945 0.960295 0.962335
37.299999 0.966991 7.675731 0.960547 0.962433
37.399998 0.967884 7.677424 0.960800 0.963004
37.500000 0.968149 7.680069 0.961211 0.963576
37.599998 0.968256 7.682723 0.961150 0.963677
37.700001 0.968523 7.686333 0.961405 0.963619
37.799999 0.968790 7.688530 0.961660 0.963720
37.899998 0.969216 7.690733 0.961758 0.964297
38.000000 0.969644 7.693420 0.962333 0.964558
38.099998 0.970232 7.695957 0.962751 0.964661
38.200001 0.970504 7.698502 0.963170 0.965242
38.299999 0.969978 7.700096 0.963750 0.966145
38.399998 0.970250 7.700736 0.964011 0.966411
38.500000 0.970522 7.703941 0.964114 0.966517
38.599998 0.970796 7.706193 0.964698 0.966784
38.700001 0.971070 7.708453 0.964802 0.967213
38.799999 0.971024 7.709917 0.965229 0.967321
38.899998 0.971138 7.712834 0.965334 0.966946
39.000000 0.971576 7.715601 0.966408 0.967539
39.099998 0.971854 7.716597 0.966839 0.968133
39.200001 0.971970 7.718081 0.967110 0.968082
39.299999 0.972249 7.718760 0.967218 0.968192
39.399998 0.972204 7.720416 0.967328 0.968140
39.500000 0.972647 7.723706 0.967600 0.968577
39.599998 0.972766 7.725865 0.967710 0.968689
39.700001 0.972721 7.728030 0.968148 0.969291
39.799999 0.973168 7.731184 0.968259 0.969568
39.899998 0.973124 7.733694 0.968371 0.969682
40.000000 0.972915 7.734734 0.968647 0.969304
40.099998 0.973035 7.736928 0.968925 0.969418
40.200001 0.973979 7.736660 0.968874 0.969532
40.299999 0.974431 7.740350 0.968987 0.969812
40.399998 0.974554 7.743060 0.969266 0.970258
40.500000 0.974512 7.744290 0.969878 0.970374
40.599998 0.974304 7.744529 0.970159 0.970491
40.700001 0.974095 7.746430 0.970442 0.970774
40.799999 0.973886 7.749668 0.970559 0.970725
40.899998 0.973842 7.749084 0.971010 0.971176
41.000000 0.973965 7.750501 0.970961 0.971796
41.099998 0.974089 7.751923 0.970913 0.971916
41.200001 0.974380 7.753517 0.971031 0.972204
41.299999 0.974673 7.758135 0.971318 0.972157
41.399998 0.974966 7.759241 0.971774 0.972950
41.500000 0.975261 7.760014 0.971895 0.973241
41.599998 0.975219 7.760621 0.971848 0.973533
41.700001 0.975346 7.763087 0.971969 0.973489
41.799999 0.975135 7.765731 0.972091 0.973782
41.899998 0.975093 7.766690 0.972382 0.974077
42.000000 0.975390 7.767991 0.972505 0.974711
42.099998 0.976199 7.768616 0.972458 0.974838
42.200001 0.976328 7.770947 0.972582 0.975136
42.299999 0.976800 7.772091 0.972364 0.974923
42.399998 0.977102 7.773069 0.972659 0.974880
42.500000 0.976891 7.774221 0.973297 0.975009
42.599998 0.976852 7.775205 0.973251 0.975137
42.700001 0.976984 7.775679 0.973549 0.975266
42.799999 0.977116 7.777013 0.974019 0.975396
42.899998 0.977766 7.779731 0.974319 0.975698
43.000000 0.977728 7.780731 0.974620 0.976001
43.099998 0.977689 7.782255 0.975095 0.976133
43.200001 0.977651 7.783437 0.975225 0.976784
43.299999 0.977612 7.785144 0.975182 0.976571
43.399998 0.977747 7.787552 0.975313 0.976878
43.500000 0.977882 7.789794 0.975444 0.977708
43.599998 0.977844 7.790998 0.975401 0.978018
43.700001 0.977980 7.791682 0.975708 0.978329
43.799999 0.978291 7.793067 0.976190 0.978466
43.899998 0.978429 7.794283 0.976324 0.978779
44.000000 0.978566 7.796029 0.976634 0.978742
44.099998 0.978881 7.798311 0.977297 0.978881
44.200001 0.979020 7.799189 0.976904 0.978667
44.299999 0.979689 7.799541 0.976863 0.978100
44.399998 0.980184 7.801309 0.976999 0.978061
44.500000 0.980326 7.803792 0.977668 0.978022
44.599998 0.980291 7.804865 0.978161 0.977983
44.700001 0.980256 7.806652 0.978122 0.978122
44.799999 0.980399 7.808269 0.978083 0.978083
44.899998 0.980543 7.810246 0.978401 0.978044
45.000000 0.980866 7.811337 0.978898 0.978362
45.099998 0.980831 7.812433 0.978861 0.978323
45.200001 0.980797 7.814429 0.978464 0.978284
45.299999 0.981122 7.814995 0.978605 0.978245
45.399998 0.981088 7.815562 0.978566 0.978386
45.500000 0.981415 7.815409 0.978528 0.978528
45.599998 0.981743 7.817064 0.978489 0.978850
45.700001 0.982072 7.818363 0.978993 0.978993
45.799999 0.982221 7.819485 0.978955 0.978592
45.899998 0.982370 7.819702 0.978917 0.978735
46.000000 0.982520 7.821559 0.978878 0.978878
46.099998 0.982123 7.821780 0.978840 0.978840
46.200001 0.982273 7.822734 0.978984 0.978618
46.299999 0.982241 7.822592 0.979129 0.979129
46.399998 0.982208 7.822817 0.978907 0.979274
46.500000 0.982543 7.823962 0.979052 0.979603
46.599998 0.982879 7.824190 0.979197 0.979934
46.700001 0.982848 7.825341 0.978975 0.980081
46.799999 0.983001 7.826497 0.979490 0.980968
46.899998 0.982969 7.826547 0.979452 0.981859
47.000000 0.983123 7.827151 0.979414 0.982196
47.099998 0.982906 7.827388 0.979376 0.981977
47.200001 0.983060 7.828556 0.979337 0.981943
47.299999 0.983029 7.829728 0.979672 0.982469
47.399998 0.982997 7.831838 0.979447 0.982810
47.500000 0.982965 7.832273 0.979783 0.982965
47.599998 0.983121 7.833271 0.980683 0.982933
47.700001 0.983277 7.834649 0.981022 0.983089
47.799999 0.983434 7.836031 0.980986 0.983245
47.899998 0.983780 7.836477 0.981139 0.982837
48.000000 0.984127 7.836734 0.981104 0.983371
48.099998 0.983908 7.838129 0.981257 0.983340
48.200001 0.984067 7.837823 0.981791 0.983118
48.299999 0.984037 7.838465 0.981756 0.983086
48.399998 0.983816 7.839299 0.981721 0.983244
48.500000 0.983403 7.840900 0.981686 0.983403
48.599998 0.983372 7.842508 0.981651 0.983754
48.700001 0.983340 7.842972 0.981808 0.983914
48.799999 0.983500 7.843054 0.982157 0.983883
48.899998 0.983852 7.843522 0.982314 0.984045
49.000000 0.983821 7.844568 0.982666 0.984014
49.099998 0.983983 7.846005 0.982825 0.983983
49.200001 0.984145 7.846674 0.982985 0.984532
49.299999 0.984115 7.847152 0.983146 0.984502
49.399998 0.984084 7.847632 0.982919 0.984472
49.500000 0.984053 7.849280 0.982497 0.984831
49.599998 0.984412 7.850156 0.982268 0.984606
49.700001 0.984381 7.852010 0.982038 0.984772
49.799999 0.984546 7.852113 0.982003 0.984742
49.899998 0.984908 7.852999 0.981968 0.984712
50.000000 0.985271 7.853692 0.981540 0.984682
50.099998 0.985439 7.853798 0.981307 0.984848
50.200001 0.985607 7.855481 0.981664 0.985016
50.299999 0.985579 7.855986 0.981430 0.984986
50.399998 0.985550 7.856493 0.981196 0.985154
50.500000 0.985125 7.856406 0.980960 0.985125
50.599998 0.985095 7.855922 0.980525 0.985294
50.700001 0.985066 7.856233 0.980486 0.985265
50.799999 0.985036 7.856145 0.981045 0.985036
50.899998 0.985006 7.856057 0.981207 0.984606
51.000000 0.984776 7.856972 0.981370 0.984575
51.099998 0.984745 7.857888 0.981734 0.984544
51.199997 0.985318 7.858005 0.982100 0.984513
51.299999 0.985490 7.859331 0.982265 0.984482
51.399998 0.985258 7.859450 0.982027 0.984653
51.500000 0.985633 7.860178 0.981789 0.984622
51.599998 0.985604 7.860706 0.982157 0.984185
51.699997 0.985778 7.862455 0.982731 0.984153
51.799999 0.985749 7.864210 0.983103 0.983917
51.899998 0.986332 7.864953 0.982660 0.983884
52.000000 0.986509 7.866517 0.982829 0.983851
52.099998 0.986686 7.866448 0.982794 0.984228
52.199997 0.986658 7.866995 0.982964 0.983990
52.299999 0.986631 7.867955 0.982929 0.984369
52.399998 0.986603 7.868713 0.983718 0.984336
52.500000 0.986576 7.870095 0.983478 0.983891
52.599998 0.986341 7.869205 0.983444 0.984478
52.699997 0.986105 7.869764 0.983617 0.984861
52.799999 0.985869 7.870947 0.983375 0.984830
52.899998 0.986048 7.871720 0.983340 0.984798
53.000000 0.986436 7.872287 0.983514 0.985184
53.099998 0.986407 7.871810 0.983689 0.985362
53.199997 0.986379 7.873009 0.983655 0.985541
53.299999 0.986350 7.872533 0.983620 0.985510
53.399998 0.986322 7.873527 0.983796 0.985901
53.500000 0.986714 7.873893 0.983551 0.985871
53.599998 0.986475 7.873415 0.983516 0.985841
53.699997 0.986446 7.874206 0.983482 0.986023
53.799999 0.986842 7.875637 0.983447 0.986205
53.899998 0.987027 7.875797 0.983199 0.986176
54.000000 0.986999 7.876173 0.983163 0.986360
54.099998 0.987185 7.875480 0.983340 0.986544
54.199997 0.987158 7.876497 0.983519 0.986729
54.299999 0.986915 7.877735 0.983483 0.986701
54.399998 0.986887 7.878762 0.983448 0.986672
54.500000 0.986859 7.878716 0.984059 0.987290
54.599998 0.987047 7.879749 0.984024 0.987478
54.699997 0.987019 7.880571 0.984206 0.987884
54.799999 0.986990 7.881613 0.984389 0.988075
54.899998 0.986962 7.882442 0.984572 0.987831
55.000000 0.986716 7.882187 0.984321 0.987805
55.099998 0.986905 7.882584 0.984505 0.988215
55.199997 0.986877 7.883420 0.984689 0.988408
55.299999 0.986629 7.885138 0.985094 0.988382
55.399998 0.986819 7.885984 0.985281 0.988576
55.500000 0.987230 7.885733 0.985249 0.989212
55.599998 0.987423 7.887246 0.984996 0.989188
55.699997 0.987616 7.888545 0.984962 0.989164
55.799999 0.987367 7.888741 0.985151 0.989140
55.899998 0.987339 7.889605 0.985340 0.989116
56.000000 0.987533 7.889136 0.985530 0.989092
56.099998 0.987506 7.888443 0.985498 0.988844
56.199997 0.987478 7.888640 0.985242 0.988819
56.299999 0.987674 7.888167 0.985208 0.988794
56.399998 0.987646 7.888140 0.985400 0.988544
56.500000 0.987843 7.888113 0.985592 0.988519
56.599998 0.987816 7.888764 0.985560 0.988718
56.699997 0.988014 7.889417 0.985527 0.988693
56.799999 0.988214 7.888940 0.985494 0.988667
56.899998 0.988187 7.888914 0.985461 0.988869
57.000000 0.988388 7.888433 0.985883 0.988843
57.099998 0.988361 7.888178 0.985851 0.988818
57.199997 0.988335 7.889067 0.985590 0.988792
57.299999 0.987850 7.888813 0.985786 0.988767
57.399998 0.988051 7.890395 0.985983 0.988971
57.500000 0.988024 7.889451 0.986412 0.988945
57.599998 0.988227 7.889658 0.986150 0.988920
57.699997 0.988200 7.890791 0.986118 0.989125
57.799999 0.988404 7.891698 0.985853 0.989100
57.899998 0.988610 7.891213 0.986518 0.989075
58.000000 0.988583 7.892358 0.986021 0.989282
58.099998 0.988557 7.893041 0.986221 0.988790
58.199997 0.988530 7.893024 0.986189 0.988764
58.299999 0.988268 7.893947 0.985922 0.988738
58.399998 0.988006 7.893697 0.986124 0.989182
58.500000 0.987977 7.894389 0.986327 0.988920
58.599998 0.987713 7.894376 0.986531 0.988658
58.699997 0.986973 7.895310 0.986026 0.988631
58.799999 0.986705 7.895536 0.985992 0.988604
58.899998 0.986435 7.895764 0.986197 0.988577
59.000000 0.986641 7.894799 0.986641 0.988311
59.099998 0.986848 7.895504 0.986370 0.988522
59.199997 0.987057 7.895494 0.986817 0.988495
59.299999 0.987025 7.895963 0.987266 0.988467
59.399998 0.986994 7.896195 0.987235 0.988439
59.500000 0.986963 7.894737 0.987446 0.988411
59.599998 0.987173 7.895692 0.986931 0.988383
59.699997 0.987385 7.895197 0.987142 0.988355
59.799999 0.987354 7.895915 0.986625 0.987597
59.899998 0.987567 7.897123 0.986348 0.987811
60.000000 0.987292 7.896873 0.986315 0.987781
60.099998 0.987016 7.896375 0.986771 0.987751
60.199997 0.986984 7.895875 0.987475 0.987721
60.299999 0.986952 7.896356 0.987937 0.987198
60.399998 0.986920 7.896347 0.987907 0.987414
60.500000 0.986888 7.896338 0.988125 0.987382
60.599998 0.987103 7.897073 0.988343 0.987103
60.699997 0.987320 7.898558 0.988314 0.987568
60.799999 0.987537 7.898056 0.988285 0.987537
60.899998 0.987756 7.898051 0.988006 0.987756
61.000000 0.987725 7.898046 0.987976 0.987475
61.099998 0.987695 7.898795 0.987946 0.987192
61.199997 0.987664 7.898792 0.988167 0.987160
61.299999 0.987380 7.899546 0.988137 0.987380
61.399998 0.987348 7.899544 0.988107 0.987348
61.500000 0.986809 7.900812 0.988331 0.987316
61.599998 0.986775 7.900814 0.988047 0.987284
61.699997 0.986996 7.901580 0.988271 0.987251
61.799999 0.987219 7.901585 0.988241 0.986963
61.899998 0.987186 7.902614 0.988211 0.987186
62.000000 0.987410 7.901593 0.988438 0.987410
62.099998 0.987120 7.902884 0.988408 0.987893
62.199997 0.987603 7.903409 0.988120 0.988120
62.299999 0.987830 7.901865 0.988348 0.988089
62.399998 0.987539 7.901090 0.988318 0.988577
62.500000 0.987246 7.901614 0.987767 0.988027
62.599998 0.987213 7.900575 0.987735 0.988257
62.699997 0.987179 7.901360 0.987964 0.988226
62.799999 0.987671 7.901627 0.987671 0.987933
62.899998 0.988164 7.901894 0.987901 0.987901
63.000000 0.988133 7.901899 0.987869 0.988133
63.099998 0.988630 7.901111 0.987573 0.988630
63.199997 0.988600 7.900053 0.987540 0.989130
63.299999 0.988038 7.901116 0.987507 0.989102
63.399998 0.988273 7.901119 0.988006 0.989073
63.500000 0.988509 7.900321 0.987707 0.989311
63.599998 0.988478 7.899518 0.987942 0.990086
63.699997 0.988447 7.899785 0.988178 0.990059
63.799999 0.988416 7.900323 0.987877 0.989763
63.899998 0.988385 7.902215 0.987844 0.989465
64.000000 0.988353 7.902763 0.987812 0.989437
64.099998 0.988322 7.901684 0.988050 0.989680
64.199997 0.988290 7.901689 0.988290 0.989651
64.299995 0.988531 7.903332 0.987985 0.989896
64.400002 0.988226 7.903067 0.987952 0.989869
64.500000 0.988468 7.903076 0.987919 0.990115
64.599998 0.988161 7.903634 0.988161 0.990088
64.699997 0.988128 7.903921 0.987852 0.990337
64.799995 0.988095 7.904208 0.988095 0.990310
64.900002 0.988062 7.904498 0.988617 0.990561
65.000000 0.988307 7.904789 0.988864 0.990535
65.099998 0.988275 7.904802 0.989112 0.990508
65.199997 0.988522 7.906496 0.989362 0.990481
65.299995 0.988490 7.906794 0.989613 0.990736
65.400002 0.988739 7.906813 0.989583 0.990991
65.500000 0.988989 7.906550 0.989836 0.991248
65.599998 0.988675 7.907418 0.990091 0.991223
65.699997 0.988643 7.907156 0.990346 0.991198
65.799995 0.988611 7.908030 0.990034 0.990888
65.900002 0.988578 7.907481 0.990006 0.990862
66.000000 0.988545 7.907789 0.990263 0.990550
66.099998 0.988512 7.907524 0.990236 0.990810
66.199997 0.988191 7.908122 0.989631 0.990207
66.299995 0.987868 7.908145 0.989024 0.990468
66.400002 0.987833 7.907589 0.988992 0.990440
66.500000 0.988088 7.907612 0.988960 0.989832
66.599998 0.987762 7.910548 0.988636 0.990385
66.699997 0.988019 7.911747 0.988603 0.989772
66.799995 0.987691 7.911489 0.988277 0.989449
66.900002 0.988242 7.910935 0.988536 0.989124
67.000000 0.988208 7.910672 0.988502 0.989092
67.099998 0.988764 7.911000 0.988468 0.988764
67.199997 0.989027 7.911922 0.988434 0.988731
67.299995 0.989292 7.911660 0.988102 0.988697
67.400002 0.989260 7.911694 0.988365 0.988663
67.500000 0.989228 7.912028 0.988330 0.988330
67.599998 0.988896 7.912965 0.987995 0.988295
67.699997 0.988862 7.913004 0.987959 0.988260
67.799995 0.988828 7.913949 0.987621 0.988225
67.900002 0.989098 7.912780 0.987280 0.987886
68.000000 0.989064 7.911907 0.987242 0.988153
68.099998 0.989031 7.910420 0.987508 0.987812
68.199997 0.988998 7.911064 0.987469 0.987469
68.299995 0.988657 7.912017 0.987431 0.987738
68.400002 0.989237 7.910824 0.987392 0.987700
68.500000 0.989204 7.910858 0.987662 0.987354
68.599998 0.989171 7.909963 0.987624 0.987314
68.699997 0.989137 7.909994 0.987585 0.987896
68.799995 0.989415 7.910025 0.987858 0.988169
68.900002 0.989382 7.909432 0.988132 0.988132
69.000000 0.989348 7.908835 0.988409 0.988095
69.099998 0.989315 7.910434 0.988372 0.988372
69.199997 0.989281 7.909836 0.988335 0.988020
69.299995 0.989247 7.909867 0.988615 0.987034
69.400002 0.989213 7.909899 0.988579 0.986992
69.500000 0.989497 7.910248 0.988224 0.987269
69.599998 0.989144 7.910600 0.987867 0.987229
69.699997 0.988789 7.911915 0.988149 0.986867
69.799995 0.989396 7.911311 0.987789 0.986825
69.900002 0.989039 7.910703 0.987427 0.987427
70.000000 0.989004 7.910414 0.987710 0.987387
70.099998 0.988968 7.911097 0.987346 0.987346
70.199997 0.988932 7.909831 0.987305 0.986979
70.299995 0.988570 7.909209 0.987590 0.987263
70.400002 0.989515 7.907929 0.987549 0.987549
70.500000 0.989481 7.907627 0.987837 0.987508
70.599998 0.989776 7.907322 0.987797 0.987797
70.699997 0.990073 7.908340 0.987426 0.988087
70.799995 0.990040 7.909030 0.987716 0.988048
70.900002 0.989674 7.908394 0.987342 0.988008
71.000000 0.989639 7.908088 0.986965 0.988302
71.099998 0.989940 7.907110 0.987257 0.988263
71.199997 0.989906 7.906797 0.987887 0.987887
71.299995 0.989534 7.907157 0.987846 0.987508
71.400002 0.989160 7.907520 0.987805 0.987466
71.500000 0.989463 7.908566 0.987763 0.987424
71.599998 0.989768 7.908595 0.987722 0.987381
71.699997 0.989733 7.907939 0.987680 0.987337
71.799995 0.990041 7.907967 0.987981 0.986951
71.900002 0.990007 7.907650 0.987939 0.986906
72.000000 0.989972 7.907677 0.987898 0.987206
72.099998 0.989938 7.909438 0.988203 0.986815
72.199997 0.990251 7.908078 0.988510 0.986769
72.299995 0.990217 7.908805 0.988819 0.987072
72.400002 0.989832 7.907434 0.988780 0.987377
72.500000 0.990148 7.907811 0.988740 0.987685
72.599998 0.990113 7.907486 0.988701 0.987994
72.699997 0.990432 7.907512 0.989015 0.987952
72.799995 0.990043 7.908250 0.988976 0.988265
72.900002 0.990007 7.909350 0.989293 0.987866
73.000000 0.989613 7.910458 0.989255 0.988181
73.099998 0.989216 7.910496 0.989216 0.988138
73.199997 0.989177 7.911616 0.989177 0.988095
73.299995 0.989500 7.910934 0.989500 0.988052
73.400002 0.989462 7.911701 0.989462 0.988009
73.500000 0.989424 7.911379 0.989424 0.988330
73.599998 0.990117 7.909956 0.989019 0.989019
73.699997 0.990081 7.910728 0.988979 0.988611
73.799995 0.989676 7.911504 0.989307 0.988569
73.900002 0.990007 7.911177 0.988897 0.988527
74.000000 0.989970 7.911961 0.989227 0.988856
74.099998 0.989933 7.912006 0.989187 0.988441
74.199997 0.989147 7.912051 0.989895 0.988772
74.299995 0.989482 7.914350 0.989857 0.988730
74.400002 0.989442 7.914405 0.989819 0.988688
74.500000 0.989780 7.915216 0.990159 0.988645
74.599998 0.989742 7.915274 0.989742 0.988982
74.699997 0.989703 7.915332 0.989703 0.988940
74.799995 0.989280 7.912328 0.989663 0.988897
74.900002 0.989239 7.912375 0.989239 0.988855
75.000000 0.989198 7.913580 0.989198 0.988812
75.099998 0.989543 7.912084 0.988768 0.988768
75.199997 0.989502 7.912519 0.989114 0.988336
75.299995 0.989461 7.911397 0.989071 0.988290
75.400002 0.989812 7.910266 0.989028 0.987853
75.500000 0.989772 7.909914 0.989378 0.988198
75.599998 0.989731 7.909557 0.989336 0.988152
75.699997 0.990087 7.911578 0.988898 0.988105
75.799995 0.989650 7.912818 0.988854 0.988057
75.900002 0.990008 7.913670 0.988409 0.988010
76.000000 0.989968 7.912922 0.988764 0.987560
76.099998 0.990330 7.912168 0.988719 0.987913
76.199997 0.990291 7.911408 0.989078 0.987864
76.299995 0.990252 7.912267 0.989439 0.987815
76.400002 0.990212 7.912316 0.989396 0.987765
76.500000 0.990172 7.913186 0.989353 0.987715
76.599998 0.989720 7.913240 0.989309 0.987664
76.699997 0.990091 7.912469 0.988852 0.987614
76.799995 0.990464 7.912521 0.989635 0.987562
76.900002 0.990425 7.915904 0.989592 0.987927
77.000000 0.990385 7.915133 0.989967 0.987458
77.099998 0.990344 7.915197 0.990344 0.987406
77.199997 0.989882 7.915261 0.989460 0.988196
77.299995 0.989839 7.915750 0.990263 0.987722
77.400002 0.989796 7.913691 0.989796 0.987670
77.500000 0.989752 7.913749 0.989752 0.988898
77.599998 0.989708 7.913808 0.989708 0.988851
77.699997 0.989664 7.914298 0.990525 0.988803
77.799995 0.989619 7.914793 0.990484 0.988322
77.900002 0.989574 7.914423 0.990443 0.988271
78.000000 0.989965 7.914921 0.989965 0.988220
78.099998 0.989921 7.915863 0.990359 0.989045
78.199997 0.990757 7.915933 0.990757 0.989437
78.299995 0.990716 7.915561 0.990716 0.989390
78.400002 0.991563 7.916518 0.990675 0.989343
78.500000 0.991525 7.916592 0.990187 0.989295
78.599998 0.991487 7.916219 0.990143 0.989247
78.699997 0.991449 7.914941 0.990099 0.989199
78.799995 0.991410 7.914104 0.990054 0.989602
78.900002 0.991371 7.913714 0.990463 0.990009
79.000000 0.991332 7.914233 0.990876 0.989507
79.099998 0.991292 7.913383 0.990834 0.989001
79.199997 0.991252 7.912983 0.990792 0.988950
79.299995 0.991674 7.913506 0.990749 0.988899
79.400002 0.991636 7.911710 0.990706 0.989312
79.500000 0.990663 7.911298 0.990196 0.988796
79.599998 0.990150 7.911820 0.990150 0.989212
79.699997 0.990575 7.912818 0.990104 0.990575
79.799995 0.990057 7.913826 0.990057 0.990057
79.900002 0.989534 7.914367 0.990485 0.990009
80.000000 0.989006 7.914436 0.990440 0.989962
80.099998 0.988953 7.913545 0.990394 0.989914
80.199997 0.988900 7.913610 0.990348 0.989865
80.299995 0.988846 7.913191 0.990301 0.989331
80.400002 0.988791 7.913743 0.990253 0.989279
80.500000 0.988737 7.916259 0.990206 0.989226
80.599998 0.987697 7.917815 0.990157 0.989173
80.699997 0.987636 7.917408 0.990109 0.989120
80.799995 0.987575 7.916502 0.990060 0.989066
80.900002 0.988512 7.916584 0.990010 0.989510
81.000000 0.988454 7.915663 0.990462 0.989458
81.099998 0.988396 7.915742 0.990414 0.989909
81.199997 0.988844 7.916328 0.990365 0.989858
81.299995 0.988277 7.915392 0.990826 0.989806
81.400002 0.988217 7.916496 0.991803 0.989242
81.500000 0.988157 7.916581 0.991761 0.989701
81.599998 0.988613 7.916149 0.991201 0.989648
81.699997 0.988554 7.916233 0.991155 0.989594
81.799995 0.987971 7.917887 0.991109 0.990063
81.900002 0.988959 7.919033 0.991588 0.990010
82.000000 0.988901 7.919662 0.991543 0.989958
82.099998 0.988310 7.920829 0.991498 0.990436
82.199997 0.988248 7.919871 0.991453 0.990385
82.299995 0.988722 7.919979 0.991944 0.990333
82.400002 0.988121 7.919546 0.991901 0.990281
82.500000 0.988056 7.920738 0.991857 0.990228
82.599998 0.987991 7.922489 0.992358 0.990175
82.699997 0.987925 7.923162 0.992865 0.990121
82.799995 0.987859 7.922738 0.992826 0.990618
82.900002 0.987791 7.921753 0.993341 0.990011
83.000000 0.987723 7.924107 0.993304 0.990513
83.099998 0.987093 7.927049 0.993266 0.990460
83.199997 0.986456 7.927201 0.993228 0.990406
83.299995 0.986379 7.926788 0.993190 0.990352
83.400002 0.985731 7.927512 0.993151 0.990297
83.500000 0.986223 7.928244 0.993111 0.989667
83.599998 0.985566 7.927252 0.993072 0.989030
83.699997 0.985482 7.927990 0.993031 0.988966
83.799995 0.985397 7.926402 0.992407 0.988902
83.900002 0.985311 7.928319 0.992949 0.989424
84.000000 0.986407 7.929078 0.992908 0.990544
84.099998 0.986326 7.928656 0.992866 0.990488
84.199997 0.986244 7.928229 0.992823 0.991029
84.299995 0.986763 7.929603 0.992780 0.990975
84.400002 0.986683 7.930993 0.992736 0.990920
84.500000 0.986602 7.930573 0.992692 0.990865
84.599998 0.986520 7.930148 0.992647 0.991422
84.699997 0.986436 7.931566 0.992602 0.991985
84.799995 0.986352 7.931762 0.993176 0.991935
84.900002 0.986891 7.930712 0.993134 0.991885
85.000000 0.986809 7.930904 0.993090 0.992462
85.099998 0.986726 7.929836 0.993047 0.992415
85.199997 0.986005 7.932570 0.993003 0.992366
85.299995 0.985915 7.932138 0.992958 0.992318
85.400002 0.986469 7.932345 0.992912 0.992268
85.500000 0.986381 7.933204 0.992866 0.992218
85.599998 0.986945 7.932115 0.993473 0.992167
85.699997 0.986859 7.931012 0.993430 0.991459
85.799995 0.986772 7.931217 0.993386 0.991402
85.900002 0.986684 7.931425 0.992676 0.991345
86.000000 0.986595 7.930965 0.992627 0.991287
86.099998 0.986505 7.931849 0.992578 0.990553
86.199997 0.985734 7.932745 0.992527 0.991168
86.299995 0.985636 7.933652 0.992476 0.991108
86.400002 0.987603 7.932507 0.992424 0.991047
86.500000 0.988211 7.930652 0.992372 0.990985
86.599998 0.988128 7.929470 0.992318 0.990223
86.699997 0.988045 7.929676 0.992264 0.990155
86.799995 0.987960 7.928471 0.992210 0.990085
86.900002 0.987874 7.927247 0.992154 0.990014
87.000000 0.987787 7.927443 0.992098 0.989943
87.099998 0.987699 7.927641 0.992041 0.990593
87.199997 0.988338 7.928571 0.991983 0.989796
87.299995 0.988253 7.928782 0.991924 0.989721
87.400002 0.988166 7.928255 0.991864 0.990385
87.500000 0.988078 7.928465 0.991803 0.990313
87.599998 0.987237 7.930180 0.991742 0.990240
87.699997 0.987897 7.929652 0.991679 0.990166
87.799995 0.988567 7.929116 0.991616 0.990091
87.900002 0.989247 7.930107 0.991551 0.990015
88.000000 0.988390 7.928793 0.991486 0.989938
88.099998 0.989080 7.926676 0.992200 0.989860
88.199997 0.988994 7.924529 0.991352 0.991352
88.299995 0.988907 7.922345 0.991284 0.990491
88.400002 0.988818 7.920128 0.991214 0.991214
88.500000 0.987923 7.917874 0.991143 0.991143
88.599998 0.987013 7.917207 0.991883 0.991071
88.699997 0.986907 7.916531 0.991817 0.990998
88.799995 0.986799 7.920792 0.992574 0.990924
88.900002 0.986689 7.917637 0.992512 0.990849
89.000000 0.987416 7.916946 0.992450 0.990772
89.099998 0.987310 7.917936 0.992386 0.990694
89.199997 0.987201 7.917235 0.992321 0.990614
89.299995 0.987091 7.916524 0.992255 0.991394
89.400002 0.986979 7.915798 0.993056 0.991319
89.500000 0.986865 7.915062 0.992995 0.991243
89.599998 0.986749 7.915194 0.992933 0.992049
89.699997 0.985740 7.916222 0.993761 0.991979
89.799995 0.985611 7.915468 0.993705 0.991007
89.900002 0.985481 7.916514 0.992740 0.990926
90.000000 0.985348 7.916667 0.992674 0.990842
90.099998 0.985213 7.916821 0.992606 0.990758
90.199997 0.985075 7.916978 0.992537 0.990672
90.299995 0.984934 7.916196 0.993409 0.990584
90.400002 0.985741 7.916350 0.993346 0.990494
90.500000 0.986564 7.916507 0.993282 0.990403
90.599998 0.986434 7.913759 0.993217 0.990310
90.699997 0.986301 7.913895 0.993151 0.990215
90.799995 0.986166 7.912055 0.993083 0.991107
90.900002 0.985030 7.911177 0.993014 0.992016
91.000000 0.984879 7.909274 0.992944 0.990927
91.099998 0.984725 7.911405 0.991853 0.990835
91.199997 0.985597 7.910494 0.991770 0.989712
91.299995 0.985447 7.911642 0.990645 0.989605
91.400002 0.985294 7.910714 0.990546 0.990546
91.500000 0.985138 7.911890 0.990446 0.990446
91.599998 0.984979 7.913090 0.990343 0.990343
91.699997 0.984816 7.913232 0.990239 0.990239
91.799995 0.984649 7.911183 0.990132 0.990132
91.900002 0.984479 7.911308 0.990022 0.990022
92.000000 0.986547 7.914799 0.991031 0.988789
92.099998 0.988662 7.917233 0.989796 0.988662
92.199997 0.988532 7.917431 0.989679 0.989679
92.299995 0.988399 7.915313 0.990719 0.989559
92.400002 0.988263 7.915493 0.990610 0.989437
92.500000 0.988124 7.913302 0.990499 0.989311
92.599998 0.987981 7.917067 0.990385 0.989183
92.699997 0.987835 7.916059 0.990268 0.989051
92.799995 0.987685 7.918719 0.990148 0.988916
92.900002 0.988778 7.920199 0.990025 0.988778
93.000000 0.988636 7.919192 0.991162 0.988636
93.099998 0.988491 7.918159 0.991049 0.988491
93.199997 0.988342 7.918394 0.993523 0.988342
93.299995 0.988189 7.921259 0.993438 0.988189
93.400002 0.988032 7.921543 0.993351 0.988032
93.500000 0.986523 7.921834 0.993261 0.989218
93.599998 0.986339 7.920764 0.993169 0.989071
93.699997 0.986150 7.921052 0.991690 0.987535
93.799995 0.985955 7.921349 0.992977 0.987360
93.900002 0.988604 7.924501 0.992877 0.987179
94.000000 0.986994 7.926301 0.992775 0.986994
94.099998 0.986804 7.928153 0.992669 0.986804
94.199997 0.988095 7.927083 0.992560 0.986607
94.299995 0.987915 7.927493 0.993958 0.986405
94.400002 0.987730 7.924847 0.993865 0.986196
94.500000 0.987539 7.923676 0.993769 0.985981
94.599998 0.985759 7.922468 0.993671 0.984177
94.699997 0.985531 7.922830 0.993569 0.983923
94.799995 0.983660 7.923203 0.993464 0.983660
94.900002 0.983389 7.923588 0.993355 0.983389
95.000000 0.983108 7.923987 0.993243 0.983108
95.099998 0.986254 7.926117 0.993127 0.984536
95.199997 0.986014 7.926573 0.994755 0.984266
95.299995 0.987544 7.925266 0.992883 0.983986
95.400002 0.987319 7.927536 0.990942 0.983696
95.500000 0.987085 7.929889 0.992620 0.983395
95.599998 0.986842 7.928572 0.992481 0.983083
95.699997 0.986590 7.929119 0.990421 0.982759
95.799995 0.986328 7.927734 0.990234 0.982422
95.900002 0.988048 7.928287 0.992032 0.982072
96.000000 0.987805 7.930894 0.991870 0.981707
96.099998 0.987552 7.931535 0.991701 0.981328
96.199997 0.987288 7.932204 0.991525 0.980932
96.299995 0.984848 7.932900 0.991342 0.980519
96.400002 0.984513 7.933629 0.991150 0.977876
96.500000 0.984163 7.932127 0.993213 0.975113
96.599998 0.986111 7.930555 0.993056 0.974537
96.699997 0.985782 7.931280 0.992891 0.973934
96.799995 0.987864 7.927185 0.995146 0.973301
96.900002 0.987562 7.922885 0.995025 0.975124
97.000000 0.987245 7.920918 0.994898 0.974490
97.099998 0.986911 7.916230 0.994764 0.973822
97.199997 0.986559 7.913979 0.994624 0.975806
97.299995 0.986188 7.922652 0.997238 0.975138
97.400002 0.985795 7.923295 0.994318 0.974432
97.500000 0.991228 7.912281 0.994152 0.973684
97.599998 0.990964 7.909638 0.993976 0.972892
97.699997 0.990683 7.906832 0.993789 0.972050
97.799995 0.990385 7.907051 0.993590 0.971154
97.900002 0.986755 7.903974 0.993378 0.973510
98.000000 0.986301 7.907535 0.996575 0.976027
98.099998 0.985816 7.904255 0.996454 0.975177
98.199997 0.985294 7.900735 0.996324 0.977941
98.299995 0.984733 7.900764 0.996183 0.980916
98.400002 0.988095 7.904762 0.996032 0.980159
98.500000 0.987603 7.904958 0.995868 0.979339
98.599998 0.987069 7.905172 0.995690 0.978448
98.699997 0.986486 7.905405 0.995495 0.977477
98.799995 0.985849 7.905661 0.995283 0.976415
98.900002 0.990099 7.905940 0.995049 0.975248
99.000000 0.989583 7.906250 0.994792 0.984375
99.099998 0.994505 7.906593 0.994505 0.983516
99.199997 0.994186 7.901163 0.994186 0.982558
99.299995 1.000000 7.901235 0.993827 0.993827
99.400002 1.000000 7.894737 0.993421 0.993421
99.500000 1.000000 7.887324 0.992958 0.992958
99.599998 1.000000 7.878788 0.992424 0.992424
99.699997 1.000000 7.893443 1.000000 0.991803
99.799995 1.000000 7.892857 1.000000 0.991071
99.900002 1.000000 7.931372 1.000000 0.990196
100.000000 1.000000 7.923913 1.000000 0.989130
100.099998 1.000000 7.939024 1.000000 0.987805
100.199997 1.000000 7.930556 1.000000 0.986111
100.299995 1.000000 7.951613 1.000000 0.983871
100.400002 1.000000 7.942307 1.000000 0.980769
100.500000 1.000000 7.976191 1.000000 0.976190
100.599998 1.000000 7.968750 1.000000 0.968750
100.699997 1.000000 8.000000 1.000000 0.954545
100.799995 1.000000 8.000000 1.000000 0.916667
100.900002 1.000000 8.000000 1.000000 1.000000
