0.000000 0.000801 0.006806 0.001001 0.000901
0.100000 0.009202 0.079016 0.010802 0.010502
0.200000 0.019506 0.143843 0.021106 0.021506
0.300000 0.029332 0.209631 0.029532 0.033036
0.400000 0.039776 0.267608 0.038473 0.038573
0.500000 0.050737 0.323473 0.047127 0.047328
0.600000 0.060211 0.369895 0.056999 0.055093
0.700000 0.069800 0.406548 0.065984 0.062669
0.800000 0.079188 0.447694 0.075570 0.066526
0.900000 0.088002 0.482953 0.082571 0.075933
1.000000 0.097846 0.519529 0.088786 0.083451
1.100000 0.107215 0.553910 0.095627 0.090588
1.200000 0.115974 0.588846 0.101956 0.097721
1.300000 0.124357 0.619360 0.106894 0.104371
1.400000 0.134101 0.648288 0.112289 0.113703
1.500000 0.144012 0.671956 0.115917 0.119656
1.600000 0.153045 0.702003 0.125126 0.124115
1.700000 0.162365 0.728211 0.129365 0.127341
1.800000 0.170737 0.758030 0.131928 0.131827
1.900000 0.180325 0.791075 0.136917 0.136207
2.000000 0.188103 0.822962 0.141407 0.142118
2.100000 0.196505 0.853790 0.146617 0.147429
2.200000 0.204129 0.893206 0.151139 0.149817
2.300000 0.211421 0.919178 0.156352 0.156657
2.400000 0.221396 0.944677 0.159857 0.159755
2.500000 0.228918 0.978587 0.164372 0.165902
2.600000 0.236404 1.011529 0.170697 0.170799
2.700000 0.243337 1.046053 0.173083 0.173593
2.800000 0.250307 1.087490 0.178455 0.179579
2.900000 0.257213 1.128299 0.183651 0.183855
3.000000 0.264953 1.169808 0.188550 0.190393
3.100000 0.271376 1.215399 0.190383 0.193049
3.200000 0.278223 1.256671 0.194273 0.200534
3.300000 0.285494 1.300596 0.201151 0.204438
3.400000 0.293985 1.341285 0.207095 0.211414
3.500000 0.299064 1.380879 0.213029 0.217145
3.600000 0.304943 1.423893 0.216890 0.223790
3.700000 0.310658 1.464750 0.221088 0.229953
3.800000 0.317446 1.505313 0.226039 0.233983
3.900000 0.323867 1.551792 0.230920 0.238356
4.000000 0.330887 1.606884 0.237441 0.243953
4.100000 0.336610 1.649317 0.240480 0.246999
4.200000 0.340860 1.696116 0.245572 0.252615
4.300000 0.348263 1.738725 0.250596 0.257128
4.400000 0.354333 1.789621 0.256565 0.260509
4.500000 0.361247 1.833870 0.261195 0.267844
4.600000 0.368799 1.879563 0.266459 0.274051
4.700000 0.373204 1.927649 0.270872 0.280242
4.800000 0.379116 1.977282 0.275010 0.284181
4.900000 0.385458 2.026288 0.281139 0.291154
5.000000 0.390351 2.074039 0.284774 0.295217
5.100000 0.396153 2.122818 0.290478 0.299153
5.200000 0.401277 2.171811 0.295595 0.302919
5.300000 0.408986 2.222979 0.298806 0.307604
5.400000 0.416125 2.269029 0.302999 0.312644
5.500000 0.422290 2.319236 0.308112 0.318711
5.600000 0.427566 2.367160 0.313478 0.323248
5.700000 0.433800 2.419602 0.320644 0.328426
5.800000 0.438362 2.468786 0.326666 0.334456
5.900000 0.443520 2.518651 0.332455 0.338883
6.000000 0.448734 2.568565 0.337447 0.344726
6.100000 0.453960 2.616368 0.345301 0.350686
6.200000 0.459408 2.662896 0.350423 0.357188
6.300000 0.463598 2.712910 0.355450 0.363492
6.400000 0.469492 2.763983 0.360699 0.369174
6.500000 0.475453 2.813700 0.366663 0.374404
6.600000 0.481053 2.859993 0.372997 0.381807
6.700000 0.486239 2.908086 0.379237 0.385719
6.800000 0.491066 2.954690 0.384918 0.391300
6.900000 0.494144 3.002130 0.390545 0.396721
7.000000 0.498721 3.047528 0.395460 0.402280
7.100000 0.504587 3.098037 0.401003 0.408150
7.200000 0.509184 3.141072 0.405489 0.414246
7.300000 0.513898 3.186551 0.412016 0.420034
7.400000 0.518193 3.230843 0.417273 0.424658
7.500000 0.522820 3.275766 0.421470 0.428112
7.600000 0.527778 3.326576 0.426963 0.433290
7.700000 0.532854 3.368263 0.431930 0.439017
7.800000 0.536973 3.410684 0.438091 0.444325
7.900000 0.540779 3.453411 0.445018 0.451474
8.000000 0.544485 3.494291 0.449483 0.456484
8.099999 0.548091 3.536123 0.455251 0.461613
8.200000 0.553049 3.576471 0.459903 0.464652
8.300000 0.558077 3.620313 0.465586 0.469152
8.400000 0.561865 3.661800 0.471014 0.474692
8.500000 0.566573 3.705997 0.475536 0.480407
8.599999 0.572063 3.744473 0.482228 0.484179
8.700000 0.576418 3.787721 0.488231 0.489099
8.800000 0.581171 3.827017 0.492996 0.494299
8.900000 0.585498 3.864768 0.496141 0.498967
9.000000 0.589400 3.904125 0.501143 0.504843
9.099999 0.593202 3.942804 0.505284 0.509206
9.200000 0.596619 3.983315 0.509487 0.513522
9.300000 0.600655 4.019978 0.513755 0.518013
9.400000 0.603497 4.057268 0.518142 0.522514
9.500000 0.607659 4.093326 0.522210 0.528009
9.599999 0.611939 4.131216 0.527054 0.531982
9.700000 0.615132 4.166337 0.531250 0.537390
9.800000 0.617757 4.202700 0.536326 0.542471
9.900000 0.622391 4.235882 0.540541 0.546693
10.000000 0.625385 4.274857 0.543665 0.550374
10.099999 0.628056 4.313807 0.548668 0.555054
10.200000 0.631283 4.350308 0.552800 0.559414
10.300000 0.634738 4.383249 0.556720 0.562900
10.400000 0.638091 4.420128 0.560981 0.567830
10.500000 0.640124 4.455541 0.566578 0.571444
10.599999 0.644344 4.492583 0.571508 0.575825
10.700000 0.648050 4.527483 0.576130 0.580120
10.800000 0.651875 4.559352 0.581873 0.585090
10.900000 0.654747 4.587562 0.585564 0.588451
11.000000 0.658699 4.622346 0.591773 0.592440
11.099999 0.662883 4.656205 0.595437 0.596661
11.200000 0.666295 4.688691 0.600223 0.599220
11.300000 0.670273 4.717346 0.606247 0.602789
11.400000 0.673144 4.751647 0.609492 0.606365
11.500000 0.677473 4.781777 0.611738 0.610509
11.599999 0.681253 4.811304 0.615221 0.614438
11.700000 0.685525 4.843042 0.618194 0.617746
11.800000 0.688650 4.872252 0.621579 0.621691
11.900000 0.690658 4.902313 0.624860 0.624298
12.000000 0.694020 4.933004 0.628372 0.628597
12.099999 0.697502 4.963426 0.631780 0.633806
12.200000 0.700766 4.994479 0.636323 0.637449
12.300000 0.703023 5.021994 0.639973 0.642003
12.400000 0.706414 5.052620 0.643406 0.646229
12.500000 0.708795 5.078001 0.646959 0.649107
12.599999 0.712459 5.105805 0.650673 0.652484
12.700000 0.715872 5.133681 0.654469 0.656055
12.799999 0.717201 5.160789 0.657558 0.659599
12.900000 0.720286 5.191395 0.660347 0.661823
13.000000 0.723264 5.220366 0.663598 0.665530
13.099999 0.726021 5.249175 0.667198 0.668449
13.200000 0.729271 5.274146 0.670387 0.670729
13.299999 0.730901 5.298404 0.672748 0.673546
13.400000 0.733250 5.326447 0.675265 0.676635
13.500000 0.736030 5.354246 0.678780 0.680265
13.599999 0.739389 5.378332 0.681043 0.683560
13.700000 0.741381 5.406139 0.683885 0.686634
13.799999 0.743607 5.429882 0.686504 0.690058
13.900000 0.745379 5.454253 0.689243 0.693261
14.000000 0.747270 5.476152 0.691185 0.696931
14.099999 0.749396 5.499252 0.694627 0.698884
14.200000 0.752793 5.525631 0.697731 0.702223
14.299999 0.755738 5.550455 0.701073 0.705916
14.400000 0.758111 5.573260 0.704307 0.708348
14.500000 0.761068 5.596463 0.706855 0.710900
14.599999 0.763338 5.620762 0.709640 0.713691
14.700000 0.764801 5.644305 0.712432 0.716024
14.799999 0.766616 5.665816 0.714650 0.718246
14.900000 0.768927 5.689851 0.717487 0.720971
15.000000 0.770661 5.713356 0.719865 0.723934
15.099999 0.773420 5.732340 0.722681 0.726056
15.200000 0.775137 5.752184 0.726086 0.728184
15.299999 0.778374 5.773592 0.727750 0.730899
15.400000 0.780684 5.793880 0.730118 0.733505
15.500000 0.783702 5.814802 0.733427 0.736467
15.599999 0.785087 5.835421 0.735924 0.737680
15.700000 0.786945 5.853979 0.738779 0.739951
15.799999 0.790097 5.875514 0.741523 0.743166
15.900000 0.792083 5.895924 0.744978 0.744391
16.000000 0.794190 5.917911 0.747266 0.747383
16.100000 0.795596 5.938655 0.749088 0.749441
16.199999 0.797949 5.959684 0.751031 0.751621
16.299999 0.799363 5.976160 0.753216 0.753452
16.400000 0.801725 5.994092 0.756233 0.756351
16.500000 0.803147 6.012185 0.757601 0.758192
16.600000 0.804572 6.030913 0.759919 0.760512
16.699999 0.806475 6.050634 0.763192 0.763074
16.799999 0.808501 6.070165 0.765760 0.765404
16.900000 0.810412 6.088435 0.766671 0.767622
17.000000 0.812924 6.106986 0.768416 0.769963
17.100000 0.815084 6.123674 0.770881 0.772310
17.199999 0.816772 6.141954 0.773709 0.774902
17.299999 0.818844 6.159184 0.775496 0.777167
17.400000 0.820182 6.178144 0.777499 0.779292
17.500000 0.820924 6.196672 0.779627 0.781542
17.600000 0.822267 6.214765 0.781879 0.783557
17.699999 0.823494 6.231701 0.783057 0.785337
17.799999 0.825805 6.248919 0.785440 0.788083
17.900000 0.827279 6.265456 0.787587 0.790354
18.000000 0.829480 6.281430 0.788777 0.791667
18.100000 0.831565 6.297444 0.790813 0.793586
18.199999 0.832690 6.313013 0.792854 0.794664
18.299999 0.835509 6.331762 0.793812 0.796471
18.400000 0.837266 6.348579 0.796733 0.798306
18.500000 0.839007 6.366323 0.798546 0.800121
18.600000 0.840267 6.383990 0.800364 0.802547
18.699999 0.842502 6.398786 0.802064 0.804614
18.799999 0.844134 6.416049 0.803526 0.806930
18.900000 0.846519 6.430501 0.805745 0.807936
19.000000 0.848404 6.447599 0.808189 0.810261
19.100000 0.850049 6.463031 0.809907 0.812714
19.199999 0.850599 6.476668 0.812607 0.814928
19.299999 0.851394 6.490827 0.814702 0.816781
19.400000 0.853049 6.508082 0.817291 0.818026
19.500000 0.854218 6.523540 0.819029 0.819642
19.600000 0.856371 6.539160 0.820525 0.822490
19.699999 0.858038 6.554326 0.822640 0.823378
19.799999 0.859217 6.568053 0.823652 0.825745
19.900000 0.859906 6.580335 0.825530 0.827624
20.000000 0.861091 6.595608 0.827782 0.829879
20.100000 0.861784 6.611660 0.829298 0.831398
20.199999 0.863591 6.624413 0.830695 0.832921
20.299999 0.864554 6.636251 0.831992 0.835706
20.400000 0.866741 6.649436 0.834139 0.837362
20.500000 0.867693 6.662157 0.836540 0.838774
20.600000 0.868647 6.674164 0.837703 0.840189
20.699999 0.870117 6.685494 0.839761 0.841503
20.799999 0.871450 6.696811 0.841181 0.842551
20.900000 0.872038 6.709653 0.843103 0.843477
21.000000 0.873252 6.721029 0.844031 0.845155
21.100000 0.874219 6.733809 0.846337 0.845336
21.199999 0.875063 6.747121 0.848147 0.847146
21.299999 0.876410 6.758335 0.849461 0.847957
21.400000 0.877134 6.770708 0.849900 0.849398
21.500000 0.878236 6.782106 0.851219 0.850088
21.600000 0.879215 6.796175 0.852667 0.851912
21.699999 0.880323 6.805997 0.853616 0.853490
21.799999 0.881685 6.817608 0.855827 0.855449
21.900000 0.882799 6.828618 0.856656 0.855898
22.000000 0.883536 6.840794 0.857613 0.857613
22.100000 0.884654 6.851987 0.859458 0.859078
22.199999 0.885269 6.862830 0.859914 0.860548
22.299999 0.886407 6.873080 0.860769 0.861023
22.400000 0.887915 6.884102 0.863007 0.862371
22.500000 0.888790 6.894261 0.863850 0.863214
22.600000 0.889922 6.905848 0.865078 0.863932
22.699999 0.891695 6.916444 0.866565 0.865034
22.799999 0.892707 6.926811 0.867416 0.866650
22.900000 0.893976 6.937076 0.869037 0.867374
23.000000 0.895377 6.944551 0.869894 0.868357
23.100000 0.896012 6.953199 0.870624 0.869727
23.199999 0.897163 6.963410 0.871357 0.870587
23.299999 0.897673 6.973133 0.872606 0.872092
23.400000 0.898700 6.980563 0.873986 0.872957
23.500000 0.899343 6.991364 0.875499 0.874339
23.600000 0.900116 7.000000 0.877016 0.874823
23.699999 0.901408 7.009950 0.877762 0.875953
23.799999 0.901928 7.019666 0.878768 0.876957
23.900000 0.902967 7.027335 0.880036 0.878482
24.000000 0.903749 7.033986 0.881308 0.880010
24.100000 0.904273 7.042862 0.882842 0.881153
24.199999 0.904669 7.052803 0.883730 0.882299
24.299999 0.905717 7.062117 0.884230 0.883058
24.400000 0.906767 7.071065 0.884861 0.883818
24.500000 0.907690 7.078992 0.886408 0.884319
24.600000 0.908485 7.087724 0.888090 0.886390
24.699999 0.908627 7.097526 0.890431 0.887551
24.799999 0.909293 7.105912 0.891991 0.889894
24.900000 0.910487 7.114713 0.892768 0.891062
25.000000 0.911289 7.121435 0.893941 0.892101
25.100000 0.911830 7.129754 0.894723 0.892486
25.199999 0.911978 7.136381 0.895243 0.893662
25.299999 0.912521 7.144610 0.896424 0.894445
25.400000 0.913727 7.152464 0.897080 0.895363
25.500000 0.914804 7.158222 0.898002 0.895753
25.599998 0.916015 7.164922 0.899192 0.896145
25.699999 0.917098 7.173498 0.900252 0.897201
25.799999 0.917519 7.181033 0.901049 0.898659
25.900000 0.918074 7.188589 0.901716 0.899987
26.000000 0.919164 7.197496 0.902384 0.900786
26.099998 0.919589 7.203360 0.903054 0.901987
26.199999 0.919749 7.209774 0.903458 0.902924
26.299999 0.920310 7.216205 0.904666 0.904399
26.400000 0.921141 7.222386 0.906145 0.904940
26.500000 0.922376 7.227644 0.907092 0.906020
26.599998 0.922943 7.233185 0.907504 0.906699
26.699999 0.923242 7.241834 0.907783 0.906977
26.799999 0.923947 7.250235 0.908871 0.907525
26.900000 0.924518 7.258526 0.909826 0.908343
27.000000 0.925226 7.265218 0.910784 0.908760
27.099998 0.926071 7.272199 0.912015 0.909718
27.199999 0.926918 7.276898 0.912843 0.910137
27.299999 0.927768 7.281474 0.913809 0.910421
27.400000 0.928484 7.287421 0.914100 0.911386
27.500000 0.929474 7.293926 0.915614 0.911945
27.599998 0.930603 7.299088 0.916315 0.913185
27.699999 0.931326 7.305627 0.917019 0.914021
27.799999 0.931778 7.312185 0.917451 0.914177
27.900000 0.932095 7.316300 0.918431 0.915016
28.000000 0.932412 7.321248 0.919414 0.915310
28.099998 0.932868 7.328812 0.919852 0.916153
28.199999 0.933324 7.333791 0.920016 0.916861
28.299999 0.933782 7.338920 0.920456 0.917846
28.400000 0.934104 7.342551 0.921172 0.918558
28.500000 0.934702 7.346743 0.922028 0.919273
28.599998 0.934888 7.350531 0.922886 0.919851
28.699999 0.935765 7.356956 0.924023 0.920155
28.799999 0.936238 7.361826 0.924481 0.920609
28.900000 0.936981 7.366758 0.925069 0.921468
29.000000 0.937864 7.372955 0.925798 0.922330
29.099998 0.938333 7.381667 0.926528 0.923611
29.199999 0.938665 7.388177 0.927121 0.924200
29.299999 0.939415 7.393593 0.927577 0.925487
29.400000 0.939888 7.397908 0.927894 0.925662
29.500000 0.940363 7.403072 0.928352 0.926257
29.599998 0.940979 7.410489 0.928811 0.926713
29.699999 0.941737 7.415406 0.929552 0.927171
29.799999 0.942216 7.419775 0.930154 0.928331
29.900000 0.942978 7.423736 0.930337 0.928792
30.000000 0.943460 7.427848 0.930661 0.928692
30.099998 0.944085 7.432535 0.931690 0.929718
30.199999 0.944711 7.438364 0.932581 0.929619
30.299999 0.945056 7.442090 0.933192 0.929944
30.400000 0.945545 7.447242 0.933522 0.931259
30.500000 0.945892 7.451700 0.933994 0.932153
30.599998 0.946099 7.457163 0.934184 0.932908
30.699999 0.946165 7.461648 0.934517 0.933381
30.799999 0.946942 7.467141 0.935135 0.933997
30.900000 0.947578 7.471653 0.935613 0.934473
31.000000 0.947504 7.474322 0.936091 0.935093
31.099998 0.948000 7.478572 0.936143 0.935857
31.199999 0.948355 7.483405 0.936624 0.936767
31.299999 0.948567 7.486820 0.936819 0.937536
31.400000 0.948924 7.490674 0.936872 0.938307
31.500000 0.949282 7.495402 0.937356 0.939080
31.599998 0.950072 7.499856 0.937842 0.940288
31.699999 0.950144 7.505188 0.938473 0.940778
31.799999 0.950794 7.510534 0.938961 0.941991
31.900000 0.951156 7.513439 0.940029 0.942630
32.000000 0.951520 7.516209 0.940955 0.943560
32.099998 0.951449 7.520144 0.941594 0.944203
32.200001 0.951669 7.525254 0.941655 0.944993
32.299999 0.951308 7.529360 0.942006 0.945203
32.399998 0.951819 7.533479 0.942358 0.945124
32.500000 0.951895 7.537900 0.943149 0.945918
32.599998 0.952263 7.541022 0.944380 0.946131
32.700001 0.952632 7.544737 0.945760 0.946491
32.799999 0.953001 7.549781 0.946559 0.946999
32.899998 0.953959 7.553959 0.947361 0.947507
33.000000 0.954185 7.556535 0.947577 0.947871
33.099998 0.954853 7.558530 0.947353 0.948235
33.200001 0.954786 7.561856 0.947570 0.948454
33.299999 0.954572 7.564897 0.948230 0.948378
33.399998 0.955391 7.567799 0.948449 0.948449
33.500000 0.955769 7.568935 0.948521 0.948817
33.599998 0.956444 7.571852 0.948889 0.949037
33.700001 0.956528 7.575371 0.949407 0.949407
33.799999 0.957355 7.579643 0.949777 0.949480
33.899998 0.958036 7.583631 0.949702 0.950000
34.000000 0.958569 7.586439 0.949776 0.950074
34.099998 0.958806 7.589403 0.949701 0.950597
34.200001 0.959193 7.593572 0.950075 0.951569
34.299999 0.959132 7.596856 0.950000 0.951946
34.399998 0.959370 7.601649 0.950075 0.952474
34.500000 0.959610 7.606006 0.950000 0.952703
34.599998 0.960301 7.609324 0.950977 0.952481
34.700001 0.960392 7.611596 0.951807 0.953012
34.799999 0.960633 7.615233 0.952036 0.953394
34.899998 0.960876 7.618580 0.952417 0.953776
35.000000 0.960363 7.621937 0.952496 0.954312
35.099998 0.960606 7.624545 0.952879 0.954697
35.200001 0.960698 7.627769 0.953263 0.955235
35.299999 0.960638 7.628724 0.952888 0.955775
35.399998 0.960731 7.631659 0.953425 0.956012
35.500000 0.960976 7.634756 0.953963 0.956098
35.599998 0.960916 7.636336 0.954198 0.956641
35.700001 0.961315 7.639908 0.954740 0.957034
35.799999 0.962328 7.644717 0.955436 0.957427
35.899998 0.962270 7.646779 0.955675 0.957362
36.000000 0.962058 7.648848 0.955914 0.957296
36.099998 0.962615 7.652000 0.956154 0.957231
36.200001 0.962404 7.655470 0.956240 0.957781
36.299999 0.962191 7.657870 0.957253 0.958025
36.399998 0.963060 7.661979 0.957342 0.957960
36.500000 0.962848 7.664551 0.957585 0.958514
36.599998 0.962946 7.667441 0.957829 0.958605
36.700001 0.963820 7.672205 0.958230 0.959317
36.799999 0.964075 7.673095 0.958476 0.959876
36.899998 0.964642 7.675234 0.959034 0.960280
37.000000 0.965055 7.677847 0.959126 0.960530
37.099998 0.965469 7.679687 0.959687 0.960469
37.200001 0.965415 7.682316 0.960250 0.960407
37.299999 0.965361 7.685266 0.960502 0.960972
37.399998 0.966091 7.686185 0.960910 0.961538
37.500000 0.966195 7.689466 0.960849 0.962107
37.599998 0.966457 7.691653 0.961260 0.962362
37.700001 0.967350 7.694795 0.961830 0.962618
37.799999 0.967772 7.697630 0.962401 0.962717
37.899998 0.968354 7.701266 0.963133 0.962658
38.000000 0.968621 7.703328 0.963075 0.962599
38.099998 0.968413 7.704445 0.963333 0.962857
38.200001 0.968362 7.706995 0.963752 0.963116
38.299999 0.968471 7.709395 0.964013 0.963057
38.399998 0.968581 7.711802 0.964274 0.963317
38.500000 0.968850 7.713418 0.964217 0.963578
38.599998 0.968800 7.715200 0.964480 0.964160
38.700001 0.968910 7.716667 0.965545 0.964263
38.799999 0.968860 7.718781 0.966132 0.964848
38.899998 0.968810 7.721062 0.966399 0.964952
39.000000 0.969082 7.724154 0.967150 0.965217
39.099998 0.969032 7.726130 0.967258 0.965161
39.200001 0.969144 7.727464 0.967528 0.965267
39.299999 0.969094 7.729774 0.967638 0.965696
39.399998 0.969368 7.731443 0.968071 0.966289
39.500000 0.969481 7.733929 0.968182 0.966558
39.599998 0.969268 7.736260 0.968455 0.966341
39.700001 0.969544 7.738436 0.968241 0.966612
39.799999 0.969657 7.740294 0.968516 0.966558
39.899998 0.969608 7.741830 0.969118 0.966503
40.000000 0.969722 7.744681 0.968903 0.967103
40.099998 0.970000 7.747049 0.969016 0.967213
40.200001 0.969951 7.748768 0.969458 0.967323
40.299999 0.970230 7.751152 0.969737 0.967599
40.399998 0.969852 7.753048 0.970181 0.967710
40.500000 0.970462 7.754786 0.970132 0.967822
40.599998 0.970578 7.757190 0.970744 0.967934
40.700001 0.970861 7.759603 0.971026 0.968212
40.799999 0.971144 7.760198 0.971476 0.968159
40.899998 0.971262 7.761960 0.972093 0.968272
41.000000 0.971381 7.764060 0.972213 0.968386
41.099998 0.971500 7.765500 0.972167 0.969000
41.200001 0.971619 7.768281 0.971786 0.968948
41.299999 0.971405 7.770402 0.972074 0.969064
41.399998 0.971859 7.771022 0.972027 0.968844
41.500000 0.971812 7.772819 0.972315 0.969128
41.599998 0.972941 7.774454 0.972605 0.969076
41.700001 0.973064 7.776263 0.972727 0.969360
41.799999 0.973524 7.778078 0.973356 0.969814
41.899998 0.973480 7.780744 0.973142 0.969932
42.000000 0.973604 7.781556 0.973435 0.969712
42.099998 0.973729 7.783560 0.973898 0.969831
42.200001 0.973684 7.784720 0.974194 0.969779
42.299999 0.973639 7.786905 0.974150 0.969898
42.399998 0.973935 7.788245 0.974106 0.970187
42.500000 0.974232 7.789761 0.973891 0.970478
42.599998 0.974530 7.790599 0.974359 0.970769
42.700001 0.974315 7.791096 0.974315 0.971233
42.799999 0.974786 7.793653 0.974443 0.971527
42.899998 0.974742 7.795189 0.974742 0.972165
43.000000 0.974527 7.797418 0.975215 0.972117
43.099998 0.974828 7.798103 0.975345 0.972069
43.200001 0.974957 7.798619 0.975130 0.972021
43.299999 0.974913 7.799308 0.975260 0.972145
43.399998 0.975390 7.800346 0.975390 0.972270
43.500000 0.975521 7.801389 0.975694 0.971875
43.599998 0.975478 7.803478 0.975652 0.971826
43.700001 0.975087 7.805575 0.976307 0.972125
43.799999 0.975044 7.806632 0.976789 0.971728
43.899998 0.975350 7.806993 0.976923 0.971678
44.000000 0.975657 7.807881 0.976708 0.971629
44.099998 0.975439 7.808421 0.976316 0.971754
44.200001 0.975747 7.810369 0.976977 0.972056
44.299999 0.976056 7.811268 0.976761 0.972711
44.399998 0.976190 7.811817 0.976720 0.973192
44.500000 0.976325 7.812014 0.976855 0.973322
44.599998 0.976106 7.814337 0.977168 0.973805
44.700001 0.976064 7.815780 0.977128 0.974291
44.799999 0.976554 7.816519 0.977442 0.974600
44.899998 0.976512 7.817794 0.977758 0.974733
45.000000 0.976471 7.819073 0.977718 0.974688
45.099998 0.976607 7.819821 0.977679 0.974643
45.200001 0.976744 7.820036 0.977460 0.974598
45.299999 0.976882 7.821147 0.977419 0.974552
45.399998 0.977379 7.821723 0.977558 0.974327
45.500000 0.977698 7.821942 0.977698 0.974281
45.599998 0.977658 7.823423 0.977658 0.974234
45.700001 0.977798 7.823827 0.977798 0.974007
45.799999 0.978300 7.825316 0.977758 0.974141
45.899998 0.978261 7.826268 0.977899 0.974457
46.000000 0.978766 7.827223 0.978040 0.974955
46.099998 0.979455 7.827636 0.978000 0.974909
46.200001 0.979417 7.828780 0.977960 0.975410
46.299999 0.979562 7.830110 0.977920 0.975547
46.399998 0.979707 7.831445 0.978428 0.975503
46.500000 0.979670 7.832234 0.978388 0.975824
46.599998 0.979633 7.833211 0.978899 0.975780
46.700001 0.979596 7.834743 0.979228 0.975919
46.799999 0.979926 7.836648 0.979190 0.975875
46.899998 0.980074 7.836900 0.979889 0.976015
47.000000 0.979852 7.837153 0.980037 0.976155
47.099998 0.980185 7.838148 0.980185 0.976111
47.200001 0.980519 7.838775 0.980519 0.976067
47.299999 0.980483 7.839592 0.980297 0.976208
47.399998 0.980819 7.840224 0.980447 0.976164
47.500000 0.981157 7.841044 0.980410 0.976306
47.599998 0.981121 7.841869 0.980561 0.976075
47.700001 0.980899 7.843258 0.980524 0.975843
47.799999 0.981238 7.844465 0.980488 0.976173
47.899998 0.981391 7.844737 0.980451 0.976128
48.000000 0.981733 7.846139 0.980603 0.976271
48.099998 0.982075 7.849434 0.980377 0.976415
48.200001 0.981664 7.851229 0.980718 0.976371
48.299999 0.981629 7.852084 0.980682 0.976136
48.399998 0.982163 7.853321 0.980835 0.976091
48.500000 0.982319 7.853232 0.980798 0.976046
48.599998 0.982286 7.853143 0.981333 0.976571
48.700001 0.982634 7.854771 0.981298 0.976718
48.799999 0.982600 7.855640 0.981262 0.976864
48.899998 0.982567 7.855747 0.981992 0.976820
49.000000 0.982534 7.857197 0.981958 0.976775
49.099998 0.982692 7.856538 0.981731 0.976731
49.200001 0.982659 7.858382 0.981888 0.976879
49.299999 0.983012 7.859073 0.981853 0.976834
49.399998 0.983172 7.860349 0.982592 0.976983
49.500000 0.983333 7.862210 0.982558 0.977519
49.599998 0.983689 7.862135 0.982913 0.977476
49.700001 0.983658 7.862646 0.982879 0.977821
49.799999 0.983626 7.865107 0.982846 0.977973
49.899998 0.983594 7.865429 0.983008 0.978125
50.000000 0.983562 7.866536 0.983757 0.978278
50.099998 0.983725 7.866863 0.984118 0.978431
50.200001 0.983694 7.867191 0.984086 0.978585
50.299999 0.983858 7.867126 0.984252 0.978543
50.399998 0.983826 7.867850 0.985010 0.978698
50.500000 0.984190 7.868577 0.985178 0.978459
50.599998 0.984158 7.868713 0.985148 0.978614
50.700001 0.984325 7.869246 0.984921 0.978770
50.799999 0.984294 7.869781 0.985089 0.978926
50.899998 0.984462 7.870120 0.985060 0.979283
51.000000 0.984830 7.870259 0.984631 0.979441
51.099998 0.985200 7.871200 0.984600 0.979800
51.199997 0.985371 7.871944 0.984770 0.979960
51.299999 0.985944 7.872490 0.984940 0.980522
51.399998 0.985915 7.873038 0.984909 0.980684
51.500000 0.986089 7.873992 0.984677 0.980847
51.599998 0.986061 7.875757 0.984646 0.980808
51.699997 0.985628 7.875303 0.984615 0.980972
51.799999 0.985598 7.875051 0.984584 0.981339
51.899998 0.985569 7.875407 0.985163 0.981504
52.000000 0.985540 7.875764 0.985132 0.981466
52.099998 0.985510 7.876531 0.985510 0.981429
52.199997 0.985685 7.877301 0.985276 0.981186
52.299999 0.985656 7.877664 0.985451 0.981352
52.399998 0.985832 7.878439 0.985832 0.981520
52.500000 0.986008 7.879218 0.985802 0.981687
52.599998 0.986186 7.879588 0.986186 0.982062
52.699997 0.986157 7.880372 0.986364 0.982025
52.799999 0.986335 7.881988 0.985921 0.981781
52.899998 0.986515 7.881742 0.986307 0.981950
53.000000 0.986902 7.883576 0.986486 0.982536
53.099998 0.986875 7.883958 0.986250 0.982500
53.199997 0.987474 7.883924 0.986013 0.982672
53.299999 0.987238 7.884520 0.986192 0.982845
53.399998 0.987421 7.885535 0.986163 0.982809
53.500000 0.987395 7.886555 0.986134 0.982563
53.599998 0.987368 7.887789 0.986105 0.982526
53.699997 0.987764 7.888186 0.985865 0.982278
53.799999 0.987526 7.889006 0.985624 0.982664
53.899998 0.987288 7.889195 0.985593 0.983051
54.000000 0.987473 7.888535 0.985563 0.983015
54.099998 0.987447 7.889787 0.985745 0.982979
54.199997 0.987420 7.889979 0.985714 0.982942
54.299999 0.987393 7.891026 0.985684 0.983120
54.399998 0.987366 7.891221 0.985439 0.983083
54.500000 0.987768 7.891202 0.985193 0.983476
54.599998 0.987742 7.890753 0.984946 0.983656
54.699997 0.987716 7.890949 0.984914 0.983836
54.799999 0.987689 7.890929 0.984665 0.983801
54.899998 0.987662 7.892424 0.984632 0.983766
55.000000 0.987636 7.893926 0.985033 0.983731
55.099998 0.987609 7.893478 0.985435 0.983696
55.199997 0.987582 7.893246 0.985403 0.983660
55.299999 0.987555 7.893668 0.985371 0.983843
55.399998 0.987746 7.894310 0.985339 0.983807
55.500000 0.988158 7.894517 0.985307 0.983991
55.599998 0.988352 7.893626 0.985494 0.983956
55.699997 0.988326 7.894713 0.985242 0.984361
55.799999 0.988300 7.895364 0.985210 0.984327
55.899998 0.988053 7.896682 0.985177 0.984292
56.000000 0.988027 7.896674 0.985366 0.984257
56.099998 0.988667 7.896667 0.985556 0.984667
56.199997 0.988641 7.897328 0.985969 0.984410
56.299999 0.988616 7.897545 0.985937 0.984821
56.399998 0.988591 7.896644 0.985906 0.985235
56.500000 0.988565 7.898206 0.986323 0.984978
56.599998 0.988315 7.898427 0.986742 0.985169
56.699997 0.988288 7.898198 0.986712 0.985135
56.799999 0.988488 7.898194 0.986682 0.985327
56.899998 0.988688 7.898190 0.986652 0.985294
57.000000 0.988662 7.897960 0.986848 0.985261
57.099998 0.988636 7.898409 0.986591 0.985227
57.199997 0.988838 7.897722 0.987016 0.984966
57.299999 0.989041 7.897945 0.987443 0.984932
57.399998 0.989474 7.900000 0.987414 0.985126
57.500000 0.989450 7.899541 0.987615 0.984862
57.599998 0.989425 7.900000 0.987356 0.984828
57.699997 0.989170 7.901152 0.987558 0.985023
57.799999 0.988915 7.900693 0.987760 0.984988
57.899998 0.988889 7.900926 0.988657 0.984954
58.000000 0.988631 7.901160 0.988167 0.985383
58.099998 0.988837 7.901395 0.988140 0.985349
58.199997 0.988578 7.903031 0.988112 0.985315
58.299999 0.989019 7.903973 0.988084 0.985280
58.399998 0.989227 7.904215 0.988056 0.984778
58.500000 0.989202 7.903521 0.988028 0.984742
58.599998 0.989412 7.903530 0.988000 0.985412
58.699997 0.989387 7.903302 0.987736 0.985613
58.799999 0.989125 7.904491 0.987707 0.985343
58.899998 0.989573 7.905687 0.987678 0.985545
59.000000 0.989786 7.905938 0.987886 0.985273
59.099998 0.990000 7.906190 0.988095 0.985476
59.199997 0.989976 7.906682 0.988067 0.985680
59.299999 0.989713 7.907177 0.988038 0.985407
59.399998 0.989688 7.906714 0.987770 0.985372
59.500000 0.989663 7.906491 0.987981 0.985817
59.599998 0.989879 7.906265 0.987952 0.985783
59.699997 0.989614 7.905797 0.988164 0.985266
59.799999 0.989588 7.905811 0.988378 0.984988
59.899998 0.989563 7.905825 0.988349 0.984951
60.000000 0.989051 7.905109 0.987835 0.984672
60.099998 0.989512 7.905610 0.988049 0.984634
60.199997 0.989487 7.907091 0.988020 0.984352
60.299999 0.989706 7.907108 0.987990 0.984314
60.399998 0.989435 7.908354 0.987961 0.983784
60.500000 0.989409 7.909359 0.988177 0.983990
60.599998 0.988642 7.910371 0.988395 0.984198
60.699997 0.988614 7.910892 0.987871 0.984158
60.799999 0.988586 7.911415 0.987593 0.984367
60.899998 0.988806 7.910199 0.987562 0.984826
61.000000 0.988279 7.910474 0.987531 0.985287
61.099998 0.988250 7.909750 0.987500 0.985500
61.199997 0.989223 7.908772 0.987719 0.985464
61.299999 0.989196 7.908543 0.987688 0.985678
61.399998 0.988917 7.909320 0.987909 0.986146
61.500000 0.988889 7.909343 0.987374 0.986364
61.599998 0.988101 7.909620 0.987342 0.986582
61.699997 0.988325 7.909898 0.987563 0.986548
61.799999 0.988550 7.909669 0.987532 0.986260
61.899998 0.988520 7.909440 0.987500 0.986735
62.000000 0.988491 7.910486 0.987212 0.987212
62.099998 0.988718 7.909743 0.987179 0.987436
62.199997 0.989203 7.910797 0.987404 0.987404
62.299999 0.989433 7.910309 0.987371 0.987371
62.399998 0.989406 7.910077 0.987855 0.987597
62.500000 0.989637 7.910622 0.988342 0.987565
62.599998 0.989351 7.910649 0.988312 0.987013
62.699997 0.989583 7.911719 0.988802 0.987240
62.799999 0.989295 7.911750 0.988773 0.986945
62.899998 0.989005 7.911518 0.989005 0.986911
63.000000 0.988976 7.911286 0.988451 0.986877
63.099998 0.989211 7.911842 0.988158 0.986842
63.199997 0.989710 7.913193 0.988391 0.987071
63.299999 0.989418 7.912699 0.988360 0.987037
63.399998 0.989390 7.912202 0.988594 0.987003
63.500000 0.989362 7.912500 0.988564 0.986968
63.599998 0.989333 7.912800 0.988533 0.987200
63.699997 0.989572 7.913904 0.989037 0.986898
63.799999 0.989812 7.915014 0.989008 0.986863
63.899998 0.989785 7.914516 0.989247 0.986828
64.000000 0.990027 7.914016 0.989218 0.986523
64.099998 0.990000 7.913784 0.989189 0.986757
64.199997 0.989973 7.913550 0.989160 0.986992
64.299995 0.989946 7.911685 0.989130 0.986413
64.400002 0.989918 7.911444 0.989101 0.986104
64.500000 0.989891 7.911201 0.989071 0.986339
64.599998 0.990137 7.911781 0.989589 0.986575
64.699997 0.990110 7.911263 0.989286 0.986538
64.799995 0.990083 7.910744 0.988981 0.986226
64.900002 0.990055 7.911050 0.989227 0.986188
65.000000 0.989751 7.911911 0.988920 0.986150
65.099998 0.989722 7.911111 0.989722 0.985833
65.199997 0.989415 7.910863 0.989694 0.985794
65.299995 0.989385 7.910894 0.989665 0.985475
65.400002 0.989356 7.910645 0.989916 0.985434
65.500000 0.989326 7.910393 0.989888 0.985393
65.599998 0.989014 7.910423 0.989577 0.985352
65.699997 0.988983 7.911864 0.989548 0.984746
65.799995 0.988669 7.911048 0.989518 0.984703
65.900002 0.988636 7.911363 0.989773 0.984943
66.000000 0.988034 7.912251 0.989744 0.984900
66.099998 0.988000 7.912285 0.989143 0.984571
66.199997 0.987966 7.912608 0.989112 0.984527
66.299995 0.988218 7.911207 0.989080 0.984483
66.400002 0.988473 7.910951 0.989049 0.984438
66.500000 0.988439 7.911272 0.989017 0.984393
66.599998 0.988696 7.910725 0.988985 0.984928
66.699997 0.988372 7.911628 0.988953 0.984884
66.799995 0.988338 7.912536 0.989796 0.985131
66.900002 0.988304 7.912866 0.989766 0.985088
67.000000 0.988270 7.913783 0.989736 0.985044
67.099998 0.988235 7.913235 0.990000 0.985294
67.199997 0.988201 7.913275 0.989971 0.985251
67.299995 0.988166 7.913018 0.989941 0.985503
67.400002 0.988427 7.913650 0.989911 0.985460
67.500000 0.988690 7.912797 0.990179 0.985417
67.599998 0.988657 7.912239 0.990448 0.985373
67.699997 0.988623 7.911976 0.990419 0.985629
67.799995 0.988889 7.913213 0.990390 0.985586
67.900002 0.989458 7.914458 0.990663 0.986145
68.000000 0.989426 7.914804 0.990937 0.986707
68.099998 0.989394 7.914546 0.991515 0.987273
68.199997 0.989362 7.915502 0.991489 0.987234
68.299995 0.989329 7.914330 0.991463 0.987500
68.400002 0.989602 7.915291 0.991437 0.987156
68.500000 0.989264 7.913803 0.991104 0.986810
68.599998 0.989231 7.913231 0.991077 0.987077
68.699997 0.989198 7.912346 0.991049 0.987346
68.799995 0.989783 7.912694 0.991331 0.987926
68.900002 0.989752 7.913354 0.991304 0.987888
69.000000 0.989408 7.913396 0.991277 0.987850
69.099998 0.989375 7.913750 0.991250 0.987813
69.199997 0.989342 7.915047 0.991223 0.988088
69.299995 0.989308 7.916667 0.991509 0.988050
69.400002 0.989274 7.916719 0.991483 0.988013
69.500000 0.989241 7.916772 0.991456 0.987658
69.599998 0.989524 7.918413 0.991429 0.987936
69.699997 0.989490 7.917198 0.991401 0.987898
69.799995 0.989457 7.916614 0.991693 0.987540
69.900002 0.989744 7.916667 0.991346 0.987821
70.000000 0.989711 7.917042 0.991318 0.987781
70.099998 0.990000 7.917097 0.991613 0.987742
70.199997 0.989968 7.916504 0.991909 0.988026
70.299995 0.989935 7.916234 0.991883 0.988312
70.400002 0.989902 7.915309 0.992182 0.988599
70.500000 0.990196 7.916013 0.992157 0.988562
70.599998 0.990164 7.916065 0.992131 0.988852
70.699997 0.989803 7.916447 0.991776 0.988816
70.799995 0.989109 7.916172 0.992079 0.988779
70.900002 0.989735 7.915894 0.991722 0.988411
71.000000 0.990033 7.915946 0.991362 0.988704
71.099998 0.989333 7.915999 0.991333 0.989000
71.199997 0.989298 7.913712 0.991639 0.988963
71.299995 0.989597 7.913758 0.991946 0.988926
71.400002 0.989899 7.913467 0.991919 0.989226
71.500000 0.989527 7.912838 0.991892 0.989527
71.599998 0.989492 7.912203 0.992203 0.989492
71.699997 0.989796 7.911904 0.992177 0.989456
71.799995 0.990102 7.912287 0.992150 0.989420
71.900002 0.990068 7.913014 0.992123 0.989041
72.000000 0.990034 7.913746 0.991753 0.989003
72.099998 0.990000 7.914483 0.991724 0.988966
72.199997 0.990311 7.914187 0.991696 0.988581
72.299995 0.989931 7.913542 0.991319 0.988542
72.400002 0.989895 7.913937 0.990941 0.988850
72.500000 0.989860 7.913986 0.991608 0.988811
72.599998 0.989474 7.914036 0.991579 0.988772
72.699997 0.989437 7.913732 0.991549 0.988732
72.799995 0.990106 7.914841 0.991519 0.988339
72.900002 0.990071 7.914539 0.991489 0.988652
73.000000 0.990391 7.914947 0.991459 0.988256
73.099998 0.990357 7.914286 0.991429 0.988214
73.199997 0.990681 7.913620 0.991398 0.987814
73.299995 0.990647 7.914029 0.991367 0.987770
73.400002 0.990614 7.915163 0.991336 0.987726
73.500000 0.990580 7.916304 0.991667 0.988043
73.599998 0.991273 7.914909 0.991273 0.988000
73.699997 0.991606 7.914234 0.990876 0.988321
73.799995 0.991941 7.913919 0.990842 0.988278
73.900002 0.991912 7.914339 0.991176 0.988603
74.000000 0.991882 7.914392 0.991513 0.988192
74.099998 0.991852 7.913333 0.990370 0.987778
74.199997 0.991822 7.914126 0.990335 0.987732
74.299995 0.992164 7.913433 0.990672 0.987687
74.400002 0.992135 7.913109 0.990637 0.987640
74.500000 0.992105 7.913535 0.990601 0.987594
74.599998 0.992075 7.914340 0.990566 0.987547
74.699997 0.992045 7.915909 0.990909 0.987121
74.799995 0.992015 7.915970 0.990875 0.987072
74.900002 0.992366 7.916412 0.990840 0.987405
75.000000 0.992337 7.914176 0.991188 0.987356
75.099998 0.991923 7.914231 0.991154 0.987308
75.199997 0.991892 7.912741 0.991506 0.987259
75.299995 0.991860 7.912403 0.991473 0.987597
75.400002 0.991829 7.913230 0.991051 0.987160
75.500000 0.991797 7.913281 0.991016 0.987109
75.599998 0.992157 7.913725 0.990980 0.986667
75.699997 0.992126 7.912992 0.991339 0.986614
75.799995 0.992095 7.913439 0.991700 0.986957
75.900002 0.992063 7.914683 0.992063 0.986905
76.000000 0.992032 7.915936 0.992032 0.986454
76.099998 0.992000 7.917200 0.992000 0.986800
76.199997 0.991968 7.918875 0.991968 0.987550
76.299995 0.991935 7.917339 0.991935 0.987500
76.400002 0.991903 7.916599 0.991903 0.987449
76.500000 0.991870 7.916260 0.991870 0.987398
76.599998 0.992245 7.916327 0.991837 0.987755
76.699997 0.991803 7.915574 0.992213 0.987295
76.799995 0.991770 7.916049 0.992593 0.986831
76.900002 0.992562 7.916529 0.992562 0.987190
77.000000 0.991701 7.916182 0.993776 0.986722
77.099998 0.991667 7.914583 0.993750 0.986667
77.199997 0.992050 7.914226 0.993724 0.987029
77.299995 0.992017 7.916387 0.993277 0.986975
77.400002 0.991561 7.916455 0.993671 0.986920
77.500000 0.991525 7.916525 0.993644 0.986017
77.599998 0.991064 7.916170 0.993617 0.986809
77.699997 0.991026 7.918376 0.993590 0.986752
77.799995 0.990987 7.918884 0.993562 0.986266
77.900002 0.990948 7.918965 0.993535 0.986207
78.000000 0.990909 7.918182 0.993506 0.986580
78.099998 0.990870 7.920000 0.993913 0.987391
78.199997 0.990393 7.920087 0.993886 0.987336
78.299995 0.990351 7.921491 0.993860 0.987281
78.400002 0.990308 7.921586 0.993833 0.987225
78.500000 0.990265 7.923009 0.993805 0.987168
78.599998 0.990222 7.923555 0.993778 0.987556
78.699997 0.990179 7.922768 0.993750 0.987500
78.799995 0.990135 7.922870 0.993274 0.987444
78.900002 0.990090 7.922072 0.993243 0.987387
79.000000 0.990045 7.922625 0.993665 0.987330
79.099998 0.990000 7.922272 0.993182 0.987273
79.199997 0.990411 7.922832 0.992694 0.987671
79.299995 0.990826 7.922935 0.992661 0.987615
79.400002 0.990783 7.923502 0.992627 0.988018
79.500000 0.990741 7.922222 0.992593 0.987963
79.599998 0.990698 7.923720 0.992558 0.987442
79.699997 0.990187 7.923365 0.992523 0.986916
79.799995 0.990610 7.922066 0.992019 0.987324
79.900002 0.990566 7.923113 0.991981 0.987736
80.000000 0.991469 7.923697 0.991943 0.987678
80.099998 0.991905 7.922380 0.991905 0.988095
80.199997 0.992344 7.921531 0.991866 0.987081
80.299995 0.992308 7.921154 0.992308 0.987500
80.400002 0.992271 7.920773 0.992271 0.987440
80.500000 0.992233 7.920874 0.992233 0.986893
80.599998 0.992195 7.921463 0.992195 0.986829
80.699997 0.992157 7.922550 0.992157 0.986765
80.799995 0.992611 7.922167 0.992118 0.986700
80.900002 0.992574 7.922277 0.992079 0.986634
81.000000 0.993035 7.922388 0.992040 0.987065
81.099998 0.993000 7.922000 0.992500 0.987000
81.199997 0.992965 7.923115 0.992462 0.987437
81.299995 0.992424 7.922222 0.992424 0.987374
81.400002 0.992386 7.921320 0.992386 0.987817
81.500000 0.992347 7.921428 0.992347 0.987755
81.599998 0.992308 7.923077 0.992308 0.987692
81.699997 0.992783 7.923196 0.992268 0.987629
81.799995 0.992746 7.923316 0.992228 0.987565
81.900002 0.992188 7.924479 0.992188 0.986979
82.000000 0.992147 7.922513 0.991623 0.986911
82.099998 0.992105 7.922632 0.991579 0.987895
82.199997 0.992063 7.923281 0.992063 0.988360
82.299995 0.992553 7.923404 0.992021 0.988298
82.400002 0.992513 7.924065 0.991979 0.988235
82.500000 0.992473 7.924731 0.992473 0.989247
82.599998 0.992432 7.924865 0.992432 0.989189
82.699997 0.992391 7.925544 0.992935 0.989130
82.799995 0.992350 7.924043 0.993443 0.989071
82.900002 0.992308 7.922527 0.992857 0.989560
83.000000 0.992265 7.922099 0.992818 0.990055
83.099998 0.992222 7.922222 0.993333 0.990000
83.199997 0.993855 7.921787 0.993855 0.989944
83.299995 0.993820 7.923034 0.993820 0.989888
83.400002 0.993785 7.923164 0.994350 0.990960
83.500000 0.994318 7.923295 0.994318 0.990341
83.599998 0.994286 7.922286 0.994286 0.990286
83.699997 0.994253 7.923563 0.994253 0.990230
83.799995 0.994798 7.923700 0.994220 0.990173
83.900002 0.994767 7.922675 0.994767 0.990116
84.000000 0.994152 7.922807 0.994737 0.990058
84.099998 0.994706 7.924706 0.994706 0.990588
84.199997 0.994675 7.923076 0.994675 0.990533
84.299995 0.994643 7.923215 0.994643 0.991071
84.400002 0.994611 7.925150 0.994611 0.991617
84.500000 0.995181 7.925903 0.995181 0.991566
84.599998 0.995152 7.926061 0.995152 0.991515
84.699997 0.995122 7.925610 0.995122 0.991463
84.799995 0.994479 7.924540 0.995092 0.990798
84.900002 0.994444 7.924074 0.995062 0.990741
85.000000 0.994410 7.923603 0.995652 0.990683
85.099998 0.994375 7.924375 0.995625 0.991250
85.199997 0.993082 7.924528 0.995597 0.991195
85.299995 0.993038 7.924684 0.994937 0.991139
85.400002 0.992994 7.924204 0.994904 0.991720
85.500000 0.992949 7.923718 0.993590 0.991667
85.599998 0.992903 7.925161 0.993548 0.990968
85.699997 0.992208 7.924675 0.993506 0.990260
85.799995 0.992157 7.925490 0.993464 0.990196
85.900002 0.992105 7.923684 0.993421 0.990789
86.000000 0.992053 7.922516 0.993378 0.991391
86.099998 0.992000 7.920000 0.993333 0.991333
86.199997 0.991946 7.922148 0.993289 0.991275
86.299995 0.993243 7.923649 0.993243 0.990541
86.400002 0.993197 7.924490 0.993197 0.990476
86.500000 0.993151 7.926028 0.993151 0.989726
86.599998 0.993103 7.926897 0.993103 0.989655
86.699997 0.993750 7.925000 0.993056 0.990278
86.799995 0.993706 7.925175 0.993007 0.990909
86.900002 0.993662 7.924649 0.992958 0.990845
87.000000 0.993617 7.924823 0.992199 0.990780
87.099998 0.992857 7.925714 0.992143 0.990714
87.199997 0.992806 7.926619 0.992086 0.991367
87.299995 0.992754 7.925363 0.992754 0.990580
87.400002 0.992701 7.924088 0.992701 0.991241
87.500000 0.992647 7.925735 0.991912 0.991176
87.599998 0.992593 7.926667 0.991852 0.991852
87.699997 0.993284 7.926120 0.991791 0.990299
87.799995 0.993233 7.924812 0.991729 0.989474
87.900002 0.993182 7.925758 0.991667 0.989394
88.000000 0.993893 7.925954 0.992366 0.989313
88.099998 0.993077 7.925385 0.992308 0.989231
88.199997 0.993023 7.925581 0.991473 0.989147
88.299995 0.992969 7.927343 0.991406 0.989062
88.400002 0.992913 7.928346 0.991339 0.988976
88.500000 0.992857 7.926984 0.991270 0.988889
88.599998 0.992800 7.928000 0.990400 0.988800
88.699997 0.992742 7.927420 0.990323 0.988710
88.799995 0.991870 7.926829 0.989431 0.988618
88.900002 0.991803 7.927868 0.989344 0.989344
89.000000 0.991736 7.928926 0.989256 0.989256
89.099998 0.991667 7.930000 0.990000 0.989167
89.199997 0.991597 7.930252 0.989916 0.989916
89.299995 0.991525 7.930508 0.990678 0.990678
89.400002 0.992308 7.929914 0.990598 0.990598
89.500000 0.992241 7.931897 0.990517 0.990517
89.599998 0.993043 7.932174 0.991304 0.990435
89.699997 0.992982 7.933333 0.991228 0.989474
89.799995 0.992035 7.932744 0.991150 0.989381
89.900002 0.992857 7.933928 0.991071 0.989286
90.000000 0.991892 7.933333 0.990991 0.989189
90.099998 0.991818 7.935455 0.990909 0.989091
90.199997 0.990826 7.935780 0.991743 0.988991
90.299995 0.990741 7.936111 0.991667 0.987963
90.400002 0.989720 7.938317 0.992523 0.987850
90.500000 0.989623 7.940566 0.994340 0.987736
90.599998 0.989524 7.940952 0.994286 0.988571
90.699997 0.989423 7.941346 0.994231 0.988462
90.799995 0.989320 7.940777 0.994175 0.988349
90.900002 0.989216 7.940196 0.994118 0.987255
91.000000 0.989109 7.939604 0.994059 0.987129
91.099998 0.990000 7.941000 0.995000 0.989000
91.199997 0.989899 7.942424 0.994950 0.990909
91.299995 0.989796 7.941836 0.994898 0.991837
91.400002 0.989691 7.940207 0.994845 0.991753
91.500000 0.989583 7.938541 0.995833 0.991667
91.599998 0.990526 7.936841 0.995789 0.991579
91.699997 0.990426 7.937234 0.995745 0.991489
91.799995 0.990323 7.938710 0.996774 0.991398
91.900002 0.991304 7.941304 0.996739 0.991304
92.000000 0.991209 7.940660 0.995604 0.991209
92.099998 0.991111 7.940000 0.995556 0.992222
92.199997 0.991011 7.938202 0.995506 0.992135
92.299995 0.990909 7.938637 0.995455 0.992045
92.400002 0.990805 7.939080 0.995402 0.991954
92.500000 0.990698 7.937209 0.995349 0.993023
92.599998 0.991765 7.937647 0.995294 0.992941
92.699997 0.991667 7.936905 0.995238 0.992857
92.799995 0.991566 7.937349 0.995181 0.992771
92.900002 0.991463 7.939025 0.995122 0.992683
93.000000 0.991358 7.938272 0.995062 0.992593
93.099998 0.991250 7.940000 0.995000 0.992500
93.199997 0.991139 7.939240 0.994937 0.992405
93.299995 0.989744 7.938462 0.994872 0.992308
93.400002 0.989610 7.938961 0.993506 0.992208
93.500000 0.989474 7.939474 0.994737 0.992105
93.599998 0.989333 7.937334 0.994667 0.993333
93.699997 0.989189 7.937838 0.995946 0.993243
93.799995 0.989041 7.936986 0.997260 0.993151
93.900002 0.990278 7.936111 0.997222 0.993056
94.000000 0.991549 7.935211 0.997183 0.992958
94.099998 0.991429 7.938571 0.997143 0.991429
94.199997 0.992754 7.939130 0.997101 0.991304
94.299995 0.992647 7.938235 0.997059 0.991176
94.400002 0.991045 7.941792 0.997015 0.991045
94.500000 0.990909 7.940909 0.996970 0.990909
94.599998 0.990769 7.940000 0.996923 0.990769
94.699997 0.989062 7.939063 0.996875 0.990625
94.799995 0.988889 7.941270 0.996825 0.990476
94.900002 0.988710 7.940323 0.996774 0.990323
95.000000 0.988525 7.937705 0.996721 0.990164
95.099998 0.988333 7.936666 0.996667 0.990000
95.199997 0.988136 7.933898 0.996610 0.989830
95.299995 0.987931 7.932759 0.996552 0.991379
95.400002 0.987719 7.931579 0.996491 0.991228
95.500000 0.987500 7.933928 0.996429 0.991071
95.599998 0.987273 7.934546 0.996364 0.990909
95.699997 0.985185 7.933333 0.996296 0.992593
95.799995 0.984906 7.933962 0.996226 0.992453
95.900002 0.984615 7.932692 0.996154 0.994231
96.000000 0.986274 7.933334 0.996078 0.994118
96.099998 0.986000 7.934000 0.996000 0.996000
96.199997 0.987755 7.932652 0.995918 0.995918
96.299995 0.985417 7.935417 0.995833 0.995833
96.400002 0.985106 7.936171 0.995745 0.995745
96.500000 0.984783 7.932609 0.995652 0.995652
96.599998 0.986667 7.935555 0.995556 0.995556
96.699997 0.986364 7.943182 0.995455 0.997727
96.799995 0.988372 7.944186 0.995349 0.997674
96.900002 0.988095 7.942857 0.992857 0.997619
97.000000 0.987805 7.941463 0.992683 0.997561
97.099998 0.987500 7.942500 0.992500 0.997500
97.199997 0.987179 7.943590 0.992308 0.997436
97.299995 0.986842 7.939474 0.992105 0.997368
97.400002 0.986486 7.940540 0.991892 1.000000
97.500000 0.988889 7.944445 0.991667 1.000000
97.599998 0.988571 7.942857 0.991429 1.000000
97.699997 0.988235 7.947059 0.991176 1.000000
97.799995 0.987879 7.948485 0.993939 1.000000
97.900002 0.990625 7.943749 0.993750 1.000000
98.000000 0.990323 7.941936 0.993548 1.000000
98.099998 0.990000 7.940001 0.993333 1.000000
98.199997 0.989655 7.941380 0.993103 1.000000
98.299995 0.989286 7.935714 0.992857 1.000000
98.400002 0.988889 7.937037 0.992593 1.000000
98.500000 0.988462 7.938461 0.992308 1.000000
98.599998 0.988000 7.935999 0.992000 1.000000
98.699997 0.987500 7.941667 0.991667 1.000000
98.799995 0.986957 7.939131 0.991304 1.000000
98.900002 0.986364 7.940909 0.990909 1.000000
99.000000 0.985714 7.933333 0.990476 1.000000
99.099998 0.990000 7.945000 0.990000 1.000000
99.199997 0.989474 7.942105 0.994737 1.000000
99.299995 0.988889 7.955555 0.994444 1.000000
99.400002 0.994118 7.952941 1.000000 1.000000
99.500000 0.993750 7.950000 1.000000 1.000000
99.599998 0.993333 7.946667 1.000000 1.000000
99.699997 1.000000 7.942857 1.000000 1.000000
99.799995 1.000000 7.946154 1.000000 1.000000
99.900002 1.000000 7.941667 1.000000 1.000000
100.000000 1.000000 7.936364 1.000000 1.000000
100.099998 1.000000 7.929999 1.000000 1.000000
100.199997 1.000000 7.922222 1.000000 1.000000
100.299995 1.000000 7.925000 1.000000 1.000000
100.400002 1.000000 7.914286 1.000000 1.000000
100.500000 1.000000 7.916667 1.000000 1.000000
100.599998 1.000000 7.900000 1.000000 1.000000
100.699997 1.000000 7.900000 1.000000 1.000000
100.799995 1.000000 7.866667 1.000000 1.000000
100.900002 1.000000 7.800000 1.000000 1.000000
101.000000 1.000000 7.700000 1.000000 1.000000
101.099998 -nan -nan -nan -nan
