0.000000 0.000800 0.008697 0.000800 0.001200
0.100000 0.010602 0.080416 0.010902 0.011702
0.200000 0.021509 0.145058 0.020308 0.023609
0.300000 0.031806 0.200840 0.028806 0.034507
0.400000 0.040040 0.253554 0.036837 0.046446
0.500000 0.049189 0.295131 0.046383 0.053096
0.600000 0.058263 0.342960 0.054753 0.060570
0.700000 0.067744 0.391108 0.060518 0.069049
0.800000 0.078955 0.431140 0.067906 0.074033
0.900000 0.087975 0.464408 0.073597 0.082546
1.000000 0.096086 0.499849 0.081799 0.089848
1.100000 0.105629 0.529252 0.086698 0.095157
1.200000 0.114695 0.553719 0.094033 0.098065
1.300000 0.123676 0.583275 0.101685 0.104307
1.400000 0.133192 0.607493 0.105625 0.109866
1.500000 0.141572 0.638339 0.113177 0.115703
1.600000 0.150501 0.668656 0.119450 0.120461
1.700000 0.159514 0.693219 0.126215 0.125000
1.800000 0.168068 0.727890 0.132915 0.130888
1.900000 0.175487 0.756387 0.139700 0.136152
2.000000 0.184475 0.786504 0.145510 0.140132
2.100000 0.191956 0.821349 0.148690 0.143713
2.200000 0.201789 0.852496 0.153095 0.149741
2.300000 0.208689 0.882173 0.155881 0.155067
2.400000 0.215319 0.915971 0.160114 0.158383
2.500000 0.222403 0.949139 0.164203 0.162675
2.600000 0.229670 0.982043 0.168656 0.167636
2.700000 0.239175 1.020118 0.173815 0.174530
2.800000 0.248799 1.056629 0.180619 0.179086
2.900000 0.255807 1.092397 0.183874 0.183055
3.000000 0.262317 1.137458 0.187135 0.189798
3.100000 0.269661 1.178202 0.191736 0.196145
3.200000 0.275377 1.216566 0.198091 0.199733
3.300000 0.282046 1.261504 0.202136 0.202650
3.400000 0.289430 1.301460 0.206971 0.208102
3.500000 0.296933 1.342631 0.211404 0.211816
3.600000 0.303936 1.383577 0.218113 0.216773
3.700000 0.309374 1.426420 0.223265 0.222027
3.800000 0.316268 1.470789 0.226569 0.228014
3.900000 0.322381 1.509816 0.230006 0.231659
4.000000 0.328713 1.554406 0.235002 0.238415
4.100000 0.334093 1.605032 0.241640 0.244642
4.200000 0.339932 1.652917 0.245518 0.247176
4.300000 0.346784 1.697718 0.250311 0.250311
4.400000 0.352233 1.746417 0.255763 0.255244
4.500000 0.357967 1.792745 0.260992 0.263486
4.600000 0.365207 1.846634 0.266570 0.269691
4.700000 0.371277 1.894501 0.270152 0.273693
4.800000 0.377919 1.938073 0.273249 0.279608
4.900000 0.382801 1.987790 0.280526 0.284596
5.000000 0.388842 2.032700 0.287296 0.289804
5.100000 0.395419 2.093181 0.294290 0.295545
5.200000 0.401801 2.139971 0.299832 0.301298
5.300000 0.407357 2.190316 0.303920 0.306225
5.400000 0.414184 2.238460 0.309064 0.312107
5.500000 0.420605 2.289330 0.312329 0.317160
5.600000 0.426514 2.336523 0.316758 0.321594
5.700000 0.431172 2.384446 0.322037 0.326458
5.800000 0.436954 2.432529 0.328031 0.331191
5.900000 0.441316 2.480017 0.331857 0.335970
6.000000 0.446380 2.527655 0.336394 0.342411
6.100000 0.450549 2.576289 0.342139 0.346260
6.200000 0.455680 2.622911 0.348212 0.352232
6.300000 0.461669 2.670902 0.353875 0.358852
6.400000 0.467458 2.715603 0.360823 0.365805
6.500000 0.472093 2.768357 0.367254 0.370756
6.600000 0.477055 2.813469 0.372530 0.376036
6.700000 0.481710 2.857933 0.376648 0.382816
6.800000 0.488451 2.902821 0.382437 0.388079
6.900000 0.493127 2.952904 0.387960 0.395631
7.000000 0.498400 2.995094 0.393451 0.400917
7.100000 0.503203 3.042494 0.399637 0.407645
7.200000 0.507962 3.089986 0.406327 0.413167
7.300000 0.513748 3.136835 0.411790 0.417567
7.400000 0.519117 3.180037 0.416408 0.422620
7.500000 0.523478 3.225129 0.422920 0.427852
7.600000 0.527581 3.271303 0.427667 0.432926
7.700000 0.531529 3.315931 0.434418 0.437856
7.800000 0.536079 3.361437 0.439725 0.441660
7.900000 0.539025 3.401119 0.443643 0.446765
8.000000 0.543916 3.446816 0.448001 0.452204
8.099999 0.548495 3.487647 0.453771 0.456791
8.200000 0.552867 3.529539 0.459121 0.459013
8.300000 0.557622 3.570270 0.463784 0.464324
8.400000 0.562554 3.609632 0.469156 0.469697
8.500000 0.566956 3.654821 0.473781 0.475623
8.599999 0.571150 3.700976 0.478959 0.481670
8.700000 0.575896 3.744517 0.483062 0.486645
8.800000 0.579130 3.784348 0.488152 0.490978
8.900000 0.583134 3.822851 0.493254 0.496409
9.000000 0.587146 3.863290 0.497603 0.502723
9.099999 0.592148 3.904907 0.502726 0.507634
9.200000 0.596507 3.940939 0.507424 0.511790
9.300000 0.599563 3.981311 0.512131 0.514973
9.400000 0.602669 4.018379 0.516027 0.519418
9.500000 0.606110 4.057490 0.522777 0.523544
9.599999 0.610173 4.095703 0.528941 0.526639
9.700000 0.613696 4.130377 0.532265 0.530509
9.800000 0.616897 4.166886 0.538123 0.535487
9.900000 0.621645 4.203365 0.542565 0.539265
10.000000 0.625853 4.240586 0.547457 0.543162
10.099999 0.628527 4.276014 0.552579 0.548942
10.200000 0.631730 4.312224 0.556377 0.553067
10.300000 0.635631 4.344599 0.561078 0.557654
10.400000 0.640535 4.379810 0.564905 0.561698
10.500000 0.643458 4.412110 0.568187 0.566084
10.599999 0.645540 4.448089 0.572742 0.569418
10.700000 0.650139 4.483528 0.576927 0.573156
10.800000 0.654119 4.519320 0.580391 0.577171
10.900000 0.657181 4.552356 0.583704 0.580814
11.000000 0.660472 4.583129 0.588137 0.585689
11.099999 0.664587 4.613568 0.591957 0.590509
11.200000 0.668153 4.645964 0.595674 0.594893
11.300000 0.672025 4.676825 0.600581 0.598348
11.400000 0.674042 4.709353 0.604090 0.602637
11.500000 0.677593 4.739233 0.607786 0.605772
11.599999 0.680515 4.770437 0.611982 0.609966
11.700000 0.682771 4.802937 0.616411 0.613272
11.800000 0.686006 4.831557 0.621030 0.617215
11.900000 0.689136 4.861926 0.624649 0.621728
12.000000 0.692386 4.894612 0.628276 0.625351
12.099999 0.694516 4.924333 0.631123 0.627857
12.200000 0.697779 4.951866 0.635103 0.631496
12.300000 0.700034 4.979122 0.638641 0.634466
12.400000 0.702858 5.006666 0.641735 0.638007
12.500000 0.705237 5.032349 0.645289 0.641443
12.599999 0.707654 5.059669 0.648777 0.644135
12.700000 0.711290 5.087282 0.653480 0.647812
12.799999 0.714172 5.113015 0.657778 0.650630
12.900000 0.717596 5.143133 0.661138 0.654095
13.000000 0.719891 5.171500 0.664392 0.658365
13.099999 0.722532 5.200160 0.668678 0.661505
13.200000 0.724838 5.231620 0.672062 0.664881
13.299999 0.728289 5.258245 0.675796 0.667808
13.400000 0.730949 5.282532 0.679653 0.670856
13.500000 0.732586 5.309733 0.683518 0.674368
13.599999 0.735715 5.335624 0.686935 0.677087
13.700000 0.738278 5.361344 0.689212 0.679927
13.799999 0.740273 5.386204 0.691955 0.682429
13.900000 0.741928 5.412043 0.695622 0.684936
14.000000 0.744076 5.439498 0.697493 0.688406
14.099999 0.746891 5.463036 0.699678 0.691271
14.200000 0.749164 5.486225 0.702709 0.695331
14.299999 0.751414 5.513330 0.705482 0.698904
14.400000 0.753091 5.537031 0.707568 0.701213
14.500000 0.755003 5.561365 0.709196 0.702718
14.599999 0.757383 5.583787 0.711523 0.705038
14.700000 0.759768 5.605798 0.714435 0.708174
14.799999 0.763115 5.629643 0.716110 0.710887
14.900000 0.764815 5.650476 0.719498 0.713456
15.000000 0.766985 5.674034 0.722894 0.717310
15.099999 0.768810 5.696017 0.726182 0.720242
15.200000 0.771222 5.718050 0.728545 0.723764
15.299999 0.774017 5.738065 0.731295 0.725808
15.400000 0.776674 5.759145 0.734603 0.728409
15.500000 0.779455 5.780742 0.737218 0.731602
15.599999 0.782008 5.799110 0.738901 0.735504
15.700000 0.783511 5.822329 0.741410 0.738243
15.799999 0.785748 5.844565 0.744189 0.740315
15.900000 0.787377 5.865773 0.746709 0.742595
16.000000 0.789480 5.883737 0.749000 0.744175
16.100000 0.791470 5.906692 0.750589 0.746583
16.199999 0.793018 5.927351 0.753037 0.747966
16.299999 0.795371 5.948164 0.755579 0.750030
16.400000 0.797400 5.968795 0.757801 0.751300
16.500000 0.799882 5.988757 0.759645 0.753846
16.600000 0.802014 6.009715 0.761967 0.756161
16.699999 0.804033 6.028233 0.763820 0.757414
16.799999 0.805011 6.049163 0.765942 0.758936
16.900000 0.806801 6.066699 0.768517 0.760789
17.000000 0.808475 6.083086 0.770861 0.763719
17.100000 0.810035 6.102014 0.773448 0.765582
17.199999 0.812910 6.118960 0.776280 0.768047
17.299999 0.814956 6.137379 0.777804 0.770039
17.400000 0.816529 6.154288 0.780050 0.772874
17.500000 0.818585 6.172793 0.781583 0.775117
17.600000 0.820285 6.192063 0.783000 0.777365
17.699999 0.821870 6.213540 0.784180 0.779618
17.799999 0.823098 6.228939 0.786684 0.781276
17.900000 0.825653 6.244977 0.788714 0.784021
18.000000 0.826406 6.262499 0.791230 0.785448
18.100000 0.828368 6.280303 0.793149 0.788325
18.199999 0.829489 6.297669 0.794590 0.789760
18.299999 0.831338 6.315440 0.796034 0.791803
18.400000 0.832708 6.329863 0.798572 0.793851
18.500000 0.833717 6.345170 0.800630 0.796631
18.600000 0.835700 6.362577 0.803058 0.798083
18.699999 0.837565 6.376868 0.805491 0.800389
18.799999 0.838706 6.391558 0.806715 0.801971
18.900000 0.840214 6.407380 0.808306 0.804409
19.000000 0.841971 6.423973 0.810023 0.806975
19.100000 0.843487 6.437920 0.811623 0.809059
19.199999 0.844762 6.454957 0.813959 0.810781
19.299999 0.846775 6.470934 0.815690 0.812263
19.400000 0.847813 6.485847 0.817792 0.813748
19.500000 0.849098 6.500307 0.819409 0.816587
19.600000 0.850141 6.515784 0.821152 0.818573
19.699999 0.852417 6.528840 0.822900 0.820194
19.799999 0.853731 6.542601 0.824181 0.821473
19.900000 0.855523 6.557569 0.824951 0.823471
20.000000 0.856702 6.572575 0.826833 0.824982
20.100000 0.858626 6.584404 0.827484 0.827237
20.199999 0.859688 6.597130 0.828755 0.829498
20.299999 0.861001 6.609267 0.831021 0.830897
20.400000 0.862069 6.623294 0.832424 0.832052
20.500000 0.863388 6.638723 0.833706 0.833706
20.600000 0.863591 6.649093 0.834245 0.835116
20.699999 0.864915 6.657993 0.835906 0.837027
20.799999 0.865620 6.670033 0.837696 0.838694
20.900000 0.866575 6.684473 0.839241 0.840489
21.000000 0.868033 6.698201 0.840540 0.842539
21.100000 0.869745 6.712462 0.842467 0.843719
21.199999 0.871336 6.723629 0.843398 0.845152
21.299999 0.872554 6.738083 0.844330 0.846713
21.400000 0.873147 6.748430 0.846772 0.847400
21.500000 0.873868 6.758929 0.848340 0.848466
21.600000 0.875614 6.770113 0.849301 0.849679
21.699999 0.876844 6.779151 0.849994 0.851002
21.799999 0.878455 6.789095 0.851193 0.853212
21.900000 0.879565 6.800455 0.852774 0.854290
22.000000 0.880552 6.812223 0.854359 0.856257
22.100000 0.881414 6.824021 0.855948 0.857595
22.199999 0.882151 6.833566 0.858176 0.859191
22.299999 0.883399 6.844151 0.859393 0.860155
22.400000 0.884395 6.855908 0.860104 0.862139
22.500000 0.885521 6.867694 0.860945 0.863746
22.600000 0.886396 6.879382 0.862043 0.864848
22.699999 0.887272 6.888932 0.863398 0.866590
22.799999 0.888534 6.898377 0.864502 0.867826
22.900000 0.889671 6.909894 0.865353 0.868552
23.000000 0.891324 6.920159 0.866333 0.869537
23.100000 0.892211 6.929681 0.867445 0.870268
23.199999 0.893486 6.939611 0.868046 0.871001
23.299999 0.894121 6.948540 0.868905 0.872250
23.400000 0.894628 6.960454 0.869638 0.873116
23.500000 0.895524 6.968786 0.870502 0.874629
23.600000 0.896423 6.979336 0.871239 0.875888
23.699999 0.897065 6.989396 0.871719 0.876503
23.799999 0.897967 6.997281 0.873495 0.877509
23.900000 0.898742 7.005964 0.874757 0.879035
24.000000 0.899779 7.014540 0.875893 0.880047
24.100000 0.901079 7.024437 0.876771 0.882101
24.199999 0.901601 7.035012 0.877782 0.883509
24.299999 0.903037 7.043530 0.879447 0.884400
24.400000 0.903824 7.051938 0.880334 0.885815
24.500000 0.904221 7.058539 0.881354 0.886972
24.600000 0.905011 7.066728 0.881984 0.887871
24.699999 0.906459 7.073628 0.883270 0.888510
24.799999 0.907648 7.083825 0.884560 0.889020
24.900000 0.908446 7.091554 0.885590 0.889794
25.000000 0.909772 7.098250 0.886361 0.891096
25.100000 0.910444 7.104834 0.887396 0.891216
25.199999 0.911644 7.112092 0.888698 0.892127
25.299999 0.912848 7.120824 0.890136 0.892645
25.400000 0.913526 7.128653 0.892106 0.893429
25.500000 0.914074 7.137032 0.892625 0.894611
25.599998 0.914755 7.143577 0.894074 0.895665
25.699999 0.915306 7.150804 0.894730 0.896854
25.799999 0.916390 7.157517 0.896584 0.897514
25.900000 0.916944 7.165446 0.897777 0.897777
26.000000 0.917500 7.174463 0.898574 0.898307
26.099998 0.918190 7.181636 0.899373 0.899640
26.199999 0.918883 7.187492 0.900575 0.900575
26.299999 0.919577 7.196976 0.901512 0.901244
26.400000 0.920407 7.202332 0.901916 0.902184
26.500000 0.921642 7.207836 0.902590 0.902590
26.599998 0.923015 7.215505 0.903802 0.902862
26.699999 0.923719 7.222656 0.904346 0.904211
26.799999 0.924155 7.231982 0.905564 0.905025
26.900000 0.924592 7.236746 0.906920 0.905571
27.000000 0.924895 7.242199 0.907335 0.906254
27.099998 0.925605 7.249290 0.907751 0.907480
27.199999 0.926724 7.255587 0.908438 0.907897
27.299999 0.928116 7.260952 0.909128 0.908450
27.400000 0.928833 7.268912 0.910498 0.908869
27.500000 0.929281 7.275262 0.911873 0.909969
27.599998 0.930138 7.281492 0.912706 0.910936
27.699999 0.931406 7.288558 0.913541 0.911496
27.799999 0.931722 7.294961 0.914926 0.912194
27.900000 0.932595 7.300246 0.915231 0.913043
28.000000 0.933324 7.304901 0.916484 0.913746
28.099998 0.933918 7.311489 0.916918 0.914176
28.199999 0.934377 7.317270 0.917353 0.914882
28.299999 0.934699 7.323206 0.917652 0.915727
28.400000 0.935573 7.327919 0.918365 0.916575
28.500000 0.936311 7.334298 0.919079 0.917425
28.599998 0.937189 7.340281 0.919244 0.918277
28.699999 0.937517 7.344899 0.919685 0.918717
28.799999 0.938677 7.352437 0.920543 0.918882
28.900000 0.939562 7.358747 0.921264 0.919739
29.000000 0.940033 7.364936 0.921433 0.920738
29.099998 0.940645 7.369753 0.922574 0.921740
29.199999 0.940980 7.374582 0.923441 0.922327
29.299999 0.941316 7.380123 0.924310 0.923334
29.400000 0.941513 7.384562 0.924763 0.924344
29.500000 0.942689 7.390131 0.925636 0.924378
29.599998 0.943169 7.394736 0.926232 0.924972
29.699999 0.943378 7.401121 0.926980 0.925578
29.799999 0.944140 7.407018 0.927719 0.926737
29.900000 0.944343 7.411525 0.928039 0.927337
30.000000 0.944546 7.414638 0.928923 0.928642
30.099998 0.944891 7.417618 0.929669 0.929528
30.199999 0.946224 7.421596 0.930699 0.929993
30.299999 0.946290 7.426713 0.931307 0.930742
30.400000 0.946214 7.433545 0.931918 0.931210
30.500000 0.946421 7.438128 0.932672 0.931963
30.599998 0.946771 7.443719 0.933570 0.932292
30.699999 0.946979 7.449183 0.934044 0.932338
30.799999 0.947189 7.453523 0.934377 0.932954
30.900000 0.948539 7.458161 0.934711 0.933286
31.000000 0.949179 7.462956 0.935046 0.933619
31.099998 0.949964 7.467191 0.935811 0.933810
31.199999 0.950465 7.472012 0.936292 0.934001
31.299999 0.950538 7.475842 0.936918 0.934337
31.400000 0.950897 7.479397 0.937545 0.934817
31.500000 0.951258 7.484112 0.938174 0.935586
31.599998 0.951908 7.488409 0.938805 0.935781
31.699999 0.952127 7.492141 0.939005 0.935977
31.799999 0.952058 7.496317 0.939639 0.936751
31.900000 0.952422 7.500940 0.940130 0.937383
32.000000 0.953077 7.505430 0.940333 0.938450
32.099998 0.953735 7.510079 0.940392 0.938216
32.200001 0.953958 7.514162 0.940741 0.938998
32.299999 0.953891 7.517091 0.941673 0.939345
32.399998 0.954261 7.520466 0.941879 0.940131
32.500000 0.954486 7.523414 0.942232 0.940190
32.599998 0.954858 7.527684 0.942732 0.940687
32.700001 0.955377 7.532553 0.943526 0.941770
32.799999 0.955458 7.536996 0.944615 0.941978
32.899998 0.955686 7.541452 0.945268 0.942333
33.000000 0.955915 7.547245 0.946069 0.942689
33.099998 0.956144 7.549963 0.946284 0.942752
33.200001 0.956816 7.554310 0.947089 0.943847
33.299999 0.956900 7.559853 0.947159 0.944354
33.399998 0.957428 7.563045 0.947081 0.944863
33.500000 0.957661 7.566839 0.947446 0.945522
33.599998 0.958191 7.570200 0.947368 0.945886
33.700001 0.958723 7.572680 0.947884 0.946993
33.799999 0.958810 7.576059 0.948104 0.947212
33.899998 0.959345 7.580045 0.948325 0.947878
34.000000 0.959582 7.583446 0.948993 0.948248
34.099998 0.959821 7.587154 0.948917 0.948469
34.200001 0.960359 7.589678 0.948990 0.949289
34.299999 0.960749 7.592809 0.949214 0.950112
34.399998 0.960840 7.595049 0.949287 0.950788
34.500000 0.961382 7.598197 0.949512 0.951014
34.599998 0.961324 7.602709 0.950038 0.950941
34.700001 0.961718 7.605577 0.950565 0.951017
34.799999 0.961509 7.609056 0.951094 0.951698
34.899998 0.961754 7.611338 0.951625 0.952230
35.000000 0.961998 7.615442 0.952006 0.952763
35.099998 0.962244 7.618803 0.952237 0.952995
35.200001 0.962339 7.621564 0.952923 0.952923
35.299999 0.962586 7.624335 0.953460 0.953156
35.399998 0.963747 7.626504 0.955065 0.953542
35.500000 0.963997 7.629138 0.955454 0.954233
35.599998 0.963795 7.632447 0.955545 0.954018
35.700001 0.963739 7.633721 0.955936 0.954559
35.799999 0.964143 7.636837 0.955869 0.954796
35.899998 0.964242 7.638275 0.956568 0.955034
36.000000 0.964341 7.640486 0.956963 0.956348
36.099998 0.964440 7.644858 0.957358 0.956589
36.200001 0.964847 7.647857 0.957755 0.957138
36.299999 0.964948 7.650248 0.957999 0.957690
36.399998 0.965203 7.653418 0.958243 0.958552
36.500000 0.965459 7.655978 0.958798 0.958488
36.599998 0.965870 7.659479 0.959199 0.959044
36.700001 0.966439 7.661747 0.959291 0.958981
36.799999 0.966387 7.662154 0.959539 0.959073
36.899998 0.967113 7.665523 0.959476 0.959320
37.000000 0.967374 7.668436 0.959881 0.960037
37.099998 0.967323 7.671826 0.959975 0.960600
37.200001 0.967899 7.674287 0.960226 0.960852
37.299999 0.968319 7.676757 0.960477 0.961104
37.399998 0.968426 7.678920 0.960415 0.961357
37.500000 0.968691 7.680932 0.960824 0.961139
37.599998 0.968799 7.683423 0.961235 0.960920
37.700001 0.969066 7.686553 0.961490 0.961174
37.799999 0.969017 7.688113 0.961745 0.961113
37.899998 0.969284 7.691102 0.961685 0.961368
38.000000 0.969711 7.693149 0.961941 0.961624
38.099998 0.969981 7.695997 0.961881 0.962198
38.200001 0.970092 7.697105 0.962615 0.963093
38.299999 0.970204 7.699809 0.962715 0.963512
38.399998 0.970316 7.702043 0.962975 0.963294
38.500000 0.970588 7.704764 0.963075 0.963395
38.599998 0.970861 7.707653 0.963176 0.963497
38.700001 0.970975 7.708787 0.963759 0.963598
38.799999 0.971089 7.711532 0.964182 0.964022
38.899998 0.971364 7.713160 0.964125 0.964447
39.000000 0.972285 7.716403 0.964389 0.965034
39.099998 0.972886 7.718851 0.964816 0.965462
39.200001 0.972680 7.721306 0.964759 0.965891
39.299999 0.972798 7.723608 0.965350 0.966159
39.399998 0.973078 7.724781 0.965780 0.966429
39.500000 0.973684 7.726608 0.966537 0.966374
39.599998 0.974129 7.727790 0.966970 0.966645
39.700001 0.974250 7.728488 0.967405 0.966917
39.799999 0.974208 7.730820 0.967516 0.967189
39.899998 0.974166 7.733813 0.968280 0.967789
40.000000 0.974451 7.736489 0.968228 0.968064
40.099998 0.974409 7.736876 0.968340 0.968832
40.200001 0.974696 7.739402 0.968616 0.969109
40.299999 0.974984 7.740290 0.968894 0.969059
40.399998 0.974777 7.742994 0.968843 0.969008
40.500000 0.975231 7.744055 0.968791 0.969287
40.599998 0.975356 7.746940 0.969070 0.970063
40.700001 0.975480 7.748343 0.969019 0.970013
40.799999 0.975772 7.749419 0.968968 0.970461
40.899998 0.975898 7.750831 0.969082 0.971077
41.000000 0.976024 7.752248 0.969530 0.971195
41.099998 0.976318 7.753169 0.969646 0.971147
41.200001 0.976445 7.754093 0.969930 0.970932
41.299999 0.976740 7.755020 0.970214 0.971051
41.399998 0.976701 7.755615 0.970332 0.971170
41.500000 0.977502 7.756884 0.970282 0.971457
41.599998 0.977968 7.758157 0.970232 0.971914
41.700001 0.977931 7.760108 0.970519 0.972035
41.799999 0.978063 7.761897 0.970975 0.972663
41.899998 0.978364 7.764537 0.971095 0.972955
42.000000 0.978496 7.765154 0.971046 0.973248
42.099998 0.978460 7.766791 0.971336 0.973541
42.200001 0.978593 7.769283 0.971628 0.973836
42.299999 0.978727 7.771103 0.971920 0.974132
42.399998 0.979032 7.771906 0.971872 0.974429
42.500000 0.979337 7.773566 0.972165 0.974214
42.599998 0.979302 7.775402 0.971776 0.974170
42.700001 0.979438 7.777759 0.971213 0.973783
42.799999 0.979403 7.779609 0.971850 0.974082
42.899998 0.979367 7.782153 0.971630 0.974381
43.000000 0.979504 7.783155 0.971753 0.974509
43.099998 0.979641 7.783816 0.972050 0.974638
43.200001 0.979952 7.786381 0.972347 0.975285
43.299999 0.980090 7.788608 0.972645 0.976108
43.399998 0.979882 7.789802 0.972945 0.975720
43.500000 0.980021 7.790653 0.973245 0.975851
43.599998 0.979986 7.792203 0.973373 0.975809
43.700001 0.980126 7.793061 0.973675 0.976290
43.799999 0.980091 7.794621 0.973978 0.976773
43.899998 0.979881 7.796711 0.973933 0.976732
44.000000 0.980372 7.798108 0.974238 0.977042
44.099998 0.980688 7.799157 0.974368 0.977001
44.200001 0.980830 7.801090 0.974851 0.977137
44.299999 0.981325 7.803030 0.975687 0.977273
44.399998 0.981645 7.803918 0.975997 0.977233
44.500000 0.981436 7.806577 0.976132 0.977369
44.599998 0.981403 7.807829 0.976089 0.977329
44.700001 0.981370 7.809972 0.976579 0.977289
44.799999 0.981337 7.812123 0.976893 0.977248
44.899998 0.981303 7.812678 0.977030 0.977208
45.000000 0.981092 7.813593 0.977167 0.977881
45.099998 0.981058 7.813795 0.977305 0.978020
45.200001 0.980845 7.815431 0.977444 0.977981
45.299999 0.980990 7.815279 0.977583 0.978479
45.399998 0.981318 7.816777 0.978085 0.978444
45.500000 0.981645 7.817348 0.978406 0.978586
45.599998 0.981972 7.818099 0.978727 0.978727
45.700001 0.981940 7.819757 0.978869 0.978869
45.799999 0.981907 7.819794 0.978650 0.979374
45.899998 0.982237 7.820192 0.979337 0.979337
46.000000 0.982568 7.820955 0.979662 0.979481
46.099998 0.982718 7.821721 0.979625 0.979807
46.200001 0.982869 7.821031 0.979770 0.980682
46.299999 0.982655 7.821252 0.979733 0.980646
46.399998 0.982806 7.822389 0.979879 0.980977
46.500000 0.983141 7.822613 0.979476 0.980942
46.599998 0.983110 7.825225 0.979438 0.980907
46.700001 0.983263 7.826375 0.979033 0.980872
46.799999 0.983600 7.827530 0.978625 0.981021
46.899998 0.983570 7.829241 0.978771 0.980617
47.000000 0.983725 7.829665 0.979841 0.981136
47.099998 0.983695 7.830832 0.979804 0.981471
47.200001 0.983108 7.830703 0.979766 0.981437
47.299999 0.982890 7.831132 0.980286 0.981402
47.399998 0.983045 7.831377 0.980995 0.981554
47.500000 0.983200 7.831995 0.980959 0.981706
47.599998 0.982794 7.834674 0.980924 0.982046
47.700001 0.983137 7.836238 0.981076 0.981825
47.799999 0.983480 7.836681 0.981791 0.982166
47.899998 0.983449 7.837502 0.982133 0.982133
48.000000 0.983230 7.837384 0.982476 0.982288
48.099998 0.983198 7.837455 0.982820 0.982443
48.200001 0.983166 7.838661 0.983166 0.982410
48.299999 0.983134 7.840061 0.983513 0.982376
48.399998 0.983482 7.840517 0.984052 0.982533
48.500000 0.983070 7.841354 0.984021 0.982500
48.599998 0.983038 7.840861 0.983610 0.982466
48.700001 0.983387 7.841703 0.983769 0.982815
48.799999 0.983164 7.840826 0.983547 0.982973
48.899998 0.983324 7.841289 0.983707 0.982940
49.000000 0.983484 7.842519 0.983868 0.983100
49.099998 0.983452 7.844333 0.983837 0.983644
49.200001 0.983227 7.845383 0.983998 0.983613
49.299999 0.983195 7.847016 0.983968 0.983581
49.399998 0.983356 7.847107 0.983937 0.983549
49.500000 0.983711 7.848556 0.983905 0.983905
49.599998 0.983680 7.849039 0.983874 0.984068
49.700001 0.983843 7.849134 0.984232 0.984037
49.799999 0.984006 7.849034 0.984201 0.984006
49.899998 0.983975 7.849913 0.984561 0.983780
50.000000 0.983748 7.851968 0.984727 0.983944
50.099998 0.983716 7.852462 0.984697 0.983912
50.200001 0.983487 7.852566 0.984863 0.984077
50.299999 0.983455 7.852670 0.985031 0.984046
50.399998 0.983422 7.852378 0.984804 0.984212
50.500000 0.983192 7.853075 0.984774 0.983983
50.599998 0.983356 7.854567 0.984942 0.984347
50.700001 0.983522 7.854477 0.985309 0.984515
50.799999 0.983688 7.854983 0.985280 0.984484
50.899998 0.983855 7.857086 0.985250 0.984453
51.000000 0.984622 7.857999 0.985420 0.984222
51.099998 0.984791 7.858915 0.985391 0.984591
51.199997 0.984760 7.858031 0.985562 0.984560
51.299999 0.984931 7.858750 0.985533 0.984529
51.399998 0.985102 7.858063 0.985907 0.984699
51.500000 0.985072 7.858987 0.985879 0.985072
51.599998 0.985446 7.859713 0.985850 0.985041
51.699997 0.985416 7.860847 0.985821 0.984809
51.799999 0.985793 7.861579 0.985590 0.984575
51.899998 0.985560 7.861094 0.985967 0.984543
52.000000 0.985735 7.861627 0.986142 0.984512
52.099998 0.985297 7.861752 0.986318 0.984480
52.199997 0.985676 7.862493 0.986495 0.984858
52.299999 0.985647 7.862825 0.986672 0.985032
52.399998 0.986028 7.862339 0.986439 0.985001
52.500000 0.986000 7.863290 0.986617 0.984970
52.599998 0.986177 7.864452 0.986796 0.985145
52.699997 0.986148 7.864379 0.986769 0.985321
52.799999 0.986327 7.864926 0.986948 0.985291
52.899998 0.986299 7.866099 0.986921 0.985053
53.000000 0.986270 7.866237 0.987102 0.985022
53.099998 0.986033 7.867417 0.987075 0.985408
53.199997 0.986004 7.869020 0.987257 0.985377
53.299999 0.986184 7.870002 0.987230 0.985346
53.399998 0.986365 7.870358 0.987413 0.985525
53.500000 0.986336 7.871558 0.987387 0.985495
53.599998 0.986097 7.872340 0.987782 0.985675
53.699997 0.986278 7.872705 0.987967 0.985856
53.799999 0.986249 7.873704 0.987942 0.985826
53.899998 0.986220 7.872801 0.987704 0.986008
54.000000 0.986616 7.873805 0.987890 0.986616
54.099998 0.987013 7.874388 0.988290 0.986587
54.199997 0.987199 7.875187 0.988265 0.986345
54.299999 0.986957 7.875775 0.988240 0.986530
54.399998 0.987144 7.876795 0.988215 0.986501
54.500000 0.987760 7.878034 0.987975 0.986687
54.599998 0.987519 7.878417 0.988164 0.986658
54.699997 0.987492 7.877939 0.988570 0.986845
54.799999 0.987249 7.878755 0.988762 0.987033
54.899998 0.987438 7.880009 0.988737 0.987221
55.000000 0.987410 7.880616 0.988713 0.987193
55.099998 0.987383 7.881227 0.988471 0.986948
55.199997 0.987356 7.883148 0.988882 0.987138
55.299999 0.987546 7.882237 0.988639 0.986891
55.399998 0.987519 7.882198 0.988614 0.987081
55.500000 0.987272 7.883476 0.988370 0.987492
55.599998 0.987464 7.884319 0.988344 0.987464
55.699997 0.987657 7.884065 0.988318 0.987437
55.799999 0.987409 7.884692 0.988292 0.987409
55.899998 0.987381 7.884880 0.987824 0.987160
56.000000 0.987353 7.884624 0.988019 0.987353
56.099998 0.987547 7.885035 0.987992 0.987325
56.199997 0.987297 7.884778 0.988188 0.987297
56.299999 0.987268 7.885415 0.988162 0.987268
56.399998 0.987240 7.885158 0.988359 0.987240
56.500000 0.987211 7.884900 0.988557 0.987211
56.599998 0.986957 7.885316 0.988756 0.987407
56.699997 0.987153 7.885959 0.988731 0.987379
56.799999 0.987124 7.885250 0.988706 0.987802
56.899998 0.987548 7.885216 0.988454 0.987774
57.000000 0.987747 7.885636 0.988654 0.988201
57.099998 0.987264 7.886969 0.988629 0.988401
57.199997 0.987235 7.886711 0.988603 0.989059
57.299999 0.987206 7.886909 0.988348 0.989034
57.399998 0.987635 7.886421 0.988321 0.989237
57.500000 0.987377 7.887766 0.988524 0.989213
57.599998 0.987348 7.888429 0.988728 0.988958
57.699997 0.987318 7.891169 0.988702 0.988932
57.799999 0.987289 7.890687 0.988676 0.988907
57.899998 0.987260 7.890202 0.988650 0.989113
58.000000 0.987230 7.889714 0.988623 0.989552
58.099998 0.987433 7.889690 0.988597 0.989528
58.199997 0.987637 7.889667 0.988337 0.989736
58.299999 0.987842 7.889642 0.988310 0.989712
58.399998 0.987813 7.888915 0.988282 0.989454
58.500000 0.987550 7.889358 0.988255 0.989429
58.599998 0.987521 7.888863 0.987992 0.989169
58.699997 0.987491 7.889308 0.988199 0.989851
58.799999 0.987462 7.890230 0.987935 0.989827
58.899998 0.987432 7.891392 0.987906 0.990040
59.000000 0.987877 7.893036 0.987640 0.989779
59.099998 0.987848 7.892781 0.987848 0.989755
59.199997 0.987342 7.893480 0.987581 0.989730
59.299999 0.987790 7.893704 0.987311 0.989466
59.399998 0.988001 7.893448 0.987761 0.989201
59.500000 0.987732 7.894395 0.987491 0.989175
59.599998 0.987461 7.895346 0.987461 0.989149
59.699997 0.987914 7.895093 0.987914 0.989123
59.799999 0.987642 7.895566 0.988369 0.989339
59.899998 0.987369 7.895312 0.988341 0.989313
60.000000 0.987339 7.895787 0.988313 0.989043
60.099998 0.987308 7.894313 0.988772 0.989016
60.199997 0.987521 7.895278 0.988745 0.988989
60.299999 0.987246 7.895511 0.988717 0.988962
60.399998 0.987214 7.895992 0.988444 0.988935
60.500000 0.987429 7.896721 0.988908 0.988415
60.599998 0.987398 7.897702 0.988634 0.988386
60.699997 0.987367 7.897449 0.988358 0.988358
60.799999 0.987087 7.898436 0.988577 0.988577
60.899998 0.987055 7.899179 0.988051 0.988798
61.000000 0.987272 7.898428 0.988271 0.988770
61.099998 0.986740 7.898173 0.988491 0.988992
61.199997 0.986456 7.897918 0.987961 0.988713
61.299999 0.986673 7.898416 0.987679 0.988685
61.399998 0.986640 7.899168 0.987648 0.988656
61.500000 0.987111 7.899925 0.987617 0.988880
61.599998 0.986825 7.899671 0.988092 0.989106
61.699997 0.987046 7.898654 0.988570 0.989078
61.799999 0.986758 7.899924 0.988796 0.989305
61.899998 0.987235 7.899923 0.988512 0.989533
62.000000 0.986947 7.900179 0.988482 0.989762
62.099998 0.986656 7.899667 0.988709 0.989736
62.199997 0.986879 7.899923 0.988937 0.989967
62.299999 0.986330 7.900181 0.989167 0.989425
62.399998 0.986553 7.900698 0.989397 0.989397
62.500000 0.986259 7.900441 0.990148 0.989629
62.599998 0.986483 7.900702 0.990642 0.989862
62.699997 0.986448 7.900182 0.990618 0.990096
62.799999 0.986151 7.900705 0.990332 0.990332
62.899998 0.986639 7.900445 0.990045 0.990306
63.000000 0.986866 7.900709 0.990018 0.990018
63.099998 0.986832 7.900448 0.989992 0.990255
63.199997 0.986269 7.899921 0.990230 0.990494
63.299999 0.986232 7.899656 0.990469 0.990204
63.399998 0.986196 7.900982 0.990443 0.990443
63.500000 0.985893 7.900719 0.990418 0.990684
63.599998 0.986122 7.900721 0.990392 0.990659
63.699997 0.986620 7.901258 0.990099 0.990634
63.799999 0.987658 7.899383 0.989804 0.990877
63.899998 0.987624 7.899112 0.989777 0.990584
64.000000 0.987861 7.900458 0.989749 0.990828
64.099998 0.988098 7.900459 0.989721 0.991074
64.199997 0.988066 7.900461 0.989694 0.991321
64.299995 0.988034 7.900735 0.989937 0.991297
64.400002 0.988001 7.900191 0.989637 0.991274
64.500000 0.987695 7.900465 0.989336 0.991523
64.599998 0.987661 7.901289 0.989306 0.991500
64.699997 0.987077 7.902667 0.989552 0.991476
64.799995 0.987317 7.902675 0.989799 0.991729
64.900002 0.987282 7.903512 0.989771 0.991982
65.000000 0.987524 7.902412 0.989742 0.991960
65.099998 0.987212 7.902141 0.989714 0.991938
65.199997 0.987455 7.903541 0.989685 0.991915
65.299995 0.987420 7.904669 0.989656 0.991893
65.400002 0.987384 7.903841 0.989627 0.991870
65.500000 0.987630 7.903570 0.989598 0.991847
65.599998 0.987877 7.904144 0.989569 0.991542
65.699997 0.988126 7.903025 0.989539 0.991518
65.799995 0.988092 7.903317 0.989793 0.991494
65.900002 0.988058 7.902758 0.989480 0.991186
66.000000 0.988024 7.902195 0.989735 0.991161
66.099998 0.987704 7.901916 0.989991 0.991135
66.199997 0.987668 7.901634 0.989676 0.991110
66.299995 0.987345 7.903940 0.989934 0.991084
66.400002 0.987309 7.905106 0.989616 0.991347
66.500000 0.987272 7.906856 0.989586 0.990743
66.599998 0.987525 7.906005 0.989556 0.990717
66.699997 0.987489 7.906023 0.989526 0.990981
66.799995 0.987453 7.905457 0.989787 0.991246
66.900002 0.987416 7.905473 0.989757 0.991220
67.000000 0.987379 7.906076 0.989727 0.991488
67.099998 0.987342 7.906094 0.989991 0.991463
67.199997 0.987304 7.906112 0.990257 0.991733
67.299995 0.986971 7.906130 0.990228 0.992005
67.400002 0.986635 7.906148 0.990199 0.991981
67.500000 0.986297 7.907656 0.990170 0.991957
67.599998 0.986256 7.909471 0.990140 0.991933
67.699997 0.986215 7.910398 0.990111 0.991909
67.799995 0.985873 7.911632 0.990081 0.991283
67.900002 0.986132 7.910461 0.990051 0.991257
68.000000 0.985792 7.909008 0.990326 0.990931
68.099998 0.986052 7.909945 0.990297 0.990600
68.199997 0.986922 7.910888 0.990268 0.990268
68.299995 0.987187 7.910921 0.990543 0.990238
68.400002 0.987454 7.911567 0.990514 0.990514
68.500000 0.987416 7.911295 0.990485 0.990485
68.599998 0.987377 7.912561 0.990456 0.990456
68.699997 0.987647 7.913836 0.990426 0.989808
68.799995 0.988228 7.912949 0.990397 0.989777
68.900002 0.988813 7.914543 0.990367 0.989745
69.000000 0.988778 7.913965 0.990960 0.989402
69.099998 0.988743 7.913383 0.990932 0.989368
69.199997 0.988708 7.914994 0.990903 0.989335
69.299995 0.988987 7.914097 0.990875 0.988987
69.400002 0.988952 7.914142 0.991477 0.988952
69.500000 0.988917 7.914186 0.991767 0.988917
69.599998 0.989200 7.914549 0.991741 0.989200
69.699997 0.989165 7.913002 0.991714 0.989165
69.799995 0.989130 7.912404 0.991688 0.989450
69.900002 0.989096 7.911482 0.991661 0.989416
70.000000 0.989060 7.911518 0.991634 0.989382
70.099998 0.989348 7.911879 0.991607 0.989348
70.199997 0.989313 7.912565 0.991580 0.989637
70.299995 0.989604 7.911956 0.991228 0.989929
70.400002 0.989896 7.912972 0.991199 0.989896
70.500000 0.989863 7.913342 0.991171 0.989863
70.599998 0.989501 7.913714 0.991142 0.989829
70.699997 0.989467 7.916392 0.991113 0.989796
70.799995 0.989432 7.917437 0.991413 0.990092
70.900002 0.989397 7.916170 0.991385 0.990060
71.000000 0.989362 7.916556 0.991024 0.990359
71.099998 0.989993 7.915277 0.990660 0.990660
71.199997 0.989960 7.914993 0.990629 0.990964
71.299995 0.990598 7.916051 0.990934 0.990934
71.400002 0.990566 7.916442 0.991240 0.991240
71.500000 0.990872 7.916836 0.990872 0.991548
71.599998 0.990841 7.916553 0.990502 0.991520
71.699997 0.990470 7.917630 0.990470 0.991491
71.799995 0.990437 7.917008 0.990437 0.991462
71.900002 0.990404 7.917067 0.990062 0.991090
72.000000 0.990027 7.917125 0.991059 0.991059
72.099998 0.989648 7.916840 0.991373 0.991028
72.199997 0.989612 7.916551 0.991343 0.990997
72.299995 0.989576 7.915914 0.991313 0.991313
72.400002 0.989540 7.915272 0.991283 0.991980
72.500000 0.989853 7.914626 0.991253 0.991952
72.599998 0.990169 7.916081 0.991222 0.991924
72.699997 0.990134 7.916490 0.991191 0.991896
72.799995 0.990453 7.916549 0.991160 0.991867
72.900002 0.990419 7.916253 0.991128 0.991838
73.000000 0.990741 7.915954 0.991453 0.991453
73.099998 0.991065 7.916011 0.991065 0.991422
73.199997 0.991033 7.915351 0.991750 0.991033
73.299995 0.991361 7.913967 0.991721 0.991001
73.400002 0.991691 7.913656 0.992052 0.990607
73.500000 0.991661 7.914431 0.992023 0.990573
73.599998 0.991630 7.916667 0.991994 0.990539
73.699997 0.991965 7.915632 0.991965 0.990869
73.799995 0.991935 7.916056 0.991935 0.990836
73.900002 0.991906 7.916851 0.991906 0.990802
74.000000 0.992245 7.916174 0.991137 0.991137
74.099998 0.992216 7.914752 0.991105 0.990734
74.199997 0.992188 7.914434 0.991443 0.990699
74.299995 0.991785 7.913741 0.991412 0.990665
74.400002 0.991754 7.913043 0.991379 0.991379
74.500000 0.991723 7.912716 0.991723 0.991723
74.599998 0.991692 7.912765 0.991692 0.991692
74.699997 0.991660 7.912813 0.991660 0.991660
74.799995 0.991629 7.914384 0.992009 0.991629
74.900002 0.991597 7.916348 0.991597 0.992743
75.000000 0.991564 7.914877 0.991564 0.993098
75.099998 0.991917 7.915319 0.991532 0.993456
75.199997 0.991499 7.916924 0.991499 0.993431
75.299995 0.991466 7.918153 0.990690 0.993406
75.400002 0.991822 7.919003 0.990654 0.992991
75.500000 0.991790 7.919468 0.990227 0.992963
75.599998 0.992151 7.917190 0.990581 0.992936
75.699997 0.992514 7.917258 0.990544 0.993302
75.799995 0.992089 7.917721 0.990506 0.992880
75.900002 0.992057 7.918190 0.990866 0.992851
76.000000 0.992025 7.917863 0.990829 0.992823
76.099998 0.991994 7.917934 0.990793 0.993195
76.199997 0.992363 7.918810 0.990354 0.993167
76.299995 0.991929 7.920097 0.990718 0.993140
76.400002 0.991896 7.919773 0.990681 0.992707
76.500000 0.991863 7.919040 0.990236 0.992270
76.599998 0.992239 7.919117 0.990605 0.992239
76.699997 0.992207 7.917965 0.990156 0.992617
76.799995 0.992175 7.916392 0.990527 0.992998
76.900002 0.991729 7.915633 0.990074 0.993383
77.000000 0.991279 7.914867 0.990449 0.993355
77.099998 0.991660 7.915763 0.990409 0.993328
77.199997 0.992044 7.915829 0.990368 0.993300
77.299995 0.992010 7.917578 0.990328 0.993272
77.400002 0.992399 7.919341 0.990287 0.993243
77.500000 0.992366 7.920696 0.990246 0.993215
77.599998 0.992334 7.921635 0.990630 0.993186
77.699997 0.991873 7.920017 0.990590 0.992729
77.799995 0.992268 7.919673 0.990550 0.992698
77.900002 0.992235 7.918033 0.990940 0.992235
78.000000 0.992201 7.917677 0.991334 0.992201
78.099998 0.992167 7.918625 0.991297 0.991732
78.199997 0.991696 7.918706 0.991259 0.991696
78.299995 0.991659 7.917472 0.991220 0.992098
78.400002 0.991623 7.918430 0.991182 0.992063
78.500000 0.991585 7.919840 0.991143 0.992028
78.599998 0.991548 7.919930 0.991103 0.991993
78.699997 0.991957 7.920911 0.990617 0.991957
78.799995 0.991921 7.922352 0.990126 0.992370
78.900002 0.991885 7.922904 0.990081 0.992786
79.000000 0.991848 7.923007 0.990942 0.992754
79.099998 0.992266 7.922657 0.990901 0.992721
79.199997 0.992230 7.923218 0.990859 0.992230
79.299995 0.992195 7.922865 0.990817 0.992195
79.400002 0.992620 7.924354 0.990775 0.991697
79.500000 0.992122 7.923540 0.990732 0.991196
79.599998 0.992551 7.923650 0.990223 0.991155
79.699997 0.992516 7.923293 0.990178 0.991113
79.799995 0.992481 7.923402 0.990601 0.990601
79.900002 0.992446 7.922569 0.990557 0.991029
80.000000 0.992410 7.921727 0.990512 0.990987
80.099998 0.992374 7.921831 0.991420 0.991897
80.199997 0.992337 7.920977 0.991379 0.991858
80.299995 0.992300 7.921078 0.991819 0.991338
80.400002 0.992263 7.921180 0.991780 0.991296
80.500000 0.992225 7.920797 0.992225 0.991740
80.599998 0.992188 7.920898 0.991699 0.991699
80.699997 0.991659 7.920511 0.991168 0.991659
80.799995 0.992110 7.920611 0.990631 0.991617
80.900002 0.992071 7.921705 0.990585 0.991080
81.000000 0.992032 7.922310 0.990538 0.991534
81.099998 0.991491 7.921922 0.990490 0.991992
81.199997 0.991952 7.921529 0.990946 0.991952
81.299995 0.991911 7.921133 0.990900 0.991911
81.400002 0.991362 7.920732 0.990854 0.991870
81.500000 0.991318 7.918284 0.991318 0.991828
81.599998 0.991273 7.916838 0.991786 0.991786
81.699997 0.991228 7.916409 0.991744 0.991228
81.799995 0.991183 7.917531 0.991701 0.990664
81.900002 0.991137 7.917101 0.991658 0.990615
82.000000 0.991090 7.918763 0.991614 0.991090
82.099998 0.990516 7.917809 0.991570 0.990516
82.199997 0.989936 7.917373 0.991525 0.990466
82.299995 0.989883 7.917465 0.991480 0.990415
82.400002 0.989829 7.917024 0.990899 0.990364
82.500000 0.989774 7.917115 0.990850 0.990312
82.599998 0.989719 7.917208 0.991342 0.989719
82.699997 0.989663 7.917301 0.990751 0.989663
82.799995 0.990153 7.916302 0.990700 0.989059
82.900002 0.989549 7.914191 0.990649 0.988999
83.000000 0.989491 7.914823 0.990597 0.988938
83.099998 0.989989 7.914905 0.990545 0.988877
83.199997 0.989933 7.917786 0.990492 0.989374
83.299995 0.989876 7.919572 0.990439 0.989314
83.400002 0.990385 7.920249 0.990950 0.989253
83.500000 0.990330 7.922640 0.992036 0.989192
83.599998 0.990275 7.922197 0.991991 0.989703
83.699997 0.990219 7.922325 0.991945 0.990219
83.799995 0.990741 7.923032 0.991898 0.990162
83.900002 0.990687 7.923167 0.991851 0.990105
84.000000 0.990632 7.923302 0.991803 0.990047
84.099998 0.990577 7.922851 0.991755 0.989988
84.199997 0.991114 7.922986 0.991706 0.989929
84.299995 0.991061 7.921932 0.992253 0.989273
84.400002 0.991007 7.922662 0.992206 0.988609
84.500000 0.990953 7.921592 0.992762 0.988540
84.599998 0.991505 7.922330 0.992718 0.989078
84.699997 0.992063 7.921856 0.992674 0.987790
84.799995 0.992629 7.922605 0.992629 0.987715
84.900002 0.991965 7.922744 0.992583 0.988257
85.000000 0.991915 7.922264 0.992537 0.988184
85.099998 0.991865 7.923655 0.992491 0.988110
85.199997 0.991814 7.922544 0.992443 0.988665
85.299995 0.991762 7.923954 0.992395 0.989227
85.400002 0.991709 7.923469 0.992347 0.989158
85.500000 0.991656 7.923620 0.992298 0.989089
85.599998 0.991602 7.925065 0.992894 0.989018
85.699997 0.991547 7.925878 0.992848 0.988297
85.799995 0.990838 7.923429 0.992801 0.987565
85.900002 0.990777 7.922925 0.992754 0.988142
86.000000 0.990716 7.922413 0.992706 0.988064
86.099998 0.990654 7.924565 0.992657 0.987316
86.199997 0.991263 7.926075 0.992608 0.987903
86.299995 0.991204 7.924899 0.992558 0.987821
86.400002 0.991144 7.926431 0.993188 0.987738
86.500000 0.992455 7.925240 0.993141 0.987654
86.599998 0.992403 7.925415 0.993094 0.986878
86.699997 0.992350 7.925591 0.993046 0.986092
86.799995 0.992297 7.924370 0.992997 0.985994
86.900002 0.992243 7.922427 0.992243 0.986601
87.000000 0.991477 7.924716 0.992898 0.987216
87.099998 0.991416 7.924178 0.992847 0.987124
87.199997 0.990634 7.925792 0.992075 0.987032
87.299995 0.991292 7.925254 0.992017 0.986938
87.400002 0.991228 7.923977 0.992690 0.986842
87.500000 0.990427 7.924890 0.992636 0.988218
87.599998 0.990356 7.925074 0.992582 0.988131
87.699997 0.990284 7.924514 0.991779 0.988789
87.799995 0.990964 7.921687 0.992470 0.988705
87.900002 0.990895 7.921093 0.991654 0.988619
88.000000 0.990826 7.923547 0.991590 0.988532
88.099998 0.990755 7.922188 0.990755 0.987673
88.199997 0.990683 7.921584 0.990683 0.987578
88.299995 0.990610 7.920970 0.990610 0.987480
88.400002 0.991325 7.917981 0.990536 0.987382
88.500000 0.991256 7.920508 0.990461 0.986486
88.599998 0.990385 7.918269 0.991186 0.986378
88.699997 0.989499 7.917609 0.989499 0.986268
88.799995 0.989414 7.917752 0.989414 0.986971
88.900002 0.989327 7.917078 0.989327 0.986864
89.000000 0.989238 7.915563 0.990066 0.986755
89.099998 0.989149 7.917362 0.989149 0.987479
89.199997 0.989057 7.915824 0.989057 0.987374
89.299995 0.988964 7.915959 0.988964 0.987267
89.400002 0.989726 7.913527 0.988870 0.988014
89.500000 0.989637 7.911917 0.988774 0.987910
89.599998 0.989547 7.914634 0.989547 0.988676
89.699997 0.989455 7.913884 0.990334 0.988576
89.799995 0.989362 7.914894 0.988475 0.988475
89.900002 0.990161 7.912343 0.988372 0.988372
90.000000 0.990072 7.916065 0.988267 0.988267
90.099998 0.989982 7.917121 0.988160 0.988160
90.199997 0.989890 7.918199 0.988051 0.988971
90.299995 0.988868 7.916512 0.987941 0.988868
90.400002 0.988764 7.912921 0.987828 0.989700
90.500000 0.989603 7.913989 0.987713 0.989603
90.599998 0.989504 7.916985 0.988550 0.989504
90.699997 0.989403 7.919075 0.988439 0.989403
90.799995 0.990272 7.920234 0.988327 0.989300
90.900002 0.989195 7.924361 0.989195 0.989195
91.000000 0.989087 7.923611 0.989087 0.990079
91.099998 0.988978 7.921844 0.988978 0.989980
91.199997 0.988866 7.923077 0.988866 0.988866
91.299995 0.989775 7.923313 0.988753 0.988753
91.400002 0.990702 7.923554 0.987603 0.988636
91.500000 0.990605 7.923800 0.987474 0.989562
91.599998 0.990506 7.922996 0.987342 0.989451
91.699997 0.990405 7.924307 0.988273 0.989339
91.799995 0.990302 7.924569 0.988147 0.988147
91.900002 0.990196 7.924837 0.988017 0.988017
92.000000 0.990088 7.921806 0.988987 0.987885
92.099998 0.991091 7.920936 0.988864 0.987751
92.199997 0.990991 7.923424 0.989865 0.987613
92.299995 0.990888 7.922552 0.989749 0.987472
92.400002 0.990783 7.925115 0.990783 0.987327
92.500000 0.990676 7.923077 0.990676 0.988345
92.599998 0.990566 7.923349 0.991745 0.988208
92.699997 0.990453 7.923627 0.990453 0.988067
92.799995 0.990338 7.926329 0.990338 0.987923
92.900002 0.990220 7.926651 0.990220 0.988998
93.000000 0.990099 7.926980 0.990099 0.988861
93.099998 0.991228 7.928572 0.989975 0.988722
93.199997 0.991117 7.927665 0.988579 0.987310
93.299995 0.991003 7.929306 0.988432 0.987147
93.400002 0.992188 7.929687 0.989583 0.988281
93.500000 0.993404 7.930079 0.989446 0.988127
93.599998 0.991979 7.927807 0.989305 0.987968
93.699997 0.991870 7.929539 0.989160 0.987805
93.799995 0.991758 7.929945 0.990385 0.987637
93.900002 0.991643 7.928969 0.990251 0.988858
94.000000 0.990113 7.927967 0.990113 0.988701
94.099998 0.989971 7.926934 0.989971 0.988539
94.199997 0.989826 7.928779 0.989826 0.989826
94.299995 0.989676 7.929204 0.989676 0.989676
94.400002 0.989521 7.926647 0.989521 0.991018
94.500000 0.989362 7.928572 0.990881 0.992401
94.599998 0.989198 7.933642 0.992284 0.992284
94.699997 0.993730 7.934170 0.992163 0.992163
94.799995 0.993631 7.933121 0.992038 0.992038
94.900002 0.993528 7.933657 0.991909 0.991909
95.000000 0.993421 7.930922 0.991776 0.991776
95.099998 0.993311 7.929766 0.991639 0.991639
95.199997 0.993197 7.928571 0.993197 0.991497
95.299995 0.993080 7.927335 0.994810 0.991349
95.400002 0.992958 7.929577 0.994718 0.991197
95.500000 0.992832 7.931900 0.996416 0.991039
95.599998 0.992701 7.932482 0.996350 0.990876
95.699997 0.992565 7.927510 0.996283 0.990706
95.799995 0.990530 7.929925 0.996212 0.990530
95.900002 0.992278 7.932432 0.996139 0.990348
96.000000 0.990157 7.933071 0.996063 0.990157
96.099998 0.989960 7.933734 0.997992 0.987952
96.199997 0.989754 7.932377 0.995902 0.985656
96.299995 0.993724 7.933055 0.995816 0.985356
96.400002 0.993590 7.931624 0.995726 0.987179
96.500000 0.993450 7.930131 0.995633 0.989083
96.599998 0.993304 7.928571 0.995536 0.988839
96.699997 0.993151 7.929224 0.995434 0.988584
96.799995 0.992991 7.927570 0.995327 0.988318
96.900002 0.992823 7.928230 0.995215 0.990431
97.000000 0.992647 7.924020 0.995098 0.990196
97.099998 0.992462 7.927135 0.994975 0.989950
97.199997 0.992268 7.925258 0.994845 0.989691
97.299995 0.992063 7.925926 0.994709 0.989418
97.400002 0.991848 7.921196 0.994565 0.989130
97.500000 0.994413 7.918994 0.994413 0.988827
97.599998 0.994253 7.916667 0.994253 0.988506
97.699997 0.994083 7.914201 0.994083 0.988166
97.799995 0.993902 7.923780 0.993902 0.987805
97.900002 0.996855 7.924529 0.993711 0.987421
98.000000 1.000000 7.922078 0.993506 0.987013
98.099998 1.000000 7.922819 0.993289 0.986577
98.199997 1.000000 7.920139 0.993056 0.986111
98.299995 1.000000 7.917266 0.992806 0.985611
98.400002 1.000000 7.917911 0.992537 0.985075
98.500000 1.000000 7.922481 0.992248 0.984496
98.599998 1.000000 7.923387 0.991935 0.983871
98.699997 1.000000 7.924369 0.991597 0.987395
98.799995 1.000000 7.925439 0.991228 0.986842
98.900002 1.000000 7.922018 0.990826 0.986239
99.000000 1.000000 7.918270 0.990385 0.985577
99.099998 1.000000 7.914141 0.989899 0.984848
99.199997 1.000000 7.909575 0.989362 0.984043
99.299995 1.000000 7.910112 0.983146 0.983146
99.400002 1.000000 7.910714 0.982143 0.982143
99.500000 1.000000 7.911393 0.981013 0.981013
99.599998 1.000000 7.905405 0.979730 0.979730
99.699997 1.000000 7.898551 0.978261 0.978261
99.799995 1.000000 7.882812 0.976562 0.976562
99.900002 1.000000 7.898305 0.974576 0.983051
100.000000 1.000000 7.898149 0.972222 0.981481
100.099998 1.000000 7.897959 0.969388 0.979592
100.199997 1.000000 7.886364 0.977273 0.977273
100.299995 1.000000 7.884615 0.974359 0.974359
100.400002 1.000000 7.882353 0.970588 0.985294
100.500000 1.000000 7.862069 0.965517 0.982759
100.599998 1.000000 7.854167 0.958333 0.979167
100.699997 1.000000 7.815790 0.947368 0.973684
100.799995 1.000000 7.821429 0.928571 0.964286
100.900002 1.000000 7.833333 0.888889 0.944444
101.000000 1.000000 7.625000 0.875000 1.000000
