0.000000 0.000999 0.007495 0.000899 0.001199
0.100000 0.011395 0.081267 0.010396 0.009896
0.200000 0.020798 0.146685 0.019298 0.017598
0.300000 0.031012 0.203581 0.029912 0.026711
0.400000 0.040541 0.253053 0.039840 0.035435
0.500000 0.050401 0.299198 0.050000 0.046092
0.600000 0.059679 0.341825 0.060181 0.056670
0.700000 0.068266 0.383897 0.070174 0.062343
0.800000 0.076977 0.428299 0.078786 0.070948
0.900000 0.085780 0.464602 0.087892 0.079847
1.000000 0.096829 0.498842 0.096326 0.086865
1.100000 0.105974 0.525536 0.103858 0.094691
1.200000 0.114415 0.552016 0.111593 0.100504
1.300000 0.122490 0.588740 0.118353 0.107154
1.400000 0.129886 0.615897 0.123321 0.109383
1.500000 0.138583 0.647529 0.129789 0.113312
1.600000 0.146369 0.677220 0.135849 0.119765
1.700000 0.155092 0.704900 0.141122 0.124519
1.800000 0.165957 0.729585 0.146505 0.130800
1.900000 0.173428 0.753245 0.151014 0.135396
2.000000 0.180268 0.790296 0.158648 0.140378
2.100000 0.187970 0.820768 0.162772 0.147429
2.200000 0.196501 0.854862 0.166904 0.152766
2.300000 0.203421 0.887294 0.169721 0.156180
2.400000 0.212473 0.919800 0.173647 0.159992
2.500000 0.218788 0.952774 0.175949 0.166463
2.600000 0.228201 0.986420 0.178885 0.170308
2.700000 0.234543 1.014001 0.179765 0.173735
2.800000 0.242148 1.056061 0.181893 0.179335
2.900000 0.249539 1.088061 0.187590 0.184518
3.000000 0.257559 1.125653 0.190530 0.189300
3.100000 0.262823 1.171010 0.195322 0.196245
3.200000 0.269768 1.214315 0.200657 0.201890
3.300000 0.277418 1.259225 0.204235 0.204440
3.400000 0.284597 1.298282 0.207737 0.207532
3.500000 0.291482 1.337934 0.212174 0.211556
3.600000 0.298454 1.386598 0.215670 0.215567
3.700000 0.305366 1.425077 0.220227 0.221362
3.800000 0.311983 1.474587 0.223657 0.226033
3.900000 0.319235 1.523888 0.226163 0.229266
4.000000 0.326190 1.560455 0.231677 0.232919
4.100000 0.333748 1.607709 0.234173 0.236659
4.200000 0.340317 1.658127 0.238979 0.242506
4.300000 0.346242 1.699232 0.244082 0.247197
4.400000 0.351694 1.739659 0.249117 0.253274
4.500000 0.358822 1.785789 0.252809 0.259155
4.600000 0.365445 1.833889 0.258175 0.264008
4.700000 0.370857 1.880133 0.263706 0.268814
4.800000 0.376878 1.933013 0.268781 0.274937
4.900000 0.382494 1.982244 0.273031 0.281178
5.000000 0.389795 2.027708 0.278231 0.284923
5.100000 0.395918 2.072842 0.282784 0.289377
5.200000 0.400733 2.119644 0.288318 0.295024
5.300000 0.406502 2.166649 0.293131 0.299109
5.400000 0.412388 2.213228 0.298898 0.306562
5.500000 0.416921 2.257803 0.304467 0.313190
5.600000 0.421944 2.301073 0.309173 0.319798
5.700000 0.428602 2.353307 0.316449 0.325821
5.800000 0.435873 2.404469 0.321530 0.331647
5.900000 0.440764 2.445195 0.326828 0.337166
6.000000 0.447038 2.494878 0.333193 0.341008
6.100000 0.452268 2.539486 0.338408 0.347500
6.200000 0.457297 2.587999 0.343528 0.352630
6.300000 0.461172 2.640534 0.349613 0.358089
6.400000 0.465691 2.695302 0.354969 0.363665
6.500000 0.472237 2.744983 0.358637 0.370421
6.600000 0.478427 2.794793 0.362593 0.376514
6.700000 0.483298 2.849681 0.367340 0.382128
6.800000 0.487646 2.894356 0.374121 0.387220
6.900000 0.492431 2.942217 0.378998 0.391791
7.000000 0.495731 2.984845 0.384845 0.397118
7.100000 0.500855 3.033333 0.388355 0.403312
7.200000 0.505455 3.076578 0.393690 0.407701
7.300000 0.510814 3.121734 0.398501 0.414026
7.400000 0.516506 3.168489 0.404394 0.417578
7.500000 0.522318 3.215451 0.408476 0.422425
7.600000 0.526423 3.257035 0.415360 0.426531
7.700000 0.530968 3.303226 0.421075 0.432366
7.800000 0.536060 3.350699 0.426803 0.438428
7.900000 0.540244 3.396617 0.430880 0.444133
8.000000 0.544601 3.441808 0.435336 0.448603
8.099999 0.550480 3.487096 0.441097 0.454163
8.200000 0.554751 3.523943 0.447735 0.460058
8.300000 0.559680 3.567579 0.451899 0.466292
8.400000 0.565038 3.610095 0.458139 0.471894
8.500000 0.569229 3.651415 0.463949 0.476201
8.599999 0.573212 3.688267 0.469445 0.479865
8.700000 0.577638 3.730414 0.473541 0.484407
8.800000 0.582445 3.773330 0.477050 0.487818
8.900000 0.588632 3.812609 0.482361 0.493685
9.000000 0.592108 3.846959 0.487247 0.499237
9.099999 0.595046 3.891641 0.492907 0.502946
9.200000 0.599192 3.933362 0.496723 0.507538
9.300000 0.602690 3.969816 0.501203 0.512467
9.400000 0.607553 4.007334 0.506294 0.515271
9.500000 0.611945 4.043397 0.510027 0.519123
9.599999 0.617047 4.077446 0.514041 0.524024
9.700000 0.621568 4.111685 0.518889 0.528553
9.800000 0.623901 4.148857 0.523087 0.532322
9.900000 0.626678 4.185890 0.527955 0.536980
10.000000 0.630234 4.219921 0.531842 0.540546
10.099999 0.634278 4.254991 0.536341 0.545274
10.200000 0.638180 4.288948 0.540908 0.549630
10.300000 0.641981 4.321543 0.545043 0.555101
10.400000 0.644240 4.352440 0.549961 0.558703
10.500000 0.648056 4.388391 0.556109 0.562313
10.599999 0.651436 4.422646 0.560275 0.566264
10.700000 0.654380 4.454424 0.564006 0.570556
10.800000 0.657553 4.489497 0.567745 0.574858
10.900000 0.661400 4.522199 0.571937 0.579059
11.000000 0.664142 4.556200 0.575582 0.582154
11.099999 0.666221 4.587599 0.580239 0.585480
11.200000 0.669756 4.620185 0.583343 0.587362
11.300000 0.674081 4.655303 0.588018 0.591036
11.400000 0.677968 4.686136 0.592481 0.594159
11.500000 0.681116 4.720430 0.595766 0.597334
11.599999 0.684907 4.751178 0.601032 0.601032
11.700000 0.688931 4.782218 0.606309 0.605074
11.800000 0.691391 4.816026 0.609688 0.608564
11.900000 0.695095 4.845522 0.614311 0.612624
12.000000 0.696813 4.875099 0.619552 0.615047
12.099999 0.699628 4.903371 0.624197 0.619010
12.200000 0.702675 4.933965 0.627949 0.622305
12.300000 0.706634 4.964177 0.632275 0.626172
12.400000 0.709389 4.991742 0.636538 0.631109
12.500000 0.712797 5.022310 0.639977 0.634088
12.599999 0.715533 5.049320 0.643651 0.637868
12.700000 0.717172 5.076609 0.646011 0.641584
12.799999 0.720600 5.103511 0.649358 0.645381
12.900000 0.723695 5.129678 0.653623 0.648732
13.000000 0.725999 5.158524 0.656645 0.652659
13.099999 0.729449 5.187664 0.661384 0.655684
13.200000 0.731994 5.214130 0.663395 0.658601
13.299999 0.733859 5.237916 0.666895 0.663696
13.400000 0.735957 5.263471 0.669603 0.666972
13.500000 0.738518 5.291948 0.673691 0.669683
13.599999 0.741543 5.315331 0.676987 0.672629
13.700000 0.745265 5.337619 0.679945 0.674320
13.799999 0.747041 5.361108 0.683255 0.677508
13.900000 0.750431 5.383845 0.686227 0.680474
14.000000 0.752707 5.406127 0.689357 0.682562
14.099999 0.755996 5.430005 0.691536 0.685309
14.200000 0.758254 5.457285 0.693604 0.688063
14.299999 0.761096 5.479889 0.696255 0.690707
14.400000 0.763249 5.504860 0.699144 0.694399
14.500000 0.765408 5.528151 0.701460 0.697868
14.599999 0.768151 5.553584 0.703665 0.701229
14.700000 0.769856 5.576870 0.705759 0.704250
14.799999 0.771914 5.599163 0.707626 0.706929
14.900000 0.774325 5.620577 0.710196 0.708333
15.000000 0.775926 5.645304 0.711955 0.709275
15.099999 0.777532 5.670439 0.714536 0.712786
15.200000 0.778907 5.694581 0.716655 0.714903
15.299999 0.781338 5.716090 0.719949 0.717376
15.400000 0.783448 5.740607 0.722814 0.719419
15.500000 0.785538 5.762803 0.725536 0.722489
15.599999 0.787868 5.782588 0.728382 0.726387
15.700000 0.789851 5.801715 0.731939 0.729003
15.799999 0.791838 5.823592 0.734211 0.732095
15.900000 0.794654 5.845638 0.736724 0.733781
16.000000 0.796181 5.866792 0.739361 0.736178
16.100000 0.798182 5.887172 0.741768 0.738935
16.199999 0.799126 5.906535 0.743826 0.741345
16.299999 0.801845 5.928309 0.746481 0.743641
16.400000 0.803506 5.948952 0.749497 0.746299
16.500000 0.806616 5.968935 0.752431 0.748518
16.600000 0.808405 5.988130 0.755342 0.751306
16.699999 0.810078 6.006656 0.757904 0.753387
16.799999 0.810923 6.026535 0.759400 0.756307
16.900000 0.812627 6.042764 0.761525 0.757951
17.000000 0.814669 6.061778 0.763148 0.759809
17.100000 0.816500 6.076528 0.765759 0.763013
17.199999 0.818432 6.094311 0.767511 0.765599
17.299999 0.820249 6.113571 0.769507 0.768071
17.400000 0.822190 6.130362 0.772825 0.769830
17.500000 0.823536 6.149832 0.775192 0.772793
17.600000 0.825486 6.166106 0.778285 0.775402
17.699999 0.827321 6.183983 0.780303 0.778018
17.799999 0.828317 6.202263 0.782687 0.779437
17.900000 0.829818 6.218874 0.784380 0.782452
18.000000 0.831423 6.237721 0.786412 0.783637
18.100000 0.833152 6.254198 0.787846 0.785309
18.199999 0.835491 6.270594 0.789767 0.787831
18.299999 0.837471 6.284244 0.792055 0.789754
18.400000 0.838850 6.297684 0.794107 0.791924
18.500000 0.840962 6.314799 0.795314 0.793129
18.600000 0.842348 6.329039 0.797010 0.793606
18.699999 0.843739 6.344165 0.798588 0.795668
18.799999 0.845273 6.357699 0.801048 0.797515
18.900000 0.846426 6.372896 0.802513 0.798975
19.000000 0.848192 6.387519 0.805081 0.800928
19.100000 0.849963 6.401320 0.807288 0.804353
19.199999 0.851861 6.415156 0.809990 0.806440
19.299999 0.853763 6.431233 0.812699 0.807428
19.400000 0.854811 6.445631 0.814310 0.809033
19.500000 0.855616 6.460679 0.816294 0.811379
19.600000 0.856791 6.474779 0.818406 0.812992
19.699999 0.857724 6.490761 0.820153 0.814240
19.799999 0.859151 6.505550 0.822274 0.815491
19.900000 0.860459 6.517289 0.823907 0.816745
20.000000 0.861771 6.530292 0.825297 0.818867
20.100000 0.862714 6.543327 0.827309 0.820624
20.199999 0.864279 6.556396 0.828706 0.821889
20.299999 0.865848 6.570737 0.829983 0.823405
20.400000 0.867669 6.584618 0.831759 0.825050
20.500000 0.868873 6.598781 0.833292 0.826823
20.600000 0.869955 6.610737 0.834828 0.827603
20.699999 0.871539 6.623846 0.836243 0.829384
20.799999 0.872253 6.636613 0.837288 0.831294
20.900000 0.874094 6.649162 0.839335 0.832458
21.000000 0.875188 6.661993 0.841262 0.834251
21.100000 0.876159 6.675858 0.842567 0.836927
21.199999 0.877259 6.689258 0.844503 0.839106
21.299999 0.877607 6.703820 0.845439 0.840538
21.400000 0.878208 6.714393 0.847006 0.841721
21.500000 0.879441 6.724741 0.848450 0.843159
21.600000 0.880676 6.736000 0.849647 0.844728
21.699999 0.882294 6.747032 0.851604 0.846300
21.799999 0.883536 6.757840 0.853060 0.848002
21.900000 0.884908 6.769562 0.854647 0.849709
22.000000 0.886537 6.782074 0.856237 0.850913
22.100000 0.887789 6.792079 0.857324 0.852120
22.199999 0.888917 6.802618 0.858795 0.852694
22.299999 0.889921 6.813820 0.859634 0.854161
22.400000 0.890800 6.824413 0.860729 0.855377
22.500000 0.891554 6.836948 0.862337 0.856341
22.600000 0.892693 6.850665 0.863056 0.857307
22.699999 0.893067 6.863776 0.863776 0.859427
22.799999 0.894211 6.874231 0.865138 0.860015
22.900000 0.895486 6.885868 0.866248 0.861246
23.000000 0.896264 6.896007 0.867120 0.862627
23.100000 0.897802 6.907315 0.867335 0.863607
23.199999 0.898700 6.917235 0.869610 0.864461
23.299999 0.899600 6.925119 0.870602 0.866349
23.400000 0.900503 6.936637 0.871338 0.867596
23.500000 0.901021 6.945600 0.872464 0.868588
23.600000 0.901928 6.952387 0.873205 0.869711
23.699999 0.902708 6.961394 0.874725 0.870450
23.799999 0.904008 6.971722 0.875730 0.871449
23.900000 0.905442 6.979218 0.876607 0.872711
24.000000 0.905579 6.988945 0.876967 0.873326
24.100000 0.906628 6.998177 0.877979 0.874333
24.199999 0.907159 7.006781 0.878993 0.874951
24.299999 0.908213 7.017496 0.880010 0.876094
24.400000 0.908616 7.024970 0.881292 0.877370
24.500000 0.909412 7.033120 0.882707 0.878256
24.600000 0.909687 7.041552 0.883995 0.879145
24.699999 0.910224 7.050401 0.884762 0.879906
24.799999 0.911301 7.058607 0.886859 0.880683
24.900000 0.911974 7.068026 0.887895 0.881184
25.000000 0.912516 7.078393 0.888538 0.882345
25.100000 0.913193 7.087467 0.889050 0.883641
25.199999 0.914531 7.094848 0.890357 0.884808
25.299999 0.915476 7.103439 0.891667 0.885450
25.400000 0.916291 7.110198 0.892715 0.886358
25.500000 0.917374 7.117639 0.892706 0.887401
25.599998 0.917663 7.126295 0.893758 0.888181
25.699999 0.918750 7.133511 0.895213 0.889096
25.799999 0.919174 7.142743 0.896405 0.889214
25.900000 0.918933 7.152000 0.897733 0.890000
26.000000 0.919493 7.159412 0.898264 0.890921
26.099998 0.919920 7.166711 0.899599 0.892246
26.199999 0.920884 7.175234 0.900402 0.893842
26.299999 0.921180 7.183110 0.900938 0.895710
26.400000 0.922013 7.190201 0.901879 0.896913
26.500000 0.922177 7.195430 0.902554 0.897849
26.599998 0.922746 7.202018 0.903230 0.898250
26.699999 0.923181 7.208760 0.904717 0.899730
26.799999 0.924022 7.214709 0.904993 0.901080
26.900000 0.924324 7.220811 0.905270 0.901892
27.000000 0.925034 7.227334 0.906360 0.902300
27.099998 0.925203 7.234282 0.907724 0.902710
27.199999 0.926052 7.240570 0.908141 0.903528
27.299999 0.926630 7.247283 0.908696 0.904484
27.400000 0.927347 7.255783 0.909660 0.905306
27.500000 0.927657 7.262807 0.910763 0.905858
27.599998 0.928649 7.268349 0.911733 0.906412
27.699999 0.929508 7.275819 0.912842 0.907924
27.799999 0.929959 7.282353 0.913680 0.908755
27.900000 0.930959 7.287124 0.913836 0.909452
28.000000 0.931824 7.293416 0.913992 0.910014
28.099998 0.932418 7.298764 0.914698 0.910714
28.199999 0.933022 7.304359 0.915280 0.911429
28.299999 0.933480 7.310426 0.915576 0.912271
28.400000 0.934216 7.315542 0.916701 0.912978
28.500000 0.935092 7.320812 0.917277 0.913134
28.599998 0.935417 7.327341 0.917715 0.913567
28.699999 0.936158 7.332918 0.918432 0.914001
28.799999 0.936347 7.338927 0.919013 0.914575
28.900000 0.936675 7.344675 0.919733 0.915012
29.000000 0.937561 7.351133 0.920873 0.915589
29.099998 0.938179 7.356168 0.921053 0.916736
29.199999 0.938093 7.362660 0.921361 0.917736
29.299999 0.938844 7.367774 0.921810 0.918738
29.400000 0.939457 7.373462 0.922260 0.919044
29.500000 0.939653 7.380286 0.922711 0.919630
29.599998 0.939849 7.386007 0.923163 0.920920
29.699999 0.940185 7.392165 0.924038 0.921511
29.799999 0.940804 7.398622 0.924775 0.922525
29.900000 0.941425 7.404253 0.924810 0.923683
30.000000 0.941906 7.409052 0.925409 0.924563
30.099998 0.942248 7.414713 0.925727 0.925021
30.199999 0.942166 7.421239 0.926471 0.925622
30.299999 0.942651 7.426225 0.926933 0.926083
30.400000 0.943420 7.431367 0.926971 0.925837
30.500000 0.943340 7.436381 0.927577 0.927293
30.599998 0.944255 7.442122 0.928043 0.928043
30.699999 0.944460 7.445600 0.928368 0.928795
30.799999 0.945379 7.450656 0.928836 0.929692
30.900000 0.945587 7.455298 0.928735 0.930020
31.000000 0.945795 7.460097 0.929491 0.931064
31.099998 0.946720 7.465482 0.930106 0.931252
31.199999 0.946787 7.469593 0.931010 0.931583
31.299999 0.947285 7.473283 0.931916 0.932203
31.400000 0.948216 7.476698 0.933113 0.932250
31.500000 0.948430 7.480266 0.934601 0.933737
31.599998 0.948788 7.483554 0.934795 0.933785
31.699999 0.949148 7.487143 0.935857 0.933834
31.799999 0.949508 7.492476 0.936343 0.934606
31.900000 0.950159 7.496378 0.936830 0.935091
32.000000 0.950667 7.501161 0.937464 0.935577
32.099998 0.950741 7.505958 0.938099 0.936065
32.200001 0.951251 7.510623 0.938446 0.937282
32.299999 0.951472 7.514428 0.938648 0.938502
32.399998 0.951985 7.517806 0.938996 0.938558
32.500000 0.952938 7.521047 0.939345 0.938907
32.599998 0.953162 7.525321 0.940135 0.938671
32.700001 0.953240 7.529171 0.940340 0.939461
32.799999 0.953464 7.533323 0.940693 0.939812
32.899998 0.953837 7.536166 0.940312 0.940459
33.000000 0.953916 7.540930 0.940960 0.941254
33.099998 0.953848 7.545267 0.941610 0.942200
33.200001 0.954223 7.549321 0.941819 0.942558
33.299999 0.954747 7.554421 0.942325 0.943064
33.399998 0.954680 7.558650 0.942239 0.943128
33.500000 0.954761 7.562740 0.942599 0.943785
33.599998 0.955437 7.564914 0.942662 0.944147
33.700001 0.955817 7.567540 0.943767 0.944659
33.799999 0.956198 7.570620 0.944130 0.945024
33.899998 0.956729 7.574903 0.944494 0.945986
34.000000 0.957561 7.579498 0.944112 0.946653
34.099998 0.958096 7.581861 0.944029 0.946573
34.200001 0.957884 7.585731 0.943945 0.947092
34.299999 0.958121 7.588862 0.944611 0.947613
34.399998 0.958058 7.592904 0.944528 0.947835
34.500000 0.958145 7.596206 0.945197 0.948058
34.599998 0.958685 7.599969 0.946170 0.947980
34.700001 0.959680 7.601933 0.946240 0.948203
34.799999 0.959770 7.603146 0.946915 0.948427
34.899998 0.959709 7.606179 0.947289 0.948955
35.000000 0.959496 7.607858 0.947967 0.949333
35.099998 0.960043 7.611364 0.948800 0.949711
35.200001 0.960590 7.614425 0.949178 0.950548
35.299999 0.960835 7.615361 0.949863 0.950625
35.399998 0.960934 7.618190 0.950099 0.950862
35.500000 0.961027 7.620511 0.950634 0.950787
35.599998 0.961274 7.623143 0.950865 0.951324
35.700001 0.961827 7.625786 0.950943 0.951556
35.799999 0.962076 7.629818 0.951482 0.951635
35.899998 0.962171 7.631862 0.951868 0.951715
36.000000 0.962421 7.633759 0.952410 0.951948
36.099998 0.962517 7.637051 0.952954 0.952645
36.200001 0.962768 7.640970 0.953036 0.953190
36.299999 0.963639 7.642735 0.954046 0.953427
36.399998 0.963893 7.645746 0.954750 0.953975
36.500000 0.964147 7.647680 0.955300 0.953903
36.599998 0.964713 7.649930 0.955231 0.954143
36.700001 0.965281 7.652187 0.955628 0.954694
36.799999 0.965695 7.655544 0.955715 0.955091
36.899998 0.965953 7.659066 0.955958 0.955333
37.000000 0.965900 7.662912 0.956358 0.955576
37.099998 0.966473 7.666458 0.956760 0.956447
37.200001 0.966264 7.670485 0.957006 0.956535
37.299999 0.966368 7.672168 0.957567 0.956624
37.399998 0.966630 7.674642 0.957815 0.956871
37.500000 0.966735 7.678228 0.957906 0.957433
37.599998 0.966840 7.680720 0.958471 0.957682
37.700001 0.967421 7.684011 0.958722 0.958248
37.799999 0.968003 7.685886 0.958815 0.958815
37.899998 0.968110 7.686974 0.959384 0.959702
38.000000 0.969013 7.688702 0.959638 0.960114
38.099998 0.969123 7.690116 0.959892 0.960210
38.200001 0.969552 7.693289 0.960465 0.960147
38.299999 0.969982 7.695673 0.960722 0.960243
38.399998 0.969774 7.699824 0.960819 0.960339
38.500000 0.970046 7.701746 0.961237 0.960916
38.599998 0.970801 7.704316 0.962137 0.961174
38.700001 0.971075 7.707697 0.961915 0.960951
38.799999 0.970868 7.709802 0.962820 0.960888
38.899998 0.970982 7.710624 0.962921 0.960987
39.000000 0.971096 7.711609 0.963507 0.960924
39.099998 0.971050 7.713570 0.963772 0.961184
39.200001 0.971651 7.716021 0.963713 0.962255
39.299999 0.971605 7.719131 0.963979 0.962194
39.399998 0.972209 7.721274 0.963920 0.962457
39.500000 0.972489 7.722611 0.964350 0.961908
39.599998 0.972607 7.725094 0.964944 0.961683
39.700001 0.972726 7.727748 0.964723 0.961947
39.799999 0.973008 7.729756 0.964993 0.962702
39.899998 0.973292 7.731607 0.965099 0.963133
40.000000 0.973576 7.733629 0.965206 0.963565
40.099998 0.974519 7.736150 0.965806 0.963669
40.200001 0.974477 7.737691 0.966903 0.963609
40.299999 0.974600 7.736764 0.967013 0.964044
40.399998 0.974723 7.736825 0.967454 0.964150
40.500000 0.974681 7.738872 0.967897 0.964422
40.599998 0.974971 7.741422 0.968341 0.965191
40.700001 0.975428 7.742986 0.968786 0.964968
40.799999 0.975387 7.744720 0.968901 0.964909
40.899998 0.975512 7.745961 0.969015 0.965017
41.000000 0.975638 7.746538 0.968964 0.964959
41.099998 0.975765 7.749123 0.969079 0.965068
41.200001 0.976059 7.752219 0.969362 0.965177
41.299999 0.976186 7.754653 0.969478 0.965118
41.399998 0.976314 7.755417 0.969763 0.965564
41.500000 0.976611 7.757025 0.969712 0.966010
41.599998 0.976744 7.758848 0.969498 0.966127
41.700001 0.976705 7.760466 0.969615 0.966070
41.799999 0.976666 7.761921 0.970578 0.966013
41.899998 0.976795 7.763889 0.971037 0.966125
42.000000 0.977095 7.764506 0.970987 0.966746
42.099998 0.977396 7.765296 0.970938 0.966519
42.200001 0.977358 7.766428 0.971740 0.966633
42.299999 0.977319 7.769611 0.972203 0.967599
42.399998 0.977451 7.771609 0.972156 0.967885
42.500000 0.977926 7.774298 0.972279 0.968001
42.599998 0.978060 7.775111 0.972060 0.968804
42.700001 0.978365 7.776786 0.972699 0.968922
42.799999 0.978500 7.778638 0.973340 0.969384
42.899998 0.978635 7.781358 0.973294 0.969676
43.000000 0.978944 7.782879 0.973248 0.969451
43.099998 0.978734 7.785443 0.973202 0.969744
43.200001 0.978871 7.786110 0.972982 0.969519
43.299999 0.979008 7.787127 0.972935 0.969639
43.399998 0.979145 7.789016 0.973062 0.969760
43.500000 0.979457 7.788823 0.973364 0.969882
43.599998 0.979421 7.790547 0.973143 0.970178
43.700001 0.979560 7.791230 0.973620 0.970475
43.799999 0.979524 7.792439 0.973749 0.970599
43.899998 0.979313 7.793829 0.974053 0.970722
44.000000 0.979276 7.794696 0.974183 0.970847
44.099998 0.979592 7.796622 0.973962 0.970619
44.200001 0.979556 7.798378 0.973740 0.970744
44.299999 0.980049 7.798906 0.973870 0.970692
44.399998 0.980191 7.798550 0.974001 0.971171
44.500000 0.980333 7.800496 0.973777 0.972006
44.599998 0.980298 7.801561 0.973908 0.972133
44.700001 0.979730 7.801920 0.974040 0.972440
44.799999 0.979872 7.803171 0.974172 0.972569
44.899998 0.979836 7.804782 0.974304 0.972163
45.000000 0.979979 7.806757 0.974258 0.972292
45.099998 0.979943 7.807486 0.974212 0.972242
45.200001 0.980265 7.808934 0.974345 0.972372
45.299999 0.980410 7.809850 0.973940 0.972502
45.399998 0.980375 7.812027 0.974433 0.972632
45.500000 0.980880 7.813312 0.974387 0.972583
45.599998 0.980665 7.814240 0.974521 0.972172
45.700001 0.980630 7.815713 0.975018 0.972122
45.799999 0.980595 7.816648 0.974973 0.972434
45.899998 0.980196 7.817587 0.975291 0.972747
46.000000 0.979978 7.819803 0.975246 0.972515
46.099998 0.979759 7.819839 0.974836 0.972465
46.200001 0.980636 7.821155 0.974790 0.972780
46.299999 0.980783 7.822474 0.974927 0.972731
46.399998 0.980565 7.824166 0.975248 0.973231
46.500000 0.980896 7.825312 0.975202 0.973181
46.599998 0.981045 7.826463 0.974972 0.972948
46.700001 0.980642 7.826880 0.975479 0.973083
46.799999 0.980606 7.826561 0.975434 0.973772
46.899998 0.980385 7.828646 0.975389 0.973908
47.000000 0.980163 7.829626 0.975528 0.973674
47.099998 0.980684 7.830423 0.975669 0.973440
47.200001 0.980834 7.830853 0.975809 0.973576
47.299999 0.980798 7.831656 0.975951 0.973900
47.399998 0.981322 7.833023 0.976466 0.973851
47.500000 0.981475 7.834020 0.976609 0.973802
47.599998 0.981440 7.835021 0.976565 0.973753
47.700001 0.981217 7.835086 0.976709 0.973892
47.799999 0.981182 7.835718 0.976854 0.973655
47.899998 0.980769 7.838235 0.976810 0.974359
48.000000 0.980922 7.840008 0.976955 0.974499
48.099998 0.981264 7.841029 0.977101 0.974451
48.200001 0.981229 7.843003 0.977247 0.974592
48.299999 0.981573 7.842325 0.977774 0.974544
48.399998 0.981919 7.842406 0.978112 0.974686
48.500000 0.982075 7.843822 0.978452 0.975019
48.599998 0.981849 7.843905 0.978601 0.975353
48.700001 0.982006 7.844372 0.978943 0.975689
48.799999 0.982355 7.846183 0.978903 0.976026
48.899998 0.982129 7.847233 0.978862 0.976556
49.000000 0.982095 7.847902 0.979014 0.977089
49.099998 0.982253 7.848766 0.978974 0.977238
49.200001 0.982412 7.849633 0.979320 0.977194
49.299999 0.982184 7.851665 0.979667 0.977537
49.399998 0.981956 7.852736 0.980016 0.977687
49.500000 0.981921 7.852449 0.979977 0.977838
49.599998 0.981885 7.853721 0.980132 0.977795
49.700001 0.981850 7.854606 0.980289 0.977752
49.799999 0.981815 7.855103 0.980641 0.977513
49.899998 0.981975 7.856584 0.980212 0.977665
50.000000 0.982332 7.856497 0.980369 0.977817
50.099998 0.982297 7.857200 0.980134 0.977773
50.200001 0.982657 7.857114 0.980095 0.977335
50.299999 0.982622 7.857820 0.980055 0.978081
50.399998 0.982588 7.858528 0.980214 0.978037
50.500000 0.982554 7.859437 0.980571 0.978588
50.599998 0.982718 7.859952 0.980731 0.978347
50.700001 0.982882 7.861863 0.981290 0.977906
50.799999 0.982649 7.862984 0.981252 0.978261
50.899998 0.982614 7.863709 0.981015 0.978417
51.000000 0.983380 7.864438 0.981177 0.978775
51.099998 0.983748 7.864165 0.981541 0.978933
51.199997 0.983916 7.864897 0.981303 0.978689
51.299999 0.983683 7.866639 0.981869 0.979251
51.399998 0.983851 7.867784 0.981833 0.978805
51.500000 0.984021 7.868527 0.981796 0.978762
51.599998 0.984191 7.869072 0.982367 0.978719
51.699997 0.984565 7.869009 0.982738 0.979082
51.799999 0.984737 7.869760 0.983109 0.979243
51.899998 0.984910 7.870106 0.983279 0.979201
52.000000 0.985288 7.870453 0.983449 0.979567
52.099998 0.985463 7.869779 0.983620 0.980139
52.199997 0.985638 7.871153 0.983792 0.980509
52.299999 0.985609 7.871300 0.983964 0.980880
52.399998 0.986197 7.871858 0.983931 0.980841
52.500000 0.986375 7.872626 0.983691 0.980801
52.599998 0.986140 7.873603 0.983657 0.980968
52.699997 0.986111 7.872927 0.983831 0.980514
52.799999 0.986082 7.873287 0.983590 0.980474
52.899998 0.986261 7.874271 0.983764 0.980433
53.000000 0.986024 7.874426 0.983730 0.980392
53.099998 0.986204 7.874582 0.983487 0.980142
53.199997 0.986385 7.875157 0.983243 0.980519
53.299999 0.986566 7.876784 0.983417 0.980479
53.399998 0.986538 7.876104 0.983803 0.981069
53.500000 0.986509 7.875843 0.983980 0.981239
53.599998 0.986481 7.875158 0.983946 0.981834
53.699997 0.986452 7.875106 0.984335 0.981795
53.799999 0.986211 7.875265 0.984090 0.981756
53.899998 0.986182 7.875425 0.984056 0.981718
54.000000 0.985940 7.876225 0.984235 0.982105
54.099998 0.985483 7.876601 0.984202 0.982280
54.199997 0.985451 7.876765 0.983740 0.982456
54.299999 0.985635 7.877143 0.983491 0.982419
54.399998 0.985819 7.877309 0.983455 0.982381
54.500000 0.986434 7.876831 0.983204 0.982343
54.599998 0.985973 7.876996 0.983168 0.982305
54.699997 0.985943 7.878244 0.983131 0.982266
54.799999 0.985696 7.878847 0.983312 0.982228
54.899998 0.985882 7.879887 0.983493 0.982624
55.000000 0.985851 7.881367 0.983674 0.982151
55.099998 0.985820 7.883290 0.983857 0.981894
55.199997 0.985789 7.882816 0.984259 0.982291
55.299999 0.985758 7.884970 0.984224 0.982033
55.399998 0.985727 7.886034 0.984409 0.981994
55.500000 0.985695 7.886224 0.984595 0.982394
55.599998 0.985664 7.886413 0.984561 0.982797
55.699997 0.985632 7.886605 0.984748 0.982759
55.799999 0.985822 7.887461 0.984714 0.982942
55.899998 0.985790 7.890098 0.984680 0.982904
56.000000 0.985536 7.890744 0.984646 0.982866
56.099998 0.985727 7.891391 0.984612 0.982828
56.199997 0.985695 7.891820 0.984801 0.983236
56.299999 0.985887 7.892025 0.984991 0.983199
56.399998 0.985855 7.891109 0.984957 0.983386
56.500000 0.985824 7.892439 0.985599 0.983123
56.599998 0.986243 7.893099 0.985792 0.983085
56.699997 0.985986 7.893084 0.985759 0.982821
56.799999 0.985954 7.893746 0.985501 0.982556
56.899998 0.986149 7.893052 0.985468 0.982743
57.000000 0.986117 7.893947 0.985435 0.982931
57.099998 0.986086 7.894161 0.985630 0.982892
57.199997 0.986054 7.892776 0.985597 0.982853
57.299999 0.986022 7.893447 0.985564 0.983043
57.399998 0.985990 7.893431 0.985301 0.983234
57.500000 0.986188 7.893186 0.985497 0.983195
57.599998 0.985925 7.894094 0.985695 0.983618
57.699997 0.985661 7.895699 0.986355 0.984274
57.799999 0.985396 7.895456 0.986324 0.984237
57.899998 0.985362 7.894981 0.986292 0.984665
58.000000 0.985794 7.894271 0.986493 0.985096
58.099998 0.985761 7.894958 0.986461 0.985061
58.199997 0.985962 7.894946 0.986664 0.985026
58.299999 0.986163 7.893527 0.986632 0.985225
58.399998 0.986836 7.894923 0.986601 0.985190
58.500000 0.987041 7.895382 0.986334 0.984920
58.599998 0.987010 7.895134 0.986301 0.984884
58.699997 0.987689 7.896780 0.986269 0.984848
58.799999 0.987423 7.897722 0.986474 0.984813
58.899998 0.987869 7.897003 0.986441 0.985252
59.000000 0.987840 7.897711 0.986409 0.984979
59.099998 0.987811 7.898183 0.986377 0.985182
59.199997 0.987302 7.899137 0.986104 0.985146
59.299999 0.987032 7.899856 0.986071 0.984870
59.399998 0.987000 7.900336 0.986519 0.985075
59.500000 0.986969 7.899855 0.986486 0.986245
59.599998 0.986938 7.899612 0.986696 0.986696
59.699997 0.987148 7.899612 0.987633 0.986906
59.799999 0.987360 7.899367 0.987846 0.986874
59.899998 0.987573 7.899366 0.987817 0.987329
60.000000 0.988031 7.899121 0.987787 0.986810
60.099998 0.988002 7.899364 0.988002 0.986778
60.199997 0.987972 7.901326 0.987972 0.986991
60.299999 0.988435 7.901574 0.987943 0.987205
60.399998 0.988407 7.901332 0.987420 0.986926
60.500000 0.988131 7.901830 0.987389 0.987141
60.599998 0.988101 7.901586 0.987357 0.987110
60.699997 0.988569 7.901591 0.987326 0.987326
60.799999 0.988540 7.900100 0.987045 0.987544
60.899998 0.988761 7.900849 0.987013 0.987263
61.000000 0.988483 7.900600 0.986980 0.986980
61.099998 0.988705 7.900603 0.987199 0.986948
61.199997 0.988676 7.899346 0.987167 0.987167
61.299999 0.988900 7.898840 0.987639 0.987891
61.399998 0.989125 7.899090 0.987607 0.988113
61.500000 0.988844 7.899848 0.987576 0.987830
61.599998 0.989070 7.901118 0.987544 0.988053
61.699997 0.989042 7.901121 0.987513 0.987768
61.799999 0.989014 7.901381 0.987481 0.987736
61.899998 0.989242 7.901896 0.987449 0.987705
62.000000 0.989214 7.902927 0.987930 0.987417
62.099998 0.989959 7.901133 0.987384 0.987384
62.199997 0.989933 7.901136 0.987093 0.987093
62.299999 0.990424 7.902950 0.987060 0.987060
62.399998 0.990400 7.902958 0.987026 0.987545
62.500000 0.990635 7.903226 0.987513 0.987773
62.599998 0.990871 7.903495 0.987741 0.987741
62.699997 0.990586 7.903504 0.987448 0.987709
62.799999 0.990299 7.903251 0.987939 0.987415
62.899998 0.990536 7.903786 0.987645 0.987907
63.000000 0.990511 7.904059 0.987348 0.987876
63.099998 0.990486 7.904334 0.987051 0.987579
63.199997 0.990196 7.904611 0.987546 0.987546
63.299999 0.990967 7.904623 0.988045 0.987779
63.399998 0.990943 7.903570 0.987480 0.987480
63.500000 0.990919 7.904647 0.987447 0.987447
63.599998 0.990627 7.903857 0.987681 0.987681
63.699997 0.990870 7.904673 0.987648 0.987916
63.799999 0.990845 7.905493 0.987345 0.988153
63.899998 0.991091 7.905507 0.987581 0.988121
64.000000 0.991337 7.905523 0.987277 0.988089
64.099998 0.991585 7.905266 0.987514 0.987785
64.199997 0.991562 7.905281 0.987207 0.988024
64.299995 0.992085 7.904475 0.987445 0.987991
64.400002 0.992063 7.904215 0.987958 0.987958
64.500000 0.991767 7.904501 0.987925 0.988200
64.599998 0.991469 7.904513 0.987892 0.987892
64.699997 0.991998 7.904525 0.988411 0.987859
64.799995 0.992252 7.903985 0.988379 0.987825
64.900002 0.992231 7.904551 0.988069 0.987514
65.000000 0.992487 7.904841 0.988592 0.987757
65.099998 0.992467 7.905134 0.988281 0.988002
65.199997 0.992166 7.905149 0.988248 0.988248
65.299995 0.992144 7.905162 0.988216 0.988216
65.400002 0.991559 7.905177 0.988464 0.987901
65.500000 0.991817 7.904627 0.988431 0.987867
65.599998 0.991794 7.903792 0.988398 0.987550
65.699997 0.991771 7.905221 0.988082 0.987798
65.799995 0.991747 7.904952 0.988332 0.988048
65.900002 0.991724 7.904395 0.988870 0.988299
66.000000 0.991414 7.904408 0.988838 0.988266
66.099998 0.991676 7.904708 0.988806 0.988232
66.199997 0.991652 7.904721 0.988774 0.988198
66.299995 0.991628 7.905601 0.988741 0.988164
66.400002 0.991604 7.905327 0.988709 0.988419
66.500000 0.991580 7.906213 0.988386 0.988386
66.599998 0.991846 7.907105 0.988352 0.988643
66.699997 0.991822 7.907125 0.988318 0.988902
66.799995 0.991798 7.907440 0.988284 0.988869
66.900002 0.991481 7.908343 0.987662 0.988837
67.000000 0.991455 7.907778 0.987331 0.989393
67.099998 0.991430 7.907210 0.986998 0.989362
67.199997 0.991405 7.907825 0.986959 0.989627
67.299995 0.991082 7.907848 0.987218 0.990190
67.400002 0.991354 7.909362 0.987179 0.990161
67.500000 0.991328 7.910287 0.987141 0.990132
67.599998 0.991302 7.909418 0.986803 0.990702
67.699997 0.991276 7.909747 0.986763 0.990674
67.799995 0.990947 7.910984 0.986723 0.990646
67.900002 0.990920 7.910110 0.986683 0.990315
68.000000 0.990893 7.909228 0.986339 0.990285
68.099998 0.989951 7.908648 0.986602 0.990256
68.199997 0.989921 7.908369 0.986561 0.990226
68.299995 0.989890 7.907782 0.986826 0.990196
68.400002 0.989859 7.906269 0.986785 0.990166
68.500000 0.989827 7.907214 0.986745 0.990136
68.599998 0.990414 7.906926 0.987013 0.989796
68.699997 0.990074 7.907258 0.986973 0.989764
68.799995 0.990044 7.907592 0.986932 0.989732
68.900002 0.990012 7.908552 0.986579 0.990325
69.000000 0.989668 7.908892 0.986224 0.990607
69.099998 0.989950 7.909234 0.986181 0.990264
69.199997 0.989918 7.909578 0.985822 0.990233
69.299995 0.989886 7.909292 0.985777 0.989886
69.400002 0.989537 7.909956 0.985415 0.989854
69.500000 0.989504 7.910624 0.985687 0.990140
69.599998 0.989789 7.911296 0.985641 0.990108
69.699997 0.989757 7.910371 0.985915 0.990397
69.799995 0.989724 7.909441 0.985870 0.990366
69.900002 0.989691 7.909472 0.986469 0.990657
70.000000 0.989657 7.909825 0.986425 0.990304
70.099998 0.989624 7.910831 0.986706 0.990921
70.199997 0.989590 7.910865 0.986662 0.990891
70.299995 0.989556 7.911553 0.986292 0.990862
70.400002 0.990177 7.911592 0.986248 0.991159
70.500000 0.990145 7.910644 0.986202 0.991130
70.599998 0.990771 7.911008 0.986486 0.991430
70.699997 0.990410 7.912036 0.986442 0.992725
70.799995 0.990378 7.912741 0.986729 0.992701
70.900002 0.990013 7.912450 0.987017 0.992676
71.000000 0.989980 7.913494 0.986974 0.993320
71.099998 0.989946 7.913204 0.986930 0.993298
71.199997 0.990249 7.913584 0.987559 0.992939
71.299995 0.990216 7.913968 0.987854 0.992240
71.400002 0.990183 7.913338 0.987813 0.992214
71.500000 0.990149 7.912704 0.987772 0.992188
71.599998 0.990116 7.912747 0.987730 0.992161
71.699997 0.990082 7.912449 0.988030 0.992134
71.799995 0.990048 7.912492 0.987989 0.992107
71.900002 0.990014 7.910124 0.987948 0.991047
72.000000 0.990325 7.910504 0.987906 0.990670
72.099998 0.990291 7.910194 0.988211 0.990638
72.199997 0.989910 7.908838 0.988518 0.990258
72.299995 0.989874 7.908171 0.988478 0.990223
72.400002 0.990189 7.908549 0.988437 0.990189
72.500000 0.990155 7.908579 0.988397 0.990155
72.599998 0.990473 7.908963 0.988003 0.990120
72.699997 0.990439 7.908994 0.988314 0.990085
72.799995 0.990405 7.909737 0.988273 0.990405
72.900002 0.990371 7.909058 0.988231 0.990371
73.000000 0.990336 7.910165 0.988189 0.990336
73.099998 0.990661 7.908405 0.988147 0.990302
73.199997 0.990627 7.908075 0.988104 0.990267
73.299995 0.990955 7.908466 0.988061 0.990232
73.400002 0.990922 7.909586 0.987654 0.990196
73.500000 0.990889 7.911808 0.987245 0.990160
73.599998 0.990856 7.911851 0.987198 0.990124
73.699997 0.990822 7.911894 0.986784 0.990088
73.799995 0.990789 7.910833 0.987472 0.990052
73.900002 0.990754 7.910873 0.987426 0.990385
74.000000 0.990720 7.910542 0.987379 0.990349
74.099998 0.990313 7.909837 0.987705 0.990313
74.199997 0.990277 7.909498 0.988033 0.989155
74.299995 0.990240 7.909910 0.987613 0.989489
74.400002 0.990580 7.909570 0.987566 0.989450
74.500000 0.990545 7.908850 0.987897 0.989788
74.599998 0.990509 7.909264 0.987851 0.989370
74.699997 0.990473 7.908918 0.987805 0.989329
74.799995 0.990436 7.908187 0.987758 0.989288
74.900002 0.991551 7.908986 0.987711 0.989247
75.000000 0.991519 7.909792 0.987664 0.989206
75.099998 0.991099 7.909055 0.987616 0.989551
75.199997 0.991064 7.911034 0.987956 0.989510
75.299995 0.991420 7.912247 0.987909 0.989470
75.400002 0.991386 7.911903 0.987862 0.989037
75.500000 0.991352 7.911557 0.987814 0.988994
75.599998 0.991318 7.911997 0.987766 0.988556
75.699997 0.990887 7.912045 0.987718 0.988907
75.799995 0.990851 7.912093 0.987669 0.988862
75.900002 0.990815 7.911741 0.988019 0.988818
76.000000 0.990778 7.911788 0.987971 0.988773
76.099998 0.990741 7.909822 0.987923 0.988728
76.199997 0.990703 7.908650 0.988278 0.988682
76.299995 0.990666 7.906250 0.988231 0.988636
76.400002 0.990628 7.906275 0.987775 0.988998
76.500000 0.990998 7.905892 0.986907 0.988953
76.599998 0.990961 7.904683 0.987264 0.988907
76.699997 0.990924 7.903877 0.987211 0.989274
76.799995 0.990887 7.903894 0.987572 0.989230
76.900002 0.991265 7.902247 0.987521 0.988769
77.000000 0.991646 7.903091 0.987886 0.989139
77.099998 0.991611 7.902685 0.987836 0.989094
77.199997 0.991154 7.902275 0.987784 0.989048
77.299995 0.991117 7.900592 0.987733 0.989002
77.400002 0.991079 7.901020 0.987681 0.988530
77.500000 0.991041 7.902731 0.987628 0.988908
77.599998 0.991431 7.903171 0.987575 0.988860
77.699997 0.991394 7.904475 0.987952 0.988812
77.799995 0.991789 7.904062 0.988332 0.988764
77.900002 0.991753 7.904948 0.988281 0.988715
78.000000 0.991282 7.904969 0.988666 0.988666
78.099998 0.990806 7.905429 0.988616 0.989492
78.199997 0.990765 7.906332 0.989006 0.989446
78.299995 0.991166 7.906802 0.988958 0.989399
78.400002 0.991127 7.906389 0.988465 0.989352
78.500000 0.990642 7.905526 0.988859 0.989305
78.599998 0.990600 7.905103 0.988809 0.988809
78.699997 0.990558 7.903777 0.988759 0.988759
78.799995 0.990063 7.904697 0.988708 0.989160
78.900002 0.990018 7.904265 0.989111 0.989111
79.000000 0.989517 7.905652 0.989517 0.989061
79.099998 0.989469 7.905677 0.989927 0.989011
79.199997 0.988960 7.905704 0.989880 0.988960
79.299995 0.988909 7.906654 0.990296 0.987985
79.400002 0.988394 7.907613 0.990251 0.988394
79.500000 0.989272 7.908582 0.988806 0.988806
79.599998 0.989222 7.910028 0.988753 0.988753
79.699997 0.989171 7.911488 0.988701 0.989171
79.799995 0.989120 7.910596 0.988174 0.989120
79.900002 0.989068 7.911597 0.988118 0.989068
80.000000 0.988539 7.911174 0.988061 0.988539
80.099998 0.988484 7.911708 0.988484 0.988484
80.199997 0.988910 7.911765 0.988428 0.987946
80.299995 0.988857 7.912306 0.988372 0.987888
80.400002 0.988802 7.912366 0.989289 0.987829
80.500000 0.988748 7.913895 0.989237 0.987769
80.599998 0.989184 7.912488 0.989676 0.987709
80.699997 0.989130 7.914032 0.989625 0.988636
80.799995 0.989076 7.913108 0.989573 0.988580
80.900002 0.989022 7.913672 0.989521 0.988523
81.000000 0.988967 7.914243 0.989468 0.988465
81.099998 0.988911 7.915827 0.989415 0.988911
81.199997 0.988855 7.915907 0.989868 0.988855
81.299995 0.988798 7.916497 0.990326 0.988798
81.400002 0.989253 7.918117 0.991300 0.988741
81.500000 0.989198 7.919239 0.991255 0.989198
81.599998 0.988625 7.919338 0.991210 0.989142
81.699997 0.988566 7.917880 0.991164 0.989085
81.799995 0.988506 7.916928 0.991118 0.989028
81.900002 0.988445 7.918067 0.991071 0.988971
82.000000 0.988384 7.918691 0.991024 0.988384
82.099998 0.988854 7.918260 0.990977 0.988854
82.199997 0.988794 7.920491 0.990928 0.988794
82.299995 0.988734 7.917919 0.990880 0.988734
82.400002 0.989213 7.916936 0.990831 0.989213
82.500000 0.989154 7.917028 0.990781 0.989154
82.599998 0.989640 7.919302 0.990731 0.989640
82.699997 0.990132 7.917763 0.990680 0.989035
82.799995 0.990077 7.917861 0.990628 0.988975
82.900002 0.990577 7.918514 0.990577 0.988359
83.000000 0.990524 7.917502 0.990524 0.988294
83.099998 0.990471 7.917040 0.989910 0.988229
83.199997 0.990981 7.916573 0.989853 0.988162
83.299995 0.990363 7.916666 0.989796 0.988095
83.400002 0.990308 7.915051 0.989738 0.988027
83.500000 0.990252 7.915138 0.989679 0.987959
83.599998 0.990196 7.916378 0.989619 0.987889
83.699997 0.990139 7.917054 0.989559 0.987819
83.799995 0.989498 7.919487 0.989498 0.987748
83.900002 0.988850 7.919014 0.989437 0.988850
84.000000 0.988784 7.918536 0.989965 0.988784
84.099998 0.988717 7.918646 0.989311 0.988717
84.199997 0.988650 7.917562 0.989247 0.988053
84.299995 0.988582 7.919471 0.988582 0.987981
84.400002 0.988513 7.919589 0.990326 0.987908
84.500000 0.988443 7.918491 0.990268 0.987835
84.599998 0.989596 7.917380 0.990208 0.987760
84.699997 0.989532 7.917488 0.989532 0.987685
84.799995 0.989467 7.915118 0.990087 0.987608
84.900002 0.989402 7.913965 0.990648 0.986908
85.000000 0.988708 7.914680 0.990590 0.986198
85.099998 0.989268 7.914773 0.991162 0.986111
85.199997 0.989200 7.914866 0.991105 0.986023
85.299995 0.989130 7.913683 0.991049 0.985933
85.400002 0.989704 7.913771 0.990991 0.985843
85.500000 0.990285 7.913212 0.990933 0.985751
85.599998 0.990222 7.913950 0.990874 0.985658
85.699997 0.990814 7.912730 0.990814 0.985564
85.799995 0.990092 7.913474 0.990753 0.985469
85.900002 0.990691 7.912899 0.990691 0.985372
86.000000 0.990629 7.913655 0.990629 0.984605
86.099998 0.990566 7.914420 0.990566 0.985175
86.199997 0.990502 7.913161 0.990502 0.985075
86.299995 0.989754 7.915300 0.990437 0.984973
86.400002 0.990371 7.915406 0.990371 0.984869
86.500000 0.990305 7.914127 0.990997 0.984765
86.599998 0.990237 7.914226 0.991632 0.984658
86.699997 0.990169 7.914326 0.990871 0.985955
86.799995 0.990099 7.915135 0.990806 0.986563
86.900002 0.990029 7.915242 0.991453 0.986467
87.000000 0.989957 7.913199 0.991392 0.986370
87.099998 0.989884 7.914740 0.991329 0.986272
87.199997 0.990539 7.914847 0.991266 0.986900
87.299995 0.991202 7.914224 0.991935 0.986804
87.400002 0.991137 7.915066 0.991137 0.986706
87.500000 0.991071 7.914435 0.991815 0.986607
87.599998 0.990255 7.914543 0.991754 0.987256
87.699997 0.990937 7.913898 0.992447 0.987160
87.799995 0.991629 7.916286 0.993151 0.986301
87.900002 0.992331 7.916411 0.992331 0.986196
88.000000 0.992272 7.915765 0.991499 0.986862
88.099998 0.992212 7.915888 0.991433 0.987539
88.199997 0.992151 7.916012 0.991366 0.987441
88.299995 0.992089 7.916930 0.991297 0.988133
88.400002 0.992025 7.919458 0.991228 0.988038
88.500000 0.991158 7.919614 0.991961 0.987138
88.599998 0.991086 7.918962 0.991896 0.987844
88.699997 0.991830 7.917484 0.991830 0.987745
88.799995 0.991763 7.916804 0.991763 0.987644
88.900002 0.992525 7.915283 0.991694 0.986711
89.000000 0.992462 7.917085 0.991625 0.987437
89.099998 0.992399 7.916385 0.992399 0.987331
89.199997 0.993186 7.913969 0.992334 0.987223
89.299995 0.993127 7.914089 0.992268 0.987113
89.400002 0.993068 7.914212 0.992201 0.988735
89.500000 0.993007 7.914335 0.992133 0.991259
89.599998 0.993827 7.915343 0.992063 0.991182
89.699997 0.993772 7.916370 0.991993 0.991993
89.799995 0.993716 7.917414 0.991023 0.991921
89.900002 0.993659 7.918478 0.990942 0.991848
90.000000 0.993601 7.917733 0.989945 0.991773
90.099998 0.992620 7.917897 0.989852 0.991697
90.199997 0.992551 7.918063 0.991620 0.991620
90.299995 0.992481 7.917294 0.990601 0.991541
90.400002 0.992410 7.918406 0.990512 0.991461
90.500000 0.992337 7.916666 0.990421 0.991379
90.599998 0.993230 7.914894 0.991296 0.991296
90.699997 0.993164 7.915039 0.991211 0.990234
90.799995 0.993097 7.917160 0.992110 0.990138
90.900002 0.993028 7.916335 0.992032 0.990040
91.000000 0.992958 7.914487 0.991952 0.989940
91.099998 0.992886 7.914634 0.991870 0.989837
91.199997 0.992813 7.913757 0.991786 0.989733
91.299995 0.992739 7.914937 0.991701 0.989627
91.400002 0.992662 7.914046 0.991614 0.989518
91.500000 0.992585 7.913136 0.991525 0.989407
91.599998 0.991435 7.914347 0.991435 0.989293
91.699997 0.991342 7.912338 0.991342 0.989177
91.799995 0.991247 7.912473 0.990153 0.989059
91.900002 0.991150 7.911504 0.988938 0.988938
92.000000 0.991051 7.910515 0.988814 0.988814
92.099998 0.989819 7.911765 0.988688 0.989819
92.199997 0.989703 7.913044 0.988558 0.989703
92.299995 0.989583 7.912037 0.988426 0.989583
92.400002 0.989461 7.908665 0.988290 0.989461
92.500000 0.990521 7.909953 0.986967 0.989336
92.599998 0.990408 7.908873 0.985611 0.989209
92.699997 0.989078 7.910194 0.985437 0.989078
92.799995 0.991400 7.912776 0.986486 0.987715
92.900002 0.991294 7.912935 0.987562 0.987562
93.000000 0.991184 7.913098 0.987406 0.987406
93.099998 0.992347 7.915816 0.987245 0.988520
93.199997 0.992248 7.916021 0.985788 0.988372
93.299995 0.992147 7.916230 0.985602 0.988220
93.400002 0.992042 7.916445 0.985411 0.989390
93.500000 0.991935 7.918011 0.986559 0.990591
93.599998 0.991826 7.916894 0.987738 0.990463
93.699997 0.991713 7.915746 0.987569 0.990331
93.799995 0.991597 7.914566 0.987395 0.990196
93.900002 0.991477 7.911932 0.987216 0.990057
94.000000 0.989914 7.909222 0.987032 0.989914
94.099998 0.989766 7.910819 0.986842 0.989766
94.199997 0.989614 7.915431 0.986647 0.989614
94.299995 0.989458 7.917169 0.986446 0.989458
94.400002 0.989297 7.915902 0.986239 0.987768
94.500000 0.989130 7.913043 0.986025 0.989130
94.599998 0.988959 7.913249 0.985804 0.988959
94.699997 0.988782 7.915064 0.987179 0.990385
94.799995 0.988599 7.915309 0.986971 0.991857
94.900002 0.988411 7.920530 0.986755 0.991722
95.000000 0.988216 7.920876 0.986532 0.993266
95.099998 0.988014 7.924658 0.986301 0.994863
95.199997 0.987805 7.930314 0.986063 0.994774
95.299995 0.989362 7.930851 0.985816 0.994681
95.400002 0.989170 7.925993 0.985560 0.994585
95.500000 0.988971 7.926471 0.985294 0.994485
95.599998 0.988764 7.926966 0.986891 0.994382
95.699997 0.988550 7.923665 0.986641 0.994275
95.799995 0.990272 7.920234 0.986381 0.994163
95.900002 0.990079 7.922619 0.986111 0.994048
96.000000 0.989879 7.921052 0.985830 0.993927
96.099998 0.989669 7.921487 0.985537 0.993802
96.199997 0.989451 7.919831 0.987342 0.993671
96.299995 0.989224 7.920259 0.987069 0.993535
96.400002 0.991189 7.922907 0.986784 0.993392
96.500000 0.990991 7.921171 0.986486 0.993243
96.599998 0.993088 7.919355 0.986175 0.990783
96.699997 0.992925 7.917452 0.985849 0.990566
96.799995 0.992754 7.915459 0.985507 0.990338
96.900002 0.992574 7.915841 0.985148 0.990099
97.000000 0.992386 7.916244 0.984772 0.989848
97.099998 0.992188 7.921875 0.984375 0.992188
97.199997 0.991979 7.919786 0.983957 0.991979
97.299995 0.991758 7.917582 0.983516 0.991758
97.400002 0.991525 7.915254 0.985876 0.991525
97.500000 0.991279 7.921511 0.985465 0.991279
97.599998 0.991018 7.919161 0.988024 0.988024
97.699997 0.990741 7.916667 0.987654 0.987654
97.799995 0.990446 7.914013 0.987261 0.987261
97.900002 0.990132 7.914474 0.990132 0.986842
98.000000 0.989796 7.914966 0.989796 0.986395
98.099998 0.989437 7.911972 0.989437 0.985915
98.199997 0.989051 7.908759 0.989051 0.985401
98.299995 0.988636 7.905303 0.988636 0.984848
98.400002 0.988189 7.897637 0.988189 0.984252
98.500000 0.987705 7.897541 0.987705 0.983607
98.599998 0.987179 7.893162 0.987179 0.982906
98.699997 0.986607 7.897321 0.986607 0.982143
98.799995 0.985981 7.897197 0.985981 0.981308
98.900002 0.985294 7.901961 0.985294 0.980392
99.000000 0.984536 7.912371 0.984536 0.984536
99.099998 0.983696 7.918478 0.989130 0.983696
99.199997 0.988506 7.925287 0.988506 0.982759
99.299995 0.987805 7.926830 0.987805 0.981707
99.400002 0.987013 7.928571 0.993506 0.987013
99.500000 0.986111 7.923612 0.993056 0.986111
99.599998 0.985075 7.917911 0.992537 0.985075
99.699997 0.983871 7.927420 0.991935 0.983871
99.799995 0.982456 7.938597 0.991228 0.982456
99.900002 0.980769 7.932692 0.990385 0.980769
100.000000 0.978723 7.936171 0.989362 0.989362
100.099998 0.976190 7.928572 0.988095 0.988095
100.199997 0.972973 7.918919 0.986486 0.986486
100.299995 0.984375 7.937500 0.984375 0.984375
100.400002 1.000000 7.925926 1.000000 1.000000
100.500000 1.000000 7.931818 1.000000 1.000000
100.599998 1.000000 7.941176 1.000000 1.000000
100.699997 1.000000 8.000000 1.000000 1.000000
100.799995 1.000000 8.000000 1.000000 1.000000
100.900002 1.000000 8.000000 1.000000 1.000000
