0.000000 0.001001 0.007610 0.000901 0.001001
0.100000 0.010206 0.080248 0.009506 0.011707
0.200000 0.020602 0.145715 0.019702 0.024102
0.300000 0.028517 0.202822 0.028517 0.035621
0.400000 0.038150 0.257335 0.038450 0.044057
0.500000 0.047901 0.304740 0.049404 0.053212
0.600000 0.056564 0.353325 0.057968 0.063183
0.700000 0.065141 0.392552 0.066044 0.072067
0.800000 0.074945 0.431887 0.073940 0.078662
0.900000 0.084649 0.473208 0.083141 0.087665
1.000000 0.093159 0.503219 0.090946 0.093561
1.100000 0.103414 0.536905 0.097170 0.097976
1.200000 0.112276 0.563193 0.100988 0.103910
1.300000 0.120738 0.597841 0.106617 0.110046
1.400000 0.129632 0.632408 0.113276 0.116103
1.500000 0.139032 0.660402 0.120137 0.121855
1.600000 0.146152 0.694751 0.123900 0.128553
1.700000 0.156712 0.726159 0.129480 0.134136
1.800000 0.166059 0.756839 0.137487 0.140729
1.900000 0.172617 0.790872 0.139452 0.144625
2.000000 0.180305 0.830152 0.145076 0.152487
2.100000 0.189513 0.854486 0.148969 0.155370
2.200000 0.198129 0.886086 0.152055 0.159072
2.300000 0.205864 0.917736 0.160151 0.166361
2.400000 0.213900 0.951187 0.164680 0.170386
2.500000 0.221769 0.987045 0.168316 0.176681
2.600000 0.228939 1.023078 0.172266 0.179822
2.700000 0.235769 1.057946 0.178539 0.184670
2.800000 0.243274 1.091662 0.185575 0.187315
2.900000 0.248336 1.130159 0.191091 0.191910
3.000000 0.255766 1.177447 0.196207 0.197335
3.100000 0.262801 1.210672 0.201026 0.200616
3.200000 0.271289 1.253107 0.204725 0.202876
3.300000 0.278458 1.297172 0.210900 0.207198
3.400000 0.284479 1.337587 0.214800 0.210992
3.500000 0.291469 1.377807 0.220997 0.215949
3.600000 0.298824 1.418849 0.229016 0.218911
3.700000 0.306978 1.465731 0.234620 0.222853
3.800000 0.314321 1.508576 0.239926 0.228766
3.900000 0.320749 1.551613 0.245139 0.234795
4.000000 0.326051 1.593705 0.249534 0.240008
4.100000 0.332711 1.638993 0.254146 0.242952
4.200000 0.338452 1.691015 0.258041 0.248599
4.300000 0.344480 1.738602 0.263475 0.252155
4.400000 0.351003 1.782559 0.271593 0.255795
4.500000 0.356571 1.831859 0.275726 0.261887
4.600000 0.362983 1.886366 0.282366 0.268826
4.700000 0.368053 1.934418 0.287144 0.274111
4.800000 0.374556 1.979858 0.291067 0.279274
4.900000 0.380027 2.030816 0.296772 0.285282
5.000000 0.386071 2.075708 0.302729 0.291227
5.100000 0.391605 2.127604 0.306710 0.297289
5.200000 0.397842 2.180428 0.311400 0.303332
5.300000 0.403608 2.225718 0.314244 0.307531
5.400000 0.408461 2.274197 0.318287 0.313458
5.500000 0.413199 2.319777 0.323981 0.318621
5.600000 0.419419 2.370924 0.329371 0.324321
5.700000 0.424810 2.419124 0.335826 0.330034
5.800000 0.429851 2.464109 0.342047 0.336039
5.900000 0.436425 2.509233 0.346523 0.342936
6.000000 0.442062 2.559839 0.352699 0.348579
6.100000 0.448662 2.605160 0.356773 0.353389
6.200000 0.454007 2.656822 0.362549 0.359479
6.300000 0.459256 2.704143 0.368443 0.365900
6.400000 0.464786 2.748940 0.373356 0.371129
6.500000 0.468996 2.799745 0.379168 0.377256
6.600000 0.474596 2.850553 0.384991 0.384566
6.700000 0.479945 2.901798 0.389190 0.390254
6.800000 0.486207 2.948450 0.395463 0.395356
6.900000 0.490457 2.996375 0.399936 0.400363
7.000000 0.496211 3.042374 0.405166 0.405700
7.100000 0.501977 3.087296 0.411369 0.411796
7.200000 0.505882 3.133048 0.414866 0.417005
7.300000 0.511187 3.178354 0.419334 0.421475
7.400000 0.514788 3.224175 0.424239 0.426704
7.500000 0.518880 3.271187 0.429843 0.430702
7.600000 0.523196 3.313788 0.432882 0.435352
7.700000 0.528489 3.359385 0.438400 0.440658
7.800000 0.533900 3.404326 0.443500 0.445329
7.900000 0.537707 3.445486 0.449257 0.451196
8.000000 0.542004 3.487760 0.455732 0.456271
8.099999 0.547123 3.528770 0.461298 0.461514
8.200000 0.551389 3.570518 0.466227 0.466768
8.300000 0.556096 3.611598 0.470302 0.471708
8.400000 0.560490 3.652551 0.476227 0.474602
8.500000 0.564675 3.694243 0.481188 0.479128
8.599999 0.568979 3.735265 0.486269 0.483990
8.700000 0.573229 3.777597 0.491417 0.487940
8.800000 0.576898 3.817163 0.496846 0.492713
8.900000 0.580248 3.862152 0.501633 0.499129
9.000000 0.585677 3.900152 0.505886 0.503161
9.099999 0.589917 3.938782 0.510912 0.508402
9.200000 0.594276 3.978043 0.514748 0.512017
9.300000 0.598425 4.015092 0.518591 0.518591
9.400000 0.603350 4.053427 0.523976 0.522006
9.500000 0.607519 4.089435 0.528715 0.526304
9.599999 0.610160 4.128264 0.532587 0.533465
9.700000 0.614785 4.168278 0.536907 0.537456
9.800000 0.618650 4.199033 0.541676 0.542116
9.900000 0.622565 4.234122 0.545845 0.545955
10.000000 0.628650 4.267218 0.548981 0.549752
10.099999 0.632653 4.303254 0.554661 0.552896
10.200000 0.635671 4.336609 0.559912 0.557813
10.300000 0.639469 4.373908 0.563958 0.561747
10.400000 0.643387 4.407969 0.567792 0.564471
10.500000 0.645983 4.441329 0.571856 0.567756
10.599999 0.649473 4.474986 0.575374 0.571825
10.700000 0.652343 4.508994 0.579392 0.575616
10.800000 0.655402 4.541130 0.582592 0.579257
10.900000 0.658469 4.577677 0.586913 0.583241
11.000000 0.661580 4.610783 0.589952 0.587836
11.099999 0.665812 4.642061 0.593109 0.591213
11.200000 0.668155 4.673848 0.597611 0.594263
11.300000 0.671583 4.704101 0.601743 0.597385
11.400000 0.674125 4.733192 0.605996 0.600291
11.500000 0.676784 4.762012 0.609139 0.603987
11.599999 0.679112 4.788990 0.613073 0.609149
11.700000 0.683466 4.818498 0.617129 0.611516
11.800000 0.686517 4.850112 0.619438 0.614719
11.900000 0.688864 4.883015 0.624072 0.618785
12.000000 0.691216 4.913401 0.629392 0.623536
12.099999 0.694363 4.945998 0.633371 0.627170
12.200000 0.696727 4.975959 0.636005 0.631264
12.300000 0.700000 5.007909 0.639435 0.634463
12.400000 0.702149 5.035860 0.642421 0.637783
12.500000 0.704417 5.067271 0.645074 0.641450
12.599999 0.707256 5.097505 0.648413 0.645578
12.700000 0.708967 5.123723 0.651532 0.648468
12.799999 0.712273 5.152500 0.655795 0.652159
12.900000 0.716041 5.181911 0.658931 0.656086
13.000000 0.719476 5.209112 0.661617 0.658656
13.099999 0.722121 5.235576 0.664424 0.661916
13.200000 0.725228 5.265297 0.668379 0.665183
13.299999 0.727886 5.288914 0.671200 0.668114
13.400000 0.730206 5.315104 0.674943 0.670938
13.500000 0.733104 5.343070 0.678694 0.674341
13.599999 0.735206 5.368808 0.680849 0.677294
13.700000 0.736854 5.394834 0.684156 0.680023
13.799999 0.739425 5.418620 0.686667 0.683103
13.900000 0.741887 5.443843 0.689988 0.686421
14.000000 0.744154 5.465845 0.692893 0.689206
14.099999 0.746050 5.492216 0.695191 0.691616
14.200000 0.748412 5.516453 0.698880 0.694377
14.299999 0.750347 5.541031 0.702265 0.696949
14.400000 0.752835 5.569197 0.705508 0.700301
14.500000 0.755329 5.591868 0.708179 0.702271
14.599999 0.757945 5.613082 0.711204 0.704825
14.700000 0.760711 5.635087 0.714037 0.706606
14.799999 0.762641 5.657445 0.715797 0.708939
14.900000 0.764576 5.681368 0.718143 0.712324
15.000000 0.766748 5.703949 0.720378 0.715484
15.099999 0.768342 5.725650 0.721568 0.718185
15.200000 0.770641 5.750438 0.724045 0.721009
15.299999 0.772361 5.773296 0.726879 0.724190
15.400000 0.775020 5.796910 0.728784 0.726443
15.500000 0.777101 5.822689 0.731982 0.729521
15.599999 0.779655 5.846063 0.736126 0.732371
15.700000 0.781628 5.863267 0.739105 0.733701
15.799999 0.784311 5.883688 0.741268 0.736328
15.900000 0.786412 5.904274 0.744025 0.739550
16.000000 0.789368 5.926804 0.746464 0.741985
16.100000 0.792188 5.947251 0.748643 0.743451
16.199999 0.794423 5.967509 0.750709 0.746337
16.299999 0.795481 5.989945 0.753608 0.748167
16.400000 0.798081 6.007343 0.756987 0.749763
16.500000 0.799621 6.025848 0.759426 0.751956
16.600000 0.801876 6.042260 0.762108 0.753443
16.699999 0.804493 6.058712 0.764203 0.756240
16.799999 0.806997 6.078534 0.767016 0.759400
16.900000 0.809030 6.098641 0.769121 0.760186
17.000000 0.810711 6.116412 0.771112 0.761927
17.100000 0.812396 6.137688 0.772749 0.764509
17.199999 0.814204 6.158058 0.775227 0.766260
17.299999 0.815777 6.176084 0.776873 0.767776
17.400000 0.816896 6.196165 0.780467 0.769323
17.500000 0.818716 6.215117 0.783563 0.771926
17.600000 0.820180 6.231472 0.785826 0.774054
17.699999 0.821648 6.246783 0.787733 0.776548
17.799999 0.823961 6.263697 0.789645 0.779049
17.900000 0.826281 6.280290 0.791320 0.781796
18.000000 0.828002 6.296560 0.793120 0.784188
18.100000 0.830453 6.311420 0.794079 0.785740
18.199999 0.832547 6.327042 0.796491 0.787175
18.299999 0.833919 6.344276 0.798062 0.788613
18.400000 0.835294 6.361189 0.799636 0.790540
18.500000 0.837037 6.379235 0.801214 0.792471
18.600000 0.839027 6.394286 0.802553 0.793921
18.699999 0.840414 6.409251 0.803895 0.795861
18.799999 0.842048 6.426082 0.806216 0.797684
18.900000 0.843563 6.439903 0.808420 0.800244
19.000000 0.845816 6.454123 0.809407 0.802077
19.100000 0.847339 6.468134 0.811621 0.804281
19.199999 0.849112 6.481812 0.813472 0.806124
19.299999 0.850399 6.496995 0.815451 0.808584
19.400000 0.852425 6.509760 0.817680 0.810681
19.500000 0.854210 6.523048 0.819791 0.812784
19.600000 0.855508 6.536369 0.821415 0.814400
19.699999 0.856932 6.548860 0.823906 0.815897
19.799999 0.858236 6.562492 0.825787 0.818014
19.900000 0.859437 6.575593 0.827199 0.820282
20.000000 0.861118 6.589414 0.828840 0.821172
20.100000 0.862697 6.603070 0.829887 0.822335
20.199999 0.864138 6.616462 0.832032 0.823726
20.299999 0.865086 6.632121 0.832816 0.825617
20.400000 0.866286 6.644836 0.835094 0.827513
20.500000 0.867861 6.657335 0.836008 0.829165
20.600000 0.869191 6.669989 0.837922 0.830821
20.699999 0.870276 6.681676 0.839591 0.832481
20.799999 0.871113 6.693018 0.840764 0.833895
20.900000 0.872827 6.706890 0.842816 0.835938
21.000000 0.872918 6.717541 0.843996 0.837110
21.100000 0.874514 6.728720 0.845556 0.837658
21.199999 0.875737 6.739927 0.847747 0.838710
21.299999 0.876335 6.752922 0.849064 0.840392
21.400000 0.877564 6.764188 0.850384 0.841575
21.500000 0.879048 6.775986 0.851707 0.843518
21.600000 0.879778 6.788318 0.853160 0.845591
21.699999 0.880889 6.799798 0.854238 0.846785
21.799999 0.881750 6.810421 0.855571 0.847983
21.900000 0.882487 6.820438 0.856654 0.850450
22.000000 0.882718 6.832002 0.858121 0.851401
22.100000 0.883966 6.842834 0.858956 0.852736
22.199999 0.884327 6.854201 0.861192 0.853820
22.299999 0.885834 6.863561 0.862670 0.855416
22.400000 0.887473 6.873327 0.864662 0.856378
22.500000 0.888350 6.881205 0.866275 0.857343
22.600000 0.889868 6.888591 0.867893 0.858822
22.699999 0.891518 6.900601 0.869003 0.859793
22.799999 0.892404 6.910977 0.869989 0.860510
22.900000 0.892523 6.920354 0.870463 0.862126
23.000000 0.894311 6.929883 0.872223 0.863747
23.100000 0.895461 6.940208 0.873344 0.864986
23.199999 0.896614 6.953007 0.874211 0.866744
23.299999 0.897641 6.963001 0.875338 0.867603
23.400000 0.898541 6.973668 0.876081 0.869111
23.500000 0.899186 6.983844 0.877084 0.870622
23.600000 0.899702 6.994047 0.878219 0.872396
23.699999 0.900739 7.002462 0.879616 0.872878
23.799999 0.901388 7.009991 0.881147 0.873102
23.900000 0.902170 7.020008 0.882032 0.874626
24.000000 0.903734 7.029921 0.882789 0.875504
24.100000 0.904390 7.038166 0.884069 0.875993
24.199999 0.905048 7.047346 0.884701 0.877397
24.299999 0.906360 7.058639 0.885464 0.878673
24.400000 0.906511 7.066815 0.886768 0.880099
24.500000 0.908353 7.075675 0.887798 0.881644
24.600000 0.909282 7.084426 0.888700 0.882407
24.699999 0.910606 7.092412 0.889472 0.883303
24.799999 0.911409 7.099501 0.890773 0.883807
24.900000 0.911687 7.108318 0.892340 0.885365
25.000000 0.913021 7.115841 0.892330 0.886400
25.100000 0.914489 7.122460 0.893112 0.888097
25.199999 0.915566 7.130682 0.893235 0.889138
25.299999 0.915851 7.138926 0.894020 0.890050
25.400000 0.916137 7.147324 0.895204 0.890567
25.500000 0.917352 7.155213 0.896922 0.891616
25.599998 0.917785 7.161509 0.897463 0.892283
25.699999 0.918473 7.170236 0.897726 0.894667
25.799999 0.918764 7.176455 0.898522 0.894926
25.900000 0.919723 7.183758 0.899587 0.896520
26.000000 0.920283 7.190413 0.900521 0.897316
26.099998 0.921380 7.196551 0.901056 0.898917
26.199999 0.922747 7.202571 0.901727 0.899585
26.299999 0.923180 7.209814 0.902400 0.900255
26.400000 0.923882 7.216807 0.903208 0.900926
26.500000 0.924049 7.225030 0.903885 0.902272
26.599998 0.924620 7.235025 0.905640 0.903082
26.699999 0.925327 7.241812 0.906726 0.903626
26.799999 0.926171 7.249292 0.907140 0.904036
26.900000 0.927287 7.255711 0.908231 0.904717
27.000000 0.928272 7.261470 0.908648 0.905806
27.099998 0.929394 7.268871 0.909879 0.906491
27.199999 0.929706 7.275750 0.910164 0.907857
27.299999 0.930154 7.282375 0.910450 0.908819
27.400000 0.930884 7.289932 0.910748 0.909524
27.500000 0.931335 7.296866 0.911308 0.910490
27.599998 0.931241 7.303957 0.911733 0.911733
27.699999 0.931148 7.311065 0.912842 0.912705
27.799999 0.931601 7.316963 0.913817 0.913543
27.900000 0.931644 7.323562 0.914658 0.914795
28.000000 0.931824 7.329629 0.914952 0.916461
28.099998 0.932555 7.334753 0.915247 0.916896
28.199999 0.933012 7.340578 0.916231 0.918019
28.299999 0.933333 7.346832 0.917080 0.919008
28.400000 0.933655 7.355035 0.917379 0.919586
28.500000 0.934668 7.359117 0.918646 0.920028
28.599998 0.935270 7.364038 0.919087 0.921438
28.699999 0.935873 7.368698 0.919806 0.922853
28.799999 0.937171 7.375312 0.920804 0.923440
28.900000 0.937639 7.379860 0.921806 0.924306
29.000000 0.938665 7.383867 0.922392 0.925730
29.099998 0.938719 7.390390 0.923259 0.926184
29.199999 0.938633 7.393166 0.923849 0.927197
29.299999 0.939106 7.398185 0.924860 0.927654
29.400000 0.939720 7.403216 0.925175 0.927972
29.500000 0.940336 7.408123 0.925770 0.928151
29.599998 0.941515 7.413184 0.925666 0.928612
29.699999 0.942275 7.418961 0.926404 0.929073
29.799999 0.943319 7.423488 0.926723 0.929255
29.900000 0.943944 7.427464 0.927746 0.930423
30.000000 0.944288 7.432158 0.928773 0.931030
30.099998 0.945198 7.436299 0.928672 0.931356
30.199999 0.945262 7.440028 0.928996 0.931683
30.299999 0.945326 7.443768 0.929603 0.932295
30.400000 0.945957 7.449787 0.930355 0.932482
30.500000 0.946449 7.452699 0.930682 0.933381
30.599998 0.946799 7.457042 0.931152 0.933713
30.699999 0.947436 7.462536 0.932051 0.934046
30.799999 0.948645 7.467761 0.932810 0.934950
30.900000 0.948857 7.471715 0.933714 0.935143
31.000000 0.948641 7.475107 0.933906 0.935908
31.099998 0.949284 7.479370 0.933954 0.936819
31.199999 0.950222 7.484436 0.934730 0.938029
31.299999 0.950294 7.488723 0.935210 0.938084
31.400000 0.950655 7.494030 0.935837 0.938858
31.500000 0.950584 7.497622 0.936464 0.939202
31.599998 0.950945 7.501803 0.936806 0.940557
31.699999 0.951597 7.506574 0.937437 0.941193
31.799999 0.952105 7.509767 0.937925 0.941542
31.900000 0.952760 7.512100 0.938415 0.942182
32.000000 0.953708 7.516616 0.939051 0.942244
32.099998 0.954222 7.521581 0.939398 0.942886
32.200001 0.954883 7.526707 0.939165 0.943531
32.299999 0.954963 7.530097 0.939513 0.944323
32.399998 0.954897 7.535251 0.940447 0.944680
32.500000 0.954685 7.538225 0.940944 0.944745
32.599998 0.954911 7.544137 0.941443 0.944957
32.700001 0.955432 7.548747 0.942384 0.945463
32.799999 0.955660 7.553223 0.942740 0.945529
32.899998 0.956477 7.558447 0.942950 0.945890
33.000000 0.957296 7.561773 0.942866 0.946105
33.099998 0.957971 7.566140 0.943519 0.946911
33.200001 0.958204 7.569488 0.944026 0.947275
33.299999 0.958586 7.574028 0.944239 0.947641
33.399998 0.959265 7.578137 0.944453 0.947860
33.500000 0.960095 7.581071 0.944370 0.948969
33.599998 0.960333 7.584905 0.944585 0.949487
33.700001 0.959679 7.587413 0.945097 0.950454
33.799999 0.959917 7.592162 0.945910 0.950976
33.899998 0.960454 7.596329 0.946277 0.951351
34.000000 0.960992 7.599163 0.946794 0.951577
34.099998 0.961533 7.601707 0.947463 0.952103
34.200001 0.961775 7.605007 0.947384 0.952481
34.299999 0.961868 7.608617 0.947906 0.953010
34.399998 0.961961 7.611486 0.948278 0.953541
34.500000 0.962205 7.614365 0.949104 0.954224
34.599998 0.962147 7.616348 0.949781 0.954607
34.700001 0.962543 7.618487 0.950461 0.954539
34.799999 0.963243 7.621237 0.950234 0.954924
34.899998 0.963490 7.622936 0.950311 0.955310
35.000000 0.963587 7.625550 0.950387 0.956304
35.099998 0.963683 7.628780 0.950919 0.956694
35.200001 0.963628 7.630497 0.951301 0.957236
35.299999 0.963877 7.635421 0.951989 0.957628
35.399998 0.964128 7.637918 0.952221 0.957869
35.500000 0.964684 7.641186 0.952148 0.957805
35.599998 0.965090 7.643240 0.952534 0.958352
35.700001 0.965189 7.647447 0.953228 0.959055
35.799999 0.965443 7.651820 0.953463 0.959453
35.899998 0.965390 7.655130 0.954161 0.959852
36.000000 0.965337 7.656448 0.954244 0.960407
36.099998 0.965746 7.659158 0.954637 0.960500
36.200001 0.966157 7.660949 0.954567 0.960593
36.299999 0.966419 7.662333 0.954658 0.961158
36.399998 0.966677 7.664756 0.954898 0.961562
36.500000 0.966780 7.667650 0.955449 0.961503
36.599998 0.966884 7.671642 0.956312 0.961909
36.700001 0.966989 7.674401 0.956711 0.962473
36.799999 0.966781 7.678103 0.957112 0.962258
36.899998 0.966729 7.681193 0.957513 0.962512
37.000000 0.967146 7.683823 0.958542 0.962610
37.099998 0.967878 7.685992 0.958634 0.963021
37.200001 0.968142 7.690207 0.959040 0.963120
37.299999 0.968092 7.691606 0.958975 0.963376
37.399998 0.968042 7.692537 0.959698 0.963633
37.500000 0.967676 7.694260 0.960107 0.964049
37.599998 0.967783 7.695989 0.960518 0.964150
37.700001 0.968048 7.698671 0.960614 0.964885
37.799999 0.968156 7.701204 0.960710 0.964987
37.899998 0.968740 7.702793 0.960965 0.965090
38.000000 0.968849 7.703751 0.961538 0.965194
38.099998 0.968959 7.707099 0.961636 0.965298
38.200001 0.969388 7.707271 0.961894 0.965242
38.299999 0.969499 7.709518 0.961833 0.965347
38.399998 0.969450 7.711132 0.962412 0.965611
38.500000 0.969881 7.712912 0.962672 0.965716
38.599998 0.970635 7.715661 0.962933 0.966303
38.700001 0.971070 7.718901 0.963838 0.966731
38.799999 0.971024 7.721668 0.964102 0.967160
38.899998 0.971300 7.723154 0.964366 0.967107
39.000000 0.971738 7.724322 0.964955 0.967377
39.099998 0.971692 7.725331 0.965060 0.967486
39.200001 0.971646 7.727803 0.965003 0.967596
39.299999 0.971276 7.730445 0.965433 0.967543
39.399998 0.971391 7.730982 0.965540 0.967490
39.500000 0.971833 7.731521 0.965809 0.967763
39.599998 0.971950 7.733693 0.965427 0.967710
39.700001 0.971905 7.735707 0.965861 0.967821
39.799999 0.972349 7.736911 0.965641 0.968423
39.899998 0.972468 7.738119 0.966241 0.968535
40.000000 0.972423 7.740808 0.966678 0.968647
40.099998 0.972871 7.742683 0.966787 0.968925
40.200001 0.973485 7.743412 0.967062 0.969368
40.299999 0.973771 7.745628 0.967502 0.969152
40.399998 0.973893 7.748183 0.967118 0.969101
40.500000 0.973850 7.749917 0.967229 0.969878
40.599998 0.974138 7.751161 0.967341 0.969993
40.700001 0.974095 7.751744 0.967785 0.970276
40.799999 0.974052 7.753826 0.968230 0.970226
40.899998 0.974175 7.754415 0.968511 0.970676
41.000000 0.973965 7.755674 0.968625 0.971128
41.099998 0.974590 7.757272 0.968907 0.971916
41.200001 0.974213 7.758540 0.969190 0.971869
41.299999 0.974673 7.761322 0.969641 0.971822
41.399998 0.975134 7.763105 0.969926 0.972278
41.500000 0.975597 7.764053 0.969707 0.972736
41.599998 0.975893 7.766521 0.969488 0.972522
41.700001 0.975853 7.767309 0.969943 0.972476
41.799999 0.975812 7.768775 0.969892 0.972767
41.899998 0.976110 7.769908 0.970180 0.973229
42.000000 0.976069 7.771385 0.970468 0.973354
42.099998 0.976539 7.772016 0.970588 0.973308
42.200001 0.976499 7.773332 0.970538 0.973774
42.299999 0.976629 7.774480 0.970317 0.973900
42.399998 0.976589 7.775803 0.970608 0.974197
42.500000 0.976891 7.776275 0.970729 0.974153
42.599998 0.977366 7.776406 0.970850 0.974280
42.700001 0.977327 7.778255 0.971144 0.974407
42.799999 0.977460 7.779078 0.971266 0.975224
42.899998 0.977594 7.780766 0.971562 0.975526
43.000000 0.977901 7.782286 0.972203 0.976001
43.099998 0.978035 7.782947 0.972155 0.975960
43.200001 0.978170 7.783783 0.971933 0.975918
43.299999 0.978306 7.784970 0.972405 0.976050
43.399998 0.978442 7.786857 0.972705 0.976704
43.500000 0.978579 7.788750 0.972832 0.977012
43.599998 0.978541 7.790474 0.973133 0.977495
43.700001 0.979028 7.791856 0.973261 0.977805
43.799999 0.979167 7.793417 0.973214 0.977941
43.899998 0.979306 7.795862 0.973167 0.978078
44.000000 0.979445 7.796907 0.972593 0.978215
44.099998 0.979761 7.799719 0.972721 0.978353
44.200001 0.979725 7.801129 0.972673 0.978667
44.299999 0.979866 7.801484 0.972448 0.978100
44.399998 0.979830 7.802371 0.972930 0.978061
44.500000 0.979794 7.803438 0.972882 0.977845
44.599998 0.979936 7.804865 0.973189 0.977805
44.700001 0.979904 7.804908 0.972968 0.977948
44.799999 0.980046 7.806520 0.972920 0.978087
44.899998 0.980011 7.807781 0.973050 0.978047
45.000000 0.980154 7.808332 0.973538 0.978366
45.099998 0.980118 7.809780 0.973491 0.978327
45.200001 0.980083 7.811951 0.973443 0.978647
45.299999 0.980047 7.812871 0.973396 0.978249
45.399998 0.980371 7.813614 0.973708 0.978210
45.500000 0.980336 7.814721 0.974563 0.978351
45.599998 0.980662 7.815471 0.974697 0.978854
45.700001 0.980626 7.816404 0.974470 0.979359
45.799999 0.980591 7.816434 0.975331 0.979322
45.899998 0.980374 7.817736 0.975468 0.979466
46.000000 0.980339 7.818679 0.976151 0.979610
46.099998 0.980303 7.820171 0.976108 0.979756
46.200001 0.980084 7.821487 0.976064 0.980084
46.299999 0.980048 7.822258 0.976021 0.980231
46.399998 0.980194 7.823951 0.976343 0.980378
46.500000 0.980709 7.824913 0.976484 0.980342
46.599998 0.981226 7.827168 0.976992 0.980490
46.700001 0.981560 7.827771 0.977319 0.980269
46.799999 0.981711 7.828561 0.977092 0.980417
46.899998 0.981677 7.830094 0.976680 0.980381
47.000000 0.982755 7.830892 0.976451 0.980716
47.099998 0.982538 7.831693 0.977150 0.981051
47.200001 0.982505 7.832868 0.977294 0.981202
47.299999 0.982845 7.833675 0.977252 0.981727
47.399998 0.982813 7.834859 0.977769 0.981506
47.500000 0.982968 7.835299 0.978102 0.981471
47.599998 0.982749 7.835552 0.977874 0.981624
47.700001 0.982904 7.835432 0.978208 0.981401
47.799999 0.983060 7.836251 0.977979 0.981178
47.899998 0.983028 7.837073 0.978126 0.981143
48.000000 0.983185 7.838088 0.978273 0.981674
48.099998 0.983343 7.837403 0.978421 0.981639
48.200001 0.983122 7.838043 0.978380 0.981604
48.299999 0.983280 7.839825 0.978529 0.981379
48.399998 0.983248 7.839330 0.978489 0.981344
48.500000 0.983406 7.840740 0.978638 0.981499
48.599998 0.983566 7.841392 0.978406 0.981846
48.700001 0.983726 7.843385 0.978365 0.981811
48.799999 0.983695 7.844428 0.978323 0.981776
48.899998 0.983663 7.845666 0.978090 0.982126
49.000000 0.983632 7.846524 0.978432 0.982091
49.099998 0.983600 7.847386 0.978777 0.982057
49.200001 0.983569 7.847864 0.978929 0.982215
49.299999 0.983924 7.849119 0.978888 0.981987
49.399998 0.983893 7.849409 0.979041 0.982146
49.500000 0.983862 7.849893 0.979001 0.982112
49.599998 0.984220 7.851159 0.978765 0.982077
49.700001 0.984582 7.852068 0.979313 0.982045
49.799999 0.984943 7.853343 0.979859 0.982597
49.899998 0.984914 7.854232 0.980212 0.982563
50.000000 0.985277 7.854339 0.980369 0.982528
50.099998 0.985248 7.855036 0.980527 0.982494
50.200001 0.985219 7.854947 0.980489 0.983051
50.299999 0.985584 7.856042 0.980450 0.983412
50.399998 0.985754 7.856945 0.980412 0.983775
50.500000 0.985527 7.857256 0.980769 0.984140
50.599998 0.985499 7.857569 0.980731 0.984307
50.700001 0.985669 7.857882 0.980693 0.984475
50.799999 0.985840 7.858197 0.980455 0.984643
50.899998 0.986211 7.858912 0.980615 0.985012
51.000000 0.986183 7.859632 0.980777 0.984982
51.099998 0.986156 7.859149 0.980939 0.984952
51.199997 0.986329 7.861279 0.980901 0.984721
51.299999 0.986100 7.861603 0.981064 0.984287
51.399998 0.986072 7.863141 0.981025 0.984457
51.500000 0.985841 7.864078 0.980785 0.984628
51.599998 0.986218 7.864208 0.980746 0.984597
51.699997 0.986393 7.864541 0.980301 0.984769
51.799999 0.986365 7.865079 0.980667 0.984534
51.899998 0.986542 7.864600 0.980424 0.984299
52.000000 0.986718 7.865958 0.980384 0.984471
52.099998 0.986691 7.866503 0.980549 0.984848
52.199997 0.986869 7.866844 0.980714 0.985023
52.299999 0.987048 7.867188 0.980880 0.984786
52.399998 0.987433 7.867944 0.981253 0.984961
52.500000 0.987820 7.868291 0.981214 0.984930
52.599998 0.987795 7.868432 0.981175 0.984485
52.699997 0.988184 7.869403 0.981551 0.984660
52.799999 0.988160 7.870378 0.981720 0.984420
52.899998 0.988135 7.871357 0.981890 0.984804
53.000000 0.988319 7.873592 0.981435 0.984773
53.099998 0.988712 7.873955 0.981396 0.984532
53.199997 0.988898 7.873899 0.981986 0.984290
53.299999 0.989085 7.873216 0.982158 0.984257
53.399998 0.989062 7.873369 0.982120 0.984224
53.500000 0.989039 7.874156 0.982504 0.984191
53.599998 0.989227 7.874525 0.982467 0.983946
53.699997 0.989627 7.874048 0.982430 0.983912
53.799999 0.989605 7.873568 0.982605 0.984090
53.899998 0.989796 7.873300 0.982781 0.984269
54.000000 0.989561 7.873030 0.983170 0.984235
54.099998 0.989539 7.874252 0.983134 0.984415
54.199997 0.989516 7.874840 0.983312 0.984382
54.299999 0.989280 7.874571 0.983276 0.984348
54.399998 0.989257 7.875161 0.983455 0.984744
54.500000 0.989233 7.874893 0.983635 0.985142
54.599998 0.989426 7.875701 0.983599 0.985110
54.699997 0.989619 7.877595 0.983780 0.985294
54.799999 0.989597 7.877547 0.983962 0.985262
54.899998 0.989574 7.878149 0.983710 0.985447
55.000000 0.989552 7.877449 0.983457 0.985633
55.099998 0.989529 7.877399 0.983639 0.986038
55.199997 0.989506 7.878006 0.983822 0.986226
55.299999 0.989483 7.879273 0.983348 0.986635
55.399998 0.989460 7.878568 0.983311 0.986605
55.500000 0.988776 7.880062 0.983055 0.986796
55.599998 0.988752 7.880680 0.983238 0.986987
55.699997 0.988948 7.881079 0.982759 0.987401
55.799999 0.989366 7.880816 0.982720 0.987373
55.899998 0.988899 7.881883 0.982682 0.987567
56.000000 0.988652 7.881619 0.982866 0.987316
56.099998 0.987957 7.881802 0.982605 0.987511
56.199997 0.987930 7.882432 0.982566 0.987483
56.299999 0.987903 7.883512 0.982975 0.987455
56.399998 0.987876 7.883924 0.983161 0.987203
56.500000 0.987849 7.884113 0.983348 0.987174
56.599998 0.987370 7.883852 0.983311 0.987145
56.699997 0.987342 7.884267 0.983273 0.987342
56.799999 0.987313 7.885139 0.983235 0.987766
56.899998 0.987511 7.885558 0.983651 0.987738
57.000000 0.987483 7.886209 0.983614 0.987483
57.099998 0.987454 7.888230 0.983349 0.987226
57.199997 0.987654 7.887746 0.983310 0.987197
57.299999 0.987855 7.887031 0.983043 0.987168
57.399998 0.988287 7.886541 0.983004 0.987598
57.500000 0.988260 7.886740 0.982965 0.987799
57.599998 0.988463 7.886940 0.983156 0.987540
57.699997 0.987974 7.886910 0.983117 0.987280
57.799999 0.988410 7.886880 0.983078 0.987251
57.899998 0.988615 7.887779 0.982807 0.987221
58.000000 0.988356 7.887052 0.982767 0.987191
58.099998 0.988329 7.887022 0.983193 0.987162
58.199997 0.988301 7.887927 0.983388 0.986898
58.299999 0.988274 7.888837 0.983349 0.987101
58.399998 0.988481 7.888811 0.983310 0.987071
58.500000 0.988219 7.889255 0.983271 0.987512
58.599998 0.987955 7.890411 0.982759 0.987246
58.699997 0.987926 7.890152 0.982718 0.987216
58.799999 0.987897 7.891314 0.982914 0.987186
58.899998 0.987869 7.892483 0.983111 0.987155
59.000000 0.987840 7.893181 0.982833 0.986886
59.099998 0.987811 7.893642 0.983031 0.986616
59.199997 0.988021 7.894106 0.982750 0.986584
59.299999 0.987992 7.893371 0.982949 0.986551
59.399998 0.987000 7.892874 0.983149 0.986519
59.500000 0.987210 7.893340 0.983108 0.986728
59.599998 0.987421 7.893566 0.983309 0.986938
59.699997 0.987391 7.892823 0.983511 0.986663
59.799999 0.987603 7.892805 0.983957 0.986631
59.899998 0.987817 7.892787 0.984162 0.986842
60.000000 0.987787 7.893991 0.983879 0.987054
60.099998 0.987757 7.894711 0.983839 0.987267
60.199997 0.987482 7.894453 0.984291 0.987482
60.299999 0.987697 7.896161 0.984498 0.987205
60.399998 0.988160 7.895905 0.984953 0.987173
60.500000 0.988131 7.896142 0.984916 0.987141
60.599998 0.988101 7.894397 0.984879 0.987357
60.699997 0.988817 7.894135 0.984841 0.987575
60.799999 0.988789 7.894120 0.984803 0.987544
60.899998 0.988512 7.892858 0.985265 0.987512
61.000000 0.988483 7.891337 0.985228 0.988232
61.099998 0.988454 7.892570 0.985191 0.987701
61.199997 0.987921 7.893558 0.985153 0.987921
61.299999 0.987639 7.892785 0.985368 0.987639
61.399998 0.987860 7.892767 0.985078 0.987607
61.500000 0.987830 7.892749 0.985294 0.987576
61.599998 0.988307 7.892730 0.985257 0.987544
61.699997 0.988532 7.891947 0.985219 0.987768
61.799999 0.988758 7.891671 0.985181 0.987992
61.899998 0.988730 7.892675 0.984631 0.987961
62.000000 0.988444 7.892398 0.984592 0.987673
62.099998 0.988414 7.893666 0.984295 0.987642
62.199997 0.988384 7.895715 0.984254 0.987868
62.299999 0.988872 7.895186 0.984213 0.987836
62.399998 0.988583 7.893617 0.984432 0.987545
62.500000 0.988554 7.893341 0.984651 0.987773
62.599998 0.988524 7.893845 0.984611 0.988002
62.699997 0.988494 7.893829 0.984310 0.988232
62.799999 0.988464 7.894861 0.984531 0.987939
62.899998 0.988170 7.895110 0.985016 0.987907
63.000000 0.988139 7.895097 0.985240 0.987876
63.099998 0.987844 7.895084 0.984937 0.988372
63.199997 0.988076 7.895071 0.984632 0.988341
63.299999 0.988045 7.896387 0.984325 0.988310
63.399998 0.987746 7.896377 0.984283 0.988812
63.500000 0.987447 7.897703 0.984509 0.989049
63.599998 0.987681 7.897964 0.984199 0.989555
63.699997 0.987648 7.897691 0.984157 0.989527
63.799999 0.987345 7.897954 0.984383 0.989499
63.899998 0.987851 7.899028 0.984341 0.989471
64.000000 0.987818 7.899567 0.984570 0.988901
64.099998 0.988056 7.899566 0.984528 0.989142
64.199997 0.988296 7.900381 0.985030 0.989385
64.299995 0.988264 7.902565 0.984989 0.989356
64.400002 0.988232 7.902846 0.985222 0.989600
64.500000 0.988200 7.905049 0.985730 0.989297
64.599998 0.987892 7.905338 0.985966 0.988993
64.699997 0.987859 7.906181 0.985651 0.988962
64.799995 0.988102 7.905645 0.985335 0.988932
64.900002 0.988069 7.906215 0.985849 0.989179
65.000000 0.988036 7.906789 0.985531 0.989149
65.099998 0.987444 7.906808 0.984933 0.989676
65.199997 0.987409 7.907386 0.984891 0.989647
65.299995 0.987935 7.906846 0.984848 0.989899
65.400002 0.987901 7.908554 0.984243 0.989871
65.500000 0.987867 7.908296 0.983916 0.990124
65.599998 0.987832 7.907753 0.984437 0.989813
65.699997 0.987798 7.907776 0.984109 0.990068
65.799995 0.987763 7.908367 0.984064 0.990324
65.900002 0.987443 7.908104 0.984304 0.990297
66.000000 0.987407 7.907556 0.984259 0.990555
66.099998 0.987084 7.906430 0.984501 0.990528
66.199997 0.987047 7.906735 0.984456 0.990501
66.299995 0.987009 7.907332 0.984411 0.990185
66.400002 0.986972 7.907064 0.984076 0.990156
66.500000 0.986643 7.906794 0.984030 0.989837
66.599998 0.986605 7.907105 0.984275 0.990390
66.699997 0.986565 7.907126 0.984229 0.990070
66.799995 0.986233 7.907147 0.984183 0.989748
66.900002 0.986193 7.907462 0.984430 0.989718
67.000000 0.986447 7.908073 0.984679 0.989982
67.099998 0.986111 7.910166 0.984634 0.989953
67.199997 0.985477 7.910492 0.984292 0.989627
67.299995 0.985731 7.911415 0.983948 0.989893
67.400002 0.985689 7.910853 0.983900 0.989863
67.500000 0.985945 7.910586 0.984151 0.989833
67.599998 0.986203 7.909718 0.984103 0.989802
67.699997 0.986462 7.910048 0.984356 0.989471
67.799995 0.986120 7.910379 0.984913 0.990042
67.900002 0.986077 7.910412 0.984564 0.990012
68.000000 0.986339 7.911354 0.984517 0.989678
68.099998 0.986906 7.913216 0.984775 0.989951
68.199997 0.986561 7.913256 0.984728 0.989921
68.299995 0.986826 7.914216 0.985294 0.989890
68.400002 0.987093 7.914259 0.985249 0.990166
68.500000 0.987053 7.914920 0.984895 0.989827
68.599998 0.986395 7.916203 0.984539 0.990105
68.699997 0.986973 7.916873 0.984491 0.989764
68.799995 0.987243 7.917237 0.984443 0.989732
68.900002 0.986891 7.917603 0.984394 0.989700
69.000000 0.986537 7.917657 0.984033 0.989042
69.099998 0.987123 7.917086 0.984297 0.989008
69.199997 0.987083 7.917769 0.984562 0.988658
69.299995 0.987042 7.917510 0.984513 0.988306
69.400002 0.987001 7.918199 0.984464 0.988586
69.500000 0.986959 7.917939 0.983779 0.988550
69.599998 0.986918 7.918315 0.984046 0.989151
69.699997 0.987196 7.917734 0.983675 0.989116
69.799995 0.986834 7.917790 0.983622 0.989082
69.900002 0.986469 7.919137 0.983892 0.989369
70.000000 0.986425 7.919845 0.983840 0.989657
70.099998 0.986381 7.920234 0.983787 0.989948
70.199997 0.986337 7.919648 0.983409 0.989915
70.299995 0.986292 7.919713 0.983681 0.989883
70.400002 0.986248 7.919777 0.983628 0.989849
70.500000 0.985874 7.920499 0.983574 0.989816
70.599998 0.985827 7.920238 0.983520 0.990112
70.699997 0.985780 7.919973 0.984458 0.990410
70.799995 0.985401 7.919044 0.985070 0.990046
70.900002 0.985353 7.919108 0.985353 0.990013
71.000000 0.985304 7.919172 0.985304 0.990314
71.099998 0.984920 7.918566 0.985255 0.990282
71.199997 0.984869 7.918628 0.984533 0.990249
71.299995 0.984818 7.919703 0.984480 0.989541
71.400002 0.985105 7.919770 0.984428 0.988490
71.500000 0.985054 7.920177 0.984375 0.988451
71.599998 0.985344 7.919904 0.984322 0.988412
71.699997 0.985636 7.919289 0.983926 0.988714
71.799995 0.985587 7.919698 0.983871 0.988675
71.900002 0.985537 7.919765 0.983471 0.987948
72.000000 0.985833 7.918107 0.983760 0.987906
72.099998 0.985784 7.916089 0.983356 0.988558
72.199997 0.986082 7.914057 0.983299 0.988518
72.299995 0.986033 7.914455 0.983240 0.988128
72.400002 0.985634 7.914857 0.983181 0.988087
72.500000 0.985935 7.914557 0.983474 0.986990
72.599998 0.985886 7.914608 0.983416 0.986944
72.699997 0.985836 7.915014 0.983711 0.987252
72.799995 0.985430 7.915422 0.983653 0.987207
72.900002 0.985735 7.914765 0.983952 0.986805
73.000000 0.985684 7.914102 0.983894 0.987115
73.099998 0.985273 7.915589 0.983477 0.987069
73.199997 0.985580 7.916727 0.983417 0.987383
73.299995 0.985528 7.917511 0.984081 0.987337
73.400002 0.985476 7.919027 0.984023 0.987654
73.500000 0.985787 7.919096 0.983965 0.987609
73.599998 0.986101 7.919898 0.984272 0.987564
73.699997 0.985683 7.918869 0.984214 0.987518
73.799995 0.985630 7.918939 0.984156 0.987472
73.900002 0.985577 7.918270 0.983728 0.987426
74.000000 0.985523 7.918337 0.984410 0.987751
74.099998 0.985469 7.918778 0.983979 0.988078
74.199997 0.985415 7.919596 0.983919 0.988033
74.299995 0.985360 7.918543 0.983859 0.987988
74.400002 0.985305 7.917859 0.984175 0.988320
74.500000 0.986006 7.918305 0.984115 0.988275
74.599998 0.986333 7.919134 0.984055 0.987851
74.699997 0.986662 7.918826 0.984375 0.988186
74.799995 0.986228 7.919281 0.983550 0.988141
74.900002 0.986559 7.918203 0.983871 0.988095
75.000000 0.986507 7.918273 0.984194 0.988049
75.099998 0.986455 7.917956 0.984133 0.988003
75.199997 0.986403 7.917638 0.984071 0.988345
75.299995 0.986349 7.917316 0.983619 0.988300
75.400002 0.986296 7.917384 0.983164 0.988254
75.500000 0.986242 7.918239 0.982704 0.989387
75.599998 0.986188 7.919495 0.982636 0.989345
75.699997 0.986133 7.919176 0.983360 0.989303
75.799995 0.986078 7.919252 0.983691 0.989658
75.900002 0.986022 7.917333 0.983626 0.990415
76.000000 0.986367 7.917803 0.983561 0.990377
76.099998 0.986715 7.917069 0.983897 0.990338
76.199997 0.987065 7.917542 0.983832 0.990299
76.299995 0.987419 7.917614 0.984172 0.990260
76.400002 0.986960 7.917686 0.984108 0.990220
76.500000 0.987316 7.918167 0.984861 0.990589
76.599998 0.987264 7.919474 0.985620 0.990551
76.699997 0.986799 7.920792 0.985561 0.990924
76.799995 0.987158 7.920464 0.985501 0.990887
76.900002 0.986689 7.920549 0.985025 0.990849
77.000000 0.987051 7.920635 0.984545 0.990810
77.099998 0.986997 7.921141 0.984899 0.990772
77.199997 0.986942 7.922494 0.984415 0.991154
77.299995 0.986887 7.925127 0.983926 0.991117
77.400002 0.986406 7.923110 0.985132 0.991079
77.500000 0.986348 7.924488 0.985068 0.990614
77.599998 0.986290 7.924165 0.985004 0.990574
77.699997 0.987091 7.925989 0.984940 0.990534
77.799995 0.986603 7.925238 0.985307 0.990493
77.900002 0.986979 7.924479 0.985243 0.990451
78.000000 0.986486 7.923714 0.985179 0.990410
78.099998 0.986427 7.923818 0.985114 0.990368
78.199997 0.986368 7.923043 0.985488 0.990325
78.299995 0.986307 7.922703 0.985424 0.990283
78.400002 0.985803 7.922360 0.985359 0.990240
78.500000 0.985740 7.924688 0.985294 0.990642
78.599998 0.985676 7.924798 0.985228 0.991047
78.699997 0.985162 7.924461 0.985162 0.991007
78.799995 0.985095 7.925474 0.985998 0.991418
78.900002 0.985027 7.924682 0.985935 0.991833
79.000000 0.984503 7.924339 0.985871 0.991796
79.099998 0.985348 7.923993 0.985348 0.991758
79.199997 0.985281 7.925023 0.985281 0.991260
79.299995 0.985213 7.925601 0.985213 0.990758
79.400002 0.985144 7.924327 0.985608 0.990715
79.500000 0.985075 7.923974 0.985541 0.991138
79.599998 0.985005 7.925492 0.985473 0.990628
79.699997 0.985405 7.925141 0.985405 0.990584
79.799995 0.985336 7.926679 0.986282 0.991012
79.900002 0.985266 7.928232 0.986217 0.991445
80.000000 0.985196 7.929799 0.986628 0.992359
80.099998 0.986084 7.927544 0.986564 0.992802
80.199997 0.986017 7.926711 0.986017 0.992768
80.299995 0.986434 7.926357 0.987403 0.992733
80.400002 0.987342 7.926972 0.987342 0.992697
80.500000 0.987769 7.925636 0.987280 0.992661
80.599998 0.988201 7.925271 0.988201 0.992625
80.699997 0.988142 7.927866 0.987154 0.992589
80.799995 0.988580 7.928500 0.987090 0.992552
80.900002 0.988523 7.929142 0.987026 0.993014
81.000000 0.988465 7.928285 0.987462 0.992979
81.099998 0.988407 7.928931 0.987903 0.992944
81.199997 0.988349 7.930091 0.987842 0.992908
81.299995 0.987780 7.929735 0.987780 0.992872
81.400002 0.987718 7.928352 0.987718 0.993347
81.500000 0.987654 7.927983 0.988169 0.993313
81.599998 0.987073 7.927094 0.988108 0.993278
81.699997 0.986486 7.927235 0.988046 0.993763
81.799995 0.985893 7.928422 0.987983 0.993730
81.900002 0.986345 7.928046 0.987920 0.993697
82.000000 0.985744 7.928194 0.988384 0.993664
82.099998 0.986200 7.928874 0.988854 0.993631
82.199997 0.986126 7.927961 0.988794 0.993597
82.299995 0.986051 7.927039 0.988734 0.993562
82.400002 0.985976 7.928263 0.988673 0.992988
82.500000 0.985900 7.930043 0.988069 0.992950
82.599998 0.986369 7.929662 0.988550 0.992366
82.699997 0.986294 7.927632 0.989035 0.992325
82.799995 0.986218 7.928336 0.988423 0.992282
82.900002 0.986696 7.927384 0.988914 0.991131
83.000000 0.986622 7.927536 0.988852 0.991081
83.099998 0.987668 7.926569 0.988789 0.991031
83.199997 0.987599 7.927283 0.988726 0.990981
83.299995 0.987528 7.926304 0.988662 0.990930
83.400002 0.988027 7.925884 0.988598 0.989738
83.500000 0.988532 7.926032 0.987385 0.989106
83.599998 0.989043 7.925605 0.987889 0.988466
83.699997 0.989559 7.925174 0.987819 0.988399
83.799995 0.989498 7.923571 0.987748 0.988331
83.900002 0.989437 7.924883 0.987676 0.988263
84.000000 0.989374 7.925029 0.988784 0.988194
84.099998 0.989311 7.925178 0.988717 0.988124
84.199997 0.989247 7.924134 0.988650 0.987455
84.299995 0.989784 7.923678 0.988582 0.987380
84.400002 0.990326 7.923821 0.988513 0.986699
84.500000 0.990268 7.924574 0.988443 0.986618
84.599998 0.990208 7.923501 0.988372 0.987148
84.699997 0.989532 7.923645 0.987685 0.987069
84.799995 0.989467 7.923172 0.987608 0.986989
84.900002 0.989402 7.922693 0.987531 0.986908
85.000000 0.989962 7.923463 0.987453 0.987453
85.099998 0.989899 7.924243 0.988005 0.987374
85.199997 0.989835 7.923761 0.987929 0.987294
85.299995 0.989770 7.923274 0.987212 0.987852
85.400002 0.989704 7.925354 0.987130 0.987773
85.500000 0.990933 7.922928 0.987047 0.987694
85.599998 0.990874 7.922425 0.986962 0.988266
85.699997 0.991470 7.924541 0.986877 0.988189
85.799995 0.991413 7.924703 0.986790 0.988111
85.900002 0.991356 7.924867 0.986037 0.988032
86.000000 0.991299 7.923026 0.985944 0.987952
86.099998 0.991240 7.923181 0.986523 0.987871
86.199997 0.991180 7.926052 0.986431 0.987788
86.299995 0.991120 7.926913 0.987022 0.987705
86.400002 0.991059 7.927785 0.986933 0.987620
86.500000 0.990997 7.925900 0.986842 0.987535
86.599998 0.990934 7.925384 0.986750 0.987448
86.699997 0.990871 7.926264 0.987360 0.987360
86.799995 0.991513 7.926449 0.987977 0.987270
86.900002 0.991453 7.927351 0.987179 0.987892
87.000000 0.990674 7.927547 0.987805 0.987805
87.099998 0.990607 7.927746 0.987717 0.987717
87.199997 0.990539 7.930131 0.987627 0.987627
87.299995 0.991202 7.929619 0.987537 0.987537
87.400002 0.990399 7.929099 0.987445 0.988183
87.500000 0.990327 7.928571 0.987351 0.988095
87.599998 0.990255 7.930285 0.987256 0.988756
87.699997 0.990181 7.932779 0.987915 0.988671
87.799995 0.990107 7.931507 0.987823 0.988584
87.900002 0.990031 7.930214 0.988497 0.989264
88.000000 0.989954 7.928903 0.988408 0.989181
88.099998 0.991433 7.929127 0.988318 0.989097
88.199997 0.991366 7.927787 0.989011 0.989011
88.299995 0.990506 7.928007 0.988924 0.988924
88.400002 0.990431 7.929028 0.988836 0.988836
88.500000 0.990354 7.928457 0.988746 0.988746
88.599998 0.990276 7.927877 0.989465 0.988655
88.699997 0.990196 7.926471 0.990196 0.988562
88.799995 0.990939 7.927512 0.990115 0.988468
88.900002 0.990864 7.929402 0.990033 0.988372
89.000000 0.991625 7.930485 0.990787 0.989112
89.099998 0.991554 7.928210 0.990709 0.989020
89.199997 0.991482 7.926746 0.991482 0.988927
89.299995 0.991409 7.925258 0.992268 0.988832
89.400002 0.991334 7.926343 0.992201 0.988735
89.500000 0.991259 7.927447 0.992133 0.988636
89.599998 0.991182 7.929453 0.992063 0.989418
89.699997 0.991103 7.927046 0.991993 0.989324
89.799995 0.991023 7.928186 0.991921 0.989228
89.900002 0.990942 7.931159 0.991848 0.989130
90.000000 0.989945 7.931444 0.991773 0.989031
90.099998 0.990775 7.930812 0.992620 0.988930
90.199997 0.990689 7.930167 0.991620 0.988827
90.299995 0.990601 7.929512 0.991541 0.988722
90.400002 0.991461 7.928843 0.991461 0.988615
90.500000 0.991379 7.930077 0.992337 0.988506
90.599998 0.992263 7.929400 0.992263 0.988395
90.699997 0.993164 7.927734 0.992188 0.988281
90.799995 0.993097 7.927022 0.992110 0.989152
90.900002 0.993028 7.925299 0.991036 0.989044
91.000000 0.992958 7.925553 0.990946 0.988934
91.099998 0.992886 7.924797 0.990854 0.987805
91.199997 0.994867 7.926078 0.990760 0.987680
91.299995 0.994813 7.925312 0.990664 0.987552
91.400002 0.994759 7.924528 0.990566 0.987421
91.500000 0.994703 7.923728 0.990466 0.986229
91.599998 0.995717 7.922913 0.990364 0.985011
91.699997 0.994589 7.922078 0.989177 0.984848
91.799995 0.994530 7.922319 0.989059 0.985777
91.900002 0.995575 7.922566 0.988938 0.985619
92.000000 0.995526 7.921700 0.988814 0.985459
92.099998 0.995475 7.921946 0.988688 0.985294
92.199997 0.995423 7.921052 0.988558 0.983982
92.299995 0.995370 7.918982 0.987269 0.983796
92.400002 0.995316 7.920375 0.988290 0.985949
92.500000 0.995261 7.921801 0.988152 0.986967
92.599998 0.995204 7.923262 0.988010 0.986811
92.699997 0.993932 7.923543 0.987864 0.986650
92.799995 0.993858 7.923833 0.987715 0.986486
92.900002 0.993781 7.925373 0.987562 0.987562
93.000000 0.993703 7.924433 0.988665 0.988665
93.099998 0.993622 7.926020 0.987245 0.988520
93.199997 0.992248 7.926356 0.987080 0.989664
93.299995 0.993455 7.925392 0.986911 0.989529
93.400002 0.994695 7.925730 0.986737 0.989390
93.500000 0.994624 7.926075 0.986559 0.989247
93.599998 0.993188 7.926431 0.987738 0.990463
93.699997 0.993094 7.926795 0.987569 0.990331
93.799995 0.992997 7.925770 0.988796 0.991597
93.900002 0.992898 7.924716 0.990057 0.992898
94.000000 0.991354 7.932277 0.991354 0.992795
94.099998 0.991228 7.929825 0.991228 0.992690
94.199997 0.991098 7.927300 0.991098 0.992582
94.299995 0.990964 7.926205 0.990964 0.993976
94.400002 0.992355 7.925076 0.990826 0.993884
94.500000 0.993789 7.925466 0.990683 0.993789
94.599998 0.993691 7.929022 0.990536 0.993691
94.699997 0.993590 7.932693 0.990385 0.993590
94.799995 0.993485 7.933225 0.990228 0.991857
94.900002 0.993378 7.932119 0.991722 0.991722
95.000000 0.993266 7.930977 0.991583 0.991583
95.099998 0.993151 7.928082 0.991438 0.991438
95.199997 0.993031 7.930314 0.991289 0.991289
95.299995 0.992908 7.927305 0.991135 0.991135
95.400002 0.990975 7.927798 0.992780 0.990975
95.500000 0.992647 7.926471 0.992647 0.990809
95.599998 0.992509 7.930712 0.992509 0.990637
95.699997 0.992366 7.931298 0.994275 0.990458
95.799995 0.994163 7.935798 0.994163 0.990272
95.900002 0.998016 7.936508 0.994048 0.990079
96.000000 0.997976 7.939271 0.993927 0.989879
96.099998 1.000000 7.938016 0.993802 0.993802
96.199997 0.997890 7.936708 0.993671 0.995781
96.299995 0.997845 7.941811 0.993535 0.995690
96.400002 0.997797 7.940529 0.995595 0.995595
96.500000 0.997748 7.941441 0.995495 0.995495
96.599998 0.997696 7.942397 0.995392 0.993088
96.699997 0.997642 7.943396 0.995283 0.992925
96.799995 0.997585 7.944445 0.995169 0.992754
96.900002 0.997525 7.945544 0.995049 0.992574
97.000000 0.997462 7.946700 0.992386 0.992386
97.099998 0.997396 7.947917 0.992188 0.992188
97.199997 0.997326 7.946524 0.991979 0.991979
97.299995 0.997253 7.945055 0.991758 0.991758
97.400002 0.997175 7.943503 0.991525 0.991525
97.500000 0.997093 7.941860 0.991279 0.991279
97.599998 0.997006 7.943113 0.991018 0.991018
97.699997 0.996914 7.947531 0.990741 0.990741
97.799995 0.996815 7.952229 0.990446 0.990446
97.900002 0.996711 7.953948 0.990132 0.990132
98.000000 0.996599 7.952382 0.986395 0.989796
98.099998 0.996479 7.950704 0.985915 0.992958
98.199997 0.996350 7.948905 0.985401 0.992701
98.299995 0.996212 7.946969 0.984848 0.992424
98.400002 0.996063 7.944882 0.984252 0.996063
98.500000 0.995902 7.938524 0.983607 0.995902
98.599998 0.995726 7.935897 0.982906 0.995726
98.699997 0.995536 7.941964 0.977679 1.000000
98.799995 0.995327 7.939252 0.981308 1.000000
98.900002 0.995098 7.941176 0.985294 1.000000
99.000000 0.994845 7.943299 0.984536 1.000000
99.099998 0.994565 7.940217 0.989130 1.000000
99.199997 0.994253 7.942529 0.988506 1.000000
99.299995 0.993902 7.945122 0.987805 1.000000
99.400002 0.993506 7.954545 0.987013 1.000000
99.500000 0.993056 7.944445 0.986111 1.000000
99.599998 0.992537 7.940298 0.985075 1.000000
99.699997 0.991935 7.943549 0.983871 1.000000
99.799995 0.991228 7.938597 0.991228 1.000000
99.900002 0.990385 7.932692 0.990385 1.000000
100.000000 0.989362 7.925532 0.989362 1.000000
100.099998 0.988095 7.928572 0.988095 1.000000
100.199997 0.986486 7.932432 0.986486 1.000000
100.299995 0.984375 7.937500 1.000000 1.000000
100.400002 1.000000 7.944445 1.000000 1.000000
100.500000 1.000000 7.931818 1.000000 1.000000
100.599998 1.000000 7.941176 1.000000 1.000000
100.699997 1.000000 7.916667 1.000000 1.000000
100.799995 1.000000 8.000000 1.000000 1.000000
100.900002 1.000000 8.000000 1.000000 1.000000
