0.000000 0.001300 0.008897 0.001000 0.000300
0.100000 0.011598 0.084483 0.010998 0.008698
0.200000 0.019898 0.159584 0.020198 0.015998
0.300000 0.027014 0.216008 0.028314 0.024412
0.400000 0.036729 0.267614 0.040332 0.032526
0.500000 0.047476 0.317208 0.050982 0.042167
0.600000 0.056241 0.361103 0.061153 0.051529
0.700000 0.064707 0.401284 0.071027 0.058186
0.800000 0.075286 0.449408 0.078900 0.068360
0.900000 0.085309 0.488846 0.086314 0.078979
1.000000 0.095042 0.519461 0.092427 0.085387
1.100000 0.102990 0.554415 0.099164 0.092923
1.200000 0.112611 0.583400 0.103546 0.097401
1.300000 0.121900 0.606675 0.110103 0.104860
1.400000 0.132721 0.626161 0.114958 0.110315
1.500000 0.139711 0.657541 0.121426 0.115567
1.600000 0.148013 0.691336 0.126580 0.121322
1.700000 0.157932 0.717119 0.131323 0.124241
1.800000 0.166380 0.748051 0.133975 0.130633
1.900000 0.174318 0.778757 0.139860 0.137225
2.000000 0.182814 0.805418 0.144770 0.140611
2.100000 0.190515 0.832233 0.149284 0.143699
2.200000 0.199044 0.865203 0.154214 0.149029
2.300000 0.207388 0.889793 0.161697 0.151928
2.400000 0.215646 0.926047 0.166242 0.156463
2.500000 0.222959 0.962585 0.170558 0.160159
2.600000 0.231224 0.998980 0.174184 0.168469
2.700000 0.239224 1.037589 0.178345 0.175689
2.800000 0.245680 1.070238 0.183826 0.177794
2.900000 0.255040 1.104595 0.185447 0.183912
3.000000 0.262063 1.143018 0.187993 0.188198
3.100000 0.269511 1.179571 0.192493 0.193826
3.200000 0.276152 1.221948 0.197002 0.196797
3.300000 0.283732 1.257219 0.199568 0.202240
3.400000 0.290917 1.299558 0.201831 0.207180
3.500000 0.296571 1.340645 0.207085 0.211616
3.600000 0.304133 1.382665 0.210141 0.216016
3.700000 0.312223 1.425993 0.215575 0.220732
3.800000 0.318844 1.464636 0.222096 0.225710
3.900000 0.324651 1.509251 0.229664 0.229974
4.000000 0.332126 1.559648 0.236110 0.237144
4.100000 0.339097 1.607372 0.241458 0.241458
4.200000 0.346082 1.654954 0.246891 0.245958
4.300000 0.352978 1.697551 0.253476 0.249844
4.400000 0.359643 1.746807 0.260775 0.255063
4.500000 0.366358 1.791662 0.262813 0.260110
4.600000 0.374649 1.833698 0.265792 0.264440
4.700000 0.380456 1.888634 0.271903 0.270549
4.800000 0.386797 1.935968 0.278861 0.277505
4.900000 0.392797 1.982672 0.284134 0.282881
5.000000 0.399060 2.031975 0.289551 0.289237
5.100000 0.405230 2.078138 0.296339 0.294142
5.200000 0.410785 2.123141 0.301257 0.299476
5.300000 0.415723 2.176205 0.305556 0.304507
5.400000 0.421196 2.227597 0.311962 0.308814
5.500000 0.428046 2.276996 0.319013 0.314496
5.600000 0.434655 2.328357 0.323520 0.317948
5.700000 0.440585 2.372697 0.329755 0.321650
5.800000 0.446318 2.425772 0.336424 0.326414
5.900000 0.451746 2.470942 0.341947 0.332243
6.000000 0.457502 2.518425 0.347376 0.337346
6.100000 0.462270 2.567850 0.352885 0.343479
6.200000 0.466885 2.611934 0.357385 0.349238
6.300000 0.471778 2.661231 0.364397 0.354125
6.400000 0.477897 2.709424 0.370084 0.359377
6.500000 0.483286 2.755280 0.376738 0.366019
6.600000 0.487730 2.807288 0.382981 0.373101
6.700000 0.492609 2.856110 0.387217 0.378284
6.800000 0.495848 2.900043 0.395039 0.385459
6.900000 0.500000 2.947997 0.402067 0.390772
7.000000 0.504907 2.991892 0.407297 0.395989
7.100000 0.510731 3.042285 0.412814 0.401388
7.200000 0.516139 3.084759 0.418234 0.406905
7.300000 0.521293 3.128718 0.422320 0.410122
7.400000 0.526457 3.174486 0.425343 0.414953
7.500000 0.531954 3.219815 0.430624 0.420545
7.600000 0.536818 3.264920 0.435165 0.423680
7.700000 0.541049 3.307866 0.439179 0.430367
7.800000 0.545826 3.354346 0.443524 0.436532
7.900000 0.550937 3.399418 0.448740 0.442386
8.000000 0.555675 3.443031 0.452301 0.447558
8.099999 0.559728 3.484191 0.458293 0.452034
8.200000 0.564114 3.526197 0.462569 0.457276
8.300000 0.568772 3.569529 0.465939 0.463560
8.400000 0.572418 3.612037 0.470448 0.467417
8.500000 0.576398 3.658431 0.477460 0.473342
8.599999 0.580540 3.698992 0.482699 0.477709
8.700000 0.586491 3.739929 0.487241 0.483766
8.800000 0.591151 3.777367 0.489836 0.488097
8.900000 0.594298 3.818043 0.494613 0.491784
9.000000 0.597124 3.859135 0.499619 0.497113
9.099999 0.600611 3.897589 0.504090 0.502236
9.200000 0.604542 3.934709 0.510209 0.507807
9.300000 0.608919 3.975079 0.516013 0.512296
9.400000 0.612211 4.016851 0.522158 0.518437
9.500000 0.616059 4.055428 0.526564 0.523825
9.599999 0.619476 4.093431 0.531089 0.528347
9.700000 0.621912 4.132287 0.536173 0.531672
9.800000 0.624904 4.165512 0.540279 0.535443
9.900000 0.627572 4.201562 0.543184 0.539443
10.000000 0.630466 4.235158 0.547637 0.543342
10.099999 0.634359 4.266402 0.552983 0.547690
10.200000 0.638852 4.305078 0.557726 0.553201
10.300000 0.642320 4.340442 0.561326 0.558343
10.400000 0.644912 4.372014 0.566150 0.564381
10.500000 0.648283 4.406534 0.570321 0.568882
10.599999 0.651441 4.441796 0.574945 0.573282
10.700000 0.655161 4.474806 0.579134 0.577691
10.800000 0.658111 4.507111 0.583889 0.583444
10.900000 0.660957 4.539711 0.587208 0.586652
11.000000 0.664811 4.576503 0.590535 0.589978
11.099999 0.669231 4.612263 0.593088 0.593200
11.200000 0.672358 4.646021 0.597255 0.597255
11.300000 0.675008 4.679924 0.599933 0.600938
11.400000 0.678448 4.712672 0.604966 0.604183
11.500000 0.681559 4.744597 0.609002 0.607323
11.599999 0.684565 4.775474 0.611591 0.610694
11.700000 0.689295 4.805319 0.614452 0.614565
11.800000 0.693440 4.834195 0.618288 0.618063
11.900000 0.695232 4.865047 0.622020 0.621570
12.000000 0.697591 4.895969 0.625985 0.624184
12.099999 0.700744 4.925834 0.630298 0.627480
12.200000 0.703227 4.952945 0.634845 0.632476
12.300000 0.705716 4.980908 0.638613 0.636127
12.400000 0.707871 5.011536 0.642728 0.638430
12.500000 0.711390 5.041327 0.645494 0.640965
12.599999 0.714237 5.069145 0.649286 0.643845
12.700000 0.716523 5.101566 0.652633 0.646391
12.799999 0.719268 5.129743 0.656442 0.650080
12.900000 0.722247 5.159349 0.659918 0.653890
13.000000 0.725233 5.183784 0.663516 0.657823
13.099999 0.727231 5.210076 0.666819 0.661005
13.200000 0.728632 5.235536 0.669405 0.662673
13.299999 0.731064 5.262310 0.671084 0.665715
13.400000 0.734302 5.288116 0.673567 0.668992
13.500000 0.736517 5.314439 0.676972 0.672049
13.599999 0.739195 5.339218 0.680385 0.676029
13.700000 0.742339 5.368989 0.683921 0.678756
13.799999 0.743996 5.394576 0.686545 0.681604
13.900000 0.746003 5.417692 0.689405 0.683538
14.000000 0.748704 5.441437 0.692387 0.686284
14.099999 0.751211 5.466682 0.695527 0.689878
14.200000 0.754155 5.491113 0.698523 0.693098
14.299999 0.755835 5.515716 0.701179 0.695632
14.400000 0.757201 5.538578 0.703181 0.698554
14.500000 0.759611 5.563919 0.707156 0.700787
14.599999 0.761651 5.583817 0.709251 0.704266
14.700000 0.763463 5.609215 0.711467 0.707405
14.799999 0.764815 5.632466 0.713804 0.710318
14.900000 0.768032 5.653327 0.715798 0.712308
15.000000 0.770673 5.674820 0.718379 0.714768
15.099999 0.772038 5.696362 0.721315 0.718400
15.200000 0.774107 5.716671 0.724259 0.720523
15.299999 0.775830 5.740884 0.726274 0.723703
15.400000 0.778025 5.762111 0.728762 0.726656
15.500000 0.779991 5.787254 0.732310 0.729147
15.599999 0.782690 5.806966 0.734842 0.731559
15.700000 0.784549 5.827521 0.736879 0.734414
15.799999 0.787234 5.848712 0.739744 0.736335
15.900000 0.789102 5.869719 0.740850 0.738025
16.000000 0.791588 5.889256 0.743638 0.740575
16.100000 0.793465 5.911772 0.745813 0.743336
16.199999 0.795017 5.931633 0.748495 0.745425
16.299999 0.798085 5.953304 0.749852 0.748670
16.400000 0.799976 5.973015 0.752633 0.750976
16.500000 0.801872 5.994194 0.754829 0.751985
16.600000 0.804129 6.014948 0.756673 0.754063
16.699999 0.806034 6.033258 0.759235 0.756741
16.799999 0.809394 6.049583 0.761831 0.758026
16.900000 0.812262 6.067857 0.764762 0.760238
17.000000 0.813349 6.083910 0.765912 0.761740
17.100000 0.815394 6.098807 0.768138 0.764558
17.199999 0.816726 6.116965 0.770848 0.766906
17.299999 0.817823 6.136364 0.772488 0.769019
17.400000 0.820000 6.153653 0.774970 0.770419
17.500000 0.822204 6.172522 0.777605 0.773049
17.600000 0.824151 6.186412 0.779258 0.774937
17.699999 0.826103 6.205624 0.781517 0.775748
17.799999 0.827939 6.220310 0.783420 0.777764
17.900000 0.830261 6.236598 0.785568 0.780990
18.000000 0.831625 6.257870 0.787119 0.783259
18.100000 0.833112 6.273155 0.789156 0.784929
18.199999 0.834482 6.287752 0.790956 0.786725
18.299999 0.837671 6.302990 0.792640 0.788767
18.400000 0.838565 6.318871 0.793358 0.791540
18.500000 0.839704 6.336610 0.795899 0.793836
18.600000 0.840846 6.351111 0.797716 0.795408
18.699999 0.842112 6.364067 0.799781 0.796983
18.799999 0.843503 6.374863 0.802217 0.799294
18.900000 0.845263 6.391171 0.803804 0.800878
19.000000 0.846173 6.408253 0.805030 0.802588
19.100000 0.847451 6.423297 0.806258 0.803814
19.199999 0.849100 6.438135 0.807612 0.805654
19.299999 0.851244 6.451416 0.809337 0.807867
19.400000 0.853270 6.469513 0.811680 0.809471
19.500000 0.854809 6.483355 0.813414 0.811448
19.600000 0.856598 6.496863 0.814906 0.812692
19.699999 0.857037 6.511883 0.816279 0.815047
19.799999 0.858464 6.524843 0.818641 0.816299
19.900000 0.859894 6.538699 0.821133 0.817800
20.000000 0.861327 6.554937 0.821777 0.818935
20.100000 0.862517 6.568741 0.822794 0.820814
20.199999 0.863833 6.584191 0.824309 0.822203
20.299999 0.865401 6.599305 0.825208 0.824215
20.400000 0.866352 6.614209 0.826357 0.826233
20.500000 0.868051 6.626788 0.827882 0.827758
20.600000 0.869132 6.639646 0.829037 0.829037
20.699999 0.869842 6.652412 0.830320 0.829822
20.799999 0.871302 6.665585 0.831482 0.831607
20.900000 0.873141 6.679540 0.833021 0.832521
21.000000 0.874359 6.692654 0.834188 0.833688
21.100000 0.875955 6.703170 0.835985 0.834732
21.199999 0.877054 6.715594 0.837536 0.835403
21.299999 0.878282 6.727923 0.838588 0.837458
21.400000 0.878757 6.739908 0.840523 0.839517
21.500000 0.879501 6.752330 0.841476 0.841098
21.600000 0.880610 6.764625 0.843293 0.842284
21.699999 0.881848 6.776572 0.844105 0.844231
21.799999 0.882710 6.788929 0.845677 0.846057
21.900000 0.883827 6.802455 0.847254 0.847507
22.000000 0.885580 6.815636 0.848454 0.848708
22.100000 0.886831 6.825552 0.849277 0.850038
22.199999 0.887957 6.836256 0.849975 0.851372
22.299999 0.888960 6.849911 0.850547 0.853091
22.400000 0.889837 6.860927 0.851375 0.855069
22.500000 0.890334 6.869421 0.853099 0.855267
22.600000 0.891343 6.879214 0.854954 0.856742
22.699999 0.892611 6.891204 0.856431 0.857965
22.799999 0.893497 6.900921 0.858295 0.859447
22.900000 0.894130 6.910151 0.859523 0.860677
23.000000 0.895406 6.919661 0.860883 0.862038
23.100000 0.896171 6.929838 0.861861 0.863531
23.199999 0.896552 6.940685 0.863098 0.864642
23.299999 0.897578 6.949111 0.864081 0.865370
23.400000 0.898478 6.958333 0.864551 0.866744
23.500000 0.899509 6.967967 0.866184 0.867734
23.600000 0.900414 6.976074 0.867951 0.868598
23.699999 0.901593 6.986145 0.869092 0.870128
23.799999 0.902373 6.995203 0.871127 0.870738
23.900000 0.903544 7.003895 0.872517 0.871219
24.000000 0.904199 7.013258 0.873781 0.871962
24.100000 0.905506 7.020565 0.874919 0.873617
24.199999 0.906946 7.028150 0.876320 0.874625
24.299999 0.907608 7.037845 0.877985 0.875636
24.400000 0.908925 7.044296 0.879132 0.876650
24.500000 0.909460 7.052466 0.879759 0.877535
24.600000 0.909865 7.061313 0.880519 0.878161
24.699999 0.910403 7.070445 0.881149 0.878919
24.799999 0.911073 7.077631 0.882044 0.879680
24.900000 0.911745 7.086413 0.882941 0.880573
25.000000 0.912024 7.095220 0.883840 0.881601
25.100000 0.912963 7.103917 0.885533 0.882368
25.199999 0.914301 7.111448 0.886439 0.883269
25.299999 0.915510 7.121777 0.887611 0.884173
25.400000 0.915939 7.131454 0.888139 0.885094
25.500000 0.917418 7.142232 0.889316 0.885870
25.599998 0.917972 7.151845 0.889833 0.887311
25.699999 0.918527 7.160819 0.890750 0.888623
25.799999 0.919484 7.168486 0.891137 0.889406
25.900000 0.920842 7.174307 0.891658 0.890858
26.000000 0.921938 7.180812 0.892180 0.892314
26.099998 0.923303 7.185329 0.892704 0.893373
26.199999 0.924003 7.193203 0.893096 0.894702
26.299999 0.924705 7.202036 0.893355 0.895900
26.400000 0.925812 7.209552 0.894419 0.896297
26.500000 0.926249 7.215207 0.895755 0.897367
26.599998 0.927226 7.221819 0.897094 0.898171
26.699999 0.927802 7.227506 0.897764 0.898842
26.799999 0.928109 7.233882 0.899110 0.899919
26.900000 0.928282 7.240815 0.900324 0.900999
27.000000 0.929267 7.250338 0.901677 0.901947
27.099998 0.929848 7.258802 0.903169 0.902763
27.199999 0.930431 7.265256 0.903851 0.903580
27.299999 0.931423 7.274171 0.904536 0.904400
27.400000 0.931602 7.281479 0.905222 0.905358
27.500000 0.931509 7.288671 0.905910 0.905501
27.599998 0.932097 7.295200 0.906190 0.906054
27.699999 0.932560 7.303482 0.907304 0.906621
27.799999 0.933971 7.310595 0.908544 0.907450
27.900000 0.934565 7.316085 0.909240 0.908145
28.000000 0.934887 7.322276 0.909527 0.909390
28.099998 0.935347 7.327385 0.910776 0.910226
28.199999 0.936220 7.335258 0.911478 0.911615
28.299999 0.936407 7.342327 0.912182 0.912044
28.400000 0.937009 7.345831 0.912474 0.912750
28.500000 0.937888 7.352243 0.913872 0.913596
28.599998 0.938632 7.357567 0.914444 0.914720
28.699999 0.940208 7.364152 0.915017 0.915848
28.799999 0.941095 7.369092 0.915870 0.916840
28.900000 0.941707 7.376405 0.916447 0.917696
29.000000 0.942043 7.380820 0.917165 0.917999
29.099998 0.942241 7.387474 0.917745 0.918720
29.199999 0.942857 7.392613 0.918467 0.919164
29.299999 0.943475 7.396092 0.919330 0.920168
29.400000 0.944095 7.402515 0.919637 0.920475
29.500000 0.944305 7.406941 0.920095 0.921215
29.599998 0.944507 7.412696 0.920263 0.921805
29.699999 0.944990 7.418888 0.921555 0.922397
29.799999 0.945053 7.424677 0.922990 0.923412
29.900000 0.945680 7.428370 0.924430 0.924149
30.000000 0.947012 7.433625 0.925310 0.924324
30.099998 0.946938 7.436776 0.925910 0.924922
30.199999 0.947428 7.442482 0.926654 0.925806
30.299999 0.948203 7.448485 0.927116 0.926550
30.400000 0.948554 7.453515 0.927721 0.927721
30.500000 0.948907 7.458416 0.928186 0.929038
30.599998 0.949403 7.461910 0.928937 0.929648
30.699999 0.949900 7.465841 0.929263 0.930828
30.799999 0.950257 7.469926 0.930017 0.930872
30.900000 0.950471 7.473880 0.931345 0.931773
31.000000 0.950400 7.478702 0.932247 0.932247
31.099998 0.950902 7.482680 0.933152 0.933152
31.199999 0.951835 7.487529 0.933773 0.934203
31.299999 0.952771 7.492392 0.934109 0.935257
31.400000 0.952703 7.497125 0.934158 0.935739
31.500000 0.954369 7.500504 0.934648 0.936088
31.599998 0.954591 7.503820 0.934842 0.936572
31.699999 0.955103 7.506568 0.935903 0.936914
31.799999 0.955327 7.511638 0.936244 0.937256
31.900000 0.956131 7.517012 0.937600 0.937600
32.000000 0.956358 7.519937 0.937799 0.937944
32.099998 0.956585 7.521998 0.938580 0.938870
32.200001 0.956376 7.527410 0.939508 0.938491
32.299999 0.957041 7.531528 0.939712 0.938838
32.399998 0.957270 7.536677 0.940499 0.939915
32.500000 0.957061 7.540675 0.940704 0.940558
32.599998 0.957145 7.544683 0.941641 0.940910
32.700001 0.957815 7.548850 0.942434 0.941702
32.799999 0.957899 7.552443 0.942937 0.942203
32.899998 0.958431 7.555963 0.943449 0.942421
33.000000 0.958370 7.559870 0.944395 0.942630
33.099998 0.958456 7.563642 0.944755 0.942693
33.200001 0.958690 7.566687 0.945117 0.943051
33.299999 0.958924 7.570479 0.945331 0.943706
33.399998 0.959455 7.574135 0.946138 0.943918
33.500000 0.960136 7.578246 0.946651 0.944280
33.599998 0.960819 7.581775 0.947017 0.944345
33.700001 0.960612 7.585910 0.947087 0.945006
33.799999 0.960851 7.588419 0.947752 0.945073
33.899998 0.961389 7.591234 0.948867 0.945289
34.000000 0.961182 7.594357 0.949239 0.945357
34.099998 0.961872 7.598834 0.949761 0.945126
34.200001 0.961815 7.602127 0.949686 0.945642
34.299999 0.961908 7.605429 0.950210 0.945861
34.399998 0.962902 7.607690 0.950736 0.946831
34.500000 0.962846 7.610409 0.951414 0.947653
34.599998 0.962941 7.614040 0.951943 0.948177
34.700001 0.963187 7.616626 0.952474 0.948552
34.799999 0.963584 7.620127 0.952856 0.949229
34.899998 0.963832 7.623638 0.953238 0.949607
35.000000 0.964080 7.625492 0.953319 0.949682
35.099998 0.964633 7.628718 0.953097 0.949605
35.200001 0.965187 7.631195 0.953481 0.949985
35.299999 0.965286 7.632613 0.953258 0.950974
35.399998 0.965538 7.635102 0.954254 0.951662
35.500000 0.965791 7.638668 0.954490 0.951741
35.599998 0.965892 7.641480 0.954573 0.952126
35.700001 0.965839 7.642923 0.954963 0.952206
35.799999 0.966401 7.645137 0.955815 0.952746
35.899998 0.966503 7.647511 0.956208 0.952674
36.000000 0.966605 7.648661 0.956448 0.953370
36.099998 0.966708 7.651665 0.956535 0.953298
36.200001 0.966811 7.654214 0.956777 0.953689
36.299999 0.967069 7.658164 0.957019 0.953618
36.399998 0.966708 7.661505 0.957262 0.953546
36.500000 0.966811 7.664237 0.957661 0.953164
36.599998 0.966915 7.666977 0.958217 0.953402
36.700001 0.967019 7.669882 0.958619 0.953640
36.799999 0.967280 7.673107 0.959333 0.954347
36.899998 0.967385 7.674782 0.959426 0.955212
37.000000 0.967490 7.676461 0.959675 0.955611
37.099998 0.967596 7.679399 0.960395 0.956168
37.200001 0.967231 7.681562 0.960960 0.956883
37.299999 0.967494 7.683417 0.961055 0.956972
37.399998 0.967443 7.686065 0.961623 0.956905
37.500000 0.967391 7.687933 0.961563 0.957309
37.599998 0.967813 7.690438 0.961502 0.958346
37.700001 0.968078 7.692478 0.961757 0.958439
37.799999 0.968186 7.693416 0.961855 0.959006
37.899998 0.968611 7.696735 0.962270 0.958624
38.000000 0.968720 7.697523 0.962845 0.959352
38.099998 0.969307 7.699268 0.962945 0.958969
38.200001 0.969258 7.701179 0.963046 0.959223
38.299999 0.969528 7.702617 0.963306 0.959317
38.399998 0.969799 7.706137 0.963567 0.959572
38.500000 0.969750 7.707267 0.963668 0.959827
38.599998 0.970022 7.708560 0.963450 0.960564
38.700001 0.970777 7.711143 0.963552 0.960822
38.799999 0.971213 7.711643 0.964136 0.961242
38.899998 0.970844 7.713112 0.964240 0.961662
39.000000 0.971281 7.715877 0.964989 0.961762
39.099998 0.972204 7.718164 0.965255 0.961700
39.200001 0.972159 7.719650 0.965847 0.962124
39.299999 0.972601 7.720655 0.966278 0.962711
39.399998 0.973368 7.722962 0.966385 0.962813
39.500000 0.973487 7.725276 0.966168 0.963077
39.599998 0.973770 7.726784 0.966439 0.963343
39.700001 0.974054 7.728296 0.966547 0.963773
39.799999 0.974338 7.731121 0.966656 0.964531
39.899998 0.974787 7.732973 0.967092 0.964473
40.000000 0.975238 7.734503 0.967366 0.964743
40.099998 0.975033 7.737680 0.967641 0.965013
40.200001 0.975485 7.739058 0.967753 0.965285
40.299999 0.975610 7.740936 0.967864 0.965887
40.399998 0.976230 7.743810 0.968141 0.965995
40.500000 0.976356 7.745205 0.968419 0.966766
40.599998 0.976979 7.747102 0.968533 0.966380
40.700001 0.976775 7.747677 0.968646 0.966821
40.799999 0.976736 7.749917 0.968594 0.967099
40.899998 0.977031 7.750333 0.968875 0.967210
41.000000 0.977159 7.752584 0.969323 0.968156
41.099998 0.977121 7.752505 0.969606 0.968771
41.200001 0.976915 7.753932 0.969555 0.968886
41.299999 0.976542 7.755194 0.969504 0.969001
41.399998 0.977341 7.756966 0.969453 0.969117
41.500000 0.977471 7.759079 0.969401 0.969065
41.599998 0.976760 7.760862 0.969687 0.969013
41.700001 0.976889 7.761808 0.969467 0.969298
41.799999 0.976850 7.763940 0.969753 0.969415
41.899998 0.976980 7.765572 0.969533 0.970041
42.000000 0.977450 7.767209 0.969651 0.969990
42.099998 0.977751 7.771230 0.970448 0.970618
42.200001 0.977714 7.774072 0.970568 0.970568
42.299999 0.977846 7.774711 0.970859 0.970688
42.399998 0.977808 7.776545 0.971663 0.971151
42.500000 0.977770 7.777702 0.971614 0.971443
42.599998 0.978246 7.779890 0.971737 0.971737
42.700001 0.977865 7.782430 0.972032 0.972032
42.799999 0.978343 7.783946 0.971983 0.972499
42.899998 0.978306 7.784780 0.972280 0.973140
43.000000 0.978268 7.785443 0.972404 0.973267
43.099998 0.978404 7.787319 0.972357 0.973566
43.200001 0.978885 7.788681 0.972136 0.973520
43.299999 0.979196 7.790396 0.972261 0.973821
43.399998 0.979680 7.792115 0.972734 0.973949
43.500000 0.979645 7.792972 0.973034 0.974078
43.599998 0.979610 7.795225 0.972813 0.974207
43.700001 0.979749 7.796089 0.972940 0.974511
43.799999 0.979538 7.796957 0.973242 0.974467
43.899998 0.979678 7.797828 0.973546 0.974597
44.000000 0.979817 7.800282 0.973675 0.974552
44.099998 0.979782 7.800633 0.973980 0.975211
44.200001 0.979746 7.800458 0.973934 0.975343
44.299999 0.980063 7.802223 0.974065 0.975300
44.399998 0.980205 7.803995 0.974373 0.975433
44.500000 0.979993 7.804533 0.974681 0.975390
44.599998 0.980135 7.806137 0.974991 0.975346
44.700001 0.979744 7.806681 0.974591 0.975657
44.799999 0.979708 7.808651 0.974724 0.975614
44.899998 0.980385 7.809736 0.975036 0.975571
45.000000 0.980529 7.811183 0.974991 0.976242
45.099998 0.980673 7.812813 0.975304 0.976378
45.200001 0.980459 7.812836 0.975439 0.976515
45.299999 0.980963 7.814476 0.975754 0.976473
45.399998 0.980928 7.814861 0.975891 0.976610
45.500000 0.981074 7.816871 0.976027 0.976929
45.599998 0.981401 7.817805 0.976165 0.977790
45.700001 0.981910 7.819103 0.976122 0.977569
45.799999 0.982240 7.820768 0.976260 0.977528
45.899998 0.982389 7.823167 0.976216 0.977487
46.000000 0.982721 7.823936 0.976537 0.977628
46.099998 0.983236 7.824344 0.976312 0.977952
46.200001 0.983023 7.824023 0.976999 0.977912
46.299999 0.983175 7.824433 0.976774 0.978054
46.399998 0.983144 7.825394 0.977098 0.978014
46.500000 0.983113 7.825624 0.977239 0.977974
46.599998 0.983082 7.826775 0.977381 0.978117
46.700001 0.983235 7.827560 0.977340 0.977892
46.799999 0.983204 7.828719 0.977113 0.978036
46.899998 0.983913 7.828773 0.977071 0.978550
47.000000 0.983883 7.828640 0.977214 0.978881
47.099998 0.983667 7.829064 0.977728 0.979213
47.200001 0.983637 7.830420 0.978245 0.979546
47.299999 0.983979 7.831780 0.978390 0.979508
47.399998 0.983763 7.832400 0.978350 0.979470
47.500000 0.983919 7.832648 0.978310 0.979432
47.599998 0.984076 7.833646 0.978269 0.979580
47.700001 0.984047 7.834084 0.978416 0.979917
47.799999 0.984205 7.834524 0.978187 0.979880
47.899998 0.984363 7.836096 0.978146 0.980030
48.000000 0.984334 7.835976 0.978294 0.980181
48.099998 0.984304 7.835666 0.978631 0.980333
48.200001 0.984464 7.835354 0.978969 0.980485
48.299999 0.984244 7.835990 0.978929 0.980638
48.399998 0.984024 7.836821 0.979650 0.980791
48.500000 0.983806 7.838255 0.979996 0.980568
48.599998 0.983776 7.839091 0.980149 0.980340
48.700001 0.983936 7.839167 0.980111 0.980493
48.799999 0.983905 7.839624 0.980264 0.980648
48.899998 0.984066 7.838933 0.980227 0.980610
49.000000 0.984420 7.839969 0.980381 0.980958
49.099998 0.984583 7.841203 0.980536 0.980536
49.200001 0.984746 7.842440 0.980498 0.980691
49.299999 0.984330 7.843103 0.980654 0.980654
49.399998 0.984687 7.843962 0.980810 0.980810
49.500000 0.984657 7.844824 0.980967 0.980773
49.599998 0.984822 7.844717 0.981514 0.980736
49.700001 0.984792 7.846559 0.981478 0.981088
49.799999 0.985153 7.847041 0.981832 0.981246
49.899998 0.985516 7.846937 0.981797 0.981601
50.000000 0.985487 7.848009 0.981957 0.981369
50.099998 0.985459 7.849283 0.982315 0.981529
50.200001 0.985430 7.849183 0.982477 0.981492
50.299999 0.985599 7.849280 0.982640 0.981456
50.399998 0.985570 7.850168 0.982408 0.981617
50.500000 0.985542 7.851654 0.982571 0.981779
50.599998 0.985513 7.851757 0.982338 0.981941
50.700001 0.985683 7.851860 0.982700 0.981308
50.799999 0.985655 7.852759 0.982467 0.981271
50.899998 0.985626 7.852665 0.982831 0.981433
51.000000 0.985597 7.852571 0.983197 0.981796
51.099998 0.985568 7.853077 0.983363 0.981760
51.199997 0.985740 7.853987 0.983531 0.982125
51.299999 0.985913 7.853895 0.983699 0.982290
51.399998 0.985884 7.855616 0.984271 0.982859
51.500000 0.986058 7.855324 0.984239 0.983431
51.599998 0.986030 7.855031 0.984612 0.983600
51.699997 0.986204 7.855549 0.984581 0.983567
51.799999 0.986379 7.855662 0.984956 0.983533
51.899998 0.986555 7.856183 0.984315 0.983703
52.000000 0.986528 7.855889 0.984487 0.983874
52.099998 0.986500 7.855799 0.984659 0.984250
52.199997 0.987087 7.856733 0.984628 0.984218
52.299999 0.987061 7.857055 0.984596 0.983980
52.399998 0.987034 7.857789 0.984359 0.983947
52.500000 0.986801 7.858527 0.984533 0.983502
52.599998 0.987187 7.859062 0.984708 0.983881
52.699997 0.987368 7.859598 0.985090 0.983848
52.799999 0.987342 7.859930 0.984852 0.984229
52.899998 0.987315 7.860886 0.984820 0.984404
53.000000 0.987497 7.861846 0.984997 0.984580
53.099998 0.987471 7.863020 0.985174 0.984339
53.199997 0.987654 7.862942 0.985143 0.984097
53.299999 0.987838 7.862864 0.985112 0.984064
53.399998 0.988023 7.863416 0.985081 0.984240
53.500000 0.988208 7.863761 0.985471 0.984418
53.599998 0.988183 7.864318 0.985229 0.984174
53.699997 0.987735 7.864454 0.985621 0.983929
53.799999 0.988133 7.864378 0.985590 0.983895
53.899998 0.988533 7.864727 0.986197 0.984073
54.000000 0.988721 7.866142 0.986380 0.984039
54.099998 0.988697 7.866496 0.986138 0.984218
54.199997 0.989100 7.867065 0.986108 0.984185
54.299999 0.989291 7.868279 0.985864 0.984151
54.399998 0.989268 7.867998 0.985834 0.983687
54.500000 0.989030 7.869220 0.985803 0.984083
54.599998 0.989437 7.870877 0.985773 0.984048
54.699997 0.989415 7.870599 0.985742 0.984662
54.799999 0.989608 7.871834 0.986361 0.984845
54.899998 0.989586 7.872206 0.986548 0.984595
55.000000 0.989780 7.873451 0.986736 0.984562
55.099998 0.989976 7.874918 0.986707 0.984528
55.199997 0.989954 7.875736 0.986678 0.984276
55.299999 0.989494 7.877654 0.986868 0.984242
55.399998 0.989910 7.877605 0.986839 0.984207
55.500000 0.989888 7.878215 0.986590 0.984172
55.599998 0.989645 7.879269 0.986561 0.984358
55.699997 0.990064 7.878781 0.986531 0.984323
55.799999 0.990263 7.878512 0.986280 0.984731
55.899998 0.990242 7.879353 0.986471 0.984697
56.000000 0.989775 7.881307 0.985997 0.984441
56.099998 0.989753 7.881265 0.985966 0.984629
56.199997 0.989953 7.880107 0.985934 0.985041
56.299999 0.989931 7.881629 0.986350 0.985232
56.399998 0.990357 7.880466 0.986320 0.985198
56.500000 0.990110 7.880872 0.986289 0.985165
56.599998 0.990313 7.880153 0.986709 0.985132
56.699997 0.990517 7.881011 0.986679 0.985098
56.799999 0.990496 7.881873 0.986875 0.985065
56.899998 0.990247 7.882514 0.986845 0.985031
57.000000 0.989998 7.881791 0.987270 0.984997
57.099998 0.989975 7.881750 0.987241 0.984962
57.199997 0.989952 7.881480 0.987440 0.984928
57.299999 0.990158 7.881667 0.987640 0.985122
57.399998 0.990135 7.881854 0.987612 0.985088
57.500000 0.990113 7.882502 0.987123 0.985514
57.599998 0.990090 7.882922 0.986633 0.985481
57.699997 0.990529 7.883345 0.986602 0.985678
57.799999 0.990739 7.884464 0.986571 0.985645
57.899998 0.990485 7.884892 0.986540 0.985379
58.000000 0.990463 7.885322 0.986508 0.985578
58.099998 0.990207 7.885988 0.986477 0.985778
58.199997 0.989951 7.886656 0.986679 0.985978
58.299999 0.989693 7.886624 0.986648 0.985945
58.399998 0.989904 7.887063 0.986382 0.985912
58.500000 0.989880 7.887738 0.986350 0.985879
58.599998 0.989856 7.888181 0.986553 0.986082
58.699997 0.990069 7.887680 0.986758 0.986285
58.799999 0.989808 7.888836 0.987201 0.985779
58.899998 0.989546 7.889523 0.986933 0.985745
59.000000 0.989759 7.889497 0.986902 0.985711
59.099998 0.989496 7.889472 0.987109 0.985677
59.199997 0.989710 7.891602 0.987078 0.986121
59.299999 0.989686 7.891820 0.987047 0.986088
59.399998 0.990142 7.892282 0.987257 0.986054
59.500000 0.990118 7.891541 0.987226 0.986262
59.599998 0.990577 7.891278 0.987678 0.986470
59.699997 0.990312 7.891257 0.987891 0.986680
59.799999 0.990046 7.890750 0.987618 0.986647
59.899998 0.990022 7.891214 0.987588 0.986858
60.000000 0.989510 7.893145 0.987802 0.986582
60.099998 0.989729 7.891905 0.988017 0.987038
60.199997 0.989458 7.892131 0.987497 0.987007
60.299999 0.989432 7.892603 0.987220 0.986975
60.399998 0.989406 7.892091 0.987435 0.986696
60.500000 0.989380 7.892319 0.987651 0.986910
60.599998 0.989354 7.892795 0.987868 0.986878
60.699997 0.989327 7.893025 0.988086 0.986845
60.799999 0.989301 7.892261 0.988057 0.987310
60.899998 0.989025 7.891494 0.988027 0.987777
61.000000 0.988997 7.890973 0.987997 0.987997
61.099998 0.988970 7.892204 0.988468 0.987967
61.199997 0.988942 7.891430 0.988691 0.987937
61.299999 0.989166 7.891660 0.988662 0.988158
61.399998 0.989139 7.891387 0.988634 0.988128
61.500000 0.988605 7.892125 0.988351 0.988098
61.599998 0.987814 7.892358 0.988068 0.988322
61.699997 0.988038 7.892848 0.988038 0.988292
61.799999 0.988007 7.894361 0.988007 0.988517
61.899998 0.987721 7.895370 0.988488 0.989000
62.000000 0.987946 7.897153 0.988715 0.989228
62.099998 0.987915 7.897917 0.988686 0.988943
62.199997 0.987883 7.898170 0.988399 0.988915
62.299999 0.987852 7.898682 0.988369 0.989145
62.399998 0.988080 7.898419 0.988080 0.989116
62.500000 0.988309 7.898415 0.988309 0.989348
62.599998 0.988278 7.899192 0.988278 0.989320
62.699997 0.988770 7.899973 0.988248 0.989292
62.799999 0.988741 7.898926 0.988217 0.989264
62.899998 0.988711 7.898661 0.987923 0.989236
63.000000 0.988681 7.898658 0.988155 0.989208
63.099998 0.988651 7.897862 0.987860 0.989179
63.199997 0.988886 7.898915 0.988092 0.988886
63.299999 0.988856 7.898912 0.988060 0.988856
63.399998 0.989093 7.899973 0.988295 0.989093
63.500000 0.989064 7.900774 0.987997 0.989064
63.599998 0.989569 7.901845 0.988232 0.989034
63.699997 0.990078 7.903728 0.988469 0.989273
63.799999 0.990320 7.902662 0.988438 0.989513
63.899998 0.990294 7.902670 0.988407 0.989755
64.000000 0.990268 7.902136 0.988646 0.989727
64.099998 0.990241 7.902955 0.989157 0.989699
64.199997 0.989671 7.901876 0.989127 0.989671
64.299995 0.989915 7.901881 0.988825 0.989915
64.400002 0.989888 7.902432 0.989068 0.989341
64.500000 0.990134 7.902987 0.989312 0.989586
64.599998 0.989832 7.902721 0.989558 0.989558
64.699997 0.990080 7.903555 0.990355 0.989253
64.799995 0.989776 7.903289 0.990605 0.988671
64.900002 0.989748 7.903574 0.991133 0.988362
65.000000 0.989442 7.903306 0.991109 0.988330
65.099998 0.989412 7.904151 0.991363 0.988298
65.199997 0.989383 7.904443 0.991059 0.988544
65.299995 0.989633 7.904455 0.991034 0.988792
65.400002 0.990166 7.904748 0.990447 0.988761
65.500000 0.990138 7.905326 0.990420 0.988729
65.599998 0.990110 7.905058 0.989545 0.988980
65.699997 0.990082 7.905355 0.989799 0.989232
65.799995 0.989770 7.905655 0.989770 0.989770
65.900002 0.989741 7.904531 0.989741 0.990026
66.000000 0.989711 7.903973 0.990283 0.989997
66.099998 0.989968 7.905130 0.990255 0.989682
66.199997 0.990227 7.906295 0.990802 0.989652
66.299995 0.990199 7.905448 0.990487 0.989622
66.400002 0.990171 7.904308 0.991038 0.989881
66.500000 0.990432 7.903740 0.991302 0.989852
66.599998 0.990113 7.904042 0.991277 0.989823
66.699997 0.990085 7.904054 0.990959 0.989793
66.799995 0.990056 7.903773 0.990933 0.989763
66.900002 0.990026 7.904371 0.991200 0.989440
67.000000 0.989703 7.902912 0.991174 0.989703
67.099998 0.989968 7.903512 0.990853 0.989082
67.199997 0.990234 7.902635 0.990530 0.989346
67.299995 0.990502 7.901455 0.990502 0.989314
67.400002 0.990473 7.900864 0.991069 0.989283
67.500000 0.989848 7.901165 0.991042 0.989251
67.599998 0.990117 7.903564 0.990716 0.988919
67.699997 0.989486 7.903274 0.990387 0.988886
67.799995 0.989756 7.903887 0.990660 0.988852
67.900002 0.990027 7.902992 0.990632 0.988516
68.000000 0.990300 7.902092 0.989997 0.988481
68.099998 0.989967 7.900882 0.989967 0.988446
68.199997 0.989936 7.901190 0.989326 0.988411
68.299995 0.989293 7.902722 0.989293 0.988376
68.400002 0.989260 7.900890 0.988954 0.988340
68.500000 0.989227 7.901200 0.988920 0.988304
68.599998 0.989812 7.899661 0.989194 0.988268
68.699997 0.990399 7.899350 0.989470 0.988232
68.799995 0.990370 7.901211 0.989438 0.987884
68.900002 0.990340 7.902150 0.989405 0.987847
69.000000 0.990309 7.902157 0.989372 0.987809
69.099998 0.990906 7.903732 0.989338 0.987457
69.199997 0.991192 7.904373 0.989934 0.987417
69.299995 0.991480 7.905017 0.989902 0.987062
69.400002 0.991770 7.905350 0.989870 0.987021
69.500000 0.991743 7.906002 0.990156 0.986980
69.599998 0.991717 7.906021 0.989806 0.987257
69.699997 0.991371 7.906360 0.989773 0.987216
69.799995 0.991343 7.906380 0.989740 0.987175
69.900002 0.990994 7.906722 0.989707 0.987456
70.000000 0.991288 7.906744 0.989997 0.987415
70.099998 0.991259 7.906766 0.989641 0.987375
70.199997 0.991231 7.907437 0.989607 0.987334
70.299995 0.991202 7.907788 0.988921 0.986966
70.400002 0.991827 7.907486 0.988885 0.986924
70.500000 0.991145 7.908494 0.988521 0.986881
70.599998 0.991774 7.908523 0.988154 0.987496
70.699997 0.991416 7.908881 0.988445 0.987455
70.799995 0.991719 7.909241 0.988407 0.987413
70.900002 0.991692 7.908276 0.988368 0.987371
71.000000 0.991664 7.907970 0.988663 0.986996
71.099998 0.991971 7.908665 0.988625 0.986618
71.199997 0.991944 7.908695 0.988251 0.986908
71.299995 0.991916 7.907713 0.987875 0.987201
71.400002 0.992227 7.908415 0.988172 0.986820
71.500000 0.992201 7.907765 0.988132 0.987114
71.599998 0.992174 7.907112 0.988091 0.986730
71.699997 0.991806 7.907477 0.988392 0.986685
71.799995 0.991778 7.908188 0.988352 0.986297
71.900002 0.992094 7.909591 0.988312 0.986937
72.000000 0.991721 7.908934 0.988272 0.986892
72.099998 0.991693 7.910003 0.988231 0.986847
72.199997 0.991664 7.910386 0.988538 0.987496
72.299995 0.991635 7.910422 0.988846 0.987801
72.400002 0.991605 7.910458 0.988458 0.987758
72.500000 0.991576 7.909793 0.988417 0.987715
72.599998 0.991546 7.911589 0.988728 0.986967
72.699997 0.991870 7.911983 0.988689 0.986568
72.799995 0.991841 7.912735 0.989003 0.986165
72.900002 0.992168 7.913492 0.989676 0.986116
73.000000 0.991783 7.912827 0.989639 0.987496
73.099998 0.991395 7.913230 0.989243 0.987451
73.199997 0.991364 7.913639 0.989205 0.987046
73.299995 0.991333 7.913687 0.989527 0.986999
73.400002 0.991301 7.913737 0.989489 0.986952
73.500000 0.991997 7.913787 0.989451 0.986541
73.599998 0.991968 7.913472 0.989412 0.986491
73.699997 0.991572 7.914621 0.989373 0.986442
73.799995 0.991541 7.914674 0.989334 0.986392
73.900002 0.991510 7.913621 0.988926 0.987449
74.000000 0.991108 7.914043 0.988885 0.987773
74.099998 0.991447 7.915582 0.988843 0.987728
74.199997 0.991788 7.915641 0.988802 0.987682
74.299995 0.991757 7.913826 0.988760 0.988010
74.400002 0.991726 7.913501 0.987965 0.988342
74.500000 0.991695 7.913929 0.988297 0.987920
74.599998 0.991664 7.913983 0.988253 0.987874
74.699997 0.992393 7.912895 0.988208 0.987828
74.799995 0.992745 7.914853 0.988163 0.988927
74.900002 0.992334 7.914910 0.988501 0.988885
75.000000 0.992305 7.915352 0.989227 0.988842
75.099998 0.992275 7.915411 0.989185 0.989185
75.199997 0.991082 7.915471 0.989143 0.988755
75.299995 0.991047 7.915531 0.989101 0.988712
75.400002 0.991403 7.915201 0.989840 0.988667
75.500000 0.992154 7.915653 0.989800 0.988623
75.599998 0.992911 7.916897 0.990547 0.988578
75.699997 0.992883 7.916173 0.990906 0.988138
75.799995 0.992854 7.917031 0.990869 0.987694
75.900002 0.992826 7.915903 0.990833 0.988442
76.000000 0.993197 7.915967 0.990796 0.989196
76.099998 0.993170 7.916432 0.990759 0.989554
76.199997 0.993949 7.917306 0.990722 0.989512
76.299995 0.993520 7.917376 0.991090 0.989469
76.400002 0.993493 7.918260 0.990647 0.989833
76.500000 0.993467 7.918334 0.990608 0.989792
76.599998 0.993440 7.918409 0.990160 0.990160
76.699997 0.993413 7.918485 0.990119 0.990119
76.799995 0.993386 7.918561 0.989665 0.990079
76.900002 0.993358 7.916564 0.989622 0.989622
77.000000 0.993747 7.917048 0.989162 0.989579
77.099998 0.993303 7.916283 0.988698 0.989535
77.199997 0.992854 7.916772 0.989491 0.989491
77.299995 0.992824 7.916842 0.989447 0.989447
77.400002 0.992794 7.917762 0.989402 0.989826
77.500000 0.992763 7.917412 0.989783 0.989783
77.599998 0.992732 7.917914 0.989739 0.989312
77.699997 0.992271 7.917561 0.989695 0.989266
77.799995 0.992669 7.918499 0.989651 0.989651
77.900002 0.992638 7.918146 0.989606 0.989606
78.000000 0.992171 7.919096 0.989996 0.989561
78.099998 0.992136 7.920489 0.989952 0.989515
78.199997 0.992102 7.921018 0.990347 0.989469
78.299995 0.992508 7.923314 0.990304 0.989423
78.400002 0.992917 7.923418 0.990261 0.989376
78.500000 0.993330 7.923077 0.990218 0.990218
78.599998 0.993747 7.923180 0.990174 0.990174
78.699997 0.993719 7.922835 0.990130 0.990130
78.799995 0.993691 7.923839 0.990086 0.990086
78.900002 0.993662 7.923042 0.990041 0.990041
79.000000 0.993633 7.924057 0.989995 0.989541
79.099998 0.993604 7.922339 0.989950 0.989493
79.199997 0.993575 7.921065 0.989445 0.989445
79.299995 0.993545 7.920701 0.988935 0.989396
79.400002 0.993515 7.922186 0.988884 0.989347
79.500000 0.993485 7.921824 0.989763 0.989297
79.599998 0.993455 7.923328 0.989715 0.988780
79.699997 0.993894 7.923908 0.989197 0.988727
79.799995 0.993865 7.923549 0.989618 0.988674
79.900002 0.993836 7.922238 0.989569 0.988620
80.000000 0.993807 7.923296 0.989519 0.988566
80.099998 0.993777 7.922451 0.989947 0.988511
80.199997 0.993747 7.922078 0.989899 0.988456
80.299995 0.993717 7.922668 0.990333 0.988883
80.400002 0.992715 7.921806 0.989801 0.988830
80.500000 0.992679 7.920449 0.989751 0.989263
80.599998 0.992153 7.920549 0.990191 0.989210
80.699997 0.992114 7.919172 0.990143 0.989157
80.799995 0.992075 7.917286 0.990589 0.989599
80.900002 0.991040 7.917870 0.991040 0.990543
81.000000 0.990996 7.917959 0.990996 0.990495
81.099998 0.990950 7.920563 0.990950 0.989945
81.199997 0.990905 7.920667 0.990905 0.989894
81.299995 0.990858 7.920772 0.990858 0.989843
81.400002 0.991322 7.920367 0.990812 0.989791
81.500000 0.991278 7.918933 0.990251 0.989738
81.599998 0.991748 7.919031 0.989685 0.990201
81.699997 0.991706 7.918611 0.989114 0.990669
81.799995 0.992705 7.918708 0.989057 0.990620
81.900002 0.992142 7.919330 0.988999 0.991095
82.000000 0.992101 7.919431 0.988942 0.991048
82.099998 0.992059 7.918476 0.988883 0.991001
82.199997 0.992549 7.918573 0.988292 0.990953
82.299995 0.992509 7.917068 0.988229 0.990369
82.400002 0.992469 7.916622 0.988166 0.990855
82.500000 0.991888 7.915630 0.988102 0.990806
82.599998 0.991843 7.918978 0.988037 0.990756
82.699997 0.991252 7.919628 0.987972 0.990705
82.799995 0.990104 7.919187 0.987905 0.990654
82.900002 0.989497 7.919845 0.988391 0.990603
83.000000 0.989439 7.918844 0.989439 0.990550
83.099998 0.989380 7.918949 0.989380 0.991056
83.199997 0.989320 7.920180 0.989320 0.991006
83.299995 0.989259 7.919729 0.989259 0.990955
83.400002 0.989198 7.920409 0.988630 0.990904
83.500000 0.989137 7.920526 0.988565 0.990280
83.599998 0.989074 7.919494 0.989074 0.990224
83.699997 0.989589 7.919606 0.989011 0.989589
83.799995 0.989529 7.919721 0.988947 0.989529
83.900002 0.989468 7.919251 0.988882 0.989468
84.000000 0.989406 7.918776 0.988817 0.988817
84.099998 0.989343 7.917703 0.988751 0.988159
84.199997 0.989279 7.916021 0.989279 0.988684
84.299995 0.989814 7.917315 0.989215 0.989215
84.400002 0.989753 7.916817 0.989753 0.989150
84.500000 0.989691 7.917526 0.990297 0.989084
84.599998 0.989628 7.918853 0.990238 0.989018
84.699997 0.989564 7.919582 0.990178 0.988950
84.799995 0.989500 7.920321 0.990735 0.988882
84.900002 0.989434 7.919204 0.990056 0.988813
85.000000 0.989368 7.919950 0.989994 0.988743
85.099998 0.989301 7.918817 0.989931 0.988672
85.199997 0.989234 7.917036 0.989867 0.989234
85.299995 0.989802 7.917782 0.989802 0.989165
85.400002 0.989737 7.919179 0.989737 0.988454
85.500000 0.990316 7.919303 0.989671 0.989025
85.599998 0.990253 7.917479 0.990253 0.989604
85.699997 0.990190 7.916939 0.990844 0.988882
85.799995 0.990125 7.917050 0.990783 0.988808
85.900002 0.989397 7.916501 0.990722 0.988734
86.000000 0.989993 7.916612 0.990660 0.988659
86.099998 0.989255 7.917395 0.990598 0.988583
86.199997 0.989182 7.918865 0.990534 0.989182
86.299995 0.989108 7.918993 0.990470 0.988428
86.400002 0.989719 7.917752 0.990404 0.991090
86.500000 0.989648 7.917875 0.989648 0.991028
86.599998 0.989576 7.917998 0.988881 0.990966
86.699997 0.989503 7.916025 0.988803 0.990903
86.799995 0.989429 7.915433 0.988724 0.990839
86.900002 0.989354 7.914834 0.989354 0.990774
87.000000 0.989278 7.913509 0.989278 0.991422
87.099998 0.989201 7.912167 0.989201 0.992081
87.199997 0.989123 7.912256 0.989848 0.992023
87.299995 0.988313 7.910884 0.989774 0.991965
87.400002 0.988962 7.910964 0.989698 0.991906
87.500000 0.988881 7.911787 0.989622 0.991846
87.599998 0.988798 7.911874 0.989544 0.991785
87.699997 0.987961 7.911963 0.989466 0.991723
87.799995 0.987870 7.911297 0.989386 0.992419
87.900002 0.988541 7.912147 0.989305 0.993125
88.000000 0.988453 7.913780 0.988453 0.993072
88.099998 0.989139 7.915438 0.988363 0.993018
88.199997 0.989054 7.915559 0.987490 0.992963
88.299995 0.988968 7.915682 0.988180 0.992908
88.400002 0.988880 7.917395 0.988086 0.992851
88.500000 0.988791 7.916733 0.987990 0.992794
88.599998 0.989508 7.916061 0.987893 0.992736
88.699997 0.989422 7.916192 0.987795 0.992677
88.799995 0.988515 7.914684 0.987695 0.993437
88.900002 0.988420 7.913979 0.988420 0.994210
89.000000 0.988324 7.914929 0.988324 0.994162
89.099998 0.988225 7.915895 0.988225 0.994113
89.199997 0.988126 7.918575 0.988126 0.993215
89.299995 0.988024 7.917878 0.988024 0.993157
89.400002 0.987921 7.918033 0.988783 0.993097
89.500000 0.987815 7.917320 0.988686 0.993037
89.599998 0.986831 7.918350 0.988586 0.992976
89.699997 0.987600 7.916741 0.988485 0.992914
89.799995 0.987489 7.917783 0.988382 0.993744
89.900002 0.988278 7.917042 0.988278 0.993688
90.000000 0.988171 7.917197 0.988171 0.993631
90.099998 0.988062 7.917356 0.988062 0.993572
90.199997 0.987952 7.921224 0.987952 0.992586
90.299995 0.987839 7.923293 0.987839 0.992516
90.400002 0.987724 7.922569 0.987724 0.992446
90.500000 0.988561 7.922783 0.985701 0.992374
90.599998 0.989413 7.923003 0.986525 0.992300
90.699997 0.989310 7.923226 0.986395 0.991254
90.799995 0.989205 7.921492 0.986261 0.991168
90.900002 0.989098 7.921704 0.986125 0.991080
91.000000 0.988989 7.920921 0.986987 0.991992
91.099998 0.988878 7.921132 0.986855 0.991911
91.199997 0.988764 7.921348 0.986721 0.991828
91.299995 0.988648 7.920537 0.986584 0.991744
91.400002 0.988530 7.921793 0.986444 0.991658
91.500000 0.989463 7.922023 0.986301 0.991570
91.599998 0.989350 7.921193 0.987220 0.991480
91.699997 0.989236 7.920344 0.987083 0.990312
91.799995 0.989119 7.921654 0.986942 0.990207
91.900002 0.988999 7.921892 0.986799 0.991199
92.000000 0.988877 7.919911 0.986652 0.991101
92.099998 0.988751 7.922385 0.985377 0.991001
92.199997 0.988623 7.921502 0.985210 0.990899
92.299995 0.987342 7.922899 0.985040 0.990794
92.400002 0.987194 7.919673 0.984866 0.990687
92.500000 0.987044 7.918728 0.984688 0.990577
92.599998 0.986889 7.917759 0.984505 0.991657
92.699997 0.987937 7.916767 0.984318 0.991556
92.799995 0.987790 7.919414 0.984127 0.991453
92.900002 0.986403 7.919653 0.982695 0.991347
93.000000 0.986233 7.919900 0.982478 0.991239
93.099998 0.984791 7.917617 0.982256 0.991128
93.199997 0.984596 7.916560 0.983312 0.991014
93.299995 0.984395 7.916775 0.983095 0.990897
93.400002 0.984190 7.915679 0.984190 0.990777
93.500000 0.983979 7.917223 0.982644 0.991989
93.599998 0.985115 7.918809 0.982409 0.991881
93.699997 0.984911 7.919067 0.983539 0.991770
93.799995 0.984701 7.919333 0.983310 0.994437
93.900002 0.984485 7.918195 0.983075 0.994358
94.000000 0.985694 7.915594 0.984263 0.994278
94.099998 0.986938 7.912918 0.984035 0.994195
94.199997 0.985272 7.911635 0.983800 0.994109
94.299995 0.985052 7.910315 0.985052 0.994021
94.400002 0.986343 7.907435 0.984825 0.993930
94.500000 0.986133 7.909091 0.984592 0.993837
94.599998 0.987480 7.906104 0.984351 0.993740
94.699997 0.987281 7.904611 0.984102 0.993641
94.799995 0.987076 7.906300 0.983845 0.993538
94.900002 0.988506 7.906404 0.983580 0.993432
95.000000 0.988314 7.906511 0.983306 0.993322
95.099998 0.989813 7.906621 0.983022 0.993209
95.199997 0.987910 7.911918 0.982729 0.993092
95.299995 0.987698 7.910369 0.985940 0.992970
95.400002 0.987478 7.910555 0.985689 0.992844
95.500000 0.987250 7.910747 0.985428 0.992714
95.599998 0.988868 7.914657 0.983302 0.990724
95.699997 0.986767 7.913044 0.984877 0.990548
95.799995 0.984586 7.911368 0.984586 0.990366
95.900002 0.984283 7.913556 0.984283 0.990177
96.000000 0.983968 7.911823 0.985972 0.989980
96.099998 0.983640 7.912066 0.985685 0.989775
96.199997 0.983299 7.912317 0.985386 0.989562
96.299995 0.982942 7.910448 0.985075 0.989339
96.400002 0.982571 7.910675 0.986928 0.989107
96.500000 0.982183 7.915367 0.986637 0.988864
96.599998 0.981777 7.920274 0.986333 0.988611
96.699997 0.981352 7.918415 0.986014 0.988345
96.799995 0.980907 7.916468 0.985680 0.988067
96.900002 0.980440 7.919315 0.985330 0.987775
97.000000 0.984962 7.924812 0.984962 0.987469
97.099998 0.984576 7.922879 0.984576 0.987147
97.199997 0.984169 7.918206 0.984169 0.986807
97.299995 0.983740 7.918699 0.983740 0.989160
97.400002 0.983287 7.916435 0.983287 0.988858
97.500000 0.982808 7.914040 0.982808 0.988539
97.599998 0.982301 7.911504 0.982301 0.988201
97.699997 0.984802 7.905775 0.981763 0.987842
97.799995 0.987461 7.902821 0.981191 0.987461
97.900002 0.987055 7.899676 0.980583 0.987055
98.000000 0.986622 7.903009 0.979933 0.986622
98.099998 0.989619 7.903114 0.979239 0.986159
98.199997 0.989247 7.903225 0.982079 0.985663
98.299995 0.988848 7.907064 0.977695 0.985130
98.400002 0.992278 7.907336 0.976834 0.984556
98.500000 0.991968 7.903615 0.975904 0.983936
98.599998 0.991632 7.895397 0.974895 0.983264
98.699997 0.991266 7.890829 0.973799 0.982533
98.799995 0.990868 7.885845 0.972603 0.981735
98.900002 0.990431 7.889951 0.971292 0.985646
99.000000 0.984925 7.889447 0.974874 0.984925
99.099998 0.984127 7.888889 0.973545 0.984127
99.199997 0.983240 7.888268 0.972067 0.983240
99.299995 0.988166 7.875740 0.970414 0.988166
99.400002 0.987421 7.874214 0.968553 0.987421
99.500000 0.986577 7.879195 0.973154 0.986577
99.599998 0.985611 7.892087 0.971223 0.985611
99.699997 0.984496 7.891473 0.968992 0.984496
99.799995 0.983193 7.882353 0.974790 0.983193
99.900002 0.981651 7.871559 0.972477 0.981651
100.000000 0.979798 7.878788 0.979798 0.979798
100.099998 0.977528 7.876404 0.977528 0.977528
100.199997 0.974684 7.886076 0.974684 0.987342
100.299995 0.971014 7.898550 0.971014 0.985507
100.400002 0.983051 7.881356 0.983051 0.983051
100.500000 0.979592 7.877551 0.979592 1.000000
100.599998 1.000000 7.871795 0.974359 1.000000
100.699997 1.000000 7.827586 0.965517 1.000000
100.799995 1.000000 7.736842 1.000000 1.000000
100.900002 1.000000 7.777778 1.000000 1.000000
